1100,110245,1,0
1100,110247,2,0
1100,110255,3,0
1100,110265,4,0
1100,110275,5,0
1100,110285,6,0
1100,110295,7,0
1100,110305,8,0
1100,110315,9,0
1100,110325,10,0
1100,110335,11,0
1100,110345,12,0
1100,110355,13,0
1100,110365,14,0
1100,110375,15,0
1100,110385,16,0
1100,110405,17,0
1100,110415,18,0
1100,20120,19,0
1100,110425,20,0
1100,110435,21,0
1100,110445,22,0
1100,110455,23,0
1100,110465,24,0
1100,110475,25,0
1100,110485,26,0
1100,110495,27,0
1100,110505,28,0
1100,110515,29,0
1100,110525,30,0
1100,110527,31,0
1100,110535,32,0
1100,110545,33,0
1100,110555,34,0
1100,110565,35,0
1100,110575,36,0
1100,110585,37,0
1100,110605,38,0
1100,110615,39,0
1100,110625,40,0
1100,110635,41,0
1100,20225,42,0
1100,110645,43,0
1100,110655,44,0
1100,110657,45,0
1100,110665,46,0
1100,110675,47,0
1100,110677,48,0
1100,110685,49,0
1100,110695,50,0
1100,110705,51,0
1100,110707,52,0
1100,110715,53,0
1100,110725,54,0
1100,110735,55,0
1100,110745,56,0
1100,110755,57,0
1100,110765,58,0
1100,20030,59,0
1100,20020,60,0
1100,20010,61,0
1100,110003,62,1
1101,110003,1,0
1101,110015,2,0
1101,110025,3,0
1101,110035,4,0
1101,110045,5,0
1101,110047,6,0
1101,20065,7,0
1101,20075,8,0
1101,20085,9,0
1101,110055,10,0
1101,110065,11,0
1101,110075,12,0
1101,110085,13,0
1101,110095,14,0
1101,110105,15,0
1101,110115,16,0
1101,110125,17,0
1101,110127,18,0
1101,110135,19,0
1101,110145,20,0
1101,110155,21,0
1101,110165,22,0
1101,110175,23,0
1101,110177,24,0
1101,110185,25,0
1101,110195,26,0
1101,110205,27,0
1101,110207,28,0
1101,110215,29,0
1101,110225,30,0
1101,110235,31,0
1101,110245,32,1
1200,110288,1,0
1200,110280,2,0
1200,110270,3,0
1200,110260,4,0
1200,120002,5,0
1200,120004,6,0
1200,120010,7,0
1200,120020,8,0
1200,120030,9,0
1200,120040,10,0
1200,110285,11,0
1200,110295,12,0
1200,110305,13,0
1200,110315,14,0
1200,120046,15,0
1200,120048,16,0
1200,120050,17,0
1200,120052,18,0
1200,120060,19,0
1200,120070,20,0
1200,120080,21,0
1200,120090,22,0
1200,120100,23,0
1200,120110,24,0
1200,120120,25,0
1200,120130,26,0
1200,120140,27,0
1200,120142,28,0
1200,120150,29,0
1200,120154,30,0
1200,120160,31,0
1200,120170,32,0
1200,120180,33,0
1200,120190,34,0
1200,120200,35,0
1200,120210,36,0
1200,120220,37,0
1200,120230,38,0
1200,20175,39,0
1200,20185,40,0
1200,140030,41,0
1200,140040,42,0
1200,140050,43,0
1200,140060,44,0
1200,110465,45,0
1200,120290,46,0
1200,120300,47,0
1200,120310,48,0
1200,120320,49,0
1200,110550,50,0
1200,120330,51,0
1200,120340,52,0
1200,120350,53,0
1200,120360,54,0
1200,120373,55,0
1200,110780,56,0
1200,120370,57,0
1200,120380,58,1
1201,120380,1,0
1201,20025,2,0
1201,120375,3,0
1201,110715,4,0
1201,120373,5,0
1201,110770,6,0
1201,130680,7,0
1201,120345,8,0
1201,130690,9,0
1201,120335,10,0
1201,120325,11,0
1201,120315,12,0
1201,120305,13,0
1201,120295,14,0
1201,120285,15,0
1201,110500,16,0
1201,140045,17,0
1201,140055,18,0
1201,140065,19,0
1201,140075,20,0
1201,20180,21,0
1201,20170,22,0
1201,120235,23,0
1201,120225,24,0
1201,120215,25,0
1201,120205,26,0
1201,120195,27,0
1201,120185,28,0
1201,120175,29,0
1201,120165,30,0
1201,120155,31,0
1201,120145,32,0
1201,120046,33,0
1201,120048,34,0
1201,120050,35,0
1201,120052,36,0
1201,120060,37,0
1201,120070,38,0
1201,120080,39,0
1201,120090,40,0
1201,120100,41,0
1201,120110,42,0
1201,120120,43,0
1201,120130,44,0
1201,120140,45,0
1201,120142,46,0
1201,110340,47,0
1201,110330,48,0
1201,110320,49,0
1201,120045,50,0
1201,120035,51,0
1201,120025,52,0
1201,120015,53,0
1201,120005,54,0
1201,120003,55,0
1201,110215,56,0
1201,110225,57,0
1201,110235,58,0
1201,110245,59,1
1300,130145,1,0
1300,130143,2,0
1300,130135,3,0
1300,130127,4,0
1300,130125,5,0
1300,130115,6,0
1300,130105,7,0
1300,130095,8,0
1300,130085,9,0
1300,130075,10,0
1300,130065,11,0
1300,130055,12,0
1300,130045,13,0
1300,130035,14,0
1300,130025,15,0
1300,130015,16,0
1300,130005,17,0
1300,20232,18,0
1300,20230,19,1
1301,110572,1,0
1301,110570,2,0
1301,110560,3,0
1301,110550,4,0
1301,120330,5,0
1301,120340,6,0
1301,120350,7,0
1301,110707,8,0
1301,120370,9,0
1301,20045,10,0
1301,110830,11,0
1301,110820,12,0
1301,140025,13,0
1301,130585,14,0
1301,130583,15,0
1301,130581,16,0
1301,120345,17,0
1301,130690,18,0
1301,120335,19,0
1301,110515,20,0
1301,110525,21,0
1301,110527,22,0
1301,110535,23,0
1301,20230,24,0
1301,110545,25,0
1301,110555,26,0
1301,110565,27,0
1301,110575,28,0
1301,150080,29,0
1301,130535,30,0
1301,130533,31,0
1301,130465,32,0
1301,130455,33,0
1301,130445,34,0
1301,130435,35,0
1301,130425,36,0
1301,130415,37,0
1301,130405,38,0
1301,130403,39,0
1301,130365,40,0
1301,130355,41,0
1301,130345,42,0
1301,130335,43,0
1301,130325,44,0
1301,130315,45,0
1301,130305,46,0
1301,130303,47,0
1301,130230,48,0
1301,130240,49,0
1301,130250,50,0
1301,130163,51,0
1301,130153,52,0
1301,130145,53,1
1400,140109,1,0
1400,140115,2,0
1400,140125,3,0
1400,140133,4,0
1400,140135,5,0
1400,140020,6,0
1400,110590,7,0
1400,110580,8,0
1400,20220,9,0
1400,20210,10,0
1400,20200,11,0
1400,20190,12,0
1400,140030,13,0
1400,140040,14,0
1400,140050,15,0
1400,140060,16,0
1400,140070,17,0
1400,140080,18,0
1400,110755,19,0
1400,140090,20,0
1400,140100,21,0
1400,110030,22,0
1400,110020,23,0
1400,140005,24,1
1401,140005,1,0
1401,110015,2,0
1401,110025,3,0
1401,140015,4,0
1401,110830,5,0
1401,110820,6,0
1401,140025,7,0
1401,140035,8,0
1401,140045,9,0
1401,140055,10,0
1401,140065,11,0
1401,140075,12,0
1401,140085,13,0
1401,20195,14,0
1401,20197,15,0
1401,20205,16,0
1401,110535,17,0
1401,110545,18,0
1401,110555,19,0
1401,110565,20,0
1401,140095,21,0
1401,140105,22,0
1401,140107,23,0
1401,140109,24,0
1401,140115,25,0
1401,140125,26,1
1500,150415,1,0
1500,150405,2,0
1500,150395,3,0
1500,150347,4,0
1500,150345,5,0
1500,150335,6,0
1500,150325,7,0
1500,150315,8,0
1500,150305,9,0
1500,150295,10,0
1500,150285,11,0
1500,150275,12,0
1500,150265,13,0
1500,150255,14,0
1500,150245,15,0
1500,150235,16,0
1500,150225,17,0
1500,150215,18,0
1500,150205,19,0
1500,150195,20,0
1500,150185,21,0
1500,150175,22,0
1500,150165,23,0
1500,150155,24,0
1500,150145,25,0
1500,150093,26,0
1500,150095,27,0
1500,150085,28,0
1500,110598,29,0
1500,110590,30,0
1500,150075,31,0
1500,150065,32,0
1500,150055,33,0
1500,150035,34,0
1500,110635,35,0
1500,20232,36,0
1500,20230,37,1
1501,20230,1,0
1501,110535,2,0
1501,110545,3,0
1501,110555,4,0
1501,110565,5,0
1501,110575,6,0
1501,150080,7,0
1501,150082,8,0
1501,150090,9,0
1501,150100,10,0
1501,150110,11,0
1501,150120,12,0
1501,150130,13,0
1501,150140,14,0
1501,150150,15,0
1501,150160,16,0
1501,150170,17,0
1501,150180,18,0
1501,150190,19,0
1501,150200,20,0
1501,150210,21,0
1501,150220,22,0
1501,150230,23,0
1501,150240,24,0
1501,150250,25,0
1501,150260,26,0
1501,150270,27,0
1501,150280,28,0
1501,150290,29,0
1501,150320,30,0
1501,150330,31,0
1501,150340,32,0
1501,150415,33,1
1900,190010,1,0
1900,190020,2,0
1900,190030,3,0
1900,190040,4,0
1900,190050,5,0
1900,190060,6,0
1900,190070,7,0
1900,190080,8,0
1900,190090,9,0
1900,190100,10,0
1900,190110,11,0
1900,190120,12,0
1900,190130,13,0
1900,190140,14,0
1900,190150,15,0
1900,190160,16,0
1900,190162,17,0
1900,190164,18,0
1900,190166,19,0
1900,190220,20,0
1900,190230,21,0
1900,190240,22,0
1900,190250,23,0
1900,190252,24,0
1900,190254,25,0
1900,190290,26,0
1900,190292,27,0
1900,190310,28,0
1900,190320,29,0
1900,190330,30,0
1900,190340,31,0
1900,190117,32,0
1900,190115,33,0
1900,190105,34,0
1900,190170,35,0
1900,190180,36,0
1900,190103,37,0
1900,190370,38,0
1900,190380,39,0
1900,190390,40,0
1900,190400,41,0
1900,190410,42,0
1900,190420,43,0
1900,190382,44,0
1900,190430,45,0
1900,190440,46,0
1900,190450,47,0
1900,190460,48,0
1900,190470,49,0
1900,190480,50,0
1900,190482,51,0
1900,190486,52,0
1900,190492,53,0
1900,190550,54,0
1900,190560,55,0
1900,190580,56,0
1900,180025,57,0
1900,180015,58,0
1900,180005,59,0
1900,180330,60,0
1900,180340,61,0
1900,180350,62,0
1900,180010,63,1
1901,180010,1,0
1901,180020,2,0
1901,180030,3,0
1901,180040,4,0
1901,180050,5,0
1901,190395,6,0
1901,190385,7,0
1901,190375,8,0
1901,190367,9,0
1901,190361,10,0
1901,190359,11,0
1901,190357,12,0
1901,190355,13,0
1901,190345,14,0
1901,190335,15,0
1901,190325,16,0
1901,190323,17,0
1901,190390,18,0
1901,190400,19,0
1901,190410,20,0
1901,190420,21,0
1901,190315,22,0
1901,190305,23,0
1901,190295,24,0
1901,190188,25,0
1901,190095,26,0
1901,190190,27,0
1901,190192,28,0
1901,190267,29,0
1901,190265,30,0
1901,190255,31,0
1901,190245,32,0
1901,190219,33,0
1901,190217,34,0
1901,190215,35,0
1901,190187,36,0
1901,190185,37,0
1901,190175,38,0
1901,190165,39,0
1901,190155,40,0
1901,190145,41,0
1901,190089,42,0
1901,190087,43,0
1901,190085,44,0
1901,190075,45,0
1901,190065,46,0
1901,190055,47,0
1901,190045,48,0
1901,190035,49,0
1901,190025,50,0
1901,190015,51,0
1901,190010,52,0
1901,190020,53,0
1901,190030,54,0
1901,190040,55,0
1901,190050,56,0
1901,190060,57,0
1901,190070,58,0
1901,190080,59,1
2200,220005,1,0
2200,220010,2,0
2200,220020,3,0
2200,220030,4,0
2200,220040,5,0
2200,220050,6,0
2200,220060,7,0
2200,220147,8,0
2200,220090,9,0
2200,220100,10,0
2200,220110,11,0
2200,220120,12,0
2200,220130,13,0
2200,220140,14,0
2200,220150,15,0
2200,220160,16,0
2200,220170,17,0
2200,220172,18,0
2200,220180,19,0
2200,220236,20,0
2200,220240,21,0
2200,220182,22,0
2200,220238,23,0
2200,220260,24,0
2200,220270,25,0
2200,220280,26,0
2200,220290,27,0
2200,220300,28,0
2200,220310,29,0
2200,220320,30,0
2200,220330,31,0
2200,220340,32,0
2200,220350,33,0
2200,220360,34,0
2200,220370,35,0
2200,220380,36,0
2200,220390,37,0
2200,220400,38,0
2200,220410,39,0
2200,220420,40,0
2200,220430,41,0
2200,220488,42,0
2200,220490,43,0
2200,220500,44,0
2200,220510,45,0
2200,220520,46,0
2200,220530,47,0
2200,220540,48,0
2200,220550,49,0
2200,220560,50,0
2200,220570,51,0
2200,220580,52,0
2200,220582,53,0
2200,220620,54,0
2200,990150,55,0
2200,30320,56,0
2200,30330,57,0
2200,30340,58,0
2200,220625,59,1
2201,220625,1,0
2201,30335,2,0
2201,30325,3,0
2201,30315,4,0
2201,220615,5,0
2201,220605,6,0
2201,220603,7,0
2201,220565,8,0
2201,220555,9,0
2201,220545,10,0
2201,220535,11,0
2201,220525,12,0
2201,220515,13,0
2201,220505,14,0
2201,220495,15,0
2201,220485,16,0
2201,220475,17,0
2201,220407,18,0
2201,220405,19,0
2201,990149,20,0
2201,220395,21,0
2201,220385,22,0
2201,220375,23,0
2201,220365,24,0
2201,220355,25,0
2201,220345,26,0
2201,220335,27,0
2201,220325,28,0
2201,220315,29,0
2201,220305,30,0
2201,220295,31,0
2201,220285,32,0
2201,220275,33,0
2201,220265,34,0
2201,220255,35,0
2201,220245,36,0
2201,220235,37,0
2201,220225,38,0
2201,220223,39,0
2201,220173,40,0
2201,220165,41,0
2201,220155,42,0
2201,220233,43,0
2201,220227,44,0
2201,220162,45,0
2201,220145,46,0
2201,220135,47,0
2201,220125,48,0
2201,220115,49,0
2201,220105,50,0
2201,220095,51,0
2201,220085,52,0
2201,220068,53,0
2201,220065,54,0
2201,220055,55,0
2201,220045,56,0
2201,220035,57,0
2201,220025,58,0
2201,220015,59,0
2201,220005,60,0
2201,220010,61,1
2300,230045,1,0
2300,230035,2,0
2300,230025,3,0
2300,230015,4,0
2300,230005,5,0
2300,230010,6,0
2300,230020,7,0
2300,230030,8,0
2300,230040,9,0
2300,230050,10,0
2300,230060,11,0
2300,230070,12,0
2300,230080,13,0
2300,230090,14,0
2300,230100,15,0
2300,230110,16,0
2300,230118,17,0
2300,230120,18,0
2300,230130,19,0
2300,230140,20,0
2300,230150,21,0
2300,230160,22,0
2300,230170,23,0
2300,230180,24,0
2300,230182,25,0
2300,230184,26,0
2300,230220,27,0
2300,230222,28,0
2300,230230,29,0
2300,230242,30,0
2300,230244,31,0
2300,230250,32,0
2300,230260,33,0
2300,230172,34,0
2300,230174,35,0
2300,230270,36,0
2300,230280,37,0
2300,230290,38,0
2300,230300,39,0
2300,230310,40,0
2300,230320,41,0
2300,230330,42,0
2300,230340,43,0
2300,230360,44,0
2300,230370,45,0
2300,230380,46,0
2300,230390,47,0
2300,230398,48,0
2300,230400,49,0
2300,230410,50,0
2300,230420,51,0
2300,230430,52,0
2300,230440,53,0
2300,230450,54,0
2300,230460,55,0
2300,230470,56,0
2300,230480,57,0
2300,230490,58,0
2300,230500,59,0
2300,230510,60,0
2300,230520,61,0
2300,230530,62,0
2300,230540,63,0
2300,30345,64,0
2300,230685,65,1
2301,230685,1,0
2301,230495,2,0
2301,230485,3,0
2301,230475,4,0
2301,230465,5,0
2301,230455,6,0
2301,230445,7,0
2301,230435,8,0
2301,230425,9,0
2301,230410,10,0
2301,230420,11,0
2301,230430,12,0
2301,230440,13,0
2301,230450,14,0
2301,230460,15,0
2301,230470,16,0
2301,230415,17,0
2301,230413,18,0
2301,230405,19,0
2301,230395,20,0
2301,230397,21,0
2301,230385,22,0
2301,230375,23,0
2301,230365,24,0
2301,230355,25,0
2301,230345,26,0
2301,230335,27,0
2301,230325,28,0
2301,230315,29,0
2301,230305,30,0
2301,230295,31,0
2301,230285,32,0
2301,230275,33,0
2301,230273,34,0
2301,230265,35,0
2301,230255,36,0
2301,230247,37,0
2301,230245,38,0
2301,230237,39,0
2301,230235,40,0
2301,230197,41,0
2301,230195,42,0
2301,230185,43,0
2301,230175,44,0
2301,230297,45,0
2301,230215,46,0
2301,230165,47,0
2301,230155,48,0
2301,230145,49,0
2301,230143,50,0
2301,230135,51,0
2301,230125,52,0
2301,230115,53,0
2301,230105,54,0
2301,230085,55,0
2301,230075,56,0
2301,230065,57,0
2301,230055,58,0
2301,230045,59,0
2301,230035,60,0
2301,230025,61,0
2301,230015,62,0
2301,230005,63,0
2301,230010,64,0
2301,230020,65,0
2301,230030,66,1
2400,240091,1,0
2400,240089,2,0
2400,240087,3,0
2400,240085,4,0
2400,240075,5,0
2400,240065,6,0
2400,240055,7,0
2400,240045,8,0
2400,240035,9,0
2400,240025,10,0
2400,240015,11,0
2400,240013,12,0
2400,240011,13,0
2400,240009,14,0
2400,240007,15,0
2400,240005,16,0
2400,240216,17,0
2400,240218,18,0
2400,240220,19,0
2400,240230,20,0
2400,240242,21,0
2400,240252,22,0
2400,240262,23,0
2400,240272,24,0
2400,240282,25,0
2400,30320,26,0
2400,30330,27,0
2400,30340,28,0
2400,240345,29,1
2401,240345,1,0
2401,30335,2,0
2401,30325,3,0
2401,30315,4,0
2401,240237,5,0
2401,240217,6,0
2401,240207,7,0
2401,240197,8,0
2401,240185,9,0
2401,240175,10,0
2401,240173,11,0
2401,240171,12,0
2401,240010,13,0
2401,240020,14,0
2401,240030,15,0
2401,240040,16,0
2401,240050,17,0
2401,240060,18,0
2401,240070,19,0
2401,240080,20,0
2401,240090,21,0
2401,240100,22,0
2401,240110,23,0
2401,240120,24,0
2401,240130,25,0
2401,240140,26,0
2401,240142,27,0
2401,240144,28,1
6500,650190,1,0
6500,650200,2,0
6500,650210,3,0
6500,650220,4,0
6500,650230,5,0
6500,650325,6,0
6500,650315,7,0
6500,650430,8,0
6500,650285,9,0
6500,650275,10,0
6500,650265,11,0
6500,650255,12,0
6500,650247,13,0
6500,650245,14,0
6500,650243,15,0
6500,650241,16,0
6500,650239,17,0
6500,650237,18,0
6500,650235,19,0
6500,650225,20,0
6500,650215,21,0
6500,650470,22,0
6500,650480,23,0
6500,650490,24,0
6500,650500,25,0
6500,650510,26,0
6500,650520,27,0
6500,650530,28,0
6500,650540,29,0
6500,650550,30,0
6500,650560,31,0
6500,650570,32,0
6500,650580,33,0
6500,650590,34,0
6500,650600,35,0
6500,650610,36,0
6500,650620,37,0
6500,650630,38,0
6500,650640,39,0
6500,650650,40,0
6500,650660,41,0
6500,30320,42,0
6500,30330,43,0
6500,30340,44,0
6500,650670,45,1
6501,650670,1,0
6501,650535,2,0
6501,650525,3,0
6501,650515,4,0
6501,650505,5,0
6501,650495,6,0
6501,650485,7,0
6501,650475,8,0
6501,650465,9,0
6501,650455,10,0
6501,650445,11,0
6501,650435,12,0
6501,650425,13,0
6501,650415,14,0
6501,650405,15,0
6501,650395,16,0
6501,650385,17,0
6501,650375,18,0
6501,650365,19,0
6501,650355,20,0
6501,650345,21,0
6501,650335,22,0
6501,650240,23,0
6501,650250,24,0
6501,650252,25,0
6501,650254,26,0
6501,650256,27,0
6501,650258,28,0
6501,650260,29,0
6501,650262,30,0
6501,650270,31,0
6501,650280,32,0
6501,650290,33,0
6501,650300,34,0
6501,650320,35,0
6501,650440,36,0
6501,650450,37,0
6501,650460,38,0
6501,650205,39,0
6501,650195,40,0
6501,650185,41,0
6501,650175,42,1
13100,160390,1,0
13100,160400,2,0
13100,160410,3,0
13100,160420,4,0
13100,160422,5,0
13100,160430,6,0
13100,160440,7,0
13100,160255,8,0
13100,160245,9,0
13100,160235,10,0
13100,160225,11,0
13100,160215,12,0
13100,160205,13,0
13100,160195,14,0
13100,160185,15,0
13100,160175,16,0
13100,970018,17,0
13100,160105,18,0
13100,160095,19,0
13100,160085,20,0
13100,160075,21,0
13100,990070,22,0
13100,160005,23,0
13100,970038,24,1
13101,970038,1,0
13101,160010,2,0
13101,990036,3,0
13101,160200,4,0
13101,160210,5,0
13101,160220,6,0
13101,160230,7,0
13101,160240,8,0
13101,970001,9,0
13101,160300,10,0
13101,160310,11,0
13101,160320,12,0
13101,160330,13,0
13101,160340,14,0
13101,160350,15,0
13101,160360,16,0
13101,160370,17,0
13101,160390,18,0
13101,160400,19,0
13101,160410,20,0
13101,160420,21,0
13101,160422,22,1
13500,990043,1,0
13500,990044,2,0
13500,990045,3,0
13500,990046,4,0
13500,160315,5,0
13500,160305,6,0
13500,160295,7,0
13500,160285,8,0
13500,160275,9,0
13500,160265,10,0
13500,160255,11,0
13500,160245,12,0
13500,160235,13,0
13500,160225,14,0
13500,160215,15,0
13500,160205,16,0
13500,160195,17,0
13500,160185,18,0
13500,160175,19,0
13500,970018,20,0
13500,160105,21,0
13500,160095,22,0
13500,160085,23,0
13500,160075,24,0
13500,990070,25,0
13500,120373,26,0
13500,120380,27,1
13501,120373,1,0
13501,120380,2,0
13501,990036,3,0
13501,160200,4,0
13501,160210,5,0
13501,160220,6,0
13501,160230,7,0
13501,160240,8,0
13501,970001,9,0
13501,160300,10,0
13501,160310,11,0
13501,160320,12,0
13501,160330,13,0
13501,160340,14,0
13501,160350,15,0
13501,160360,16,0
13501,160370,17,0
13501,160450,18,0
13501,160460,19,0
13501,160470,20,0
13501,160480,21,0
13501,160490,22,0
13501,160500,23,0
13501,160510,24,0
13501,990074,25,0
13501,990075,26,0
13501,990076,27,1
14100,970021,1,0
14100,970022,2,0
14100,970013,3,0
14100,180245,4,0
14100,970023,5,0
14100,970024,6,0
14100,970025,7,0
14100,180235,8,0
14100,180225,9,0
14100,180215,10,0
14100,180205,11,0
14100,180195,12,0
14100,180185,13,0
14100,180175,14,0
14100,180165,15,0
14100,180155,16,0
14100,180145,17,0
14100,180135,18,0
14100,180125,19,0
14100,180105,20,0
14100,180095,21,0
14100,180085,22,0
14100,180075,23,0
14100,180065,24,0
14100,180055,25,0
14100,180045,26,0
14100,180035,27,0
14100,180025,28,0
14100,180015,29,0
14100,180005,30,0
14100,170200,31,0
14100,170210,32,0
14100,170220,33,0
14100,170230,34,0
14100,170232,35,0
14100,170240,36,0
14100,170250,37,0
14100,170260,38,0
14100,170270,39,0
14100,170280,40,0
14100,170290,41,0
14100,170300,42,0
14100,170310,43,0
14100,170320,44,0
14100,170330,45,0
14100,170340,46,0
14100,170350,47,0
14100,170360,48,0
14100,170370,49,0
14100,170380,50,0
14100,170390,51,0
14100,170400,52,0
14100,170410,53,0
14100,170420,54,0
14100,170430,55,0
14100,170440,56,0
14100,970038,57,1
14101,970038,1,0
14101,170305,2,0
14101,170295,3,0
14101,170285,4,0
14101,170275,5,0
14101,170265,6,0
14101,170255,7,0
14101,170245,8,0
14101,170235,9,0
14101,170225,10,0
14101,170215,11,0
14101,170205,12,0
14101,170195,13,0
14101,170185,14,0
14101,170175,15,0
14101,170165,16,0
14101,170155,17,0
14101,170145,18,0
14101,170135,19,0
14101,170125,20,0
14101,170150,21,0
14101,170152,22,0
14101,170160,23,0
14101,170170,24,0
14101,170180,25,0
14101,170190,26,0
14101,180030,27,0
14101,180040,28,0
14101,180050,29,0
14101,180060,30,0
14101,180070,31,0
14101,180080,32,0
14101,180090,33,0
14101,180100,34,0
14101,180110,35,0
14101,180120,36,0
14101,180130,37,0
14101,180140,38,0
14101,180150,39,0
14101,180160,40,0
14101,180170,41,0
14101,180180,42,0
14101,180190,43,0
14101,180200,44,0
14101,180210,45,0
14101,180220,46,0
14101,180230,47,0
14101,180240,48,0
14101,180250,49,0
14101,180260,50,0
14101,970237,51,0
14101,970238,52,0
14101,970239,53,0
14101,180280,54,0
14101,970249,55,0
14101,180285,56,1
16100,160325,1,0
16100,160315,2,0
16100,160305,3,0
16100,160295,4,0
16100,160285,5,0
16100,160275,6,0
16100,160265,7,0
16100,970240,8,0
16100,990047,9,0
16100,990048,10,0
16100,990049,11,0
16100,990050,12,0
16100,160540,13,0
16100,160550,14,0
16100,160560,15,0
16100,160570,16,0
16100,160580,17,0
16100,160590,18,0
16100,990039,19,0
16100,990040,20,0
16100,160648,21,0
16100,160650,22,0
16100,160660,23,0
16100,160670,24,0
16100,160005,25,0
16100,970038,26,1
16101,970038,1,0
16101,160010,2,0
16101,160060,3,0
16101,160062,4,0
16101,160465,5,0
16101,160463,6,0
16101,160455,7,0
16101,990235,8,0
16101,160395,9,0
16101,160385,10,0
16101,160375,11,0
16101,160365,12,0
16101,160355,13,0
16101,160345,14,0
16101,990071,15,0
16101,990072,16,0
16101,990073,17,0
16101,160220,18,0
16101,160450,19,0
16101,160460,20,0
16101,160470,21,0
16101,160480,22,0
16101,160490,23,0
16101,160500,24,0
16101,160510,25,1
16500,990047,1,0
16500,990048,2,0
16500,990049,3,0
16500,990050,4,0
16500,160540,5,0
16500,160550,6,0
16500,160560,7,0
16500,160570,8,0
16500,160580,9,0
16500,160590,10,0
16500,990039,11,0
16500,990040,12,0
16500,160648,13,0
16500,160650,14,0
16500,160660,15,0
16500,160670,16,0
16500,160690,17,0
16500,170425,18,0
16500,170415,19,0
16500,170405,20,0
16500,170395,21,0
16500,170385,22,0
16500,170375,23,0
16500,170365,24,0
16500,170355,25,0
16500,120373,26,0
16500,120380,27,1
16501,120373,1,0
16501,120380,2,0
16501,170490,3,0
16501,170500,4,0
16501,170510,5,0
16501,170520,6,0
16501,170530,7,0
16501,170540,8,0
16501,170550,9,0
16501,170560,10,0
16501,160060,11,0
16501,160062,12,0
16501,160465,13,0
16501,160463,14,0
16501,160455,15,0
16501,990235,16,0
16501,160395,17,0
16501,160385,18,0
16501,160375,19,0
16501,160365,20,0
16501,160355,21,0
16501,160345,22,0
16501,990071,23,0
16501,990072,24,0
16501,990073,25,1
17100,160325,1,0
17100,990074,2,0
17100,990075,3,0
17100,990076,4,0
17100,990077,5,0
17100,160065,6,0
17100,160055,7,0
17100,160045,8,0
17100,160043,9,0
17100,160100,10,0
17100,160110,11,0
17100,160120,12,0
17100,160130,13,0
17100,160140,14,0
17100,160150,15,0
17100,160035,16,0
17100,160015,17,0
17100,160005,18,0
17100,970038,19,1
17101,970038,1,0
17101,160010,2,0
17101,160090,3,0
17101,160100,4,0
17101,160110,5,0
17101,160120,6,0
17101,160130,7,0
17101,160140,8,0
17101,160150,9,0
17101,160160,10,0
17101,160170,11,0
17101,160180,12,0
17101,990043,13,0
17101,990044,14,0
17101,990045,15,0
17101,990046,16,1
17500,160390,1,0
17500,160400,2,0
17500,160410,3,0
17500,160420,4,0
17500,160422,5,0
17500,160430,6,0
17500,160065,7,0
17500,160055,8,0
17500,160045,9,0
17500,160043,10,0
17500,160100,11,0
17500,160110,12,0
17500,160120,13,0
17500,160130,14,0
17500,160140,15,0
17500,160150,16,0
17500,160035,17,0
17500,120373,18,0
17500,120380,19,1
17501,120373,1,0
17501,120380,2,0
17501,160090,3,0
17501,160100,4,0
17501,160110,5,0
17501,160120,6,0
17501,160130,7,0
17501,160140,8,0
17501,160150,9,0
17501,160160,10,0
17501,160170,11,0
17501,160180,12,0
17501,160390,13,0
17501,160400,14,0
17501,160410,15,0
17501,160420,16,0
17501,160422,17,1
18100,170200,1,0
18100,170210,2,0
18100,170220,3,0
18100,170230,4,0
18100,170232,5,0
18100,170240,6,0
18100,170250,7,0
18100,170115,8,0
18100,170105,9,0
18100,170095,10,0
18100,170085,11,0
18100,170075,12,0
18100,170065,13,0
18100,170055,14,0
18100,170045,15,0
18100,170035,16,0
18100,170025,17,0
18100,170015,18,0
18100,170005,19,0
18100,160505,20,0
18100,160495,21,0
18100,170455,22,0
18100,170445,23,0
18100,170435,24,0
18100,170425,25,0
18100,170415,26,0
18100,170405,27,0
18100,170395,28,0
18100,170385,29,0
18100,170375,30,0
18100,170365,31,0
18100,170355,32,0
18100,520008,33,0
18100,970028,34,0
18100,970030,35,0
18100,970032,36,0
18100,970034,37,0
18100,970039,38,0
18100,20355,39,0
18100,20365,40,0
18100,20375,41,0
18100,170345,42,0
18100,170335,43,0
18100,170325,44,0
18100,170315,45,0
18100,970038,46,1
18101,970038,1,0
18101,170450,2,0
18101,170460,3,0
18101,170470,4,0
18101,170480,5,0
18101,520008,6,0
18101,970028,7,0
18101,970030,8,0
18101,970032,9,0
18101,970034,10,0
18101,970039,11,0
18101,20355,12,0
18101,20365,13,0
18101,170490,14,0
18101,170500,15,0
18101,170510,16,0
18101,170520,17,0
18101,170530,18,0
18101,170540,19,0
18101,170550,20,0
18101,170560,21,0
18101,170570,22,0
18101,170580,23,0
18101,170590,24,0
18101,160740,25,0
18101,170010,26,0
18101,170020,27,0
18101,170030,28,0
18101,170040,29,0
18101,170050,30,0
18101,170060,31,0
18101,170070,32,0
18101,170080,33,0
18101,170090,34,0
18101,170100,35,0
18101,170110,36,0
18101,170120,37,0
18101,170130,38,0
18101,170140,39,0
18101,170150,40,0
18101,170152,41,0
18101,170160,42,0
18101,170170,43,0
18101,170180,44,0
18101,170190,45,1
18500,170305,1,0
18500,170295,2,0
18500,170285,3,0
18500,170275,4,0
18500,170265,5,0
18500,170255,6,0
18500,170245,7,0
18500,170235,8,0
18500,170225,9,0
18500,170215,10,0
18500,170205,11,0
18500,170195,12,0
18500,170185,13,0
18500,170175,14,0
18500,170165,15,0
18500,170155,16,0
18500,170145,17,0
18500,170135,18,0
18500,170125,19,0
18500,170115,20,0
18500,170105,21,0
18500,170095,22,0
18500,170085,23,0
18500,170075,24,0
18500,170065,25,0
18500,170055,26,0
18500,170045,27,0
18500,170035,28,0
18500,20410,29,0
18500,20400,30,0
18500,20390,31,0
18500,520008,32,0
18500,970028,33,0
18500,970030,34,0
18500,970032,35,0
18500,970034,36,0
18500,970039,37,0
18500,120373,38,0
18500,120380,39,1
18501,120373,1,0
18501,120380,2,0
18501,970026,3,0
18501,970033,4,0
18501,970031,5,0
18501,970027,6,0
18501,970029,7,0
18501,990228,8,0
18501,520005,9,0
18501,20375,10,0
18501,20385,11,0
18501,20395,12,0
18501,170040,13,0
18501,170050,14,0
18501,170060,15,0
18501,170070,16,0
18501,170080,17,0
18501,170090,18,0
18501,170100,19,0
18501,170110,20,0
18501,170120,21,0
18501,170130,22,0
18501,170140,23,0
18501,170260,24,0
18501,170270,25,0
18501,170280,26,0
18501,170290,27,0
18501,170300,28,0
18501,170310,29,0
18501,170320,30,0
18501,170330,31,0
18501,170340,32,0
18501,170350,33,0
18501,170360,34,0
18501,170370,35,0
18501,170380,36,0
18501,170390,37,0
18501,170400,38,0
18501,170410,39,0
18501,170420,40,0
18501,170430,41,0
18501,170440,42,1
22100,220420,1,0
22100,220430,2,0
22100,220488,3,0
22100,220490,4,0
22100,220500,5,0
22100,220510,6,0
22100,220520,7,0
22100,220530,8,0
22100,220540,9,0
22100,220550,10,0
22100,220560,11,0
22100,220570,12,0
22100,220580,13,0
22100,220582,14,0
22100,220620,15,0
22100,30350,16,0
22100,30360,17,0
22100,20505,18,0
22100,20510,19,0
22100,20500,20,0
22100,20482,21,0
22100,20480,22,0
22100,20470,23,0
22100,970038,24,1
22101,970038,1,0
22101,20455,2,0
22101,20465,3,0
22101,20477,4,0
22101,20485,5,0
22101,20495,6,0
22101,20505,7,0
22101,30355,8,0
22101,30345,9,0
22101,30315,10,0
22101,220615,11,0
22101,220605,12,0
22101,220603,13,0
22101,220565,14,0
22101,220555,15,0
22101,220545,16,0
22101,220535,17,0
22101,220525,18,0
22101,220515,19,0
22101,220505,20,0
22101,220495,21,0
22101,220485,22,0
22101,220475,23,0
22101,220407,24,0
22101,220405,25,1
22200,30320,1,0
22200,230665,2,0
22200,230655,3,0
22200,230645,4,0
22200,230635,5,0
22200,230625,6,0
22200,230615,7,0
22200,230605,8,0
22200,230595,9,0
22200,230585,10,0
22200,230575,11,0
22200,20510,12,0
22200,20500,13,0
22200,20482,14,0
22200,20480,15,0
22200,20470,16,0
22200,970038,17,1
22201,970038,1,0
22201,20455,2,0
22201,20465,3,0
22201,20477,4,0
22201,20485,5,0
22201,20495,6,0
22201,30345,7,0
22201,230630,8,0
22201,230640,9,0
22201,230650,10,0
22201,230660,11,0
22201,230670,12,0
22201,230680,13,0
22201,230690,14,0
22201,230700,15,0
22201,230710,16,0
22201,30315,17,1
22500,220420,1,0
22500,220430,2,0
22500,220488,3,0
22500,220490,4,0
22500,220500,5,0
22500,220510,6,0
22500,220520,7,0
22500,220530,8,0
22500,220540,9,0
22500,220550,10,0
22500,220560,11,0
22500,220570,12,0
22500,220580,13,0
22500,220582,14,0
22500,220620,15,0
22500,30320,16,0
22500,230665,17,0
22500,230655,18,0
22500,230645,19,0
22500,230635,20,0
22500,230625,21,0
22500,230615,22,0
22500,230605,23,0
22500,230595,24,0
22500,230585,25,0
22500,230575,26,0
22500,30360,27,0
22500,20505,28,0
22500,20510,29,0
22500,20500,30,0
22500,20482,31,0
22500,20480,32,0
22500,20470,33,0
22500,120373,34,0
22500,120380,35,1
22501,120373,1,0
22501,120380,2,0
22501,220420,3,0
22501,220430,4,0
22501,220488,5,0
22501,220490,6,0
22501,220500,7,0
22501,220510,8,0
22501,220520,9,0
22501,220530,10,0
22501,220540,11,0
22501,220550,12,0
22501,220560,13,0
22501,220570,14,0
22501,220580,15,0
22501,220582,16,0
22501,220620,17,0
22501,30320,18,0
22501,230665,19,0
22501,230655,20,0
22501,230645,21,0
22501,230635,22,0
22501,230625,23,0
22501,230615,24,0
22501,230605,25,0
22501,230595,26,0
22501,230585,27,0
22501,230575,28,0
22501,20505,29,1
23100,30385,1,0
23100,970008,2,0
23100,230397,3,0
23100,230385,4,0
23100,230375,5,0
23100,230365,6,0
23100,230355,7,0
23100,230345,8,0
23100,230335,9,0
23100,230325,10,0
23100,230315,11,0
23100,230305,12,0
23100,230295,13,0
23100,230297,14,0
23100,230215,15,0
23100,230155,16,0
23100,230145,17,0
23100,230143,18,0
23100,230135,19,0
23100,230125,20,0
23100,230115,21,0
23100,230105,22,0
23100,230085,23,0
23100,230075,24,0
23100,230065,25,0
23100,230055,26,0
23100,230045,27,0
23100,230035,28,0
23100,230025,29,0
23100,230015,30,0
23100,230005,31,0
23100,230010,32,0
23100,230020,33,0
23100,230030,34,0
23100,230040,35,0
23100,230050,36,0
23100,230060,37,0
23100,230070,38,0
23100,230080,39,0
23100,230090,40,0
23100,230100,41,0
23100,230110,42,0
23100,230118,43,0
23100,230120,44,0
23100,230130,45,0
23100,230140,46,0
23100,230150,47,0
23100,230160,48,0
23100,230170,49,0
23100,230180,50,0
23100,230182,51,0
23100,230184,52,0
23100,230220,53,0
23100,230222,54,0
23100,230230,55,0
23100,230242,56,0
23100,230244,57,0
23100,230250,58,0
23100,230260,59,0
23100,230270,60,0
23100,230280,61,0
23100,230290,62,0
23100,230300,63,0
23100,230310,64,0
23100,230320,65,0
23100,230330,66,0
23100,230340,67,0
23100,230360,68,0
23100,230370,69,0
23100,230380,70,0
23100,30382,71,0
23100,30390,72,0
23100,20510,73,0
23100,20500,74,0
23100,20482,75,0
23100,20480,76,0
23100,20470,77,0
23100,970038,78,1
23101,970038,1,0
23101,20455,2,0
23101,20465,3,0
23101,20477,4,0
23101,20485,5,0
23101,20495,6,0
23101,30385,7,0
23101,970008,8,0
23101,230397,9,0
23101,230385,10,0
23101,230375,11,0
23101,230365,12,0
23101,230355,13,0
23101,230345,14,0
23101,230335,15,0
23101,230325,16,0
23101,230315,17,0
23101,230305,18,0
23101,230295,19,0
23101,230285,20,0
23101,230275,21,0
23101,230273,22,0
23101,230265,23,0
23101,230255,24,0
23101,230247,25,0
23101,230245,26,0
23101,230237,27,0
23101,230235,28,0
23101,230197,29,0
23101,230195,30,0
23101,230185,31,0
23101,230175,32,0
23101,230165,33,0
23101,230155,34,0
23101,230145,35,0
23101,230143,36,0
23101,230135,37,0
23101,230125,38,0
23101,230115,39,0
23101,230105,40,0
23101,230085,41,0
23101,230075,42,0
23101,230065,43,0
23101,230055,44,0
23101,230045,45,0
23101,230035,46,0
23101,230025,47,0
23101,230015,48,0
23101,230005,49,0
23101,230010,50,0
23101,230020,51,0
23101,230030,52,0
23101,230040,53,0
23101,230050,54,0
23101,230060,55,0
23101,230070,56,0
23101,230080,57,0
23101,230090,58,0
23101,230100,59,0
23101,230110,60,0
23101,230118,61,0
23101,230120,62,0
23101,230130,63,0
23101,230172,64,0
23101,230280,65,0
23101,230290,66,0
23101,230300,67,0
23101,230310,68,0
23101,230320,69,0
23101,230330,70,0
23101,230340,71,0
23101,230360,72,0
23101,230370,73,0
23101,230380,74,1
23200,230390,1,0
23200,230398,2,0
23200,230400,3,0
23200,230410,4,0
23200,230420,5,0
23200,230430,6,0
23200,230440,7,0
23200,230450,8,0
23200,230460,9,0
23200,230470,10,0
23200,230480,11,0
23200,230490,12,0
23200,230500,13,0
23200,230510,14,0
23200,230520,15,0
23200,20510,16,0
23200,20500,17,0
23200,20482,18,0
23200,20480,19,0
23200,20470,20,0
23200,970038,21,1
23201,970038,1,0
23201,20455,2,0
23201,20465,3,0
23201,20477,4,0
23201,20485,5,0
23201,20495,6,0
23201,230475,7,0
23201,230465,8,0
23201,230455,9,0
23201,230445,10,0
23201,230435,11,0
23201,230425,12,0
23201,230410,13,0
23201,230420,14,0
23201,230430,15,0
23201,230440,16,0
23201,230450,17,0
23201,230460,18,0
23201,230470,19,0
23201,230415,20,0
23201,230413,21,0
23201,230405,22,1
23500,30385,1,0
23500,970008,2,0
23500,230397,3,0
23500,230385,4,0
23500,230375,5,0
23500,230365,6,0
23500,230355,7,0
23500,230345,8,0
23500,230335,9,0
23500,230325,10,0
23500,230315,11,0
23500,230305,12,0
23500,230295,13,0
23500,230297,14,0
23500,230215,15,0
23500,230155,16,0
23500,230145,17,0
23500,230143,18,0
23500,230135,19,0
23500,230125,20,0
23500,230115,21,0
23500,230105,22,0
23500,230085,23,0
23500,230075,24,0
23500,230065,25,0
23500,230055,26,0
23500,230045,27,0
23500,230035,28,0
23500,230025,29,0
23500,230015,30,0
23500,230005,31,0
23500,230010,32,0
23500,230020,33,0
23500,230030,34,0
23500,230040,35,0
23500,230050,36,0
23500,230060,37,0
23500,230070,38,0
23500,230080,39,0
23500,230090,40,0
23500,230100,41,0
23500,230110,42,0
23500,230118,43,0
23500,230120,44,0
23500,230130,45,0
23500,230140,46,0
23500,230150,47,0
23500,230160,48,0
23500,230170,49,0
23500,230180,50,0
23500,230182,51,0
23500,230184,52,0
23500,230220,53,0
23500,230222,54,0
23500,230230,55,0
23500,230242,56,0
23500,230244,57,0
23500,230250,58,0
23500,230260,59,0
23500,230270,60,0
23500,230280,61,0
23500,230290,62,0
23500,230300,63,0
23500,230310,64,0
23500,230320,65,0
23500,230330,66,0
23500,230340,67,0
23500,230360,68,0
23500,230370,69,0
23500,230380,70,0
23500,230390,71,0
23500,230398,72,0
23500,230400,73,0
23500,230410,74,0
23500,230420,75,0
23500,230430,76,0
23500,230440,77,0
23500,230450,78,0
23500,230460,79,0
23500,230470,80,0
23500,230480,81,0
23500,230490,82,0
23500,230500,83,0
23500,230510,84,0
23500,230520,85,0
23500,970009,86,0
23500,30382,87,0
23500,30390,88,0
23500,20510,89,0
23500,20500,90,0
23500,20482,91,0
23500,20480,92,0
23500,20470,93,0
23500,120373,94,0
23500,120380,95,1
23501,120373,1,0
23501,120380,2,0
23501,20455,3,0
23501,20465,4,0
23501,20477,5,0
23501,20485,6,0
23501,20495,7,0
23501,30385,8,0
23501,970008,9,0
23501,230475,10,0
23501,230465,11,0
23501,230455,12,0
23501,230445,13,0
23501,230435,14,0
23501,230425,15,0
23501,230410,16,0
23501,230420,17,0
23501,230430,18,0
23501,230440,19,0
23501,230450,20,0
23501,230460,21,0
23501,230470,22,0
23501,230415,23,0
23501,230413,24,0
23501,230405,25,0
23501,230395,26,0
23501,230385,27,0
23501,230375,28,0
23501,230365,29,0
23501,230355,30,0
23501,230345,31,0
23501,230335,32,0
23501,230325,33,0
23501,230315,34,0
23501,230305,35,0
23501,230295,36,0
23501,230285,37,0
23501,230275,38,0
23501,230273,39,0
23501,230265,40,0
23501,230255,41,0
23501,230247,42,0
23501,230245,43,0
23501,230237,44,0
23501,230235,45,0
23501,230197,46,0
23501,230195,47,0
23501,230185,48,0
23501,230175,49,0
23501,230165,50,0
23501,230155,51,0
23501,230145,52,0
23501,230143,53,0
23501,230135,54,0
23501,230125,55,0
23501,230115,56,0
23501,230105,57,0
23501,230085,58,0
23501,230075,59,0
23501,230065,60,0
23501,230055,61,0
23501,230045,62,0
23501,230035,63,0
23501,230025,64,0
23501,230015,65,0
23501,230005,66,0
23501,230010,67,0
23501,230020,68,0
23501,230030,69,0
23501,230040,70,0
23501,230050,71,0
23501,230060,72,0
23501,230070,73,0
23501,230080,74,0
23501,230090,75,0
23501,230100,76,0
23501,230110,77,0
23501,230118,78,0
23501,230120,79,0
23501,230130,80,0
23501,230172,81,0
23501,230280,82,0
23501,230290,83,0
23501,230300,84,0
23501,230310,85,0
23501,230320,86,0
23501,230330,87,0
23501,230340,88,0
23501,230360,89,0
23501,230370,90,0
23501,230380,91,1
24100,240091,1,0
24100,240089,2,0
24100,240087,3,0
24100,240085,4,0
24100,240075,5,0
24100,240065,6,0
24100,240055,7,0
24100,30300,8,0
24100,20510,9,0
24100,20500,10,0
24100,20482,11,0
24100,20480,12,0
24100,20470,13,0
24100,970038,14,1
24101,970038,1,0
24101,20455,2,0
24101,20465,3,0
24101,20477,4,0
24101,20485,5,0
24101,20495,6,0
24101,240100,7,0
24101,240110,8,0
24101,240120,9,0
24101,240130,10,0
24101,240140,11,0
24101,240142,12,0
24101,240144,13,1
24200,240045,1,0
24200,240035,2,0
24200,240025,3,0
24200,240015,4,0
24200,240013,5,0
24200,240011,6,0
24200,240009,7,0
24200,240007,8,0
24200,240005,9,0
24200,240216,10,0
24200,240218,11,0
24200,240220,12,0
24200,30280,13,0
24200,30290,14,0
24200,30300,15,0
24200,30310,16,0
24200,20510,17,0
24200,20500,18,0
24200,20482,19,0
24200,20480,20,0
24200,20470,21,0
24200,970038,22,1
24201,970038,1,0
24201,20455,2,0
24201,20465,3,0
24201,20477,4,0
24201,20485,5,0
24201,20495,6,0
24201,30305,7,0
24201,30295,8,0
24201,30285,9,0
24201,30275,10,0
24201,240175,11,0
24201,240173,12,0
24201,240171,13,0
24201,240010,14,0
24201,240020,15,0
24201,240030,16,0
24201,240040,17,0
24201,240050,18,0
24201,240060,19,0
24201,240070,20,0
24201,240080,21,0
24201,240090,22,1
24300,240230,1,0
24300,240242,2,0
24300,240252,3,0
24300,240262,4,0
24300,240272,5,0
24300,240282,6,0
24300,30320,7,0
24300,30330,8,0
24300,30340,9,0
24300,20510,10,0
24300,20500,11,0
24300,20482,12,0
24300,20480,13,0
24300,20470,14,0
24300,970038,15,1
24301,970038,1,0
24301,20495,2,0
24301,30335,3,0
24301,240237,4,0
24301,240217,5,0
24301,240207,6,0
24301,240197,7,0
24301,240185,8,1
24500,240091,1,0
24500,240089,2,0
24500,240087,3,0
24500,240085,4,0
24500,240075,5,0
24500,240065,6,0
24500,240055,7,0
24500,30280,8,0
24500,30290,9,0
24500,30300,10,0
24500,30310,11,0
24500,20510,12,0
24500,20500,13,0
24500,20482,14,0
24500,20480,15,0
24500,20470,16,0
24500,120373,17,0
24500,120380,18,1
24501,120373,1,0
24501,120380,2,0
24501,20455,3,0
24501,20465,4,0
24501,20477,5,0
24501,20485,6,0
24501,20495,7,0
24501,30305,8,0
24501,30295,9,0
24501,30285,10,0
24501,30275,11,0
24501,240100,12,0
24501,240110,13,0
24501,240120,14,0
24501,240130,15,0
24501,240140,16,0
24501,240142,17,0
24501,240144,18,1
24600,240045,1,0
24600,240035,2,0
24600,240025,3,0
24600,240015,4,0
24600,240013,5,0
24600,240011,6,0
24600,240009,7,0
24600,240007,8,0
24600,240005,9,0
24600,240216,10,0
24600,240218,11,0
24600,240220,12,0
24600,240230,13,0
24600,240242,14,0
24600,240252,15,0
24600,240262,16,0
24600,240272,17,0
24600,240282,18,0
24600,30340,19,0
24600,30350,20,0
24600,20510,21,0
24600,20500,22,0
24600,20482,23,0
24600,20480,24,0
24600,20470,25,0
24600,120373,26,0
24600,120380,27,1
24601,120373,1,0
24601,120380,2,0
24601,20455,3,0
24601,20465,4,0
24601,20477,5,0
24601,20485,6,0
24601,20495,7,0
24601,30345,8,0
24601,30335,9,0
24601,240237,10,0
24601,240217,11,0
24601,240207,12,0
24601,240197,13,0
24601,240185,14,0
24601,240175,15,0
24601,240173,16,0
24601,240171,17,0
24601,240010,18,0
24601,240020,19,0
24601,240030,20,0
24601,240040,21,0
24601,240050,22,0
24601,240060,23,0
24601,240070,24,0
24601,240080,25,0
24601,240090,26,1
91500,150305,1,0
91500,150295,2,0
91500,150285,3,0
91500,150275,4,0
91500,150265,5,0
91500,150255,6,0
91500,150245,7,0
91500,150235,8,0
91500,150225,9,0
91500,150215,10,0
91500,150205,11,0
91500,150195,12,0
91500,150185,13,0
91500,150175,14,0
91500,110570,15,0
91500,110560,16,0
91500,120373,17,0
91500,120380,18,1
91501,120373,1,0
91501,120380,2,0
91501,110515,3,0
91501,110525,4,0
91501,150120,5,0
91501,150130,6,0
91501,150140,7,0
91501,150150,8,0
91501,150160,9,0
91501,150170,10,0
91501,150180,11,0
91501,150190,12,0
91501,150200,13,0
91501,150210,14,0
91501,150220,15,0
91501,150230,16,0
91501,150240,17,1
91600,150415,1,0
91600,150405,2,0
91600,150395,3,0
91600,150347,4,0
91600,150345,5,0
91600,150335,6,0
91600,150325,7,0
91600,970040,8,0
91600,970042,9,0
91600,150165,10,0
91600,150155,11,0
91600,150115,12,0
91600,150125,13,0
91600,970002,14,0
91600,970003,15,0
91600,970004,16,0
91600,970005,17,0
91600,970006,18,0
91600,970007,19,0
91600,110590,20,0
91600,110570,21,0
91600,110560,22,0
91600,120373,23,0
91600,120380,24,1
91601,120373,1,0
91601,120380,2,0
91601,110515,3,0
91601,110525,4,0
91601,970002,5,0
91601,970003,6,0
91601,970004,7,0
91601,970005,8,0
91601,970006,9,0
91601,970007,10,0
91601,150115,11,0
91601,150125,12,0
91601,150090,13,0
91601,150100,14,0
91601,150110,15,0
91601,970043,16,0
91601,970041,17,0
91601,150260,18,0
91601,150270,19,0
91601,150280,20,0
91601,150290,21,0
91601,150320,22,0
91601,150330,23,0
91601,150340,24,0
91601,150350,25,1
1200100,20005,1,0
1200100,20015,2,0
1200100,20025,3,0
1200100,20035,4,0
1200100,20045,5,0
1200100,20055,6,0
1200100,20065,7,0
1200100,20075,8,0
1200100,20085,9,0
1200100,20095,10,0
1200100,20105,11,0
1200100,20115,12,0
1200100,20125,13,0
1200100,20135,14,0
1200100,20145,15,0
1200100,20155,16,0
1200100,20165,17,0
1200100,20175,18,0
1200100,20185,19,0
1200100,20195,20,0
1200100,20197,21,0
1200100,20205,22,0
1200100,20215,23,0
1200100,20217,24,0
1200100,20225,25,0
1200100,20235,26,0
1200100,20245,27,0
1200100,20255,28,0
1200100,20275,29,0
1200100,20285,30,0
1200100,20295,31,0
1200100,20305,32,0
1200100,20315,33,0
1200100,20325,34,0
1200100,20335,35,0
1200100,20345,36,0
1200100,20355,37,0
1200100,20365,38,0
1200100,20375,39,0
1200100,20385,40,0
1200100,20395,41,0
1200100,20405,42,0
1200100,20415,43,0
1200100,20425,44,0
1200100,20435,45,0
1200100,20445,46,0
1200100,20455,47,0
1200100,20465,48,0
1200100,20477,49,0
1200100,20485,50,0
1200100,20495,51,0
1200100,20505,52,0
1200100,30385,53,0
1200100,30375,54,0
1200100,30365,55,0
1200100,30355,56,0
1200100,30345,57,0
1200100,30335,58,0
1200100,30325,59,0
1200100,30315,60,0
1200100,30305,61,0
1200100,30295,62,0
1200100,30285,63,0
1200100,30275,64,0
1200100,30265,65,0
1200100,30255,66,0
1200100,30245,67,0
1200100,30237,68,0
1200100,30235,69,0
1200100,30227,70,0
1200100,30225,71,0
1200100,30215,72,0
1200100,30207,73,0
1200100,30205,74,0
1200100,30195,75,0
1200100,30187,76,0
1200100,30185,77,0
1200100,30175,78,0
1200100,30165,79,0
1200100,30163,80,0
1200100,30155,81,0
1200100,30145,82,0
1200100,30143,83,0
1200100,30135,84,0
1200100,30125,85,0
1200100,30115,86,0
1200100,30105,87,0
1200100,30095,88,0
1200100,30085,89,0
1200100,30075,90,0
1200100,30065,91,0
1200100,30055,92,0
1200100,30045,93,0
1200100,30035,94,0
1200100,10010,95,1
1200101,10010,1,0
1200101,30040,2,0
1200101,30050,3,0
1200101,30060,4,0
1200101,30070,5,0
1200101,30080,6,0
1200101,30090,7,0
1200101,30100,8,0
1200101,30110,9,0
1200101,30120,10,0
1200101,30130,11,0
1200101,30140,12,0
1200101,30142,13,0
1200101,30150,14,0
1200101,30160,15,0
1200101,30162,16,0
1200101,30170,17,0
1200101,30180,18,0
1200101,30190,19,0
1200101,30192,20,0
1200101,30200,21,0
1200101,30210,22,0
1200101,30212,23,0
1200101,30220,24,0
1200101,30230,25,0
1200101,30232,26,0
1200101,30240,27,0
1200101,30242,28,0
1200101,30250,29,0
1200101,30260,30,0
1200101,30270,31,0
1200101,30280,32,0
1200101,30290,33,0
1200101,30300,34,0
1200101,30310,35,0
1200101,30320,36,0
1200101,30330,37,0
1200101,30340,38,0
1200101,30350,39,0
1200101,30360,40,0
1200101,30370,41,0
1200101,30380,42,0
1200101,30382,43,0
1200101,30390,44,0
1200101,20510,45,0
1200101,20500,46,0
1200101,20482,47,0
1200101,20480,48,0
1200101,20470,49,0
1200101,20460,50,0
1200101,20450,51,0
1200101,20440,52,0
1200101,20430,53,0
1200101,20420,54,0
1200101,20410,55,0
1200101,20400,56,0
1200101,20390,57,0
1200101,20380,58,0
1200101,20370,59,0
1200101,20360,60,0
1200101,20350,61,0
1200101,20340,62,0
1200101,20330,63,0
1200101,20320,64,0
1200101,20310,65,0
1200101,20300,66,0
1200101,20290,67,0
1200101,20270,68,0
1200101,20260,69,0
1200101,20250,70,0
1200101,20240,71,0
1200101,20232,72,0
1200101,20230,73,0
1200101,20220,74,0
1200101,20210,75,0
1200101,20200,76,0
1200101,20190,77,0
1200101,20180,78,0
1200101,20170,79,0
1200101,20160,80,0
1200101,20150,81,0
1200101,20140,82,0
1200101,20130,83,0
1200101,20120,84,0
1200101,20110,85,0
1200101,20100,86,0
1200101,20090,87,0
1200101,20080,88,0
1200101,20070,89,0
1200101,20060,90,0
1200101,20050,91,0
1200101,20040,92,0
1200101,20030,93,0
1200101,20020,94,0
1200101,20010,95,0
1200101,20005,96,1
1200200,20005,1,0
1200200,20015,2,0
1200200,20025,3,0
1200200,20035,4,0
1200200,20045,5,0
1200200,20055,6,0
1200200,20065,7,0
1200200,20075,8,0
1200200,20085,9,0
1200200,20095,10,0
1200200,20105,11,0
1200200,20115,12,0
1200200,20125,13,0
1200200,20135,14,0
1200200,20145,15,0
1200200,20155,16,0
1200200,20165,17,0
1200200,20175,18,0
1200200,20185,19,0
1200200,20195,20,0
1200200,20197,21,0
1200200,20205,22,0
1200200,20215,23,0
1200200,20217,24,0
1200200,20225,25,0
1200200,20235,26,0
1200200,20245,27,0
1200200,20255,28,0
1200200,20275,29,0
1200200,20285,30,0
1200200,20295,31,0
1200200,20305,32,0
1200200,20315,33,0
1200200,20325,34,0
1200200,20335,35,0
1200200,20345,36,0
1200200,20355,37,0
1200200,20365,38,0
1200200,20375,39,0
1200200,20385,40,0
1200200,20395,41,0
1200200,20405,42,0
1200200,20415,43,0
1200200,20425,44,0
1200200,20435,45,0
1200200,20445,46,0
1200200,20455,47,0
1200200,20465,48,0
1200200,20477,49,0
1200200,20485,50,0
1200200,20495,51,0
1200200,20505,52,0
1200200,20515,53,0
1200200,20517,54,0
1200200,20525,55,0
1200200,20535,56,0
1200200,20545,57,0
1200200,20555,58,0
1200200,20565,59,0
1200200,20575,60,0
1200200,20585,61,1
1200201,20585,1,0
1200201,20595,2,0
1200201,20620,3,0
1200201,20610,4,0
1200201,20600,5,0
1200201,20590,6,0
1200201,20580,7,0
1200201,20560,8,0
1200201,20550,9,0
1200201,20540,10,0
1200201,20530,11,0
1200201,20522,12,0
1200201,20520,13,0
1200201,20510,14,0
1200201,20500,15,0
1200201,20482,16,0
1200201,20480,17,0
1200201,20470,18,0
1200201,20460,19,0
1200201,20450,20,0
1200201,20440,21,0
1200201,20430,22,0
1200201,20420,23,0
1200201,20410,24,0
1200201,20400,25,0
1200201,20390,26,0
1200201,20380,27,0
1200201,20370,28,0
1200201,20360,29,0
1200201,20350,30,0
1200201,20340,31,0
1200201,20330,32,0
1200201,20320,33,0
1200201,20310,34,0
1200201,20300,35,0
1200201,20290,36,0
1200201,20270,37,0
1200201,20260,38,0
1200201,20250,39,0
1200201,20240,40,0
1200201,20232,41,0
1200201,20230,42,0
1200201,20220,43,0
1200201,20210,44,0
1200201,20200,45,0
1200201,20190,46,0
1200201,20180,47,0
1200201,20170,48,0
1200201,20160,49,0
1200201,20150,50,0
1200201,20140,51,0
1200201,20130,52,0
1200201,20120,53,0
1200201,20110,54,0
1200201,20100,55,0
1200201,20090,56,0
1200201,20080,57,0
1200201,20070,58,0
1200201,20060,59,0
1200201,20050,60,0
1200201,20040,61,0
1200201,20030,62,0
1200201,20020,63,0
1200201,20010,64,0
1200201,20005,65,1
1200300,30020,1,0
1200300,30040,2,0
1200300,30050,3,0
1200300,30060,4,0
1200300,30070,5,0
1200300,30080,6,0
1200300,30090,7,0
1200300,30100,8,0
1200300,30110,9,0
1200300,30120,10,0
1200300,30130,11,0
1200300,30140,12,0
1200300,30142,13,0
1200300,30150,14,0
1200300,30160,15,0
1200300,30162,16,0
1200300,30170,17,0
1200300,30180,18,0
1200300,30190,19,0
1200300,30192,20,0
1200300,30200,21,0
1200300,30210,22,0
1200300,30212,23,0
1200300,30220,24,0
1200300,30230,25,0
1200300,30232,26,0
1200300,30240,27,0
1200300,30242,28,0
1200300,30250,29,0
1200300,30260,30,0
1200300,30270,31,0
1200300,30280,32,0
1200300,30290,33,0
1200300,30300,34,0
1200300,30310,35,0
1200300,30320,36,0
1200300,30330,37,0
1200300,30340,38,0
1200300,30350,39,0
1200300,30360,40,0
1200300,30370,41,0
1200300,30380,42,0
1200300,30382,43,0
1200300,30390,44,0
1200300,20505,45,0
1200300,20515,46,0
1200300,20517,47,0
1200300,20525,48,0
1200300,20535,49,0
1200300,20545,50,0
1200300,20555,51,0
1200300,20565,52,0
1200300,20575,53,0
1200300,20585,54,1
1200301,20585,1,0
1200301,20595,2,0
1200301,20620,3,0
1200301,20610,4,0
1200301,20600,5,0
1200301,20590,6,0
1200301,20580,7,0
1200301,20560,8,0
1200301,20550,9,0
1200301,20540,10,0
1200301,20530,11,0
1200301,20522,12,0
1200301,20520,13,0
1200301,20505,14,0
1200301,30385,15,0
1200301,30375,16,0
1200301,30365,17,0
1200301,30355,18,0
1200301,30345,19,0
1200301,30335,20,0
1200301,30325,21,0
1200301,30315,22,0
1200301,30305,23,0
1200301,30295,24,0
1200301,30285,25,0
1200301,30275,26,0
1200301,30265,27,0
1200301,30255,28,0
1200301,30245,29,0
1200301,30237,30,0
1200301,30235,31,0
1200301,30227,32,0
1200301,30225,33,0
1200301,30215,34,0
1200301,30207,35,0
1200301,30205,36,0
1200301,30195,37,0
1200301,30187,38,0
1200301,30185,39,0
1200301,30175,40,0
1200301,30165,41,0
1200301,30163,42,0
1200301,30155,43,0
1200301,30145,44,0
1200301,30143,45,0
1200301,30135,46,0
1200301,30125,47,0
1200301,30115,48,0
1200301,30105,49,0
1200301,30095,50,0
1200301,30085,51,0
1200301,30075,52,0
1200301,30065,53,0
1200301,30055,54,0
1200301,30045,55,0
1200301,30035,56,0
1200301,30020,57,1
2000100,510050,1,0
2000100,510060,2,0
2000100,510070,3,0
2000100,510080,4,0
2000100,510090,5,0
2000100,510100,6,0
2000100,510110,7,0
2000100,510120,8,0
2000100,510130,9,0
2000100,510140,10,0
2000100,510045,11,0
2000100,510043,12,0
2000100,510035,13,0
2000100,510025,14,0
2000100,510005,15,0
2000100,20330,16,1
2000101,20315,1,0
2000101,510010,2,0
2000101,510020,3,0
2000101,510030,4,0
2000101,510040,5,0
2000101,510050,6,0
2000101,510060,7,0
2000101,510070,8,0
2000101,510080,9,0
2000101,510090,10,0
2000101,510100,11,0
2000101,510110,12,0
2000101,510120,13,0
2000101,510130,14,0
2000101,510140,15,1
2000200,20390,1,0
2000200,520008,2,0
2000200,520010,3,0
2000200,520020,4,0
2000200,520030,5,0
2000200,520040,6,0
2000200,520050,7,0
2000200,520060,8,0
2000200,520070,9,0
2000200,520080,10,0
2000200,520090,11,0
2000200,520100,12,0
2000200,520110,13,0
2000200,520120,14,0
2000200,520130,15,0
2000200,520140,16,0
2000200,520150,17,0
2000200,520160,18,0
2000200,520170,19,0
2000200,520180,20,0
2000200,520190,21,0
2000200,520200,22,0
2000200,520210,23,0
2000200,520220,24,0
2000200,520230,25,0
2000200,520240,26,0
2000200,520250,27,0
2000200,520260,28,0
2000200,520270,29,0
2000200,520280,30,0
2000200,520290,31,0
2000200,520305,32,1
2000201,520305,1,0
2000201,520295,2,0
2000201,520285,3,0
2000201,520275,4,0
2000201,520265,5,0
2000201,520255,6,0
2000201,520245,7,0
2000201,520235,8,0
2000201,520225,9,0
2000201,520215,10,0
2000201,520205,11,0
2000201,520195,12,0
2000201,520185,13,0
2000201,520175,14,0
2000201,520165,15,0
2000201,520155,16,0
2000201,520145,17,0
2000201,520135,18,0
2000201,520125,19,0
2000201,520115,20,0
2000201,520105,21,0
2000201,520095,22,0
2000201,520085,23,0
2000201,520075,24,0
2000201,520065,25,0
2000201,520055,26,0
2000201,520045,27,0
2000201,520035,28,0
2000201,520025,29,0
2000201,520015,30,0
2000201,520005,31,0
2000201,20375,32,1
2001100,511010,1,0
2001100,511005,2,0
2001100,511015,3,0
2001100,511025,4,0
2001100,511035,5,0
2001100,511045,6,0
2001100,511055,7,0
2001100,511065,8,0
2001100,511075,9,0
2001100,511085,10,0
2001100,511095,11,0
2001100,511105,12,0
2001100,511125,13,0
2001100,511135,14,0
2001100,511145,15,0
2001100,511155,16,0
2001100,511165,17,0
2001100,511175,18,0
2001100,511185,19,0
2001100,110250,20,1
2001101,110207,1,0
2001101,511130,2,0
2001101,511120,3,0
2001101,511125,4,0
2001101,511135,5,0
2001101,511145,6,0
2001101,511155,7,0
2001101,511165,8,0
2001101,511175,9,0
2001101,511110,10,0
2001101,511100,11,0
2001101,511090,12,0
2001101,511080,13,0
2001101,511070,14,0
2001101,511060,15,0
2001101,511050,16,0
2001101,511040,17,0
2001101,511030,18,0
2001101,511020,19,0
2001101,511010,20,1
2001600,190220,1,0
2001600,190230,2,0
2001600,516130,3,0
2001600,516120,4,0
2001600,516110,5,0
2001600,516100,6,0
2001600,516090,7,0
2001600,516080,8,0
2001600,516070,9,0
2001600,516062,10,0
2001600,516060,11,0
2001600,516050,12,0
2001600,516040,13,0
2001600,516030,14,0
2001600,516020,15,0
2001600,516010,16,0
2001600,160440,17,0
2001600,160255,18,1
2001601,160370,1,0
2001601,160390,2,0
2001601,160400,3,0
2001601,160410,4,0
2001601,516005,5,0
2001601,516015,6,0
2001601,516025,7,0
2001601,516035,8,0
2001601,516045,9,0
2001601,516047,10,0
2001601,516055,11,0
2001601,516065,12,0
2001601,516075,13,0
2001601,516085,14,0
2001601,516095,15,0
2001601,516105,16,0
2001601,516115,17,0
2001601,516125,18,0
2001601,190165,19,0
2001601,190155,20,1
2002300,230045,1,0
2002300,230035,2,0
2002300,230025,3,0
2002300,230015,4,0
2002300,230005,5,0
2002300,230010,6,0
2002300,230020,7,0
2002300,230030,8,0
2002300,230040,9,0
2002300,230050,10,0
2002300,230060,11,0
2002300,230070,12,0
2002300,230080,13,0
2002300,230090,14,0
2002300,230100,15,0
2002300,230110,16,0
2002300,230118,17,0
2002300,230120,18,0
2002300,230130,19,0
2002300,230140,20,0
2002300,230150,21,0
2002300,230160,22,0
2002300,230170,23,0
2002300,230180,24,0
2002300,230182,25,0
2002300,230184,26,0
2002300,230220,27,0
2002300,230222,28,0
2002300,230230,29,0
2002300,230242,30,0
2002300,230244,31,0
2002300,230250,32,0
2002300,230260,33,0
2002300,230270,34,0
2002300,230280,35,0
2002300,230290,36,0
2002300,230300,37,0
2002300,230310,38,0
2002300,230320,39,0
2002300,230330,40,0
2002300,230340,41,0
2002300,230360,42,0
2002300,230370,43,0
2002300,230380,44,0
2002300,230390,45,0
2002300,230398,46,0
2002300,230400,47,0
2002300,230410,48,0
2002300,230420,49,0
2002300,230430,50,0
2002300,230440,51,0
2002300,230450,52,0
2002300,230460,53,0
2002300,230470,54,0
2002300,230480,55,0
2002300,230490,56,0
2002300,230500,57,0
2002300,230510,58,0
2002300,230520,59,0
2002300,230530,60,0
2002300,230540,61,0
2002300,30345,62,0
2002300,230685,63,1
2002301,230685,1,0
2002301,230495,2,0
2002301,230485,3,0
2002301,230475,4,0
2002301,230465,5,0
2002301,230455,6,0
2002301,230445,7,0
2002301,230435,8,0
2002301,230425,9,0
2002301,230410,10,0
2002301,230420,11,0
2002301,230430,12,0
2002301,230440,13,0
2002301,230450,14,0
2002301,230460,15,0
2002301,230470,16,0
2002301,230415,17,0
2002301,230413,18,0
2002301,230405,19,0
2002301,230395,20,0
2002301,230385,21,0
2002301,230375,22,0
2002301,230365,23,0
2002301,230355,24,0
2002301,230345,25,0
2002301,230335,26,0
2002301,230325,27,0
2002301,230315,28,0
2002301,230305,29,0
2002301,230295,30,0
2002301,230285,31,0
2002301,230275,32,0
2002301,230273,33,0
2002301,230265,34,0
2002301,230255,35,0
2002301,230247,36,0
2002301,230245,37,0
2002301,230237,38,0
2002301,230235,39,0
2002301,230197,40,0
2002301,230195,41,0
2002301,230185,42,0
2002301,230175,43,0
2002301,230165,44,0
2002301,230155,45,0
2002301,230145,46,0
2002301,230143,47,0
2002301,230135,48,0
2002301,230125,49,0
2002301,230115,50,0
2002301,230105,51,0
2002301,230085,52,0
2002301,230075,53,0
2002301,230065,54,0
2002301,230055,55,0
2002301,230045,56,0
2002301,230035,57,0
2002301,230025,58,0
2002301,230015,59,0
2002301,230005,60,0
2002301,230010,61,0
2002301,230020,62,0
2002301,230030,63,1
2002500,525010,1,0
2002500,525020,2,0
2002500,525030,3,0
2002500,525040,4,0
2002500,525050,5,0
2002500,525060,6,0
2002500,525070,7,0
2002500,525080,8,0
2002500,525090,9,0
2002500,525100,10,0
2002500,525110,11,0
2002500,525120,12,0
2002500,525130,13,0
2002500,525140,14,0
2002500,525150,15,0
2002500,525160,16,0
2002500,220620,17,1
2002501,220615,1,0
2002501,220525,2,0
2002501,525145,3,0
2002501,525135,4,0
2002501,525125,5,0
2002501,525115,6,0
2002501,525105,7,0
2002501,525095,8,0
2002501,525085,9,0
2002501,525075,10,0
2002501,525065,11,0
2002501,525055,12,0
2002501,525045,13,0
2002501,525035,14,0
2002501,525025,15,0
2002501,525015,16,0
2002501,525005,17,1
2006500,650010,1,0
2006500,650020,2,0
2006500,650030,3,0
2006500,650040,4,0
2006500,650050,5,0
2006500,650060,6,0
2006500,650070,7,0
2006500,650080,8,0
2006500,650090,9,0
2006500,650100,10,0
2006500,650110,11,0
2006500,650120,12,0
2006500,650130,13,0
2006500,650140,14,0
2006500,650150,15,0
2006500,650160,16,0
2006500,650170,17,0
2006500,650180,18,0
2006500,650252,19,1
2006501,650237,1,0
2006501,650235,2,0
2006501,650225,3,0
2006501,650215,4,0
2006501,650165,5,0
2006501,650155,6,0
2006501,650145,7,0
2006501,650135,8,0
2006501,650125,9,0
2006501,650115,10,0
2006501,650105,11,0
2006501,650095,12,0
2006501,650085,13,0
2006501,650075,14,0
2006501,650065,15,0
2006501,650055,16,0
2006501,650045,17,0
2006501,650035,18,0
2006501,650025,19,0
2006501,650015,20,0
2006501,650005,21,1
10001100,110288,1,0
10001100,110280,2,0
10001100,110270,3,0
10001100,110260,4,0
10001100,110250,5,0
10001100,110240,6,0
10001100,110230,7,0
10001100,110220,8,0
10001100,110210,9,0
10001100,110200,10,0
10001100,110190,11,0
10001100,110180,12,0
10001100,110170,13,0
10001100,110160,14,0
10001100,110150,15,0
10001100,110140,16,0
10001100,110130,17,0
10001100,110120,18,0
10001100,110110,19,0
10001100,110100,20,0
10001100,110090,21,0
10001100,110080,22,0
10001100,110070,23,0
10001100,20080,24,0
10001100,20070,25,0
10001100,20060,26,0
10001100,110060,27,0
10001100,110050,28,0
10001100,110040,29,0
10001100,110030,30,0
10001100,110020,31,0
10001100,110002,32,1
10001101,110002,1,0
10001101,20015,2,0
10001101,20025,3,0
10001101,20035,4,0
10001101,20045,5,0
10001101,110830,6,0
10001101,110820,7,0
10001101,110810,8,0
10001101,110800,9,0
10001101,110790,10,0
10001101,110780,11,0
10001101,110770,12,0
10001101,110760,13,0
10001101,110750,14,0
10001101,110740,15,0
10001101,110730,16,0
10001101,110720,17,0
10001101,110712,18,0
10001101,110710,19,0
10001101,110700,20,0
10001101,110690,21,0
10001101,110680,22,0
10001101,110670,23,0
10001101,110660,24,0
10001101,110650,25,0
10001101,110640,26,0
10001101,110630,27,0
10001101,110610,28,0
10001101,110600,29,0
10001101,110598,30,0
10001101,110590,31,0
10001101,110580,32,0
10001101,110570,33,0
10001101,110560,34,0
10001101,110550,35,0
10001101,110540,36,0
10001101,110530,37,0
10001101,110520,38,0
10001101,110510,39,0
10001101,110500,40,0
10001101,110490,41,0
10001101,110480,42,0
10001101,110470,43,0
10001101,110460,44,0
10001101,110450,45,0
10001101,110440,46,0
10001101,110420,47,0
10001101,110410,48,0
10001101,110400,49,0
10001101,110390,50,0
10001101,110380,51,0
10001101,110370,52,0
10001101,110360,53,0
10001101,110350,54,0
10001101,110340,55,0
10001101,110330,56,0
10001101,110320,57,0
10001101,110310,58,0
10001101,110300,59,0
10001101,110290,60,0
10001101,110288,61,1
10001300,130150,1,0
10001300,130160,2,0
10001300,130172,3,0
10001300,130182,4,0
10001300,130235,5,0
10001300,130225,6,0
10001300,130215,7,0
10001300,130312,8,0
10001300,130320,9,0
10001300,130330,10,0
10001300,130340,11,0
10001300,130350,12,0
10001300,130360,13,0
10001300,130370,14,0
10001300,130380,15,0
10001300,130412,16,0
10001300,130420,17,0
10001300,130430,18,0
10001300,130440,19,0
10001300,130450,20,0
10001300,130460,21,0
10001300,130470,22,0
10001300,130482,23,0
10001300,130540,24,0
10001300,150095,25,0
10001300,150085,26,0
10001300,110598,27,0
10001300,110590,28,0
10001300,110580,29,0
10001300,110572,30,0
10001300,110570,31,0
10001300,110560,32,0
10001300,110550,33,0
10001300,120330,34,0
10001300,120340,35,0
10001300,120350,36,0
10001300,120360,37,0
10001300,130660,38,0
10001300,130670,39,0
10001300,110755,40,0
10001300,110765,41,0
10001300,20020,42,0
10001300,120375,43,0
10001300,110770,44,0
10001300,130680,45,0
10001300,120345,46,0
10001300,130690,47,0
10001300,120335,48,0
10001300,110515,49,0
10001300,110525,50,0
10001300,110527,51,0
10001300,20215,52,1
10001301,20215,1,0
10001301,20217,2,0
10001301,130010,3,0
10001301,130020,4,0
10001301,130030,5,0
10001301,130040,6,0
10001301,130050,7,0
10001301,130060,8,0
10001301,130070,9,0
10001301,130080,10,0
10001301,130090,11,0
10001301,130100,12,0
10001301,130110,13,0
10001301,130120,14,0
10001301,130130,15,0
10001301,130132,16,0
10001301,130140,17,0
10001301,130150,18,1
50002700,160070,1,0
50002700,160080,2,0
50002700,990036,3,0
50002700,990037,4,0
50002700,990038,5,0
50002700,160190,6,0
50002700,160200,7,0
50002700,160210,8,0
50002700,160220,9,0
50002700,990043,10,0
50002700,990044,11,0
50002700,990045,12,0
50002700,990046,13,0
50002700,160315,14,0
50002700,160305,15,0
50002700,160295,16,0
50002700,160285,17,0
50002700,160275,18,0
50002700,160265,19,0
50002700,160390,20,0
50002700,160400,21,0
50002700,160410,22,0
50002700,160420,23,0
50002700,160422,24,0
50002700,160430,25,0
50002700,160440,26,0
50002700,160255,27,0
50002700,160245,28,0
50002700,160235,29,0
50002700,160225,30,0
50002700,160215,31,0
50002700,160205,32,0
50002700,160195,33,0
50002700,160185,34,0
50002700,160175,35,0
50002700,160165,36,0
50002700,160155,37,0
50002700,160145,38,0
50002700,160135,39,0
50002700,160125,40,0
50002700,160115,41,0
50002700,160105,42,0
50002700,160095,43,0
50002700,160085,44,0
50002700,160075,45,0
50002700,990047,46,0
50002700,990048,47,0
50002700,990049,48,0
50002700,990050,49,0
50002700,160540,50,0
50002700,160550,51,0
50002700,160560,52,0
50002700,160570,53,0
50002700,160580,54,0
50002700,160590,55,0
50002700,160600,56,0
50002700,160610,57,0
50002700,160620,58,0
50002700,160630,59,0
50002700,160640,60,0
50002700,160648,61,0
50002700,160650,62,0
50002700,160660,63,0
50002700,160670,64,0
50002700,160680,65,0
50002700,160690,66,0
50002700,160700,67,0
50002700,160710,68,0
50002700,20405,69,0
50002700,20415,70,0
50002700,20425,71,0
50002700,20435,72,0
50002700,20445,73,0
50002700,20455,74,0
50002700,20465,75,0
50002700,20477,76,0
50002700,20485,77,0
50002700,20495,78,0
50002700,20505,79,0
50002700,20515,80,0
50002700,20517,81,0
50002700,20525,82,0
50002700,20535,83,0
50002700,20545,84,0
50002700,20555,85,0
50002700,20565,86,0
50002700,20575,87,0
50002700,20585,88,0
50002700,20595,89,0
50002700,20620,90,0
50002700,20610,91,0
50002700,20600,92,0
50002700,20590,93,0
50002700,20580,94,0
50002700,990137,95,0
50002700,990109,96,1
50002701,20585,1,0
50002701,20595,2,0
50002701,20620,3,0
50002701,20610,4,0
50002701,20600,5,0
50002701,20590,6,0
50002701,990137,7,0
50002701,990109,8,0
50002701,20580,9,0
50002701,20560,10,0
50002701,20550,11,0
50002701,20540,12,0
50002701,20530,13,0
50002701,20522,14,0
50002701,20520,15,0
50002701,20510,16,0
50002701,20500,17,0
50002701,20482,18,0
50002701,20480,19,0
50002701,20470,20,0
50002701,20460,21,0
50002701,20450,22,0
50002701,20440,23,0
50002701,20430,24,0
50002701,20420,25,0
50002701,160010,26,0
50002701,160020,27,0
50002701,160030,28,0
50002701,160040,29,0
50002701,160050,30,0
50002701,160060,31,0
50002701,160062,32,0
50002701,160070,33,0
50002701,160080,34,0
50002701,990036,35,0
50002701,990037,36,0
50002701,990038,37,0
50002701,160190,38,0
50002701,160200,39,0
50002701,160210,40,0
50002701,160220,41,0
50002701,990043,42,0
50002701,990044,43,0
50002701,990045,44,0
50002701,990046,45,0
50002701,160315,46,0
50002701,160305,47,0
50002701,160295,48,0
50002701,160285,49,0
50002701,160275,50,0
50002701,160265,51,0
50002701,160390,52,0
50002701,160400,53,0
50002701,160410,54,0
50002701,160420,55,0
50002701,160422,56,0
50002701,160430,57,0
50002701,160440,58,0
50002701,160255,59,0
50002701,160245,60,0
50002701,160235,61,0
50002701,160225,62,0
50002701,160215,63,0
50002701,160205,64,0
50002701,160195,65,0
50002701,160185,66,0
50002701,160175,67,0
50002701,160165,68,0
50002701,160155,69,0
50002701,160145,70,0
50002701,160135,71,0
50002701,160125,72,0
50002701,160115,73,0
50002701,160105,74,0
50002701,160095,75,0
50002701,160085,76,0
50002701,160075,77,0
50002701,990047,78,0
50002701,990048,79,0
50002701,990049,80,0
50002701,990050,81,0
50002701,160540,82,0
50002701,160550,83,0
50002701,160560,84,0
50002701,160570,85,0
50002701,160580,86,0
50002701,160590,87,0
50002701,160600,88,0
50002701,160610,89,0
50002701,160620,90,0
50002701,160630,91,0
50002701,160640,92,0
50002701,160648,93,0
50002701,160650,94,1
50003100,160465,1,0
50003100,160463,2,0
50003100,160455,3,0
50003100,990235,4,0
50003100,160395,5,0
50003100,160385,6,0
50003100,160375,7,0
50003100,160365,8,0
50003100,160355,9,0
50003100,160345,10,0
50003100,160335,11,0
50003100,160325,12,0
50003100,160315,13,0
50003100,160305,14,0
50003100,160295,15,0
50003100,160285,16,0
50003100,160275,17,0
50003100,160265,18,0
50003100,160255,19,0
50003100,160245,20,0
50003100,160235,21,0
50003100,160225,22,0
50003100,160215,23,0
50003100,160205,24,0
50003100,160195,25,0
50003100,160185,26,0
50003100,160175,27,0
50003100,970018,28,0
50003100,160105,29,0
50003100,160095,30,0
50003100,160085,31,0
50003100,160075,32,0
50003100,160065,33,0
50003100,160055,34,0
50003100,160045,35,0
50003100,160043,36,0
50003100,160035,37,0
50003100,160025,38,0
50003100,160015,39,0
50003100,160660,40,0
50003100,160670,41,0
50003100,160680,42,0
50003100,160690,43,0
50003100,160700,44,0
50003100,160710,45,0
50003100,160005,46,0
50003100,20410,47,0
50003100,20400,48,0
50003100,20390,49,0
50003100,20380,50,0
50003100,20370,51,0
50003100,20360,52,0
50003100,20350,53,0
50003100,20340,54,0
50003100,20330,55,0
50003100,20320,56,0
50003100,20310,57,0
50003100,20300,58,0
50003100,20290,59,0
50003100,20270,60,0
50003100,20260,61,0
50003100,20250,62,0
50003100,20240,63,0
50003100,20232,64,0
50003100,20230,65,0
50003100,20220,66,0
50003100,20210,67,0
50003100,20200,68,0
50003100,20190,69,0
50003100,20180,70,0
50003100,20170,71,0
50003100,20160,72,0
50003100,20150,73,0
50003100,20140,74,1
50003300,20215,1,0
50003300,20217,2,0
50003300,20225,3,0
50003300,20235,4,0
50003300,20245,5,0
50003300,20255,6,0
50003300,20275,7,0
50003300,20285,8,0
50003300,20295,9,0
50003300,20305,10,0
50003300,20315,11,0
50003300,20325,12,0
50003300,20335,13,0
50003300,20345,14,0
50003300,20355,15,0
50003300,20365,16,0
50003300,20375,17,0
50003300,20385,18,0
50003300,20395,19,0
50003300,20405,20,0
50003300,20415,21,0
50003300,20425,22,0
50003300,20435,23,0
50003300,20445,24,0
50003300,20455,25,0
50003300,20465,26,0
50003300,20477,27,0
50003300,20485,28,0
50003300,20495,29,0
50003300,20505,30,0
50003300,990107,31,0
50003300,990108,32,0
50003300,990109,33,1
50003400,170200,1,0
50003400,170210,2,0
50003400,170220,3,0
50003400,170230,4,0
50003400,170232,5,0
50003400,170240,6,0
50003400,170250,7,0
50003400,170115,8,0
50003400,170105,9,0
50003400,170095,10,0
50003400,170085,11,0
50003400,170075,12,0
50003400,170065,13,0
50003400,170055,14,0
50003400,170045,15,0
50003400,170035,16,0
50003400,170025,17,0
50003400,170015,18,0
50003400,170005,19,0
50003400,160505,20,0
50003400,160495,21,0
50003400,170455,22,0
50003400,170445,23,0
50003400,170435,24,0
50003400,170425,25,0
50003400,170415,26,0
50003400,170405,27,0
50003400,170395,28,0
50003400,170385,29,0
50003400,170375,30,0
50003400,170365,31,0
50003400,170355,32,0
50003400,170345,33,0
50003400,170335,34,0
50003400,170325,35,0
50003400,170315,36,0
50003400,170305,37,0
50003400,170295,38,0
50003400,170285,39,0
50003400,170275,40,0
50003400,170265,41,0
50003400,170255,42,0
50003400,170245,43,0
50003400,170235,44,0
50003400,170225,45,0
50003400,170215,46,0
50003400,170205,47,0
50003400,170195,48,0
50003400,170185,49,0
50003400,170175,50,0
50003400,170165,51,0
50003400,170155,52,0
50003400,170145,53,0
50003400,170135,54,0
50003400,990060,55,0
50003400,990061,56,0
50003400,990062,57,0
50003400,990063,58,0
50003400,990064,59,0
50003400,990065,60,0
50003400,20445,61,0
50003400,20455,62,0
50003400,20465,63,0
50003400,20477,64,0
50003400,20485,65,0
50003400,20495,66,0
50003400,20505,67,0
50003400,20515,68,0
50003400,20517,69,0
50003400,20525,70,0
50003400,20535,71,0
50003400,20545,72,0
50003400,20555,73,0
50003400,20565,74,0
50003400,20575,75,0
50003400,20585,76,0
50003400,20595,77,0
50003400,20620,78,0
50003400,20610,79,0
50003400,20600,80,0
50003400,20590,81,0
50003400,20580,82,1
50003401,20585,1,0
50003401,20595,2,0
50003401,20620,3,0
50003401,20610,4,0
50003401,20600,5,0
50003401,20590,6,0
50003401,20580,7,0
50003401,20560,8,0
50003401,20550,9,0
50003401,20540,10,0
50003401,20530,11,0
50003401,20522,12,0
50003401,20520,13,0
50003401,20510,14,0
50003401,170200,15,0
50003401,170210,16,0
50003401,170220,17,0
50003401,170230,18,0
50003401,170232,19,0
50003401,170240,20,0
50003401,170250,21,0
50003401,170115,22,0
50003401,170105,23,0
50003401,170095,24,0
50003401,170085,25,0
50003401,170075,26,0
50003401,170065,27,0
50003401,170055,28,0
50003401,170045,29,0
50003401,170035,30,0
50003401,170025,31,0
50003401,170015,32,0
50003401,170005,33,0
50003401,160505,34,0
50003401,160495,35,0
50003401,170455,36,0
50003401,170445,37,0
50003401,170435,38,0
50003401,170425,39,0
50003401,170415,40,0
50003401,170405,41,0
50003401,170395,42,0
50003401,170385,43,0
50003401,170375,44,0
50003401,170365,45,0
50003401,170355,46,0
50003401,170345,47,0
50003401,170335,48,0
50003401,170325,49,0
50003401,170315,50,0
50003401,170305,51,0
50003401,170295,52,0
50003401,170285,53,0
50003401,170275,54,0
50003401,170265,55,0
50003401,170255,56,0
50003401,170245,57,0
50003401,170235,58,0
50003401,170225,59,0
50003401,170215,60,0
50003401,170205,61,0
50003401,170195,62,0
50003401,170185,63,0
50003401,170175,64,0
50003401,170165,65,0
50003401,170155,66,0
50003401,170145,67,0
50003401,170135,68,0
50003401,990060,69,0
50003401,990061,70,0
50003401,990062,71,0
50003401,990063,72,1
50003500,180030,1,0
50003500,180325,2,0
50003500,180315,3,0
50003500,180305,4,0
50003500,180295,5,0
50003500,180285,6,0
50003500,180283,7,0
50003500,180275,8,0
50003500,180265,9,0
50003500,180255,10,0
50003500,180245,11,0
50003500,180235,12,0
50003500,180225,13,0
50003500,180215,14,0
50003500,180205,15,0
50003500,180195,16,0
50003500,180185,17,0
50003500,180175,18,0
50003500,180165,19,0
50003500,180155,20,0
50003500,180145,21,0
50003500,180135,22,0
50003500,180125,23,0
50003500,180105,24,0
50003500,180095,25,0
50003500,180085,26,0
50003500,180075,27,0
50003500,180065,28,0
50003500,180055,29,0
50003500,180045,30,0
50003500,180035,31,0
50003500,180025,32,0
50003500,180015,33,0
50003500,180005,34,0
50003500,20495,35,0
50003500,20505,36,0
50003500,20515,37,0
50003500,20517,38,0
50003500,20525,39,0
50003500,20535,40,0
50003500,20545,41,0
50003500,20555,42,0
50003500,20565,43,0
50003500,20575,44,0
50003500,20585,45,0
50003500,20595,46,0
50003500,20620,47,0
50003500,20610,48,0
50003500,20600,49,0
50003500,20590,50,0
50003500,20580,51,1
50003501,20585,1,0
50003501,20595,2,0
50003501,20620,3,0
50003501,20610,4,0
50003501,20600,5,0
50003501,20590,6,0
50003501,20580,7,0
50003501,20560,8,0
50003501,20550,9,0
50003501,20540,10,0
50003501,20530,11,0
50003501,20522,12,0
50003501,20520,13,0
50003501,20510,14,0
50003501,180020,15,0
50003501,180030,16,0
50003501,180325,17,0
50003501,180315,18,0
50003501,180305,19,0
50003501,180295,20,0
50003501,180285,21,0
50003501,180283,22,0
50003501,180275,23,0
50003501,180265,24,0
50003501,180255,25,0
50003501,180245,26,0
50003501,180235,27,0
50003501,180225,28,0
50003501,180215,29,0
50003501,180205,30,0
50003501,180195,31,0
50003501,180185,32,0
50003501,180175,33,0
50003501,180165,34,0
50003501,180155,35,0
50003501,180145,36,0
50003501,180135,37,0
50003501,180125,38,0
50003501,180105,39,0
50003501,180095,40,0
50003501,180085,41,0
50003501,180075,42,0
50003501,180065,43,0
50003501,180055,44,0
50003501,180045,45,0
50003501,180035,46,0
50003501,180025,47,0
50003501,180015,48,0
50003501,180005,49,1
50004100,180095,1,0
50004100,180085,2,0
50004100,180075,3,0
50004100,180065,4,0
50004100,180055,5,0
50004100,180045,6,0
50004100,180035,7,0
50004100,190395,8,0
50004100,990324,9,0
50004100,180160,10,0
50004100,180170,11,0
50004100,180180,12,0
50004100,180190,13,0
50004100,180200,14,0
50004100,180210,15,0
50004100,180220,16,0
50004100,180230,17,0
50004100,180240,18,0
50004100,180250,19,0
50004100,180260,20,0
50004100,180270,21,0
50004100,180280,22,0
50004100,180290,23,0
50004100,180300,24,0
50004100,180308,25,0
50004100,180310,26,0
50004100,180320,27,0
50004100,20500,28,0
50004100,20482,29,0
50004100,20480,30,0
50004100,20470,31,0
50004100,20460,32,0
50004100,20450,33,0
50004100,20440,34,0
50004100,20430,35,0
50004100,20420,36,0
50004100,20410,37,0
50004100,20400,38,0
50004100,20390,39,0
50004100,20380,40,0
50004100,20370,41,0
50004100,20360,42,0
50004100,20350,43,0
50004100,20340,44,0
50004100,20330,45,0
50004100,20320,46,0
50004100,20310,47,0
50004100,20300,48,0
50004100,20290,49,0
50004100,20270,50,0
50004100,20260,51,0
50004100,20250,52,0
50004100,20240,53,0
50004100,20232,54,0
50004100,20230,55,0
50004100,20220,56,0
50004100,20210,57,0
50004100,20200,58,0
50004100,20190,59,0
50004100,20180,60,0
50004100,20170,61,0
50004100,20160,62,0
50004100,20150,63,0
50004100,20140,64,1
50004300,240345,1,0
50004300,30350,2,0
50004300,30360,3,0
50004300,30370,4,0
50004300,30380,5,0
50004300,30382,6,0
50004300,30390,7,0
50004300,20505,8,0
50004300,990107,9,0
50004300,990108,10,0
50004300,990109,11,1
50004301,990110,1,0
50004301,990111,2,0
50004301,990112,3,0
50004301,20505,4,0
50004301,30385,5,0
50004301,30375,6,0
50004301,30365,7,0
50004301,30355,8,0
50004301,30345,9,0
50004301,990123,10,1
50006000,650670,1,0
50006000,30350,2,0
50006000,30360,3,0
50006000,30370,4,0
50006000,30380,5,0
50006000,30382,6,0
50006000,30390,7,0
50006000,20510,8,0
50006000,180010,9,0
50006000,20505,10,0
50006000,990223,11,0
50006000,990225,12,0
50006000,990113,13,0
50006000,990116,14,0
50006000,990118,15,0
50006000,990220,16,0
50006000,990221,17,1
50006001,990221,1,0
50006001,990119,2,0
50006001,990117,3,0
50006001,990115,4,0
50006001,990114,5,0
50006001,990107,6,0
50006001,990224,7,0
50006001,30385,8,0
50006001,30375,9,0
50006001,30365,10,0
50006001,30355,11,0
50006001,30345,12,0
50006001,990123,13,1
180002700,20395,1,0
180002700,160010,2,0
180002700,160020,3,0
180002700,160030,4,0
180002700,160040,5,0
180002700,160050,6,0
180002700,160060,7,0
180002700,160062,8,0
180002700,160070,9,0
180002700,160080,10,0
180002700,990036,11,0
180002700,990037,12,0
180002700,990038,13,0
180002700,160190,14,0
180002700,160200,15,0
180002700,160210,16,0
180002700,160220,17,0
180002700,160230,18,0
180002700,160240,19,0
180002700,990100,20,0
180002700,990101,21,0
180002700,160350,22,0
180002700,160360,23,0
180002700,160370,24,0
180002700,160450,25,0
180002700,160460,26,0
180002700,160470,27,0
180002700,160480,28,0
180002700,160490,29,0
180002700,160500,30,0
180002700,160510,31,0
180002700,160520,32,0
180002700,160530,33,0
180002700,160540,34,0
180002700,160550,35,0
180002700,160560,36,0
180002700,160570,37,0
180002700,160580,38,0
180002700,160590,39,0
180002700,990039,40,0
180002700,990040,41,0
180002700,160648,42,0
180002700,160650,43,0
180002700,160660,44,0
180002700,160670,45,0
180002700,160680,46,0
180002700,160690,47,0
180002700,160700,48,0
180002700,160710,49,0
180002700,160005,50,0
180002700,20410,51,0
180002700,20400,52,0
180002700,990041,53,1
180002701,990041,1,0
180002701,990042,2,0
180002701,170500,3,0
180002701,170510,4,0
180002701,170520,5,0
180002701,170530,6,0
180002701,170540,7,0
180002701,170550,8,0
180002701,170560,9,0
180002701,170570,10,0
180002701,170580,11,0
180002701,170590,12,0
180002701,160740,13,0
180002701,170010,14,0
180002701,170020,15,0
180002701,170030,16,0
180002701,170040,17,0
180002701,170050,18,0
180002701,170060,19,0
180002701,170070,20,0
180002701,170080,21,0
180002701,170090,22,0
180002701,170100,23,0
180002701,170110,24,0
180002701,170120,25,0
180002701,170130,26,0
180002701,170140,27,0
180002701,170260,28,0
180002701,170270,29,0
180002701,170280,30,0
180002701,170290,31,0
180002701,170300,32,0
180002701,170310,33,0
180002701,170320,34,0
180002701,170330,35,0
180002701,170340,36,0
180002701,170350,37,0
180002701,170360,38,0
180002701,170370,39,0
180002701,170380,40,0
180002701,170390,41,0
180002701,170400,42,0
180002701,170410,43,0
180002701,170420,44,0
180002701,170430,45,0
180002701,170440,46,0
180002701,170450,47,0
180002701,170460,48,0
180002701,170470,49,0
180002701,170480,50,0
180002701,20385,51,0
180002701,20395,52,1
180003500,180190,1,0
180003500,180200,2,0
180003500,180210,3,0
180003500,180220,4,0
180003500,180230,5,0
180003500,180240,6,0
180003500,180250,7,0
180003500,180260,8,0
180003500,180270,9,0
180003500,180280,10,0
180003500,180290,11,0
180003500,180300,12,0
180003500,180308,13,0
180003500,180310,14,0
180003500,180320,15,0
180003500,180330,16,0
180003500,180340,17,0
180003500,180350,18,0
180003500,180010,19,1
180003501,180010,1,0
180003501,20500,2,0
180003501,180011,3,0
180003501,180012,4,0
180003501,180030,5,0
180003501,180040,6,0
180003501,180050,7,0
180003501,180060,8,0
180003501,180070,9,0
180003501,180080,10,0
180003501,180090,11,0
180003501,180100,12,0
180003501,180110,13,0
180003501,180120,14,0
180003501,180130,15,0
180003501,180140,16,0
180003501,180150,17,0
180003501,180160,18,0
180003501,180170,19,0
180003501,180180,20,0
180003501,180190,21,1
905031700,180095,1,0
905031700,180085,2,0
905031700,180075,3,0
905031700,180065,4,0
905031700,180055,5,0
905031700,180045,6,0
905031700,180035,7,0
905031700,190395,8,0
905031700,990324,9,0
905031700,180160,10,0
905031700,180170,11,0
905031700,180180,12,0
905031700,180190,13,0
905031700,180200,14,0
905031700,180210,15,0
905031700,180220,16,0
905031700,180230,17,0
905031700,180240,18,0
905031700,180250,19,0
905031700,180260,20,0
905031700,180270,21,0
905031700,180280,22,0
905031700,180290,23,0
905031700,180300,24,0
905031700,180308,25,0
905031700,180310,26,0
905031700,180320,27,0
905031700,20495,28,0
905031700,20505,29,0
905031700,990014,30,0
905031700,990016,31,0
905031700,990018,32,0
905031700,990020,33,0
905031700,990022,34,0
905031700,990024,35,0
905031700,990026,36,0
905031700,990028,37,0
905031700,990030,38,0
905031700,990032,39,1
905031701,990033,1,0
905031701,990031,2,0
905031701,990029,3,0
905031701,990027,4,0
905031701,990025,5,0
905031701,990023,6,0
905031701,990021,7,0
905031701,990019,8,0
905031701,990017,9,0
905031701,990015,10,0
905031701,20510,11,0
905031701,180020,12,0
905031701,180030,13,0
905031701,180040,14,0
905031701,180050,15,0
905031701,180060,16,0
905031701,180070,17,0
905031701,180080,18,0
905031701,180090,19,0
905031701,180100,20,0
905031701,180110,21,0
905031701,180120,22,0
905031701,180130,23,0
905031701,180140,24,0
905031701,180150,25,0
905031701,180160,26,0
905031701,180170,27,0
905031701,180180,28,0
905031701,180190,29,0
905031701,180200,30,0
905031701,180210,31,0
905031701,180220,32,0
905031701,180230,33,0
905031701,180240,34,0
905031701,180250,35,0
905031701,180260,36,0
905031701,180270,37,0
905031701,180280,38,0
905031701,180290,39,0
905031701,180300,40,0
905031701,180308,41,0
905031701,180310,42,0
905031701,180320,43,1
905121700,110288,1,0
905121700,110280,2,0
905121700,110270,3,0
905121700,110260,4,0
905121700,120002,5,0
905121700,120004,6,0
905121700,990323,7,0
905121700,110265,8,0
905121700,110275,9,0
905121700,110285,10,0
905121700,110295,11,0
905121700,110305,12,0
905121700,110315,13,0
905121700,120150,14,0
905121700,120154,15,0
905121700,20145,16,0
905121700,20155,17,0
905121700,20165,18,0
905121700,20175,19,0
905121700,20185,20,0
905121700,20195,21,0
905121700,20197,22,0
905121700,20205,23,0
905121700,20215,24,0
905121700,20217,25,0
905121700,20225,26,0
905121700,20235,27,0
905121700,20245,28,0
905121700,20255,29,0
905121700,20275,30,0
905121700,20285,31,0
905121700,20295,32,0
905121700,20305,33,0
905121700,20315,34,0
905121700,20325,35,0
905121700,20335,36,0
905121700,20345,37,0
905121700,20355,38,0
905121700,20365,39,0
905121700,20375,40,0
905121700,20385,41,0
905121700,20395,42,0
905121700,20405,43,0
905121700,20415,44,0
905121700,20425,45,0
905121700,20435,46,0
905121700,20445,47,0
905121700,20455,48,0
905121700,20465,49,0
905121700,20477,50,0
905121700,20485,51,0
905121700,20495,52,0
905121700,20505,53,0
905121700,990014,54,0
905121700,990016,55,0
905121700,990018,56,0
905121700,990020,57,0
905121700,990022,58,0
905121700,990024,59,0
905121700,990026,60,0
905121700,990028,61,0
905121700,990030,62,0
905121700,990032,63,1
905121701,990033,1,0
905121701,990031,2,0
905121701,990029,3,0
905121701,990027,4,0
905121701,990025,5,0
905121701,990023,6,0
905121701,990021,7,0
905121701,990019,8,0
905121701,990017,9,0
905121701,990015,10,0
905121701,20510,11,0
905121701,20500,12,0
905121701,20482,13,0
905121701,20480,14,0
905121701,20470,15,0
905121701,20460,16,0
905121701,20450,17,0
905121701,20440,18,0
905121701,20430,19,0
905121701,20420,20,0
905121701,20410,21,0
905121701,20400,22,0
905121701,20390,23,0
905121701,20380,24,0
905121701,20370,25,0
905121701,20360,26,0
905121701,20350,27,0
905121701,20340,28,0
905121701,20330,29,0
905121701,20320,30,0
905121701,20310,31,0
905121701,20300,32,0
905121701,20290,33,0
905121701,20270,34,0
905121701,20260,35,0
905121701,20250,36,0
905121701,20240,37,0
905121701,20232,38,0
905121701,20230,39,0
905121701,20220,40,0
905121701,20210,41,0
905121701,20200,42,0
905121701,20190,43,0
905121701,20180,44,0
905121701,20170,45,0
905121701,20160,46,0
905121701,20150,47,0
905121701,120165,48,0
905121701,120155,49,0
905121701,120145,50,0
905121701,110340,51,0
905121701,110330,52,0
905121701,110320,53,0
905121701,110310,54,0
905121701,110300,55,0
905121701,120005,56,0
905121701,120003,57,0
905121701,110215,58,0
905121701,110225,59,0
905121701,110235,60,0
905121701,110245,61,1
905151700,990148,1,0
905151700,30145,2,0
905151700,30135,3,0
905151700,30125,4,0
905151700,30115,5,0
905151700,30105,6,0
905151700,30095,7,0
905151700,30085,8,0
905151700,30075,9,0
905151700,30065,10,0
905151700,30055,11,0
905151700,30045,12,0
905151700,30035,13,0
905151700,990094,14,0
905151700,220280,15,0
905151700,220290,16,0
905151700,220300,17,0
905151700,220310,18,0
905151700,220320,19,0
905151700,220330,20,0
905151700,220340,21,0
905151700,220350,22,0
905151700,220360,23,0
905151700,220370,24,0
905151700,220380,25,0
905151700,220390,26,0
905151700,220400,27,0
905151700,220410,28,0
905151700,990150,29,0
905151700,30320,30,0
905151700,30330,31,0
905151700,30340,32,0
905151700,220625,33,0
905151700,30350,34,0
905151700,30360,35,0
905151700,30370,36,0
905151700,30380,37,0
905151700,30382,38,0
905151700,30390,39,0
905151700,20505,40,0
905151700,990014,41,0
905151700,990016,42,0
905151700,990018,43,0
905151700,990020,44,0
905151700,990022,45,0
905151700,990024,46,0
905151700,990026,47,0
905151700,990028,48,0
905151700,990030,49,0
905151700,990032,50,1
905151701,990033,1,0
905151701,990031,2,0
905151701,990029,3,0
905151701,990027,4,0
905151701,990025,5,0
905151701,990023,6,0
905151701,990021,7,0
905151701,990019,8,0
905151701,990017,9,0
905151701,990015,10,0
905151701,20505,11,0
905151701,30385,12,0
905151701,30375,13,0
905151701,30365,14,0
905151701,30355,15,0
905151701,30345,16,0
905151701,220625,17,0
905151701,30335,18,0
905151701,30325,19,0
905151701,30315,20,0
905151701,990149,21,0
905151701,220395,22,0
905151701,220385,23,0
905151701,220375,24,0
905151701,220365,25,0
905151701,220355,26,0
905151701,220345,27,0
905151701,220335,28,0
905151701,220325,29,0
905151701,220315,30,0
905151701,220305,31,0
905151701,220295,32,0
905151701,220285,33,0
905151701,220275,34,0
905151701,220265,35,0
905151701,990094,36,0
905151701,30040,37,0
905151701,30050,38,0
905151701,30060,39,0
905151701,30070,40,0
905151701,30080,41,0
905151701,30090,42,0
905151701,30100,43,0
905151701,30110,44,0
905151701,30120,45,0
905151701,30130,46,0
905151701,30140,47,0
905151701,30150,48,0
905151701,990147,49,1
905191700,160070,1,0
905191700,160080,2,0
905191700,990036,3,0
905191700,990037,4,0
905191700,990038,5,0
905191700,160190,6,0
905191700,160200,7,0
905191700,160210,8,0
905191700,160220,9,0
905191700,990043,10,0
905191700,990044,11,0
905191700,990045,12,0
905191700,990046,13,0
905191700,160315,14,0
905191700,160305,15,0
905191700,160295,16,0
905191700,160285,17,0
905191700,160275,18,0
905191700,160265,19,0
905191700,160255,20,0
905191700,160245,21,0
905191700,160235,22,0
905191700,160225,23,0
905191700,160215,24,0
905191700,160205,25,0
905191700,160195,26,0
905191700,160185,27,0
905191700,160175,28,0
905191700,160165,29,0
905191700,160155,30,0
905191700,160145,31,0
905191700,160135,32,0
905191700,160125,33,0
905191700,160115,34,0
905191700,160105,35,0
905191700,160095,36,0
905191700,160085,37,0
905191700,160075,38,0
905191700,970241,39,0
905191700,990078,40,0
905191700,990069,41,0
905191700,990070,42,0
905191700,160025,43,0
905191700,160015,44,0
905191700,990146,45,0
905191700,160160,46,0
905191700,160170,47,0
905191700,160180,48,0
905191700,990047,49,0
905191700,990048,50,0
905191700,990049,51,0
905191700,990050,52,0
905191700,160540,53,0
905191700,160550,54,0
905191700,160560,55,0
905191700,160570,56,0
905191700,160580,57,0
905191700,160590,58,0
905191700,160600,59,0
905191700,160610,60,0
905191700,160620,61,0
905191700,160630,62,0
905191700,160640,63,0
905191700,160648,64,0
905191700,160650,65,0
905191700,160660,66,0
905191700,160670,67,0
905191700,160680,68,0
905191700,160690,69,0
905191700,160700,70,0
905191700,160710,71,0
905191700,160005,72,0
905191700,170040,73,0
905191700,170050,74,0
905191700,170060,75,0
905191700,170070,76,0
905191700,170080,77,0
905191700,170090,78,0
905191700,170100,79,0
905191700,170110,80,0
905191700,170120,81,0
905191700,170130,82,0
905191700,170140,83,0
905191700,170150,84,0
905191700,170152,85,0
905191700,170160,86,0
905191700,170170,87,0
905191700,170180,88,0
905191700,170190,89,0
905191700,20405,90,0
905191700,20415,91,0
905191700,20425,92,0
905191700,20435,93,0
905191700,20445,94,0
905191700,20455,95,0
905191700,20465,96,0
905191700,20477,97,0
905191700,20485,98,0
905191700,20495,99,0
905191700,20505,100,0
905191700,990014,101,0
905191700,990016,102,0
905191700,990018,103,0
905191700,990020,104,0
905191700,990022,105,0
905191700,990024,106,0
905191700,990026,107,0
905191700,990028,108,0
905191700,990030,109,0
905191700,990032,110,1
905191701,990033,1,0
905191701,990031,2,0
905191701,990029,3,0
905191701,990027,4,0
905191701,990025,5,0
905191701,990023,6,0
905191701,990021,7,0
905191701,990019,8,0
905191701,990017,9,0
905191701,990015,10,0
905191701,20510,11,0
905191701,170200,12,0
905191701,170210,13,0
905191701,170220,14,0
905191701,170230,15,0
905191701,170232,16,0
905191701,170240,17,0
905191701,170250,18,0
905191701,170115,19,0
905191701,170105,20,0
905191701,170095,21,0
905191701,170085,22,0
905191701,170075,23,0
905191701,170065,24,0
905191701,170055,25,0
905191701,170045,26,0
905191701,170035,27,0
905191701,20500,28,0
905191701,20482,29,0
905191701,20480,30,0
905191701,20470,31,0
905191701,20460,32,0
905191701,20450,33,0
905191701,20440,34,0
905191701,20430,35,0
905191701,20420,36,0
905191701,160010,37,0
905191701,160020,38,0
905191701,160030,39,0
905191701,160040,40,0
905191701,160050,41,0
905191701,160060,42,0
905191701,160062,43,0
905191701,160465,44,0
905191701,160463,45,0
905191701,160455,46,0
905191701,160445,47,0
905191701,160435,48,0
905191701,160425,49,0
905191701,160415,50,0
905191701,160405,51,0
905191701,160395,52,0
905191701,160385,53,0
905191701,160375,54,0
905191701,160365,55,0
905191701,160355,56,0
905191701,160345,57,0
905191701,990071,58,0
905191701,990072,59,0
905191701,990073,60,0
905191701,160200,61,0
905191701,160210,62,0
905191701,160220,63,0
905191701,160230,64,0
905191701,160240,65,0
905191701,160250,66,0
905191701,160260,67,0
905191701,160270,68,0
905191701,160280,69,0
905191701,160290,70,0
905191701,160300,71,0
905191701,160310,72,0
905191701,160320,73,0
905191701,160330,74,0
905191701,160340,75,0
905191701,160350,76,0
905191701,160360,77,0
905191701,160370,78,0
905191701,160450,79,0
905191701,160460,80,0
905191701,160470,81,0
905191701,160480,82,0
905191701,160490,83,0
905191701,160500,84,0
905191701,160510,85,0
905191701,990074,86,0
905191701,990075,87,0
905191701,990076,88,0
905191701,990077,89,0
905191701,160085,90,0
905191701,160075,91,0
905191701,990078,92,0
905191701,990069,93,0
905191701,990070,94,0
905191701,160025,95,0
905191701,160015,96,1
