'1',2200,65200,4,'',2,6300,4,'',2,3000,4,'',2,6900,4,'',2,14100,4,'',2,8700,4,'',2,8600,4,'',2,8500,4,'',2,4500,4,'',2,8500,4,'',2,8500,4,'',2
'1',2201,74800,,'',2,26100,,'',2,4600,,'',2,8500,,'',2,8500,,'',2,8500,,'',2,4500,,'',2,8300,,'',2,9300,,'',2,6900,,'',2,1700,,'',2,1800,,'',2,2300,,'',2,7000,,'',2,2800,,'',2,7300,,'',2,2200,,'',2
'1',2300,62500,4,'',2,2700,4,'',2,6300,4,'',2,3000,4,'',2,7000,4,'',2,10000,4,'',2,2300,4,'',2,7400,4,'',2,3100,4,'',2,7000,4,'',2,3000,4,'',2,7000,4,'',2,3100,4,'',2,7000,4,'',2,3000,4,'',2,7000,4,'',2,3000,4,'',2,7000,4,'',2,2100,4,'',2,8300,4,'',2,3200,4,'',2,7400,4,'',2,2300,4,'',2,6800,4,'',2,2800,4,'',2,9400,4,'',2,9700,4,'',2,9700,4,'',2
'1',2301,62800,,'',2,7700,,'',2,2000,,'',2,2700,,'',2,6900,,'',2,3400,,'',2,6800,,'',2,3000,,'',2,7200,,'',2,3000,,'',2,7000,,'',2,3000,,'',2,7000,,'',2,3000,,'',2,7000,,'',2,3000,,'',2,7000,,'',2,2500,,'',2,8200,,'',2,6900,,'',2,1700,,'',2,1700,,'',2,2400,,'',2,7000,,'',2,2800,,'',2,7200,,'',2,2300,,'',2,9700,,'',2,9700,,'',2,9700,,'',2
'2',2300,65800,4,'',2,10000,4,'',2,10000,4,'',2,10000,4,'',2,10100,4,'',2,14100,4,'',2,10000,4,'',2,10200,4,'',2,10000,4,'',2,10000,4,'',2,9900,4,'',2,10000,4,'',2
'2',2301,71100,,'',2,10000,,'',2,10000,,'',2,10000,,'',2,10100,,'',2,10200,,'',2,10200,,'',2,10000,,'',2,10000,,'',2,9900,,'',2,10000,,'',2,10000,,'',2
'3',2300,75800,4,'',2,10000,4,'',2,10000,4,'',2,10100,4,'',2,14100,4,'',2,10000,4,'',2,10200,4,'',2,10000,4,'',2,10000,4,'',2,9900,4,'',2,10000,4,'',2
'3',2301,81100,,'',2,10000,,'',2,10000,,'',2,10100,,'',2,10200,,'',2,10200,,'',2,10000,,'',2,10000,,'',2,9900,,'',2,10000,,'',2,10000,,'',2
'1',3101,61500,4,'',2,3300,4,'',2,900,,'',2,4900,4,'',2,1400,,'',2,2200,4,'',2,6300,4,'',2,300,,'',2,4500,4,'',2,5100,4,'',2,2100,,'',2,8200,4,'',2,400,,'',2,4200,4,'',2,300,,'',2,8200,4,'',2,300,,'',2,8200,4,'',2,300,,'',2,8200,4,'',2,300,,'',2,4200,4,'',2,100,,'',2,8000,,'',2,200,4,'',2,8000,4,'',2,3000,,'',2,6500,,'',2,1700,4,'',2,200,,'',2,2500,4,'',2,200,,'',2,6000,4,'',2,1300,,'',2,1100,4,'',2,1200,,'',2,5900,4,'',2,1800,0,'Breakeyville',2,500,4,'',2,2200,0,'Breakeyville',2
'1',3400,62400,4,'',2,2800,4,'',2,6200,4,'',2,2000,4,'',2,9100,4,'',2,79100,4,'',2,8900,4,'',2,4300,4,'',2,8300,4,'',2
'1',3401,63500,,'',2,2000,,'',2,8200,,'',2,79800,,'',2,8400,,'',2,9000,,'',2,4400,,'',2,8100,,'',2,2100,,'',2
'18',3401,163600,,'',2
'1',3501,60200,4,'',2,3100,,'',2,2300,4,'',2,200,,'',2,6400,4,'',2,800,,'',2,2400,4,'',2,7400,,'',2,2400,4,'',2,300,,'',2,6300,4,'',2,1000,,'',2,2300,4,'',2,7700,,'',2,2300,4,'',2,7700,,'',2,2300,4,'',2,7700,,'',2,2300,4,'',2,7700,,'',2,2300,4,'',2,7700,,'',2,2300,4,'',2,8400,,'',2,6500,4,'',2,300,,'',2,2500,4,'',2,200,,'',2,2500,4,'',2,8600,,'',2,6300,4,'',2,2800,,'',2,2300,4,'',2,6800,,'',2,2300,4,'',2,6800,,'',2,2200,4,'',2,7700,,'',2,2200,4,'',2,7100,,'',2,2200,4,'',2,7700,,'',2,2200,4,'',2
'2',3501,65000,,'',2,6300,4,'',2,3700,,'',2,6300,4,'',2,3700,,'',2,6300,4,'',2,3800,,'',2,6300,4,'',2,3800,,'',2,6300,4,'',2,3000,,'',2,6300,4,'',2,3700,,'',2,6300,4,'',2,3800,,'',2,6300,4,'',2,3800,,'',2,6300,4,'',2,3700,,'',2,6300,4,'',2,3700,,'',2,6300,4,'',2,3600,,'',2,6300,4,'',2,3500,,'',2,6200,4,'',2,3000,,'',2,2200,4,'',2,7700,,'',2,2200,4,'',2,7800,,'',2,2200,4,'',2,7800,,'',2,2200,4,'',2
'3',3501,85000,,'',2,6300,4,'',2,3800,,'',2,6300,4,'',2,3800,,'',2,6300,4,'',2,3000,,'',2,6300,4,'',2,3700,,'',2,6300,4,'',2,3800,,'',2,6300,4,'',2,3800,,'',2,6300,4,'',2,3700,,'',2,6300,4,'',2,3700,,'',2,6300,4,'',2,3600,,'',2,6200,4,'',2,3600,,'',2,6200,4,'',2,3000,,'',2,2300,4,'',2
'1',3600,60900,,'',2,2300,4,'',2,12400,,'',2,6500,4,'',2,13700,,'',2,6300,4,'',2,3700,,'',2,6300,4,'',2,3700,,'',2,6300,4,'',2,3700,,'',2,6400,4,'',2,3600,,'',2,6400,4,'',2,8200,,'',2,2400,4,'',2,18200,,'',2,2500,4,'',2,7100,,'',2,2400,4,'',2,2900,,'',2,6400,4,'',2,2600,,'',2,6300,4,'',2,3200,,'',2,6200,4,'',2,3700,,'',2,6200,4,'',2,3000,,'',2,2200,4,'',2
'17',3600,84100,,'',2,6400,4,'',2
'2',3600,72000,,'',2,2400,4,'',2,7600,,'',2,2400,4,'',2,7600,,'',2,2400,4,'',2,7800,,'',2,2400,4,'',2,7700,,'',2,2400,4,'',2,6800,,'',2,2400,4,'',2,7700,,'',2,2400,4,'',2,7700,,'',2,2400,4,'',2,7600,,'',2,2400,4,'',2,7600,,'',2,2400,4,'',2,7600,,'',2,2400,4,'',2,7300,,'',2,2200,4,'',2,7000,,'',2,2200,4,'',2,7800,,'',2,2200,4,'',2,7700,,'',2,2200,4,'',2,7800,,'',2,2200,4,'',2,7800,,'',2,2200,4,'',2
'3',3600,82000,,'',2,2400,4,'',2,7600,,'',2,2400,4,'',2,7800,,'',2,2400,4,'',2,7700,,'',2,2400,4,'',2,6800,,'',2,2400,4,'',2,7700,,'',2,2400,4,'',2,7700,,'',2,2400,4,'',2,7600,,'',2,2400,4,'',2,7600,,'',2,2400,4,'',2,7600,,'',2,2400,4,'',2,7300,,'',2,2200,4,'',2,7000,,'',2,2200,4,'',2
'17',3900,90700,4,'',2
'18',3901,163000,,'',2
'2',2000003101,72600,4,'',2,1700,,'',2,8300,4,'',2,1700,,'',2,8300,4,'',2,1800,,'',2,8300,4,'',2,1800,,'',2,8300,4,'',2,1700,,'',2,8300,4,'',2,1700,,'',2,8300,4,'',2,11700,,'',2,8300,4,'',2,1700,,'',2,8300,4,'',2,1700,,'',2,8300,4,'',2,1600,,'',2,8300,4,'',2,1700,0,'Breakeyville',2
'3',2000003101,82600,4,'',2,1700,,'',2,8300,4,'',2,1800,,'',2,8300,4,'',2,1800,,'',2,8300,4,'',2,1700,,'',2,8300,4,'',2,1700,,'',2,8300,4,'',2,11700,,'',2,8300,4,'',2,1700,,'',2,8300,4,'',2,1700,,'',2,8300,4,'',2,1600,,'',2,8300,4,'',2,1700,0,'Breakeyville',2
'2',2000003400,73000,4,'',2,8500,4,'',2,8500,4,'',2,4500,4,'',2,8600,4,'',2,8500,4,'',2,8600,4,'',2,4600,4,'',2,17900,4,'',2,8500,4,'',2,4500,4,'',2,8500,4,'',2,8500,4,'',2,8300,4,'',2,4200,4,'',2
'2',2000003401,73600,,'',2,8500,,'',2,8600,,'',2,4600,,'',2,8500,,'',2,8600,,'',2,8600,,'',2,4600,,'',2,17600,,'',2,8500,,'',2,8500,,'',2,4600,,'',2,8400,,'',2,8300,,'',2,3700,,'',2
'3',2000003400,81500,4,'',2,8500,4,'',2,4500,4,'',2,8600,4,'',2,8500,4,'',2,8600,4,'',2,4600,4,'',2,17900,4,'',2,8500,4,'',2,4500,4,'',2,8500,4,'',2,8500,4,'',2,8300,4,'',2,4200,4,'',2
'3',2000003401,82100,,'',2,8600,,'',2,4600,,'',2,8500,,'',2,8600,,'',2,8600,,'',2,4600,,'',2,17600,,'',2,8500,,'',2,8500,,'',2,4600,,'',2,8400,,'',2,8300,,'',2,3700,,'',2
