'1',3701,60600,4,'',2,2800,4,'',2,7900,4,'',2,3800,,'',2,10500,4,'',2,10200,4,'',2,14400,4,'',2,5700,4,'',2,14200,4,'',2,9900,4,'',2,10200,4,'',2,11300,4,'',2,10600,4,'',2,10500,4,'',2,10500,4,'',2,9600,4,'',2,10100,4,'',2,9600,4,'',2,11200,4,'',2
'2',3701,71800,4,'',2,10000,4,'',2,10000,4,'',2,10200,4,'',2,10000,4,'',2,11000,4,'',2,10000,4,'',2,10000,4,'',2,10200,4,'',2,10000,4,'',2,9900,4,'',2,10000,4,'',2,11100,4,'',2,10000,4,'',2,10100,4,'',2,10000,4,'',2,9800,4,'',2
'3',3701,81800,4,'',2,10000,4,'',2,10000,4,'',2,10000,4,'',2,11400,4,'',2,10000,4,'',2,10000,4,'',2,10000,4,'',2,10000,4,'',2,9900,4,'',2,10000,4,'',2,11300,4,'',2
'1',3800,81600,4,'',2,11100,4,'',2,10400,4,'',2,10200,4,'',2,9700,4,'',2,10200,4,'',2,9900,4,'',2,11000,4,'',2,10500,4,'',2,10800,4,'',2,15100,4,'',2,5400,4,'',2,9600,4,'',2,10100,4,'',2,15500,4,'',2
'2',3800,74800,4,'',2,10000,4,'',2,10200,4,'',2,10000,4,'',2,10000,4,'',2,15000,4,'',2,10000,4,'',2,10200,4,'',2,10000,4,'',2,10000,4,'',2,9900,4,'',2,10000,4,'',2,11100,4,'',2,9900,4,'',2,10200,4,'',2,10000,4,'',2
'3',3800,84800,4,'',2,10000,4,'',2,10000,4,'',2,10000,4,'',2,15400,4,'',2,10000,4,'',2,10000,4,'',2,10000,4,'',2,10200,4,'',2,9700,4,'',2,10000,4,'',2,11300,4,'',2
'13',35501,163240,0,'Lévis Ctr',2
'11',5004200,71000,,'',2
'1',905121700,65700,,'',2,6300,,'',2,2000,,'',2
'1',1200000200,60300,,'',1,1500,,'',1,1700,,'',1,1500,,'',1,5600,,'',1,1500,,'',1,1600,,'',1,1500,,'',1,5500,,'',1,1500,,'',1,1500,,'',1,1500,,'',1,5800,,'',1,1500,,'',1,3100,,'',1,7000,,'',1,3000,,'',1,7000,,'',1,3000,,'',1,7000,,'',1,3000,,'',1,7000,,'',1,3000,,'',1,7600,,'',1,1700,,'',1,5500,,'',1,1500,,'',1,1500,,'',1,1600,,'',1,5600,,'',1,1500,,'',1,2100,,'',1,1300,,'',1,5100,,'',1,1500,,'',1,1300,,'',1,1400,,'',1,5500,,'',1,2900,,'',1,6800,,'',1,2500,,'',1,3000,,'',1,6900,,'',1,3000,,'',1,7000,,'',1,2900,,'',1,7000,,'',1,3000,,'',1,7000,,'',1,3000,0,'Concorde',1
'2',1200000200,72500,,'',1,3000,,'',1,7000,,'',1,3000,,'',1,7000,,'',1,3000,,'',1,7000,,'',1,3000,,'',1,7100,,'',1,3000,,'',1,7000,,'',1,3000,,'',1,7000,,'',1,3000,,'',1,7000,,'',1,3000,,'',1,7000,,'',1,3000,,'',1,7000,,'',1,2900,,'',1,7000,,'',1,3000,,'',1,7000,,'',1,3000,,'',1,7000,,'',1,3000,,'',1,6900,,'',1,3000,,'',1,7000,,'',1,3000,,'',1,7000,,'',1,3000,,'',1,7000,,'',1
'3',1200000200,72500,,'',1,3000,,'',1,7000,,'',1,3000,,'',1,7000,,'',1,3000,,'',1,7000,,'',1,3000,,'',1,7100,,'',1,3000,,'',1,7000,,'',1,3000,,'',1,7000,,'',1,3000,,'',1,7000,,'',1,3000,,'',1,7000,,'',1,3000,,'',1,7000,,'',1,2900,,'',1,7000,,'',1,3000,,'',1,7000,,'',1,3000,,'',1,7000,,'',1,3000,,'',1,6900,,'',1
