1100,110245,1,0
1100,1067,2,0
1100,1071,3,0
1100,110247,4,0
1100,110255,5,0
1100,110265,6,0
1100,110275,7,0
1100,1053,8,0
1100,1055,9,0
1100,1057,10,0
1100,1059,11,0
1100,110325,12,0
1100,110335,13,0
1100,110345,14,0
1100,110355,15,0
1100,110365,16,0
1100,110367,17,0
1100,110375,18,0
1100,110385,19,0
1100,110405,20,0
1100,110415,21,0
1100,1020,22,0
1100,110425,23,0
1100,110435,24,0
1100,110445,25,0
1100,110455,26,0
1100,110465,27,0
1100,110475,28,0
1100,110485,29,0
1100,110495,30,0
1100,110505,31,0
1100,110515,32,0
1100,110525,33,0
1100,110527,34,0
1100,3053,35,0
1100,3055,36,0
1100,110555,37,0
1100,110565,38,0
1100,110575,39,0
1100,110585,40,0
1100,3059,41,0
1100,3061,42,0
1100,3063,43,0
1100,3065,44,0
1100,20225,45,0
1100,110645,46,0
1100,110655,47,0
1100,110657,48,0
1100,110665,49,0
1100,110675,50,0
1100,110677,51,0
1100,110685,52,0
1100,110695,53,0
1100,110705,54,0
1100,110707,55,0
1100,110715,56,0
1100,110725,57,0
1100,110735,58,0
1100,110745,59,0
1100,110755,60,0
1100,110765,61,0
1100,3006,62,0
1100,3004,63,0
1100,3002,64,0
1100,110003,65,1
1101,110003,1,0
1101,110005,2,0
1101,110015,3,0
1101,110025,4,0
1101,110035,5,0
1101,110045,6,0
1101,110047,7,0
1101,1005,8,0
1101,1007,9,0
1101,1009,10,0
1101,110055,11,0
1101,110065,12,0
1101,110075,13,0
1101,110085,14,0
1101,110095,15,0
1101,110105,16,0
1101,110115,17,0
1101,110125,18,0
1101,110127,19,0
1101,110135,20,0
1101,110145,21,0
1101,110155,22,0
1101,110165,23,0
1101,110175,24,0
1101,110177,25,0
1101,110185,26,0
1101,110195,27,0
1101,110205,28,0
1101,110207,29,0
1101,110213,30,0
1101,110215,31,0
1101,110225,32,0
1101,110235,33,0
1101,110245,34,1
1400,140109,1,0
1400,140115,2,0
1400,140125,3,0
1400,140133,4,0
1400,140135,5,0
1400,140020,6,0
1400,3633,7,0
1400,3052,8,0
1400,20220,9,0
1400,20210,10,0
1400,20200,11,0
1400,20190,12,0
1400,140030,13,0
1400,140040,14,0
1400,140050,15,0
1400,140060,16,0
1400,140070,17,0
1400,140080,18,0
1400,110755,19,0
1400,140090,20,0
1400,140100,21,0
1400,110030,22,0
1400,110020,23,0
1400,110010,24,0
1400,140005,25,1
1401,140005,1,0
1401,110005,2,0
1401,110015,3,0
1401,110025,4,0
1401,140015,5,0
1401,110830,6,0
1401,110820,7,0
1401,140025,8,0
1401,140035,9,0
1401,140045,10,0
1401,140055,11,0
1401,140065,12,0
1401,140075,13,0
1401,140085,14,0
1401,20195,15,0
1401,20197,16,0
1401,20205,17,0
1401,3053,18,0
1401,3055,19,0
1401,110555,20,0
1401,110565,21,0
1401,140095,22,0
1401,140105,23,0
1401,140107,24,0
1401,140109,25,0
1401,140115,26,0
1401,140125,27,1
1500,150415,1,0
1500,150405,2,0
1500,150395,3,0
1500,150347,4,0
1500,150345,5,0
1500,150335,6,0
1500,150325,7,0
1500,150315,8,0
1500,150305,9,0
1500,150295,10,0
1500,150285,11,0
1500,150275,12,0
1500,150265,13,0
1500,150255,14,0
1500,150245,15,0
1500,150235,16,0
1500,150225,17,0
1500,150215,18,0
1500,150205,19,0
1500,150195,20,0
1500,150185,21,0
1500,150175,22,0
1500,150165,23,0
1500,150155,24,0
1500,150145,25,0
1500,150093,26,0
1500,150095,27,0
1500,150085,28,0
1500,3633,29,0
1500,3057,30,0
1500,150075,31,0
1500,150065,32,0
1500,150055,33,0
1500,150035,34,0
1500,3065,35,0
1500,3022,36,0
1500,3020,37,1
1501,3020,1,0
1501,3053,2,0
1501,3055,3,0
1501,110555,4,0
1501,110565,5,0
1501,110575,6,0
1501,150080,7,0
1501,150082,8,0
1501,150090,9,0
1501,150100,10,0
1501,150110,11,0
1501,150120,12,0
1501,150130,13,0
1501,150140,14,0
1501,150150,15,0
1501,150160,16,0
1501,150170,17,0
1501,150180,18,0
1501,150190,19,0
1501,150200,20,0
1501,150210,21,0
1501,150220,22,0
1501,150230,23,0
1501,150240,24,0
1501,150250,25,0
1501,150260,26,0
1501,150270,27,0
1501,150280,28,0
1501,150290,29,0
1501,150320,30,0
1501,150330,31,0
1501,150340,32,0
1501,150415,33,1
2200,7401,1,0
2200,7405,2,0
2200,7409,3,0
2200,7413,4,0
2200,7417,5,0
2200,7421,6,0
2200,7425,7,0
2200,7429,8,0
2200,7433,9,0
2200,7437,10,0
2200,7441,11,0
2200,7445,12,0
2200,7449,13,0
2200,7453,14,0
2200,7457,15,0
2200,7461,16,0
2200,7465,17,0
2200,7469,18,0
2200,7473,19,0
2200,7477,20,0
2200,7481,21,0
2200,7485,22,0
2200,7550,23,0
2200,7105,24,0
2200,7109,25,0
2200,7113,26,0
2200,7117,27,0
2200,7121,28,0
2200,7125,29,0
2200,7129,30,0
2200,7133,31,0
2200,7137,32,0
2200,7141,33,0
2200,7145,34,0
2200,7149,35,0
2200,7153,36,0
2200,7157,37,0
2200,220420,38,0
2200,220430,39,0
2200,220488,40,0
2200,220490,41,0
2200,220500,42,0
2200,220510,43,0
2200,220520,44,0
2200,220530,45,0
2200,220540,46,0
2200,220550,47,0
2200,220560,48,0
2200,220570,49,0
2200,220580,50,0
2200,220582,51,0
2200,7257,52,0
2200,7001,53,0
2200,7909,54,0
2200,7911,55,0
2200,7915,56,0
2200,7274,57,0
2200,7270,58,0
2200,7266,59,0
2200,7917,60,0
2200,7921,61,0
2200,7925,62,0
2200,7929,63,0
2200,220625,64,0
2200,7017,65,0
2200,7019,66,0
2200,7021,67,0
2200,7025,68,0
2200,7029,69,0
2200,5048,70,0
2200,5505,71,0
2200,5510,72,0
2200,5506,73,0
2200,5502,74,0
2200,5501,75,1
2201,5501,1,0
2201,5047,2,0
2201,5051,3,0
2201,7026,4,0
2201,7022,5,0
2201,7020,6,0
2201,7018,7,0
2201,7014,8,0
2201,220625,9,0
2201,7926,10,0
2201,7922,11,0
2201,7918,12,0
2201,7914,13,0
2201,7269,14,0
2201,7273,15,0
2201,7277,16,0
2201,7912,17,0
2201,7910,18,0
2201,7002,19,0
2201,7162,20,0
2201,220420,21,0
2201,220430,22,0
2201,220488,23,0
2201,220490,24,0
2201,220500,25,0
2201,220510,26,0
2201,220520,27,0
2201,220530,28,0
2201,220540,29,0
2201,220550,30,0
2201,220560,31,0
2201,220570,32,0
2201,220580,33,0
2201,220582,34,0
2201,7257,35,1
2300,230045,1,0
2300,230035,2,0
2300,230025,3,0
2300,230015,4,0
2300,230005,5,0
2300,230010,6,0
2300,230020,7,0
2300,230030,8,0
2300,230040,9,0
2300,230050,10,0
2300,230060,11,0
2300,230070,12,0
2300,230080,13,0
2300,230090,14,0
2300,230100,15,0
2300,230110,16,0
2300,230120,17,0
2300,230130,18,0
2300,230140,19,0
2300,230150,20,0
2300,230160,21,0
2300,230170,22,0
2300,230180,23,0
2300,230182,24,0
2300,230220,25,0
2300,230222,26,0
2300,230242,27,0
2300,230244,28,0
2300,230250,29,0
2300,230260,30,0
2300,230172,31,0
2300,230174,32,0
2300,230270,33,0
2300,230280,34,0
2300,230290,35,0
2300,230300,36,0
2300,230310,37,0
2300,7825,38,0
2300,7829,39,0
2300,7833,40,0
2300,7837,41,0
2300,7841,42,0
2300,7905,43,0
2300,7282,44,0
2300,7285,45,0
2300,7289,46,0
2300,230390,47,0
2300,230398,48,0
2300,230400,49,0
2300,230402,50,0
2300,230480,51,0
2300,230490,52,0
2300,230500,53,0
2300,230510,54,0
2300,230520,55,0
2300,7961,56,0
2300,7965,57,0
2300,7014,58,0
2300,230685,59,0
2300,7881,60,0
2300,7885,61,0
2300,7889,62,0
2300,7857,63,0
2300,7861,64,0
2300,7865,65,0
2300,7869,66,0
2300,7025,67,0
2300,7029,68,0
2300,5048,69,0
2300,5505,70,0
2300,5510,71,0
2300,5506,72,0
2300,5502,73,0
2300,5501,74,1
2301,5501,1,0
2301,5047,2,0
2301,5051,3,0
2301,7026,4,0
2301,7868,5,0
2301,230685,6,0
2301,7013,7,0
2301,7966,8,0
2301,7962,9,0
2301,230475,10,0
2301,230465,11,0
2301,230455,12,0
2301,230445,13,0
2301,230435,14,0
2301,230425,15,0
2301,230415,16,0
2301,230413,17,0
2301,230405,18,0
2301,7290,19,0
2301,7286,20,0
2301,7281,21,0
2301,7906,22,0
2301,7902,23,0
2301,7836,24,0
2301,7832,25,0
2301,7828,26,0
2301,7824,27,0
2301,7864,28,0
2301,7860,29,0
2301,7856,30,0
2301,7848,31,0
2301,7884,32,0
2301,7880,33,0
2301,230335,34,0
2301,230325,35,0
2301,230315,36,0
2301,230305,37,0
2301,230295,38,0
2301,230285,39,0
2301,230275,40,0
2301,230273,41,0
2301,230265,42,0
2301,230247,43,0
2301,230245,44,0
2301,230235,45,0
2301,230197,46,0
2301,230195,47,0
2301,230185,48,0
2301,230175,49,0
2301,230167,50,0
2301,230297,51,0
2301,230215,52,0
2301,230165,53,0
2301,230155,54,0
2301,230145,55,0
2301,230135,56,0
2301,230125,57,0
2301,230115,58,0
2301,230105,59,0
2301,230085,60,0
2301,230075,61,0
2301,230065,62,0
2301,230055,63,0
2301,230045,64,0
2301,230035,65,0
2301,230025,66,0
2301,230015,67,0
2301,230005,68,1
2400,240091,1,0
2400,240089,2,0
2400,240087,3,0
2400,240085,4,0
2400,240075,5,0
2400,240065,6,0
2400,240055,7,0
2400,240045,8,0
2400,240035,9,0
2400,240025,10,0
2400,240015,11,0
2400,8413,12,0
2400,240216,13,0
2400,240218,14,0
2400,240220,15,0
2400,240230,16,0
2400,240242,17,0
2400,240252,18,0
2400,240262,19,0
2400,240272,20,0
2400,240282,21,0
2400,7001,22,0
2400,7005,23,0
2400,7009,24,0
2400,240345,25,1
2401,240345,1,0
2401,7010,2,0
2401,7006,3,0
2401,7002,4,0
2401,240237,5,0
2401,240217,6,0
2401,240207,7,0
2401,240197,8,0
2401,240185,9,0
2401,240175,10,0
2401,240173,11,0
2401,240171,12,0
2401,8414,13,0
2401,8410,14,0
2401,240070,15,0
2401,240080,16,0
2401,240090,17,0
2401,240100,18,0
2401,240110,19,0
2401,240120,20,0
2401,240130,21,0
2401,240140,22,0
2401,240142,23,0
2401,240144,24,1
3100,6101,1,0
3100,6105,2,0
3100,6109,3,0
3100,6113,4,0
3100,6117,5,0
3100,6121,6,0
3100,6125,7,0
3100,6129,8,0
3100,6133,9,0
3100,6137,10,0
3100,6141,11,0
3100,6145,12,0
3100,6149,13,0
3100,6153,14,0
3100,6157,15,0
3100,6161,16,0
3100,6165,17,0
3100,6169,18,0
3100,6173,19,0
3100,6177,20,0
3100,6181,21,0
3100,6185,22,0
3100,6189,23,0
3100,6193,24,0
3100,6197,25,0
3100,6701,26,0
3100,6705,27,0
3100,6709,28,0
3100,6713,29,0
3100,6717,30,0
3100,6721,31,0
3100,6725,32,0
3100,6729,33,0
3100,6610,34,0
3100,6606,35,0
3100,6602,36,0
3100,5510,37,0
3100,5506,38,0
3100,5502,39,0
3100,5501,40,1
3101,5501,1,0
3101,5505,2,0
3101,6501,3,0
3101,6505,4,0
3101,6509,5,0
3101,6726,6,0
3101,6722,7,0
3101,6718,8,0
3101,6714,9,0
3101,6710,10,0
3101,6706,11,0
3101,6702,12,0
3101,6198,13,0
3101,6194,14,0
3101,6190,15,0
3101,6186,16,0
3101,6182,17,0
3101,6178,18,0
3101,6174,19,0
3101,6170,20,0
3101,6166,21,0
3101,6101,22,0
3101,6105,23,0
3101,6109,24,0
3101,6113,25,0
3101,6117,26,0
3101,6121,27,0
3101,6125,28,0
3101,6129,29,0
3101,6133,30,0
3101,6137,31,0
3101,6141,32,0
3101,6145,33,0
3101,6149,34,0
3101,6153,35,0
3101,6157,36,0
3101,6161,37,0
3101,6165,38,0
3101,6169,39,0
3101,6173,40,1
3200,170255,1,0
3200,170245,2,0
3200,170225,3,0
3200,170205,4,0
3200,170185,5,0
3200,170165,6,0
3200,170155,7,0
3200,170135,8,0
3200,170125,9,0
3200,5929,10,0
3200,5933,11,0
3200,5937,12,0
3200,5941,13,0
3200,5945,14,0
3200,5949,15,0
3200,5044,16,1
3201,20485,1,0
3201,5950,2,0
3201,5946,3,0
3201,5942,4,0
3201,5938,5,0
3201,5934,6,0
3201,5930,7,0
3201,5926,8,0
3201,5234,9,0
3201,5230,10,0
3201,5226,11,0
3201,5222,12,0
3201,5218,13,0
3201,5214,14,0
3201,5210,15,0
3201,5206,16,1
3400,5410,1,0
3400,5406,2,0
3400,5402,3,0
3400,5401,4,0
3400,5405,5,0
3400,5409,6,0
3400,5413,7,0
3400,5709,8,0
3400,5417,9,0
3400,5421,10,0
3400,5425,11,0
3400,5429,12,0
3400,5433,13,0
3400,5437,14,0
3400,5441,15,0
3400,5445,16,0
3400,5449,17,0
3400,5453,18,0
3400,5457,19,0
3400,5461,20,0
3400,5465,21,0
3400,5469,22,0
3400,5473,23,0
3400,5477,24,0
3400,5481,25,0
3400,5485,26,0
3400,5489,27,0
3400,5493,28,0
3400,5497,29,0
3400,5901,30,0
3400,5905,31,0
3400,5909,32,0
3400,5913,33,0
3400,5917,34,0
3400,5921,35,0
3400,5925,36,0
3400,5929,37,0
3400,5933,38,0
3400,5937,39,0
3400,5941,40,0
3400,5945,41,0
3400,5949,42,0
3400,5044,43,0
3400,5953,44,0
3400,5957,45,0
3400,5510,46,0
3400,5506,47,0
3400,5502,48,0
3400,5501,49,1
3401,5501,1,0
3401,5950,2,0
3401,5946,3,0
3401,5942,4,0
3401,5938,5,0
3401,5934,6,0
3401,5930,7,0
3401,5926,8,0
3401,5922,9,0
3401,5918,10,0
3401,5914,11,0
3401,5910,12,0
3401,5906,13,0
3401,5902,14,0
3401,5498,15,0
3401,5494,16,0
3401,5490,17,0
3401,5486,18,0
3401,5482,19,0
3401,5478,20,0
3401,5474,21,0
3401,5470,22,0
3401,5466,23,0
3401,5462,24,0
3401,5458,25,0
3401,5454,26,0
3401,5450,27,0
3401,5446,28,0
3401,5442,29,0
3401,5438,30,0
3401,5434,31,0
3401,5430,32,0
3401,5426,33,0
3401,5422,34,0
3401,5418,35,0
3401,5414,36,0
3401,5417,37,0
3401,5412,38,0
3401,5410,39,0
3401,5406,40,0
3401,5402,41,0
3401,5401,42,0
3401,5405,43,0
3401,5409,44,0
3401,5413,45,1
3501,5501,1,0
3501,5505,2,0
3501,6501,3,0
3501,6505,4,0
3501,6509,5,0
3501,6513,6,0
3501,6517,7,0
3501,6521,8,0
3501,6525,9,0
3501,6529,10,0
3501,6533,11,0
3501,6537,12,0
3501,6541,13,0
3501,6545,14,0
3501,6549,15,0
3501,6553,16,0
3501,6557,17,0
3501,6559,18,0
3501,6561,19,0
3501,6565,20,0
3501,6569,21,0
3501,6573,22,0
3501,6577,23,0
3501,6581,24,0
3501,6585,25,0
3501,6589,26,0
3501,6593,27,0
3501,6597,28,0
3501,6301,29,0
3501,6305,30,0
3501,6309,31,0
3501,6313,32,0
3501,5510,33,0
3501,5506,34,0
3501,5502,35,1
3600,5501,1,0
3600,5505,2,0
3600,6214,3,0
3600,6210,4,0
3600,6206,5,0
3600,6202,6,0
3600,6698,7,0
3600,6694,8,0
3600,6690,9,0
3600,6686,10,0
3600,6682,11,0
3600,6678,12,0
3600,6674,13,0
3600,6670,14,0
3600,6666,15,0
3600,6662,16,0
3600,6658,17,0
3600,6654,18,0
3600,6650,19,0
3600,6646,20,0
3600,6642,21,0
3600,6638,22,0
3600,6634,23,0
3600,6630,24,0
3600,6626,25,0
3600,6622,26,0
3600,6618,27,0
3600,6614,28,0
3600,6610,29,0
3600,6606,30,0
3600,6602,31,0
3600,5510,32,0
3600,5506,33,0
3600,5502,34,1
3701,5701,1,0
3701,5705,2,0
3701,5709,3,0
3701,5713,4,0
3701,5717,5,0
3701,4701,6,0
3701,4705,7,0
3701,4709,8,0
3701,4713,9,0
3701,4717,10,0
3701,4721,11,0
3701,4725,12,0
3701,4729,13,0
3701,4733,14,0
3701,4737,15,0
3701,4741,16,0
3701,4745,17,0
3701,4749,18,0
3701,4753,19,0
3701,4757,20,0
3701,4761,21,0
3701,4765,22,0
3701,4769,23,0
3701,4773,24,0
3701,4777,25,0
3701,4781,26,0
3701,4785,27,0
3701,4789,28,0
3701,4793,29,0
3701,4797,30,0
3701,4201,31,0
3701,4205,32,0
3701,4209,33,0
3701,4213,34,0
3701,4217,35,0
3701,4221,36,0
3701,4225,37,0
3701,4229,38,0
3701,4233,39,0
3701,4237,40,0
3701,4710,41,0
3701,4706,42,0
3701,4702,43,0
3701,5718,44,0
3701,5714,45,0
3701,5710,46,0
3701,5706,47,0
3701,5013,48,1
3800,5701,1,0
3800,5705,2,0
3800,5709,3,0
3800,5713,4,0
3800,5717,5,0
3800,4701,6,0
3800,4705,7,0
3800,4342,8,0
3800,4338,9,0
3800,4334,10,0
3800,4330,11,0
3800,4326,12,0
3800,4322,13,0
3800,4318,14,0
3800,4314,15,0
3800,4310,16,0
3800,4306,17,0
3800,4302,18,0
3800,4898,19,0
3800,4894,20,0
3800,4890,21,0
3800,4886,22,0
3800,4882,23,0
3800,4878,24,0
3800,4874,25,0
3800,4872,26,0
3800,4870,27,0
3800,4866,28,0
3800,4862,29,0
3800,4858,30,0
3800,4854,31,0
3800,4850,32,0
3800,4846,33,0
3800,4842,34,0
3800,4838,35,0
3800,4834,36,0
3800,4830,37,0
3800,4826,38,0
3800,4822,39,0
3800,4818,40,0
3800,4814,41,0
3800,4710,42,0
3800,4706,43,0
3800,4702,44,0
3800,5718,45,0
3800,5714,46,0
3800,5710,47,0
3800,5706,48,0
3800,5013,49,1
3900,4901,1,0
3900,4905,2,0
3900,4909,3,0
3900,4913,4,0
3900,4915,5,0
3900,4917,6,0
3900,4921,7,0
3900,4773,8,0
3900,4925,9,0
3900,4838,10,0
3900,4834,11,0
3900,4830,12,0
3900,4826,13,0
3900,4822,14,0
3900,4929,15,0
3900,4933,16,0
3900,4937,17,0
3900,4941,18,0
3900,6305,19,0
3900,6901,20,0
3900,6903,21,0
3900,6907,22,0
3900,6911,23,0
3900,6602,24,0
3900,5510,25,0
3900,5506,26,0
3900,5502,27,0
3900,5501,28,1
3901,5501,1,0
3901,5505,2,0
3901,6501,3,0
3901,6912,4,0
3901,6908,5,0
3901,6904,6,0
3901,6902,7,0
3901,6206,8,0
3901,4942,9,0
3901,4938,10,0
3901,4934,11,0
3901,4932,12,0
3901,4930,13,0
3901,4717,14,0
3901,4721,15,0
3901,4725,16,0
3901,4729,17,0
3901,4733,18,0
3901,4737,19,0
3901,4741,20,0
3901,4874,21,0
3901,4872,22,0
3901,4901,23,0
3901,4905,24,0
3901,4909,25,0
3901,4913,26,0
3901,4915,27,1
6500,650190,1,0
6500,650200,2,0
6500,650210,3,0
6500,650220,4,0
6500,650230,5,0
6500,650325,6,0
6500,650315,7,0
6500,650430,8,0
6500,650285,9,0
6500,650275,10,0
6500,650265,11,0
6500,650255,12,0
6500,650247,13,0
6500,650245,14,0
6500,650243,15,0
6500,650241,16,0
6500,650239,17,0
6500,650237,18,0
6500,650235,19,0
6500,650225,20,0
6500,650215,21,0
6500,650470,22,0
6500,650480,23,0
6500,650490,24,0
6500,650500,25,0
6500,650510,26,0
6500,650520,27,0
6500,650530,28,0
6500,650540,29,0
6500,650550,30,0
6500,650560,31,0
6500,650570,32,0
6500,650580,33,0
6500,650590,34,0
6500,650600,35,0
6500,650610,36,0
6500,650620,37,0
6500,650630,38,0
6500,650640,39,0
6500,650650,40,0
6500,650660,41,0
6500,7001,42,0
6500,7005,43,0
6500,7009,44,0
6500,650670,45,1
6501,650670,1,0
6501,7010,2,0
6501,7006,3,0
6501,7002,4,0
6501,650535,5,0
6501,650525,6,0
6501,650515,7,0
6501,650505,8,0
6501,650495,9,0
6501,650485,10,0
6501,650475,11,0
6501,650465,12,0
6501,650455,13,0
6501,650445,14,0
6501,650435,15,0
6501,650425,16,0
6501,650415,17,0
6501,650405,18,0
6501,650395,19,0
6501,650385,20,0
6501,650375,21,0
6501,650365,22,0
6501,650355,23,0
6501,650345,24,0
6501,650335,25,0
6501,650240,26,0
6501,650250,27,0
6501,650252,28,0
6501,650254,29,0
6501,650256,30,0
6501,650258,31,0
6501,650260,32,0
6501,650262,33,0
6501,650270,34,0
6501,650280,35,0
6501,650290,36,0
6501,650300,37,0
6501,650320,38,0
6501,650440,39,0
6501,650450,40,0
6501,650460,41,0
6501,650205,42,0
6501,650195,43,0
6501,650185,44,0
6501,650175,45,1
1200100,10010,1,0
1200100,30040,2,0
1200100,30050,3,0
1200100,30060,4,0
1200100,30070,5,0
1200100,30080,6,0
1200100,30090,7,0
1200100,30100,8,0
1200100,30110,9,0
1200100,30120,10,0
1200100,30130,11,0
1200100,30140,12,0
1200100,30142,13,0
1200100,30150,14,0
1200100,30160,15,0
1200100,30162,16,0
1200100,30170,17,0
1200100,30180,18,0
1200100,30190,19,0
1200100,30192,20,0
1200100,30200,21,0
1200100,30210,22,0
1200100,30212,23,0
1200100,30220,24,0
1200100,30230,25,0
1200100,30232,26,0
1200100,30240,27,0
1200100,30242,28,0
1200100,30250,29,0
1200100,30260,30,0
1200100,30270,31,0
1200100,30280,32,0
1200100,30290,33,0
1200100,30300,34,0
1200100,30310,35,0
1200100,7001,36,0
1200100,7005,37,0
1200100,7009,38,0
1200100,7013,39,0
1200100,7017,40,0
1200100,7019,41,0
1200100,7021,42,0
1200100,7025,43,0
1200100,7029,44,0
1200100,5048,45,0
1200100,5044,46,0
1200100,20482,47,0
1200100,20480,48,0
1200100,20470,49,0
1200100,20460,50,0
1200100,20450,51,0
1200100,20440,52,0
1200100,20430,53,0
1200100,20420,54,0
1200100,20410,55,0
1200100,20400,56,0
1200100,20390,57,0
1200100,20380,58,0
1200100,20370,59,0
1200100,20360,60,0
1200100,20350,61,0
1200100,20340,62,0
1200100,20330,63,0
1200100,20320,64,0
1200100,20310,65,0
1200100,20300,66,0
1200100,20290,67,0
1200100,20270,68,0
1200100,20260,69,0
1200100,20250,70,0
1200100,20240,71,0
1200100,3064,72,0
1200100,3062,73,0
1200100,3060,74,0
1200100,3058,75,0
1200100,3056,76,0
1200100,3052,77,0
1200100,20220,78,0
1200100,20210,79,0
1200100,20200,80,0
1200100,20190,81,0
1200100,20180,82,0
1200100,20170,83,0
1200100,20160,84,0
1200100,20150,85,0
1200100,1064,86,0
1200100,1062,87,0
1200100,1060,88,0
1200100,1058,89,0
1200100,1054,90,0
1200100,1052,91,0
1200100,1076,92,0
1200100,1072,93,0
1200100,1068,94,1
1200101,1067,1,0
1200101,1071,2,0
1200101,1075,3,0
1200101,1079,4,0
1200101,1053,5,0
1200101,1055,6,0
1200101,1057,7,0
1200101,1059,8,0
1200101,1061,9,0
1200101,1063,10,0
1200101,20145,11,0
1200101,20155,12,0
1200101,20165,13,0
1200101,20175,14,0
1200101,20185,15,0
1200101,20195,16,0
1200101,20197,17,0
1200101,20205,18,0
1200101,3053,19,0
1200101,3055,20,0
1200101,3057,21,0
1200101,3059,22,0
1200101,3061,23,0
1200101,3063,24,0
1200101,3065,25,0
1200101,20225,26,0
1200101,20235,27,0
1200101,20245,28,0
1200101,20255,29,0
1200101,20275,30,0
1200101,20285,31,0
1200101,20295,32,0
1200101,20305,33,0
1200101,20315,34,0
1200101,20325,35,0
1200101,20335,36,0
1200101,20345,37,0
1200101,20355,38,0
1200101,20365,39,0
1200101,20375,40,0
1200101,20385,41,0
1200101,20395,42,0
1200101,5013,43,0
1200101,20415,44,0
1200101,20425,45,0
1200101,20435,46,0
1200101,20445,47,0
1200101,20455,48,0
1200101,20465,49,0
1200101,20477,50,0
1200101,20485,51,0
1200101,5047,52,0
1200101,5051,53,0
1200101,7026,54,0
1200101,7022,55,0
1200101,7020,56,0
1200101,7018,57,0
1200101,7014,58,0
1200101,7010,59,0
1200101,7006,60,0
1200101,7002,61,0
1200101,30305,62,0
1200101,30295,63,0
1200101,30285,64,0
1200101,30275,65,0
1200101,30265,66,0
1200101,30255,67,0
1200101,30245,68,0
1200101,30237,69,0
1200101,30235,70,0
1200101,30227,71,0
1200101,30225,72,0
1200101,30215,73,0
1200101,30207,74,0
1200101,30205,75,0
1200101,30195,76,0
1200101,30187,77,0
1200101,30185,78,0
1200101,30175,79,0
1200101,30165,80,0
1200101,30163,81,0
1200101,30155,82,0
1200101,30145,83,0
1200101,30143,84,0
1200101,30135,85,0
1200101,30125,86,0
1200101,30115,87,0
1200101,30105,88,0
1200101,30095,89,0
1200101,30085,90,0
1200101,30075,91,0
1200101,30065,92,0
1200101,30055,93,0
1200101,30045,94,0
1200101,30035,95,0
1200101,10010,96,1
1200200,3001,1,0
1200200,3003,2,0
1200200,3005,3,0
1200200,3007,4,0
1200200,3009,5,0
1200200,1001,6,0
1200200,1005,7,0
1200200,1007,8,0
1200200,1009,9,0
1200200,1013,10,0
1200200,1015,11,0
1200200,1017,12,0
1200200,1021,13,0
1200200,1023,14,0
1200200,20145,15,0
1200200,20155,16,0
1200200,20165,17,0
1200200,20175,18,0
1200200,20185,19,0
1200200,20195,20,0
1200200,20197,21,0
1200200,20205,22,0
1200200,3021,23,0
1200200,3023,24,0
1200200,20225,25,0
1200200,20235,26,0
1200200,20245,27,0
1200200,20255,28,0
1200200,20275,29,0
1200200,20285,30,0
1200200,20295,31,0
1200200,20305,32,0
1200200,20315,33,0
1200200,20325,34,0
1200200,20335,35,0
1200200,20345,36,0
1200200,20355,37,0
1200200,20365,38,0
1200200,20375,39,0
1200200,20385,40,0
1200200,20395,41,0
1200200,5013,42,0
1200200,20415,43,0
1200200,20425,44,0
1200200,20435,45,0
1200200,20445,46,0
1200200,20455,47,0
1200200,20465,48,0
1200200,20477,49,0
1200200,20485,50,0
1200200,5047,51,0
1200200,5051,52,0
1200200,20515,53,0
1200200,20517,54,0
1200200,20525,55,0
1200200,20535,56,0
1200200,20545,57,0
1200200,20555,58,0
1200200,20565,59,0
1200200,20575,60,0
1200200,20585,61,1
1200201,20585,1,0
1200201,20595,2,0
1200201,20620,3,0
1200201,20610,4,0
1200201,20600,5,0
1200201,20590,6,0
1200201,20580,7,0
1200201,20560,8,0
1200201,20550,9,0
1200201,20540,10,0
1200201,20530,11,0
1200201,20522,12,0
1200201,20520,13,0
1200201,5048,14,0
1200201,5044,15,0
1200201,20482,16,0
1200201,20480,17,0
1200201,20470,18,0
1200201,20460,19,0
1200201,20450,20,0
1200201,20440,21,0
1200201,20430,22,0
1200201,20420,23,0
1200201,20410,24,0
1200201,20400,25,0
1200201,20390,26,0
1200201,20380,27,0
1200201,20370,28,0
1200201,20360,29,0
1200201,20350,30,0
1200201,20340,31,0
1200201,20330,32,0
1200201,20320,33,0
1200201,20310,34,0
1200201,20300,35,0
1200201,20290,36,0
1200201,20270,37,0
1200201,20260,38,0
1200201,20250,39,0
1200201,20240,40,0
1200201,3022,41,0
1200201,3020,42,0
1200201,20220,43,0
1200201,20210,44,0
1200201,20200,45,0
1200201,20190,46,0
1200201,20180,47,0
1200201,20170,48,0
1200201,20160,49,0
1200201,20150,50,0
1200201,1024,51,0
1200201,1022,52,0
1200201,1020,53,0
1200201,1016,54,0
1200201,1014,55,0
1200201,1012,56,0
1200201,1010,57,0
1200201,1008,58,0
1200201,1006,59,0
1200201,1002,60,0
1200201,3008,61,0
1200201,3006,62,0
1200201,3004,63,0
1200201,3002,64,0
1200201,3001,65,1
1200300,30020,1,0
1200300,8002,2,0
1200300,8006,3,0
1200300,30040,4,0
1200300,30050,5,0
1200300,30060,6,0
1200300,30070,7,0
1200300,30080,8,0
1200300,30090,9,0
1200300,30100,10,0
1200300,30110,11,0
1200300,30120,12,0
1200300,30130,13,0
1200300,30140,14,0
1200300,30142,15,0
1200300,30150,16,0
1200300,30160,17,0
1200300,30162,18,0
1200300,30170,19,0
1200300,30180,20,0
1200300,30190,21,0
1200300,30192,22,0
1200300,30200,23,0
1200300,30210,24,0
1200300,30212,25,0
1200300,30220,26,0
1200300,30230,27,0
1200300,30232,28,0
1200300,30240,29,0
1200300,30242,30,0
1200300,30250,31,0
1200300,30260,32,0
1200300,30270,33,0
1200300,30280,34,0
1200300,30290,35,0
1200300,30300,36,0
1200300,30310,37,0
1200300,7001,38,0
1200300,7005,39,0
1200300,7009,40,0
1200300,7013,41,0
1200300,7017,42,0
1200300,7019,43,0
1200300,7021,44,0
1200300,7025,45,0
1200300,7029,46,0
1200300,5051,47,0
1200300,20515,48,0
1200300,20517,49,0
1200300,20525,50,0
1200300,20535,51,0
1200300,20545,52,0
1200300,20555,53,0
1200300,20565,54,0
1200300,20575,55,0
1200300,20585,56,0
1200300,5048,57,1
1200301,20585,1,0
1200301,20595,2,0
1200301,20620,3,0
1200301,20610,4,0
1200301,20600,5,0
1200301,20590,6,0
1200301,20580,7,0
1200301,20560,8,0
1200301,20550,9,0
1200301,20540,10,0
1200301,20530,11,0
1200301,20522,12,0
1200301,20520,13,0
1200301,5047,14,0
1200301,5051,15,0
1200301,7026,16,0
1200301,7022,17,0
1200301,7020,18,0
1200301,7018,19,0
1200301,7014,20,0
1200301,7010,21,0
1200301,7006,22,0
1200301,7002,23,0
1200301,30305,24,0
1200301,30295,25,0
1200301,30285,26,0
1200301,30275,27,0
1200301,30265,28,0
1200301,30255,29,0
1200301,30245,30,0
1200301,30237,31,0
1200301,30235,32,0
1200301,30227,33,0
1200301,30225,34,0
1200301,30215,35,0
1200301,30207,36,0
1200301,30205,37,0
1200301,30195,38,0
1200301,30187,39,0
1200301,30185,40,0
1200301,30175,41,0
1200301,30165,42,0
1200301,30163,43,0
1200301,30155,44,0
1200301,30145,45,0
1200301,30143,46,0
1200301,30135,47,0
1200301,30125,48,0
1200301,30115,49,0
1200301,30105,50,0
1200301,30095,51,0
1200301,30085,52,0
1200301,30075,53,0
1200301,30065,54,0
1200301,30055,55,0
1200301,30045,56,0
1200301,30035,57,0
1200301,8002,58,0
1200301,8006,59,0
1200301,30020,60,1
2000100,510050,1,0
2000100,510060,2,0
2000100,510070,3,0
2000100,510080,4,0
2000100,510090,5,0
2000100,510100,6,0
2000100,510110,7,0
2000100,510120,8,0
2000100,510130,9,0
2000100,510140,10,0
2000100,510045,11,0
2000100,510043,12,0
2000100,510035,13,0
2000100,510025,14,0
2000100,510005,15,0
2000100,20330,16,1
2000101,20315,1,0
2000101,510010,2,0
2000101,510020,3,0
2000101,510030,4,0
2000101,510040,5,0
2000101,510050,6,0
2000101,510060,7,0
2000101,510070,8,0
2000101,510080,9,0
2000101,510090,10,0
2000101,510100,11,0
2000101,510110,12,0
2000101,510120,13,0
2000101,510130,14,0
2000101,510140,15,1
2000200,520080,1,0
2000200,520090,2,0
2000200,520100,3,0
2000200,520110,4,0
2000200,520120,5,0
2000200,520130,6,0
2000200,520140,7,0
2000200,520150,8,0
2000200,520160,9,0
2000200,520170,10,0
2000200,520180,11,0
2000200,520190,12,0
2000200,520200,13,0
2000200,520210,14,0
2000200,520220,15,0
2000200,520230,16,0
2000200,520240,17,0
2000200,520250,18,0
2000200,520260,19,0
2000200,520270,20,0
2000200,520280,21,0
2000200,520290,22,0
2000200,520305,23,1
2000201,520305,1,0
2000201,520295,2,0
2000201,520285,3,0
2000201,520275,4,0
2000201,520265,5,0
2000201,520255,6,0
2000201,520245,7,0
2000201,520235,8,0
2000201,520225,9,0
2000201,520215,10,0
2000201,520205,11,0
2000201,520195,12,0
2000201,520185,13,0
2000201,520175,14,0
2000201,520165,15,0
2000201,520155,16,0
2000201,520145,17,0
2000201,520135,18,0
2000201,520125,19,0
2000201,520115,20,0
2000201,520105,21,0
2000201,520095,22,0
2000201,520085,23,1
2001100,511010,1,0
2001100,511005,2,0
2001100,511015,3,0
2001100,511025,4,0
2001100,511035,5,0
2001100,511045,6,0
2001100,511055,7,0
2001100,511065,8,0
2001100,511075,9,0
2001100,511085,10,0
2001100,511095,11,0
2001100,511105,12,0
2001100,511125,13,0
2001100,511135,14,0
2001100,511145,15,0
2001100,511155,16,0
2001100,511165,17,0
2001100,511175,18,0
2001100,511185,19,0
2001100,110250,20,1
2001101,110207,1,0
2001101,511130,2,0
2001101,511120,3,0
2001101,511125,4,0
2001101,511135,5,0
2001101,511145,6,0
2001101,511155,7,0
2001101,511165,8,0
2001101,511175,9,0
2001101,511110,10,0
2001101,511100,11,0
2001101,511090,12,0
2001101,511080,13,0
2001101,511070,14,0
2001101,511060,15,0
2001101,511050,16,0
2001101,511040,17,0
2001101,511030,18,0
2001101,511020,19,0
2001101,511010,20,1
2001500,150415,1,0
2001500,150405,2,0
2001500,150395,3,0
2001500,150347,4,0
2001500,150345,5,0
2001500,150335,6,0
2001500,150325,7,0
2001500,150315,8,0
2001500,150305,9,0
2001500,150295,10,0
2001500,150285,11,0
2001500,150275,12,0
2001500,150265,13,0
2001500,150255,14,0
2001500,150245,15,0
2001500,150235,16,0
2001500,150225,17,0
2001500,150215,18,0
2001500,150205,19,0
2001500,150195,20,0
2001500,150185,21,0
2001500,150175,22,0
2001500,150165,23,0
2001500,150155,24,0
2001500,150145,25,0
2001500,150093,26,0
2001500,150095,27,0
2001500,150085,28,0
2001500,3633,29,0
2001500,150075,30,0
2001500,150065,31,0
2001500,150055,32,0
2001500,150035,33,0
2001500,3065,34,0
2001500,3022,35,0
2001500,3020,36,1
2001501,3020,1,0
2001501,3053,2,0
2001501,3055,3,0
2001501,110555,4,0
2001501,110565,5,0
2001501,110575,6,0
2001501,150080,7,0
2001501,150082,8,0
2001501,150090,9,0
2001501,150100,10,0
2001501,150110,11,0
2001501,150120,12,0
2001501,150130,13,0
2001501,150140,14,0
2001501,150150,15,0
2001501,150160,16,0
2001501,150170,17,0
2001501,150180,18,0
2001501,150190,19,0
2001501,150200,20,0
2001501,150210,21,0
2001501,150220,22,0
2001501,150230,23,0
2001501,150240,24,0
2001501,150250,25,0
2001501,150260,26,0
2001501,150270,27,0
2001501,150280,28,0
2001501,150290,29,0
2001501,150320,30,0
2001501,150330,31,0
2001501,150340,32,0
2001501,150415,33,1
2002200,7401,1,0
2002200,7405,2,0
2002200,7409,3,0
2002200,7413,4,0
2002200,7417,5,0
2002200,7421,6,0
2002200,7425,7,0
2002200,7429,8,0
2002200,7433,9,0
2002200,7437,10,0
2002200,7441,11,0
2002200,7445,12,0
2002200,7449,13,0
2002200,7453,14,0
2002200,7457,15,0
2002200,7461,16,0
2002200,7465,17,0
2002200,7469,18,0
2002200,7473,19,0
2002200,7477,20,0
2002200,7481,21,0
2002200,7485,22,0
2002200,7501,23,0
2002200,7505,24,0
2002200,7509,25,0
2002200,7513,26,0
2002200,7517,27,0
2002200,7521,28,0
2002200,7525,29,0
2002200,7529,30,0
2002200,7533,31,0
2002200,7537,32,0
2002200,7541,33,0
2002200,7257,34,0
2002200,7001,35,0
2002200,7005,36,0
2002200,7009,37,0
2002200,990123,38,0
2002200,7010,39,0
2002200,7006,40,0
2002200,7002,41,0
2002200,7162,42,0
2002200,7158,43,0
2002200,7154,44,0
2002200,7150,45,0
2002200,7146,46,0
2002200,7142,47,0
2002200,7138,48,0
2002200,7134,49,0
2002200,7130,50,0
2002200,7126,51,0
2002200,7122,52,0
2002200,7118,53,0
2002200,7114,54,0
2002200,7110,55,0
2002200,7106,56,0
2002200,7549,57,0
2002200,7484,58,0
2002200,7488,59,0
2002200,7492,60,0
2002200,7496,61,0
2002200,7456,62,0
2002200,7428,63,0
2002200,7424,64,0
2002200,7420,65,0
2002200,7416,66,0
2002200,7412,67,0
2002200,7408,68,0
2002200,7404,69,1
2002201,990123,1,0
2002201,7010,2,0
2002201,7006,3,0
2002201,7002,4,0
2002201,7258,5,0
2002201,7542,6,0
2002201,7538,7,0
2002201,7534,8,0
2002201,7530,9,0
2002201,7526,10,0
2002201,7522,11,0
2002201,7518,12,0
2002201,7514,13,0
2002201,7510,14,0
2002201,7506,15,0
2002201,7502,16,0
2002201,7484,17,0
2002201,7480,18,0
2002201,7476,19,0
2002201,7472,20,0
2002201,7468,21,0
2002201,7464,22,0
2002201,7460,23,0
2002201,7456,24,0
2002201,7452,25,0
2002201,7448,26,0
2002201,7444,27,0
2002201,7440,28,0
2002201,7436,29,0
2002201,7432,30,0
2002201,7428,31,0
2002201,7424,32,0
2002201,7420,33,0
2002201,7416,34,0
2002201,7412,35,0
2002201,7408,36,0
2002201,7404,37,0
2002201,7401,38,0
2002201,7405,39,0
2002201,7409,40,0
2002201,7413,41,0
2002201,7417,42,0
2002201,7421,43,0
2002201,7425,44,0
2002201,7429,45,0
2002201,7457,46,0
2002201,7461,47,0
2002201,7493,48,0
2002201,7489,49,0
2002201,7485,50,0
2002201,7550,51,0
2002201,7105,52,0
2002201,7109,53,0
2002201,7113,54,0
2002201,7117,55,0
2002201,7121,56,0
2002201,7125,57,0
2002201,7129,58,0
2002201,7133,59,0
2002201,7137,60,0
2002201,7141,61,0
2002201,7145,62,0
2002201,7149,63,0
2002201,7153,64,0
2002201,7157,65,0
2002201,7161,66,0
2002201,7001,67,0
2002201,7005,68,0
2002201,7009,69,1
2002300,230045,1,0
2002300,230035,2,0
2002300,230025,3,0
2002300,230015,4,0
2002300,230005,5,0
2002300,230010,6,0
2002300,230020,7,0
2002300,230030,8,0
2002300,230040,9,0
2002300,230050,10,0
2002300,230060,11,0
2002300,230070,12,0
2002300,230080,13,0
2002300,230090,14,0
2002300,230100,15,0
2002300,230110,16,0
2002300,230120,17,0
2002300,230130,18,0
2002300,230140,19,0
2002300,230150,20,0
2002300,230160,21,0
2002300,230170,22,0
2002300,230180,23,0
2002300,230182,24,0
2002300,230220,25,0
2002300,230222,26,0
2002300,230242,27,0
2002300,230244,28,0
2002300,230250,29,0
2002300,230260,30,0
2002300,230270,31,0
2002300,230280,32,0
2002300,230290,33,0
2002300,230300,34,0
2002300,230310,35,0
2002300,7825,36,0
2002300,7829,37,0
2002300,7833,38,0
2002300,7837,39,0
2002300,7841,40,0
2002300,7905,41,0
2002300,7282,42,0
2002300,7285,43,0
2002300,7289,44,0
2002300,230390,45,0
2002300,230398,46,0
2002300,230400,47,0
2002300,230402,48,0
2002300,230480,49,0
2002300,230490,50,0
2002300,230500,51,0
2002300,230510,52,0
2002300,230520,53,0
2002300,7961,54,0
2002300,7965,55,0
2002300,7014,56,0
2002300,230685,57,1
2002301,230685,1,0
2002301,7013,2,0
2002301,7966,3,0
2002301,7962,4,0
2002301,230475,5,0
2002301,230465,6,0
2002301,230455,7,0
2002301,230445,8,0
2002301,230435,9,0
2002301,230425,10,0
2002301,230415,11,0
2002301,230413,12,0
2002301,230405,13,0
2002301,7290,14,0
2002301,7286,15,0
2002301,7281,16,0
2002301,7906,17,0
2002301,7902,18,0
2002301,7836,19,0
2002301,7832,20,0
2002301,7828,21,0
2002301,7824,22,0
2002301,230335,23,0
2002301,230325,24,0
2002301,230315,25,0
2002301,230305,26,0
2002301,230295,27,0
2002301,230285,28,0
2002301,230275,29,0
2002301,230273,30,0
2002301,230265,31,0
2002301,230247,32,0
2002301,230245,33,0
2002301,230235,34,0
2002301,230197,35,0
2002301,230195,36,0
2002301,230185,37,0
2002301,230175,38,0
2002301,230167,39,0
2002301,230165,40,0
2002301,230155,41,0
2002301,230145,42,0
2002301,230135,43,0
2002301,230125,44,0
2002301,230115,45,0
2002301,230105,46,0
2002301,230085,47,0
2002301,230075,48,0
2002301,230065,49,0
2002301,230055,50,0
2002301,230045,51,0
2002301,230035,52,0
2002301,230025,53,0
2002301,230015,54,0
2002301,230005,55,1
2003100,6733,1,0
2003100,6737,2,0
2003100,6741,3,0
2003100,6745,4,0
2003100,6749,5,0
2003100,6753,6,0
2003100,6757,7,0
2003100,6761,8,0
2003100,6765,9,0
2003100,6769,10,0
2003100,6773,11,0
2003100,6777,12,0
2003100,6781,13,0
2003100,6785,14,0
2003100,6789,15,0
2003100,6793,16,0
2003100,6101,17,1
2003101,6798,1,0
2003101,6790,2,0
2003101,6786,3,0
2003101,6782,4,0
2003101,6778,5,0
2003101,6774,6,0
2003101,6770,7,0
2003101,6766,8,0
2003101,6733,9,0
2003101,6737,10,0
2003101,6741,11,0
2003101,6745,12,0
2003101,6749,13,0
2003101,6753,14,0
2003101,6757,15,0
2003101,6761,16,1
2006500,650010,1,0
2006500,650020,2,0
2006500,650030,3,0
2006500,650040,4,0
2006500,650050,5,0
2006500,650060,6,0
2006500,650070,7,0
2006500,650080,8,0
2006500,650090,9,0
2006500,650100,10,0
2006500,650110,11,0
2006500,650120,12,0
2006500,650130,13,0
2006500,650140,14,0
2006500,650150,15,0
2006500,650160,16,0
2006500,650170,17,0
2006500,650180,18,0
2006500,650252,19,1
2006501,650237,1,0
2006501,650235,2,0
2006501,650225,3,0
2006501,650215,4,0
2006501,650165,5,0
2006501,650155,6,0
2006501,650145,7,0
2006501,650135,8,0
2006501,650125,9,0
2006501,650115,10,0
2006501,650105,11,0
2006501,650095,12,0
2006501,650085,13,0
2006501,650075,14,0
2006501,650065,15,0
2006501,650055,16,0
2006501,650045,17,0
2006501,650035,18,0
2006501,650025,19,0
2006501,650015,20,0
2006501,650005,21,1
2006600,650190,1,0
2006600,650200,2,0
2006600,650210,3,0
2006600,650220,4,0
2006600,650230,5,0
2006600,650325,6,0
2006600,650315,7,0
2006600,650430,8,0
2006600,650285,9,0
2006600,650275,10,0
2006600,650265,11,0
2006600,650255,12,0
2006600,650247,13,0
2006600,650245,14,0
2006600,650243,15,0
2006600,650241,16,0
2006600,650239,17,0
2006600,650237,18,0
2006600,650235,19,0
2006600,650225,20,0
2006600,650215,21,0
2006600,650470,22,0
2006600,650480,23,0
2006600,650490,24,0
2006600,650500,25,0
2006600,650510,26,0
2006600,650520,27,0
2006600,650530,28,0
2006600,650540,29,0
2006600,650550,30,0
2006600,650560,31,0
2006600,650570,32,0
2006600,650580,33,0
2006600,650590,34,0
2006600,650600,35,0
2006600,650610,36,0
2006600,650620,37,0
2006600,650630,38,0
2006600,650640,39,0
2006600,650650,40,0
2006600,650660,41,0
2006600,6765,42,0
2006600,6769,43,0
2006600,6773,44,0
2006600,6777,45,0
2006600,6781,46,0
2006600,6785,47,0
2006600,6789,48,0
2006600,6101,49,1
2006601,6798,1,0
2006601,6790,2,0
2006601,6786,3,0
2006601,6782,4,0
2006601,6778,5,0
2006601,6774,6,0
2006601,6770,7,0
2006601,6766,8,0
2006601,650535,9,0
2006601,650525,10,0
2006601,650515,11,0
2006601,650505,12,0
2006601,650495,13,0
2006601,650485,14,0
2006601,650475,15,0
2006601,650465,16,0
2006601,650455,17,0
2006601,650445,18,0
2006601,650435,19,0
2006601,650425,20,0
2006601,650415,21,0
2006601,650405,22,0
2006601,650395,23,0
2006601,650385,24,0
2006601,650375,25,0
2006601,650365,26,0
2006601,650355,27,0
2006601,650345,28,0
2006601,650335,29,0
2006601,650240,30,0
2006601,650250,31,0
2006601,650252,32,0
2006601,650254,33,0
2006601,650256,34,0
2006601,650258,35,0
2006601,650260,36,0
2006601,650262,37,0
2006601,650270,38,0
2006601,650280,39,0
2006601,650290,40,0
2006601,650300,41,0
2006601,650320,42,0
2006601,650440,43,0
2006601,650450,44,0
2006601,650460,45,0
2006601,650205,46,0
2006601,650195,47,0
2006601,650185,48,0
2006601,650175,49,1
10001100,110288,1,0
10001100,110280,2,0
10001100,110270,3,0
10001100,110260,4,0
10001100,110258,5,0
10001100,110250,6,0
10001100,110240,7,0
10001100,110230,8,0
10001100,110220,9,0
10001100,110210,10,0
10001100,110200,11,0
10001100,110190,12,0
10001100,110180,13,0
10001100,110170,14,0
10001100,110160,15,0
10001100,110150,16,0
10001100,110140,17,0
10001100,110130,18,0
10001100,110120,19,0
10001100,110110,20,0
10001100,110100,21,0
10001100,110090,22,0
10001100,110080,23,0
10001100,110070,24,0
10001100,1010,25,0
10001100,1008,26,0
10001100,1006,27,0
10001100,110060,28,0
10001100,110050,29,0
10001100,110040,30,0
10001100,110030,31,0
10001100,110020,32,0
10001100,110010,33,0
10001100,110002,34,1
10001101,110002,1,0
10001101,3003,2,0
10001101,3005,3,0
10001101,3007,4,0
10001101,3009,5,0
10001101,110830,6,0
10001101,110820,7,0
10001101,110810,8,0
10001101,110800,9,0
10001101,110790,10,0
10001101,110780,11,0
10001101,110770,12,0
10001101,110760,13,0
10001101,110750,14,0
10001101,110740,15,0
10001101,110730,16,0
10001101,110720,17,0
10001101,110712,18,0
10001101,110710,19,0
10001101,110700,20,0
10001101,110690,21,0
10001101,110680,22,0
10001101,110670,23,0
10001101,3064,24,0
10001101,3062,25,0
10001101,3060,26,0
10001101,3058,27,0
10001101,3637,28,0
10001101,3635,29,0
10001101,3633,30,0
10001101,3052,31,0
10001101,110572,32,0
10001101,110570,33,0
10001101,110560,34,0
10001101,110550,35,0
10001101,110540,36,0
10001101,110530,37,0
10001101,110520,38,0
10001101,110510,39,0
10001101,110500,40,0
10001101,110490,41,0
10001101,110480,42,0
10001101,110470,43,0
10001101,110460,44,0
10001101,110450,45,0
10001101,110440,46,0
10001101,110420,47,0
10001101,110410,48,0
10001101,110400,49,0
10001101,110390,50,0
10001101,110380,51,0
10001101,110370,52,0
10001101,110360,53,0
10001101,110350,54,0
10001101,1060,55,0
10001101,1058,56,0
10001101,1054,57,0
10001101,1052,58,0
10001101,110310,59,0
10001101,110300,60,0
10001101,110290,61,0
10001101,1072,62,0
10001101,1068,63,0
10001101,110288,64,1
50006000,650670,1,0
50006000,7013,2,0
50006000,7017,3,0
50006000,7019,4,0
50006000,7021,5,0
50006000,7025,6,0
50006000,7029,7,0
50006000,5048,8,0
50006000,5501,9,0
50006000,5047,10,0
50006000,5051,11,0
50006000,990223,12,0
50006000,990225,13,0
50006000,990113,14,0
50006000,990116,15,0
50006000,990118,16,0
50006000,990220,17,0
50006000,990221,18,1
50006001,990221,1,0
50006001,990119,2,0
50006001,990117,3,0
50006001,990115,4,0
50006001,990114,5,0
50006001,990107,6,0
50006001,990224,7,0
50006001,5048,8,0
50006001,5501,9,0
50006001,5047,10,0
50006001,5051,11,0
50006001,7026,12,0
50006001,7022,13,0
50006001,7020,14,0
50006001,7018,15,0
50006001,7014,16,0
50006001,990123,17,1
905121700,110288,1,0
905121700,110280,2,0
905121700,110270,3,0
905121700,110260,4,0
905121700,110258,5,0
905121700,120004,6,0
905121700,990323,7,0
905121700,110265,8,0
905121700,110275,9,0
905121700,1053,10,0
905121700,1055,11,0
905121700,1057,12,0
905121700,1059,13,0
905121700,1061,14,0
905121700,1063,15,0
905121700,20145,16,0
905121700,20155,17,0
905121700,20165,18,0
905121700,20175,19,0
905121700,20185,20,0
905121700,20195,21,0
905121700,20197,22,0
905121700,20205,23,0
905121700,3021,24,0
905121700,3023,25,0
905121700,20225,26,0
905121700,20235,27,0
905121700,20245,28,0
905121700,20255,29,0
905121700,20275,30,0
905121700,20285,31,0
905121700,20295,32,0
905121700,20305,33,0
905121700,20315,34,0
905121700,20325,35,0
905121700,20335,36,0
905121700,20345,37,0
905121700,20355,38,0
905121700,20365,39,0
905121700,20375,40,0
905121700,20385,41,0
905121700,20395,42,0
905121700,5013,43,0
905121700,20415,44,0
905121700,20425,45,0
905121700,20435,46,0
905121700,20445,47,0
905121700,20455,48,0
905121700,20465,49,0
905121700,20477,50,0
905121700,20485,51,0
905121700,5047,52,0
905121700,5051,53,0
905121700,990014,54,0
905121700,990016,55,0
905121700,990018,56,0
905121700,990020,57,0
905121700,990022,58,0
905121700,990024,59,0
905121700,990026,60,0
905121700,990028,61,0
905121700,990030,62,0
905121700,990032,63,1
905121701,990033,1,0
905121701,990031,2,0
905121701,990029,3,0
905121701,990027,4,0
905121701,990025,5,0
905121701,990023,6,0
905121701,990021,7,0
905121701,990019,8,0
905121701,990017,9,0
905121701,990015,10,0
905121701,5048,11,0
905121701,5044,12,0
905121701,20482,13,0
905121701,20480,14,0
905121701,20470,15,0
905121701,20460,16,0
905121701,20450,17,0
905121701,20440,18,0
905121701,20430,19,0
905121701,20420,20,0
905121701,20410,21,0
905121701,20400,22,0
905121701,20390,23,0
905121701,20380,24,0
905121701,20370,25,0
905121701,20360,26,0
905121701,20350,27,0
905121701,20340,28,0
905121701,20330,29,0
905121701,20320,30,0
905121701,20310,31,0
905121701,20300,32,0
905121701,20290,33,0
905121701,20270,34,0
905121701,20260,35,0
905121701,20250,36,0
905121701,20240,37,0
905121701,3022,38,0
905121701,3020,39,0
905121701,20220,40,0
905121701,20210,41,0
905121701,20200,42,0
905121701,20190,43,0
905121701,20180,44,0
905121701,20170,45,0
905121701,20160,46,0
905121701,20150,47,0
905121701,1064,48,0
905121701,1062,49,0
905121701,1060,50,0
905121701,1058,51,0
905121701,1054,52,0
905121701,1052,53,0
905121701,110310,54,0
905121701,110300,55,0
905121701,120005,56,0
905121701,110213,57,0
905121701,110215,58,0
905121701,110225,59,0
905121701,110235,60,0
905121701,110245,61,1
905151700,990148,1,0
905151700,30145,2,0
905151700,30135,3,0
905151700,30125,4,0
905151700,30115,5,0
905151700,30105,6,0
905151700,30095,7,0
905151700,30085,8,0
905151700,30075,9,0
905151700,30065,10,0
905151700,30055,11,0
905151700,30045,12,0
905151700,30035,13,0
905151700,990094,14,0
905151700,7101,15,0
905151700,7105,16,0
905151700,7109,17,0
905151700,7113,18,0
905151700,7117,19,0
905151700,7121,20,0
905151700,7125,21,0
905151700,7129,22,0
905151700,7133,23,0
905151700,7137,24,0
905151700,7141,25,0
905151700,7145,26,0
905151700,7149,27,0
905151700,7153,28,0
905151700,7157,29,0
905151700,7161,30,0
905151700,7001,31,0
905151700,7005,32,0
905151700,7009,33,0
905151700,220625,34,0
905151700,7013,35,0
905151700,7017,36,0
905151700,7019,37,0
905151700,7021,38,0
905151700,7025,39,0
905151700,7029,40,0
905151700,5051,41,0
905151700,990014,42,0
905151700,990016,43,0
905151700,990018,44,0
905151700,990020,45,0
905151700,990022,46,0
905151700,990024,47,0
905151700,990026,48,0
905151700,990028,49,0
905151700,990030,50,0
905151700,990032,51,1
905151701,990033,1,0
905151701,990031,2,0
905151701,990029,3,0
905151701,990027,4,0
905151701,990025,5,0
905151701,990023,6,0
905151701,990021,7,0
905151701,990019,8,0
905151701,990017,9,0
905151701,990015,10,0
905151701,5051,11,0
905151701,7026,12,0
905151701,7022,13,0
905151701,7020,14,0
905151701,7018,15,0
905151701,7014,16,0
905151701,220625,17,0
905151701,7010,18,0
905151701,7006,19,0
905151701,7002,20,0
905151701,7162,21,0
905151701,7158,22,0
905151701,7154,23,0
905151701,7150,24,0
905151701,7146,25,0
905151701,7142,26,0
905151701,7138,27,0
905151701,7134,28,0
905151701,7130,29,0
905151701,7126,30,0
905151701,7122,31,0
905151701,7118,32,0
905151701,7114,33,0
905151701,7110,34,0
905151701,7106,35,0
905151701,7102,36,0
905151701,990094,37,0
905151701,30040,38,0
905151701,30050,39,0
905151701,30060,40,0
905151701,30070,41,0
905151701,30080,42,0
905151701,30090,43,0
905151701,30100,44,0
905151701,30110,45,0
905151701,30120,46,0
905151701,30130,47,0
905151701,30140,48,0
905151701,30150,49,0
905151701,990147,50,1
905191700,4709,1,0
905191700,4713,2,0
905191700,4717,3,0
905191700,4721,4,0
905191700,4725,5,0
905191700,4729,6,0
905191700,4733,7,0
905191700,4737,8,0
905191700,4741,9,0
905191700,4745,10,0
905191700,4749,11,0
905191700,970001,12,0
905191700,160300,13,0
905191700,160310,14,0
905191700,160320,15,0
905191700,160330,16,0
905191700,160340,17,0
905191700,4761,18,0
905191700,4765,19,0
905191700,4769,20,0
905191700,4773,21,0
905191700,4777,22,0
905191700,4781,23,0
905191700,4785,24,0
905191700,4789,25,0
905191700,4793,26,0
905191700,4797,27,0
905191700,4201,28,0
905191700,4205,29,0
905191700,4209,30,0
905191700,4213,31,0
905191700,4217,32,0
905191700,4221,33,0
905191700,4225,34,0
905191700,4229,35,0
905191700,4233,36,0
905191700,4237,37,0
905191700,4710,38,0
905191700,4706,39,0
905191700,4702,40,0
905191700,5718,41,0
905191700,5714,42,0
905191700,5710,43,0
905191700,5706,44,0
905191700,5702,45,0
905191700,5485,46,0
905191700,5489,47,0
905191700,5493,48,0
905191700,5497,49,0
905191700,5901,50,0
905191700,5905,51,0
905191700,5909,52,0
905191700,5913,53,0
905191700,5917,54,0
905191700,5921,55,0
905191700,5925,56,0
905191700,5929,57,0
905191700,5933,58,0
905191700,5937,59,0
905191700,5941,60,0
905191700,5945,61,0
905191700,5949,62,0
905191700,5047,63,0
905191700,5051,64,0
905191700,990014,65,0
905191700,990016,66,0
905191700,990018,67,0
905191700,990020,68,0
905191700,990022,69,0
905191700,990024,70,0
905191700,990026,71,0
905191700,990028,72,0
905191700,990030,73,0
905191700,990032,74,1
905191701,990033,1,0
905191701,990031,2,0
905191701,990029,3,0
905191701,990027,4,0
905191701,990025,5,0
905191701,990023,6,0
905191701,990021,7,0
905191701,990019,8,0
905191701,990017,9,0
905191701,990015,10,0
905191701,5048,11,0
905191701,5950,12,0
905191701,5946,13,0
905191701,5942,14,0
905191701,5938,15,0
905191701,5934,16,0
905191701,5930,17,0
905191701,5926,18,0
905191701,5922,19,0
905191701,5918,20,0
905191701,5914,21,0
905191701,5910,22,0
905191701,5906,23,0
905191701,5902,24,0
905191701,5498,25,0
905191701,5494,26,0
905191701,5490,27,0
905191701,5486,28,0
905191701,5701,29,0
905191701,5705,30,0
905191701,5709,31,0
905191701,5713,32,0
905191701,5717,33,0
905191701,4701,34,0
905191701,4705,35,0
905191701,4709,36,0
905191701,4713,37,0
905191701,4929,38,0
905191701,160090,39,0
905191701,160160,40,0
905191701,160170,41,0
905191701,160180,42,0
905191701,4729,43,0
905191701,4733,44,0
905191701,4737,45,0
905191701,4741,46,0
905191701,4745,47,0
905191701,4749,48,0
905191701,970001,49,0
905191701,160300,50,0
905191701,160310,51,0
905191701,160320,52,0
905191701,160330,53,0
905191701,160340,54,0
905191701,4761,55,0
905191701,4765,56,0
905191701,4769,57,0
905191701,4773,58,0
905191701,4777,59,0
905191701,4781,60,0
905191701,4785,61,0
905191701,4789,62,0
905191701,4793,63,0
905191701,4797,64,0
905191701,4201,65,0
905191701,4205,66,0
905191701,4209,67,0
905191701,4213,68,0
905191701,4217,69,0
905191701,4221,70,0
905191701,4225,71,0
905191701,4229,72,0
905191701,4233,73,0
905191701,4237,74,0
905191701,4710,75,1
