'51',5003400,72750,4,'',2
'51',5003401,155400,,'',2
'51',5003600,72700,4,'',2,3000,4,'',2
'51',5003700,70750,4,'',2,1450,4,'',2,7900,4,'',2,3200,4,'',2,6940,4,'',2
'51',5003701,162500,,'',2
'51',5003801,165500,,'',2
'51',1200000200,62200,4,'',1,1500,4,'',1,1800,4,'',1,5700,4,'',1,1000,4,'',1,1000,4,'',1,900,4,'',1,800,4,'',1,900,4,'',1,4700,4,'',1,1200,4,'',1,300,4,'',1,1000,4,'',1,1400,4,'',1,1500,4,'',1,5500,4,'',1,1800,4,'',1,1500,4,'',1,5400,4,'',1,1700,4,'',1,1500,4,'',1,1500,4,'',1,5500,4,'',1,1500,4,'',1,1500,4,'',1,1500,4,'',1,5500,4,'',1,1500,4,'',1,1500,4,'',1,1500,4,'',1,5500,4,'',1,1500,4,'',1,1500,4,'',1,1500,4,'',1,5500,4,'',1,1500,4,'',1,1500,4,'',1,2100,4,'',1,5700,4,'',1,1700,4,'',1,1500,4,'',1,1500,4,'',1,5600,4,'',1,1600,4,'',1,1500,4,'',1,5600,4,'',1,400,4,'',1,1300,4,'',1,1100,4,'',1,1500,4,'',1,1300,4,'',1,5400,4,'',1,1500,4,'',1,1200,4,'',1,1500,4,'',1,6700,4,'',1,2500,4,'',1,7000,4,'',1,2900,4,'',1,7000,4,'',1,3000,4,'',1,6900,4,'',1,3000,4,'',1,7000,4,'',1,3000,4,'',1
'51',1200000201,62200,,'',1,1500,,'',1,1800,,'',1,5700,,'',1,2000,,'',1,1700,,'',1,5600,,'',1,1500,,'',1,1000,,'',1,1400,,'',1,1500,,'',1,5500,,'',1,1800,,'',1,1500,,'',1,5400,,'',1,1700,,'',1,1500,,'',1,1500,,'',1,5500,,'',1,1500,,'',1,1500,,'',1,1500,,'',1,5500,,'',1,1500,,'',1,1500,,'',1,1500,,'',1,5500,,'',1,1500,,'',1,1500,,'',1,1500,,'',1,5500,,'',1,1500,,'',1,1500,,'',1,2100,,'',1,7400,,'',1,3000,,'',1,7200,,'',1,1500,,'',1,6000,,'',1,1300,,'',1,1100,,'',1,1500,,'',1,1300,,'',1,5400,,'',1,1500,,'',1,1200,,'',1,1500,,'',1,6700,,'',1,2500,,'',1,7000,,'',1,2900,,'',1,7000,,'',1,3000,,'',1,6900,,'',1,3000,,'',1,7000,,'',1,3000,,'',1
'52',1200000200,74300,4,'',1,7000,4,'',1,3000,4,'',1,7000,4,'',1,3000,4,'',1,7000,4,'',1,3100,4,'',1,7000,4,'',1,3100,4,'',1,7000,4,'',1,3000,4,'',1,7000,4,'',1,3000,4,'',1,7100,4,'',1,3000,4,'',1,7000,4,'',1,3000,4,'',1,7000,4,'',1,3000,4,'',1,6900,4,'',1,3000,4,'',1,7000,4,'',1,3000,4,'',1,6900,4,'',1,3000,4,'',1,7000,4,'',1,2800,4,'',1,7000,4,'',1,3000,4,'',1,7000,4,'',1,3000,4,'',1,7000,4,'',1,3000,4,'',1
'52',1200000201,70800,,'',1,3000,,'',1,7000,,'',1,3100,,'',1,7000,,'',1,3000,,'',1,7100,,'',1,3100,,'',1,7000,,'',1,3100,,'',1,7000,,'',1,3000,,'',1,7100,,'',1,2900,,'',1,7200,,'',1,3000,,'',1,7000,,'',1,3000,,'',1,7100,,'',1,2900,,'',1,7000,,'',1,3000,,'',1,7000,,'',1,3000,,'',1,7000,,'',1,3000,,'',1,7000,,'',1,2900,,'',1,6900,,'',1,3000,,'',1,7000,,'',1,3000,,'',1,7000,,'',1,4700,,'',1
'53',1200000200,74300,4,'',1,7000,4,'',1,3000,4,'',1,7000,4,'',1,3000,4,'',1,7000,4,'',1,3100,4,'',1,7000,4,'',1,3100,4,'',1,7000,4,'',1,3000,4,'',1,7000,4,'',1,3000,4,'',1,7100,4,'',1,3000,4,'',1,7000,4,'',1,3000,4,'',1,7000,4,'',1,3000,4,'',1,6900,4,'',1,3000,4,'',1,7000,4,'',1,3000,4,'',1,6900,4,'',1,3000,4,'',1,7000,4,'',1,2800,4,'',1
'53',1200000201,73800,,'',1,7000,,'',1,3100,,'',1,7000,,'',1,3000,,'',1,7100,,'',1,3100,,'',1,7000,,'',1,3100,,'',1,7000,,'',1,3000,,'',1,7100,,'',1,2900,,'',1,7200,,'',1,3000,,'',1,7000,,'',1,3000,,'',1,7100,,'',1,2900,,'',1,7000,,'',1,3000,,'',1,7000,,'',1,3000,,'',1,7000,,'',1,3000,,'',1,7000,,'',1,2900,,'',1
'51',1200000300,63400,4,'',1,1800,4,'',1,5700,4,'',1,1000,4,'',1,1000,4,'',1,1700,4,'',1,5700,4,'',1,1500,4,'',1,1200,4,'',1,1400,4,'',1,5800,4,'',1,1400,4,'',1,2400,4,'',1,7000,4,'',1,3000,4,'',1,7000,4,'',1,3000,4,'',1,7000,4,'',1,3000,4,'',1,7000,4,'',1,3000,4,'',1,7000,4,'',1,3000,4,'',1,6000,4,'',1,2700,4,'',1,2700,4,'',1,7100,4,'',1,3000,4,'',1,6900,4,'',1,2900,4,'',1,7000,4,'',1,2500,4,'',1,6900,4,'',1,2900,4,'',1,6900,4,'',1,2900,4,'',1,7000,4,'',1
'51',1200000301,63400,,'',1,1800,,'',1,6700,,'',1,9900,,'',1,2600,,'',1,7200,,'',1,2400,,'',1,7000,,'',1,3000,,'',1,7000,,'',1,3000,,'',1,7000,,'',1,3000,,'',1,7000,,'',1,3000,,'',1,7000,,'',1,3000,,'',1,6000,,'',1,1100,,'',1,1600,,'',1,1600,,'',1,7100,,'',1,11000,,'',1,2900,,'',1,7000,,'',1,2500,,'',1,6900,,'',1,2900,,'',1,6900,,'',1,2900,,'',1,7000,,'',1
'52',1200000300,70800,4,'',1,3000,4,'',1,7000,4,'',1,3100,4,'',1,7000,4,'',1,3000,4,'',1,7100,4,'',1,3100,4,'',1,7000,4,'',1,3100,4,'',1,7000,4,'',1,3000,4,'',1,7100,4,'',1,2900,4,'',1,7200,4,'',1,3000,4,'',1,7000,4,'',1,3000,4,'',1,7000,4,'',1,3000,4,'',1,7000,4,'',1,3000,4,'',1,7000,4,'',1,3000,4,'',1
'52',1200000301,74300,,'',1,7000,,'',1,3000,,'',1,7000,,'',1,3000,,'',1,7000,,'',1,3100,,'',1,7000,,'',1,3100,,'',1,7000,,'',1,3000,,'',1,7000,,'',1,3000,,'',1,7100,,'',1,3000,,'',1,7000,,'',1,3000,,'',1,7000,,'',1,3000,,'',1,6900,,'',1,3000,,'',1,7000,,'',1,3500,,'',1
'53',1200000300,73800,4,'',1,7000,4,'',1,3100,4,'',1,7000,4,'',1,3000,4,'',1,7100,4,'',1,3100,4,'',1,7000,4,'',1,3100,4,'',1,7000,4,'',1,3000,4,'',1,7100,4,'',1,2900,4,'',1,7200,4,'',1,3000,4,'',1,7000,4,'',1,3000,4,'',1,7000,4,'',1,3000,4,'',1,7000,4,'',1,3000,4,'',1,7000,4,'',1,3000,4,'',1
'53',1200000301,74300,,'',1,7000,,'',1,3000,,'',1,7000,,'',1,3000,,'',1,7000,,'',1,3100,,'',1,7000,,'',1,3100,,'',1,7000,,'',1,3000,,'',1,7000,,'',1,3000,,'',1,7100,,'',1,3000,,'',1,7000,,'',1,3000,,'',1,7000,,'',1,3000,,'',1,6900,,'',1,3000,,'',1,7000,,'',1,3000,,'',1
