'50',5003400,72350,4,'',2
'50',5003600,72350,4,'',2,2900,4,'',2
'50',5003700,70050,4,'',2,1800,4,'',2,4000,4,'',2
'51',5003700,83120,4,'',2,2700,4,'',2
'80',5003800,72250,4,'',2,3500,4,'',2
'50',1200000200,61920,4,'',1,1500,4,'',1,1800,4,'',1,5630,4,'',1,1400,4,'',1,1500,4,'',1,1300,4,'',1,5300,4,'',1,1170,4,'',1,1100,4,'',1,1400,4,'',1,1500,4,'',1,5500,4,'',1,1800,4,'',1,1500,4,'',1,1400,4,'',1,5700,4,'',1,1500,4,'',1,1500,4,'',1,1500,4,'',1,5500,4,'',1,1500,4,'',1,1500,4,'',1,1500,4,'',1,5500,4,'',1,1500,4,'',1,1500,4,'',1,1500,4,'',1,5500,4,'',1,1500,4,'',1,1500,4,'',1,1500,4,'',1,5500,4,'',1,1500,4,'',1,2100,4,'',1,5700,4,'',1,1630,4,'',1,1500,4,'',1,1500,4,'',1,5600,4,'',1,1600,4,'',1,1500,4,'',1,6070,4,'',1,1300,4,'',1,1100,4,'',1,1500,4,'',1,1300,4,'',1,5400,4,'',1,1500,4,'',1,1300,4,'',1,1500,4,'',1,6700,4,'',1,2500,4,'',1,7000,4,'',1,2900,4,'',1,7000,4,'',1,3000,4,'',1,6900,4,'',1,3000,4,'',1,7000,4,'',1,3000,4,'',1
'52',1200000200,74020,4,'',1,7000,4,'',1,3000,4,'',1,7000,4,'',1,3000,4,'',1,7000,4,'',1,3100,4,'',1,7000,4,'',1,3100,4,'',1,7000,4,'',1,3000,4,'',1,7000,4,'',1,3000,4,'',1,7030,4,'',1,3000,4,'',1,7000,4,'',1,3000,4,'',1,7000,4,'',1,3000,4,'',1,6900,4,'',1,3000,4,'',1,7000,4,'',1,3000,4,'',1,6970,4,'',1,3000,4,'',1,7000,4,'',1,2900,4,'',1,6900,4,'',1,3000,4,'',1,7000,4,'',1,3000,4,'',1,7000,4,'',1,3000,4,'',1
'53',1200000200,74020,4,'',1,7000,4,'',1,3000,4,'',1,7000,4,'',1,3000,4,'',1,7000,4,'',1,3100,4,'',1,7000,4,'',1,3100,4,'',1,7000,4,'',1,3000,4,'',1,7000,4,'',1,3000,4,'',1,7030,4,'',1,3000,4,'',1,7000,4,'',1,3000,4,'',1,7000,4,'',1,3000,4,'',1,6900,4,'',1,3000,4,'',1,7000,4,'',1,3000,4,'',1,6970,4,'',1,3000,4,'',1,7000,4,'',1,2800,4,'',1
'50',1200000300,63120,4,'',1,1800,4,'',1,5630,4,'',1,1000,4,'',1,1000,4,'',1,1600,4,'',1,1700,4,'',1,5500,4,'',1,1270,4,'',1,1400,4,'',1,1800,4,'',1,5400,4,'',1,2400,4,'',1,7000,4,'',1,3000,4,'',1,7000,4,'',1,3000,4,'',1,7000,4,'',1,3000,4,'',1,7000,4,'',1,3000,4,'',1,7000,4,'',1,3000,4,'',1,2000,4,'',1,6630,4,'',1,2800,4,'',1,7000,4,'',1,2900,4,'',1,7070,4,'',1,2900,4,'',1,7000,4,'',1,2600,4,'',1,6900,4,'',1,2900,4,'',1,6900,4,'',1,2900,4,'',1,7000,4,'',1
'52',1200000300,70520,4,'',1,3000,4,'',1,7000,4,'',1,3100,4,'',1,7000,4,'',1,3000,4,'',1,7100,4,'',1,3100,4,'',1,7000,4,'',1,3100,4,'',1,7000,4,'',1,3100,4,'',1,6900,4,'',1,3100,4,'',1,7030,4,'',1,3000,4,'',1,7000,4,'',1,3000,4,'',1,7000,4,'',1,3000,4,'',1,7000,4,'',1,3000,4,'',1,7000,4,'',1,3000,4,'',1
'53',1200000300,73520,4,'',1,7000,4,'',1,3100,4,'',1,7000,4,'',1,3000,4,'',1,7100,4,'',1,3100,4,'',1,7000,4,'',1,3100,4,'',1,7000,4,'',1,3100,4,'',1,6900,4,'',1,3100,4,'',1,7030,4,'',1,3000,4,'',1,7000,4,'',1,3000,4,'',1,7000,4,'',1,3000,4,'',1,7000,4,'',1,3000,4,'',1,7000,4,'',1,3000,4,'',1
