'1',1300,65300,4,'',2,7000,4,'',2,2100,4,'',2,7900,4,'',2,8400,4,'',2,71300,4,'',2,8000,4,'',2,2700,4,'',2,2600,4,'',2,7000,4,'',2
'1',1301,64700,,'',2,7900,,'',2,3000,,'',2,84600,,'',2,1800,,'',2,3800,,'',2,7000,,'',2
'18',1300,90600,4,'',2
'2',1300,65300,4,'',2,7000,4,'',2,2100,4,'',2,7900,4,'',2,8400,4,'',2,71300,4,'',2,8000,4,'',2,2700,4,'',2,2600,4,'',2,7000,4,'',2
'2',1301,64700,,'',2,7900,,'',2,3000,,'',2,84600,,'',2,1800,,'',2,3800,,'',2,7000,,'',2
'28',1300,90600,4,'',2
'1',1200000200,53200,,'',1,1500,,'',1,5500,,'',1,1500,,'',1,1200,,'',1,1200,,'',1,1200,,'',1,5200,,'',1,1200,,'',1,1500,,'',1,1500,,'',1,5500,,'',1,1500,,'',1,1900,,'',1,1500,,'',1,5700,,'',1,1700,,'',1,1500,,'',1,1500,,'',1,5500,,'',1,1500,,'',1,1500,,'',1,1500,,'',1,5500,,'',1,1500,,'',1,1500,,'',1,1500,,'',1,5500,,'',1,1500,,'',1,1500,,'',1,1500,,'',1,5500,,'',1,1500,,'',1,1500,,'',1,6000,,'',1,1700,,'',1,1500,,'',1,1500,,'',1,5500,,'',1,1500,,'',1,1500,,'',1,1500,,'',1,5500,,'',1,1500,,'',1,1500,,'',1,1500,,'',1,5500,,'',1,1500,,'',1,1500,,'',1,1500,,'',1,5500,,'',1,2800,,'',1,2500,,'',1,7000,,'',1,3000,,'',1,7000,,'',1,3000,,'',1,7000,,'',1,3000,,'',1,7000,,'',1,3000,,'',1,7000,0,'Concorde',1
'1',1200000201,64400,4,'',1,8800,4,'',1,1700,4,'',1,5900,4,'',1,2000,4,'',1,1500,4,'',1,1600,4,'',1,5200,4,'',1,1000,4,'',1,1000,4,'',1,900,4,'',1,1400,4,'',1,5400,4,'',1,1500,4,'',1,1600,4,'',1,1500,4,'',1,5400,4,'',1,1700,4,'',1,1500,4,'',1,1500,4,'',1,5500,4,'',1,1500,4,'',1,1500,4,'',1,1500,4,'',1,5500,4,'',1,1500,4,'',1,1600,4,'',1,1500,4,'',1,5500,4,'',1,1500,4,'',1,1500,4,'',1,1500,4,'',1,5600,4,'',1,1600,4,'',1,1500,4,'',1,1500,4,'',1,5800,4,'',1,1400,4,'',1,1900,4,'',1,5800,4,'',1,1600,4,'',1,1100,4,'',1,1000,4,'',1,700,4,'',1,5100,4,'',1,1300,4,'',1,1200,4,'',1,1000,4,'',1,1200,4,'',1,5300,4,'',1,1400,4,'',1,1200,4,'',1,1200,4,'',1,1500,4,'',1,6600,4,'',1,2400,4,'',1,7000,4,'',1,2600,4,'',1,7200,4,'',1,2400,4,'',1,6800,4,'',1,3000,4,'',1,7000,4,'',1,4600,4,'',1
'2',1200000200,53200,,'',1,1500,,'',1,5500,,'',1,1500,,'',1,1500,,'',1,1500,,'',1,5500,,'',1,1500,,'',1,1500,,'',1,1500,,'',1,5500,,'',1,1500,,'',1,1900,,'',1,1500,,'',1,7400,,'',1,3000,,'',1,7000,,'',1,3000,,'',1,7000,,'',1,3000,,'',1,7000,,'',1,3000,,'',1,7000,,'',1,7500,,'',1,1700,,'',1,1500,,'',1,1500,,'',1,5500,,'',1,1500,,'',1,1500,,'',1,1500,,'',1,5500,,'',1,1500,,'',1,1500,,'',1,1500,,'',1,5500,,'',1,1500,,'',1,1500,,'',1,1500,,'',1,5500,,'',1,2800,,'',1,2500,,'',1,7000,,'',1,3000,,'',1,7000,,'',1,3000,,'',1,7000,,'',1,3000,,'',1,7000,,'',1,3000,,'',1,7000,0,'Concorde',1
'2',1200000201,64400,4,'',1,8800,4,'',1,1700,4,'',1,5900,4,'',1,2000,4,'',1,2100,4,'',1,5700,4,'',1,1200,4,'',1,1300,4,'',1,900,4,'',1,1400,4,'',1,5400,4,'',1,1500,4,'',1,1600,4,'',1,1500,4,'',1,7100,4,'',1,3000,4,'',1,7000,4,'',1,3000,4,'',1,7000,4,'',1,3100,4,'',1,7000,4,'',1,3000,4,'',1,7200,4,'',1,7700,4,'',1,2500,4,'',1,1900,4,'',1,5800,4,'',1,1600,4,'',1,1400,4,'',1,1100,4,'',1,5400,4,'',1,1300,4,'',1,1200,4,'',1,1000,4,'',1,1200,4,'',1,5300,4,'',1,1400,4,'',1,1200,4,'',1,1200,4,'',1,1500,4,'',1,6600,4,'',1,2400,4,'',1,7000,4,'',1,2600,4,'',1,7200,4,'',1,2400,4,'',1,6800,4,'',1,3000,4,'',1,7000,4,'',1,4600,4,'',1
'5',1200000200,65500,,'',1,7000,,'',1,3000,,'',1,7000,,'',1,3000,,'',1,7000,,'',1,3000,,'',1,7000,,'',1,3000,,'',1,7000,,'',1,3000,,'',1,7000,,'',1,3000,,'',1,7000,,'',1,3000,,'',1,7000,,'',1,3000,,'',1,7000,,'',1,3000,,'',1,7000,,'',1,3000,,'',1,7000,,'',1,3000,,'',1,7000,,'',1,3000,,'',1
'5',1200000201,73800,4,'',1,7100,4,'',1,3100,4,'',1,7000,4,'',1,3100,4,'',1,7100,4,'',1,3000,4,'',1,7200,4,'',1,3200,4,'',1,7100,4,'',1,3100,4,'',1,7000,4,'',1,3200,4,'',1,7000,4,'',1,3100,4,'',1,7000,4,'',1,3000,4,'',1,7000,4,'',1,3000,4,'',1,7000,4,'',1,2900,4,'',1,6800,4,'',1,2700,4,'',1,7000,4,'',1,2400,4,'',1,7000,4,'',1,3000,4,'',1
'6',1200000200,192500,,'',1,3000,,'',1,7000,,'',1,3000,,'',1,7000,,'',1,3000,,'',1,7000,,'',1,3000,,'',1
'6',1200000201,210900,4,'',1,2900,4,'',1,6900,4,'',1,3000,4,'',1,7000,4,'',1,2900,4,'',1,7000,4,'',1,4700,4,'',1
'7',1200000200,65500,,'',1,7000,,'',1,3000,,'',1,7000,,'',1,3000,,'',1,7000,,'',1,3000,,'',1,7000,,'',1,3000,,'',1,7000,,'',1,3000,,'',1,7000,,'',1,3000,,'',1,7000,,'',1,3000,,'',1,7000,,'',1,3000,,'',1,7000,,'',1,3000,,'',1,7000,,'',1,3000,,'',1,7000,,'',1,3000,,'',1,7000,,'',1,3000,,'',1
'7',1200000201,84000,4,'',1,7000,4,'',1,3100,4,'',1,7100,4,'',1,3000,4,'',1,7200,4,'',1,3200,4,'',1,7100,4,'',1,3100,4,'',1,7000,4,'',1,3200,4,'',1,7000,4,'',1,3100,4,'',1,7000,4,'',1,3000,4,'',1,7000,4,'',1,3000,4,'',1,7000,4,'',1,2900,4,'',1,6800,4,'',1,2700,4,'',1,7000,4,'',1,2400,4,'',1,7000,4,'',1,3000,4,'',1
'8',1200000200,192500,,'',1,3000,,'',1
'8',1200000201,210900,4,'',1,2900,4,'',1
