'1',5003400,72510,4,'',2
'1',5003600,72510,4,'',2,2920,4,'',2
'1',5003700,70210,4,'',2,1800,4,'',2,8020,4,'',2,3220,4,'',2,2700,4,'',2
'34',5003800,72410,4,'',2,3520,4,'',2
'1',1200000200,62030,4,'',1,1500,4,'',1,1800,4,'',1,5680,4,'',1,1400,4,'',1,1520,4,'',1,1300,4,'',1,5300,4,'',1,1120,4,'',1,1100,4,'',1,1400,4,'',1,1500,4,'',1,5500,4,'',1,1800,4,'',1,1500,4,'',1,1400,4,'',1,5700,4,'',1,1500,4,'',1,1500,4,'',1,5500,4,'',1,1500,4,'',1,1500,4,'',1,1500,4,'',1,5500,4,'',1,1500,4,'',1,1500,4,'',1,1500,4,'',1,5500,4,'',1,1500,4,'',1,1500,4,'',1,1500,4,'',1,5500,4,'',1,1500,4,'',1,1500,4,'',1,2100,4,'',1,5700,4,'',1,1680,4,'',1,1500,4,'',1,1500,4,'',1,5600,4,'',1,1600,4,'',1,1500,4,'',1,6020,4,'',1,1300,4,'',1,1100,4,'',1,1500,4,'',1,1300,4,'',1,5400,4,'',1,1500,4,'',1,1280,4,'',1,1500,4,'',1,6700,4,'',1,2500,4,'',1,7000,4,'',1,2900,4,'',1,7000,4,'',1,3000,4,'',1,6900,4,'',1,3000,4,'',1,7000,4,'',1,3000,4,'',1
'2',1200000200,62030,4,'',1,1500,4,'',1,1800,4,'',1,5680,4,'',1,1940,4,'',1,1680,4,'',1,5600,4,'',1,1420,4,'',1,1100,4,'',1,1400,4,'',1,1500,4,'',1,5500,4,'',1,1800,4,'',1,1500,4,'',1,7100,4,'',1,3000,4,'',1,7000,4,'',1,3000,4,'',1,7000,4,'',1,3000,4,'',1,7000,4,'',1,3000,4,'',1,7000,4,'',1,3600,4,'',1,5700,4,'',1,1680,4,'',1,1500,4,'',1,1500,4,'',1,5600,4,'',1,1600,4,'',1,1500,4,'',1,6020,4,'',1,1300,4,'',1,1100,4,'',1,1500,4,'',1,1300,4,'',1,5400,4,'',1,1500,4,'',1,1280,4,'',1,1500,4,'',1,6700,4,'',1,2500,4,'',1,7000,4,'',1,2900,4,'',1,7000,4,'',1,3000,4,'',1,6900,4,'',1,3000,4,'',1,7000,4,'',1,3000,4,'',1
'5',1200000200,74130,4,'',1,7000,4,'',1,3000,4,'',1,7000,4,'',1,3000,4,'',1,7000,4,'',1,3100,4,'',1,7000,4,'',1,3100,4,'',1,7000,4,'',1,3000,4,'',1,7000,4,'',1,3000,4,'',1,7080,4,'',1,3000,4,'',1,7000,4,'',1,3000,4,'',1,7000,4,'',1,3000,4,'',1,6900,4,'',1,3000,4,'',1,7000,4,'',1,3000,4,'',1,6920,4,'',1,3000,4,'',1
'6',1200000200,201230,4,'',1,2900,4,'',1,6900,4,'',1,3000,4,'',1,7000,4,'',1,3000,4,'',1,7000,4,'',1,3000,4,'',1
'7',1200000200,74130,4,'',1,7000,4,'',1,3000,4,'',1,7000,4,'',1,3000,4,'',1,7000,4,'',1,3100,4,'',1,7000,4,'',1,3100,4,'',1,7000,4,'',1,3000,4,'',1,7000,4,'',1,3000,4,'',1,7080,4,'',1,3000,4,'',1,7000,4,'',1,3000,4,'',1,7000,4,'',1,3000,4,'',1,6900,4,'',1,3000,4,'',1,7000,4,'',1,3000,4,'',1,6920,4,'',1,3000,4,'',1
'8',1200000200,201230,4,'',1,2800,4,'',1
'1',1200000300,63230,4,'',1,1800,4,'',1,5680,4,'',1,1000,4,'',1,1000,4,'',1,1620,4,'',1,5700,4,'',1,1500,4,'',1,1220,4,'',1,1400,4,'',1,1800,4,'',1,5400,4,'',1,2400,4,'',1,7000,4,'',1,3000,4,'',1,7000,4,'',1,3000,4,'',1,7000,4,'',1,3000,4,'',1,7000,4,'',1,3000,4,'',1,7000,4,'',1,3000,4,'',1,2000,4,'',1,6680,4,'',1,2800,4,'',1,7000,4,'',1,2900,4,'',1,7020,4,'',1,2900,4,'',1,7000,4,'',1,2580,4,'',1,6900,4,'',1,2900,4,'',1,6900,4,'',1,2900,4,'',1,7000,4,'',1
'2',1200000300,63230,4,'',1,1800,4,'',1,5680,4,'',1,1000,4,'',1,1000,4,'',1,1620,4,'',1,5700,4,'',1,1500,4,'',1,1220,4,'',1,1400,4,'',1,1800,4,'',1,5400,4,'',1,2400,4,'',1,7000,4,'',1,3000,4,'',1,7000,4,'',1,3000,4,'',1,7000,4,'',1,3000,4,'',1,7000,4,'',1,3000,4,'',1,7000,4,'',1,3000,4,'',1,2000,4,'',1,6680,4,'',1,2800,4,'',1,7000,4,'',1,2900,4,'',1,7020,4,'',1,2900,4,'',1,7000,4,'',1,2580,4,'',1,6900,4,'',1,2900,4,'',1,6900,4,'',1,2900,4,'',1,7000,4,'',1
'5',1200000300,70630,4,'',1,3000,4,'',1,7000,4,'',1,3100,4,'',1,7000,4,'',1,3000,4,'',1,7100,4,'',1,3100,4,'',1,7000,4,'',1,3100,4,'',1,7000,4,'',1,3100,4,'',1,6900,4,'',1,3100,4,'',1,7080,4,'',1,3000,4,'',1,7000,4,'',1,3000,4,'',1,7000,4,'',1,3000,4,'',1,7000,4,'',1,3000,4,'',1,7000,4,'',1,3000,4,'',1
'7',1200000300,73630,4,'',1,7000,4,'',1,3100,4,'',1,7000,4,'',1,3000,4,'',1,7100,4,'',1,3100,4,'',1,7000,4,'',1,3100,4,'',1,7000,4,'',1,3100,4,'',1,6900,4,'',1,3100,4,'',1,7080,4,'',1,3000,4,'',1,7000,4,'',1,3000,4,'',1,7000,4,'',1,3000,4,'',1,7000,4,'',1,3000,4,'',1,7000,4,'',1,3000,4,'',1
