'1',1200000300,55800,,'',1,5800,,'',1,1200,,'',1,1000,,'',1,1000,,'',1,5400,,'',1,1500,,'',1,1700,,'',1,1400,,'',1,5500,,'',1,1500,,'',1,1500,,'',1,2400,,'',1,7100,,'',1,3000,,'',1,7000,,'',1,3000,,'',1,7000,,'',1,3000,,'',1,7000,,'',1,3000,,'',1,7000,,'',1,3000,,'',1,6000,,'',1,2600,,'',1,6700,,'',1,2900,,'',1,6900,,'',1,3100,,'',1,7000,,'',1,3000,,'',1,7000,,'',1,3000,,'',1,6900,,'',1,3000,,'',1,6900,,'',1,3000,,'',1,9500,0,'Concorde',1,7000,0,'Concorde',1,3000,0,'Concorde',1,7100,0,'Concorde',1,2900,0,'Concorde',1
'1',1200000301,72900,4,'',1,1800,4,'',1,6800,4,'',1,3500,4,'',1,6400,4,'',1,2500,4,'',1,7100,4,'',1,2400,4,'',1,7000,4,'',1,3000,4,'',1,7000,4,'',1,3000,4,'',1,7000,4,'',1,3000,4,'',1,7000,4,'',1,3000,4,'',1,7000,4,'',1,3100,4,'',1,1900,4,'',1,5800,4,'',1,1900,4,'',1,2100,4,'',1,5200,4,'',1,1300,4,'',1,1400,4,'',1,1500,4,'',1,1200,4,'',1,5900,4,'',1,1200,4,'',1,1500,4,'',1,6800,4,'',1,2200,4,'',1,7400,4,'',1,2900,4,'',1,6800,4,'',1,2700,4,'',1,7100,4,'',1,2700,4,'',1,2700,4,'',1,7000,4,'',1,3000,4,'',1,8400,4,'',1
'2',1200000300,55800,,'',1,5800,,'',1,1200,,'',1,1000,,'',1,1000,,'',1,5400,,'',1,1500,,'',1,1700,,'',1,1400,,'',1,5500,,'',1,1500,,'',1,1500,,'',1,2400,,'',1,7100,,'',1,3000,,'',1,7000,,'',1,3000,,'',1,7000,,'',1,3000,,'',1,7000,,'',1,3000,,'',1,7000,,'',1,3000,,'',1,6000,,'',1,2600,,'',1,6700,,'',1,2900,,'',1,6900,,'',1,3100,,'',1,7000,,'',1,3000,,'',1,7000,,'',1,3000,,'',1,6900,,'',1,3000,,'',1,6900,,'',1,3000,,'',1,9500,0,'Concorde',1,7000,0,'Concorde',1,3000,0,'Concorde',1,7100,0,'Concorde',1,2900,0,'Concorde',1
'2',1200000301,72900,4,'',1,1800,4,'',1,6800,4,'',1,3500,4,'',1,6400,4,'',1,2500,4,'',1,7100,4,'',1,2400,4,'',1,7000,4,'',1,3000,4,'',1,7000,4,'',1,3000,4,'',1,7000,4,'',1,3000,4,'',1,7000,4,'',1,3000,4,'',1,7000,4,'',1,3100,4,'',1,1900,4,'',1,5800,4,'',1,1900,4,'',1,2100,4,'',1,5200,4,'',1,1300,4,'',1,1400,4,'',1,1500,4,'',1,1200,4,'',1,5900,4,'',1,1200,4,'',1,1500,4,'',1,6800,4,'',1,2200,4,'',1,7400,4,'',1,2900,4,'',1,6800,4,'',1,2700,4,'',1,7100,4,'',1,2700,4,'',1,2700,4,'',1,7000,4,'',1,3000,4,'',1,8400,4,'',1
'5',1200000300,63100,,'',1,7000,,'',1,3000,,'',1,7000,,'',1,2900,,'',1,7000,,'',1,3000,,'',1,7100,,'',1,3000,,'',1,7100,,'',1,3000,,'',1,7100,,'',1,3000,,'',1,7100,,'',1,3000,,'',1,7000,,'',1,3000,,'',1,7000,,'',1,3100,,'',1,7000,,'',1,3000,,'',1,7100,,'',1,3000,,'',1,7000,,'',1,2200,0,'Concorde',1,10600,0,'Concorde',1
'5',1200000301,80000,4,'',1,3100,4,'',1,7000,4,'',1,3000,4,'',1,7100,4,'',1,3100,4,'',1,7100,4,'',1,3100,4,'',1,7100,4,'',1,3100,4,'',1,7000,4,'',1,3100,4,'',1,7000,4,'',1,3100,4,'',1,7100,4,'',1,3000,4,'',1,7000,4,'',1,3000,4,'',1,7000,4,'',1,2900,4,'',1,6900,4,'',1,2800,4,'',1,7000,4,'',1,2800,4,'',1
'6',1200000300,203200,0,'Concorde',1,10000,0,'Concorde',1,10000,0,'Concorde',1,11500,0,'Concorde',1
'6',1200000301,203100,4,'',1,9800,4,'',1,9800,4,'',1,10000,4,'',1,11500,4,'',1
'7',1200000300,70100,,'',1,3000,,'',1,7000,,'',1,2900,,'',1,7000,,'',1,3000,,'',1,7100,,'',1,3000,,'',1,7100,,'',1,3000,,'',1,7100,,'',1,3000,,'',1,7100,,'',1,3000,,'',1,7000,,'',1,3000,,'',1,7000,,'',1,3100,,'',1,7000,,'',1,3000,,'',1,7100,,'',1,3000,,'',1,7000,,'',1,2200,0,'Concorde',1,10600,0,'Concorde',1
'7',1200000301,83100,4,'',1,7000,4,'',1,3000,4,'',1,7100,4,'',1,3100,4,'',1,7100,4,'',1,3100,4,'',1,7100,4,'',1,3100,4,'',1,7000,4,'',1,3100,4,'',1,7000,4,'',1,3100,4,'',1,7100,4,'',1,3000,4,'',1,7000,4,'',1,3000,4,'',1,7000,4,'',1,2900,4,'',1,6900,4,'',1,2800,4,'',1,7000,4,'',1,2800,4,'',1
'8',1200000300,203200,0,'Concorde',1
'8',1200000301,203100,4,'',1,9800,4,'',1
