'1',5003400,72000,4,'',2
'2',5003400,72000,4,'',2
'1',5003600,72000,4,'',2,2810,4,'',2
'2',5003600,72000,4,'',2
'1',5003700,70000,4,'',2,1500,4,'',2,3710,4,'',2,7290,4,'',2,2900,4,'',2
'2',5003700,72000,4,'',2
'1',1200000200,61550,4,'',1,1500,4,'',1,1800,4,'',1,5600,4,'',1,1000,4,'',1,950,4,'',1,810,4,'',1,800,4,'',1,900,4,'',1,700,4,'',1,4800,4,'',1,700,4,'',1,1090,4,'',1,1400,4,'',1,1500,4,'',1,5500,4,'',1,1800,4,'',1,1500,4,'',1,1400,4,'',1,5700,4,'',1,1500,4,'',1,1500,4,'',1,1500,4,'',1,5500,4,'',1,1500,4,'',1,1500,4,'',1,1500,4,'',1,5500,4,'',1,1500,4,'',1,1500,4,'',1,1500,4,'',1,5500,4,'',1,1500,4,'',1,1500,4,'',1,1500,4,'',1,5500,4,'',1,1500,4,'',1,2100,4,'',1,5700,4,'',1,1610,4,'',1,1500,4,'',1,1500,4,'',1,5600,4,'',1,1600,4,'',1,1500,4,'',1,1600,4,'',1,490,4,'',1,5300,4,'',1,1100,4,'',1,1500,4,'',1,1300,4,'',1,5400,4,'',1,1500,4,'',1,1350,4,'',1,1500,4,'',1,6700,4,'',1,2500,4,'',1,7000,4,'',1,2900,4,'',1,7000,4,'',1,3000,4,'',1,6900,4,'',1,3000,4,'',1,7000,4,'',1,3000,4,'',1
'2',1200000200,61550,4,'',1,1500,4,'',1,1800,4,'',1,5600,4,'',1,1900,4,'',1,1660,4,'',1,1600,4,'',1,5500,4,'',1,1090,4,'',1,1400,4,'',1,1500,4,'',1,5500,4,'',1,1800,4,'',1,1500,4,'',1,7100,4,'',1,3000,4,'',1,7000,4,'',1,3000,4,'',1,7000,4,'',1,3000,4,'',1,7000,4,'',1,3000,4,'',1,7000,4,'',1,3600,4,'',1,5700,4,'',1,1610,4,'',1,1500,4,'',1,1500,4,'',1,5600,4,'',1,1600,4,'',1,1500,4,'',1,2090,4,'',1,5300,4,'',1,1100,4,'',1,1500,4,'',1,1300,4,'',1,5400,4,'',1,1500,4,'',1,2850,4,'',1,6700,4,'',1,2500,4,'',1,7000,4,'',1,2900,4,'',1,7000,4,'',1,3000,4,'',1,6900,4,'',1,3000,4,'',1,7000,4,'',1,3000,4,'',1
'6',1200000200,73650,4,'',1,7000,4,'',1,3000,4,'',1,7000,4,'',1,3000,4,'',1,7000,4,'',1,3100,4,'',1,7000,4,'',1,3100,4,'',1,7000,4,'',1,3000,4,'',1,7000,4,'',1,3000,4,'',1,7000,4,'',1,3000,4,'',1,7000,4,'',1,3000,4,'',1,7000,4,'',1,3000,4,'',1,6900,4,'',1,3000,4,'',1,7000,4,'',1,3000,4,'',1,7000,4,'',1,3000,4,'',1,7000,4,'',1,2800,4,'',1,7000,4,'',1,3000,4,'',1,7000,4,'',1,3000,4,'',1,7000,4,'',1,3000,4,'',1
'7',1200000200,73650,4,'',1,7000,4,'',1,3000,4,'',1,7000,4,'',1,3000,4,'',1,7000,4,'',1,3100,4,'',1,7000,4,'',1,3100,4,'',1,7000,4,'',1,3000,4,'',1,7000,4,'',1,3000,4,'',1,7000,4,'',1,3000,4,'',1,7000,4,'',1,3000,4,'',1,7000,4,'',1,3000,4,'',1,6900,4,'',1,3000,4,'',1,7000,4,'',1,3000,4,'',1,7000,4,'',1,3000,4,'',1
'8',1200000200,200750,4,'',1,2800,4,'',1
'1',1200000300,62750,4,'',1,1800,4,'',1,5600,4,'',1,1000,4,'',1,1000,4,'',1,1560,4,'',1,1700,4,'',1,5500,4,'',1,1290,4,'',1,1400,4,'',1,1800,4,'',1,5400,4,'',1,2400,4,'',1,7000,4,'',1,3000,4,'',1,7000,4,'',1,3000,4,'',1,7000,4,'',1,3000,4,'',1,7000,4,'',1,3000,4,'',1,7000,4,'',1,3000,4,'',1,2000,4,'',1,6610,4,'',1,2700,4,'',1,7100,4,'',1,3000,4,'',1,6990,4,'',1,2900,4,'',1,7000,4,'',1,2650,4,'',1,6900,4,'',1,2900,4,'',1,6900,4,'',1,2900,4,'',1,7000,4,'',1
'2',1200000300,62750,4,'',1,1800,4,'',1,5600,4,'',1,1000,4,'',1,1000,4,'',1,1560,4,'',1,1700,4,'',1,5500,4,'',1,1290,4,'',1,1400,4,'',1,1800,4,'',1,5400,4,'',1,2400,4,'',1,7000,4,'',1,3000,4,'',1,7000,4,'',1,3000,4,'',1,7000,4,'',1,3000,4,'',1,7000,4,'',1,3000,4,'',1,7000,4,'',1,3000,4,'',1,2000,4,'',1,6610,4,'',1,2700,4,'',1,7100,4,'',1,3000,4,'',1,6990,4,'',1,2900,4,'',1,7000,4,'',1,2650,4,'',1,6900,4,'',1,2900,4,'',1,6900,4,'',1,2900,4,'',1,7000,4,'',1
'6',1200000300,70150,4,'',1,3000,4,'',1,7000,4,'',1,3100,4,'',1,7000,4,'',1,3000,4,'',1,7100,4,'',1,3100,4,'',1,7000,4,'',1,3100,4,'',1,7000,4,'',1,3000,4,'',1,7100,4,'',1,2900,4,'',1,7100,4,'',1,3000,4,'',1,7000,4,'',1,3000,4,'',1,7000,4,'',1,3000,4,'',1,7000,4,'',1,3000,4,'',1,7000,4,'',1,3000,4,'',1
'7',1200000300,73150,4,'',1,7000,4,'',1,3100,4,'',1,7000,4,'',1,3000,4,'',1,7100,4,'',1,3100,4,'',1,7000,4,'',1,3100,4,'',1,7000,4,'',1,3000,4,'',1,7100,4,'',1,2900,4,'',1,7100,4,'',1,3000,4,'',1,7000,4,'',1,3000,4,'',1,7000,4,'',1,3000,4,'',1,7000,4,'',1,3000,4,'',1,7000,4,'',1,3000,4,'',1
