1100,110245,1,0
1100,110246,2,0
1100,110247,3,0
1100,110255,4,0
1100,110265,5,0
1100,110275,6,0
1100,110285,7,0
1100,110295,8,0
1100,110305,9,0
1100,110315,10,0
1100,110325,11,0
1100,110335,12,0
1100,110345,13,0
1100,110355,14,0
1100,110365,15,0
1100,110367,16,0
1100,110375,17,0
1100,110385,18,0
1100,110405,19,0
1100,110415,20,0
1100,20120,21,0
1100,110425,22,0
1100,110435,23,0
1100,110445,24,0
1100,110455,25,0
1100,110465,26,0
1100,110475,27,0
1100,110485,28,0
1100,110495,29,0
1100,110505,30,0
1100,110515,31,0
1100,110525,32,0
1100,110527,33,0
1100,110535,34,0
1100,110545,35,0
1100,110555,36,0
1100,110565,37,0
1100,110575,38,0
1100,110585,39,0
1100,110605,40,0
1100,110615,41,0
1100,110625,42,0
1100,110635,43,0
1100,20225,44,0
1100,110645,45,0
1100,110655,46,0
1100,110657,47,0
1100,110665,48,0
1100,110675,49,0
1100,110677,50,0
1100,110685,51,0
1100,110695,52,0
1100,110705,53,0
1100,110707,54,0
1100,110715,55,0
1100,110725,56,0
1100,110735,57,0
1100,110745,58,0
1100,110755,59,0
1100,110765,60,0
1100,20030,61,0
1100,20020,62,0
1100,20010,63,0
1100,110003,64,1
1101,110003,1,0
1101,110005,2,0
1101,110015,3,0
1101,110025,4,0
1101,110035,5,0
1101,110045,6,0
1101,110047,7,0
1101,20065,8,0
1101,20075,9,0
1101,20085,10,0
1101,110055,11,0
1101,110065,12,0
1101,110075,13,0
1101,110085,14,0
1101,110095,15,0
1101,110105,16,0
1101,110115,17,0
1101,110125,18,0
1101,110127,19,0
1101,110135,20,0
1101,110145,21,0
1101,110155,22,0
1101,110165,23,0
1101,110175,24,0
1101,110177,25,0
1101,110185,26,0
1101,110195,27,0
1101,110205,28,0
1101,110207,29,0
1101,110213,30,0
1101,110215,31,0
1101,110225,32,0
1101,110235,33,0
1101,110245,34,1
1500,150415,1,0
1500,150405,2,0
1500,150395,3,0
1500,150347,4,0
1500,150345,5,0
1500,150335,6,0
1500,150325,7,0
1500,150315,8,0
1500,150305,9,0
1500,150295,10,0
1500,150285,11,0
1500,150275,12,0
1500,150265,13,0
1500,150255,14,0
1500,150245,15,0
1500,150235,16,0
1500,150225,17,0
1500,150215,18,0
1500,150205,19,0
1500,150195,20,0
1500,150185,21,0
1500,150175,22,0
1500,150165,23,0
1500,150155,24,0
1500,150145,25,0
1500,150093,26,0
1500,150095,27,0
1500,150085,28,0
1500,110590,29,0
1500,150075,30,0
1500,150065,31,0
1500,150055,32,0
1500,150035,33,0
1500,110635,34,0
1500,20232,35,0
1500,20230,36,1
1501,20230,1,0
1501,110535,2,0
1501,110545,3,0
1501,110555,4,0
1501,110565,5,0
1501,110575,6,0
1501,150080,7,0
1501,150082,8,0
1501,150090,9,0
1501,150100,10,0
1501,150110,11,0
1501,150120,12,0
1501,150130,13,0
1501,150140,14,0
1501,150150,15,0
1501,150160,16,0
1501,150170,17,0
1501,150180,18,0
1501,150190,19,0
1501,150200,20,0
1501,150210,21,0
1501,150220,22,0
1501,150230,23,0
1501,150240,24,0
1501,150250,25,0
1501,150260,26,0
1501,150270,27,0
1501,150280,28,0
1501,150290,29,0
1501,150320,30,0
1501,150330,31,0
1501,150340,32,0
1501,150415,33,1
1900,190010,1,0
1900,190020,2,0
1900,190030,3,0
1900,190040,4,0
1900,190050,5,0
1900,190060,6,0
1900,190070,7,0
1900,190080,8,0
1900,190090,9,0
1900,190100,10,0
1900,190110,11,0
1900,190120,12,0
1900,190130,13,0
1900,190140,14,0
1900,190150,15,0
1900,190160,16,0
1900,190162,17,0
1900,190164,18,0
1900,190166,19,0
1900,190220,20,0
1900,190230,21,0
1900,190240,22,0
1900,190250,23,0
1900,190252,24,0
1900,190254,25,0
1900,190290,26,0
1900,190292,27,0
1900,190310,28,0
1900,190320,29,0
1900,190330,30,0
1900,190340,31,0
1900,190117,32,0
1900,190115,33,0
1900,190105,34,0
1900,190170,35,0
1900,190180,36,0
1900,190103,37,0
1900,190370,38,0
1900,190380,39,0
1900,190390,40,0
1900,190400,41,0
1900,190410,42,0
1900,190420,43,0
1900,190382,44,0
1900,190430,45,0
1900,190440,46,0
1900,190450,47,0
1900,190460,48,0
1900,190470,49,0
1900,190480,50,0
1900,190482,51,0
1900,190486,52,0
1900,190492,53,0
1900,190550,54,0
1900,190560,55,0
1900,190580,56,0
1900,180025,57,0
1900,180015,58,0
1900,180005,59,0
1900,180330,60,0
1900,180340,61,0
1900,180350,62,0
1900,180010,63,1
1901,180010,1,0
1901,180020,2,0
1901,180030,3,0
1901,180040,4,0
1901,180050,5,0
1901,190395,6,0
1901,190385,7,0
1901,190375,8,0
1901,190367,9,0
1901,190361,10,0
1901,190359,11,0
1901,190357,12,0
1901,190355,13,0
1901,190345,14,0
1901,190335,15,0
1901,190325,16,0
1901,190323,17,0
1901,190390,18,0
1901,190400,19,0
1901,190410,20,0
1901,190420,21,0
1901,190315,22,0
1901,190305,23,0
1901,190295,24,0
1901,190188,25,0
1901,190095,26,0
1901,190190,27,0
1901,190192,28,0
1901,190267,29,0
1901,190265,30,0
1901,190255,31,0
1901,190245,32,0
1901,190219,33,0
1901,190217,34,0
1901,190215,35,0
1901,190187,36,0
1901,190185,37,0
1901,190175,38,0
1901,190165,39,0
1901,190155,40,0
1901,190145,41,0
1901,190089,42,0
1901,190087,43,0
1901,190085,44,0
1901,190075,45,0
1901,190065,46,0
1901,190055,47,0
1901,190045,48,0
1901,190035,49,0
1901,190025,50,0
1901,190015,51,0
1901,190010,52,0
1901,190020,53,0
1901,190030,54,0
1901,190040,55,0
1901,190050,56,0
1901,190060,57,0
1901,190070,58,0
1901,190080,59,1
2200,220005,1,0
2200,220010,2,0
2200,220020,3,0
2200,220030,4,0
2200,220040,5,0
2200,220050,6,0
2200,220060,7,0
2200,220147,8,0
2200,220090,9,0
2200,220100,10,0
2200,220110,11,0
2200,220120,12,0
2200,220130,13,0
2200,220140,14,0
2200,220150,15,0
2200,220160,16,0
2200,220170,17,0
2200,220172,18,0
2200,220180,19,0
2200,220236,20,0
2200,220240,21,0
2200,220182,22,0
2200,220238,23,0
2200,220260,24,0
2200,220270,25,0
2200,220280,26,0
2200,220290,27,0
2200,220300,28,0
2200,220310,29,0
2200,220320,30,0
2200,220330,31,0
2200,220340,32,0
2200,220350,33,0
2200,220360,34,0
2200,220370,35,0
2200,220380,36,0
2200,220390,37,0
2200,220400,38,0
2200,220410,39,0
2200,220420,40,0
2200,220430,41,0
2200,220488,42,0
2200,220490,43,0
2200,220500,44,0
2200,220510,45,0
2200,220520,46,0
2200,220530,47,0
2200,220540,48,0
2200,220550,49,0
2200,220560,50,0
2200,220570,51,0
2200,220580,52,0
2200,220582,53,0
2200,220620,54,0
2200,990150,55,0
2200,30320,56,0
2200,30330,57,0
2200,30340,58,0
2200,220625,59,1
2201,220625,1,0
2201,30335,2,0
2201,30325,3,0
2201,30315,4,0
2201,220615,5,0
2201,220605,6,0
2201,220603,7,0
2201,220565,8,0
2201,220555,9,0
2201,220545,10,0
2201,220535,11,0
2201,220525,12,0
2201,220515,13,0
2201,220505,14,0
2201,220495,15,0
2201,220485,16,0
2201,220475,17,0
2201,220407,18,0
2201,220405,19,0
2201,990149,20,0
2201,220395,21,0
2201,220385,22,0
2201,220375,23,0
2201,220365,24,0
2201,220355,25,0
2201,220345,26,0
2201,220335,27,0
2201,220325,28,0
2201,220315,29,0
2201,220305,30,0
2201,220295,31,0
2201,220285,32,0
2201,220275,33,0
2201,220265,34,0
2201,220255,35,0
2201,220245,36,0
2201,220235,37,0
2201,220225,38,0
2201,220223,39,0
2201,220173,40,0
2201,220165,41,0
2201,220155,42,0
2201,220233,43,0
2201,220227,44,0
2201,220162,45,0
2201,220145,46,0
2201,220135,47,0
2201,220125,48,0
2201,220115,49,0
2201,220105,50,0
2201,220095,51,0
2201,220085,52,0
2201,220068,53,0
2201,220065,54,0
2201,220055,55,0
2201,220045,56,0
2201,220035,57,0
2201,220025,58,0
2201,220015,59,0
2201,220005,60,0
2201,220010,61,1
2300,230045,1,0
2300,230035,2,0
2300,230025,3,0
2300,230015,4,0
2300,230005,5,0
2300,230010,6,0
2300,230020,7,0
2300,230030,8,0
2300,230040,9,0
2300,230050,10,0
2300,230060,11,0
2300,230070,12,0
2300,230080,13,0
2300,230090,14,0
2300,230100,15,0
2300,230110,16,0
2300,230118,17,0
2300,230120,18,0
2300,230130,19,0
2300,230140,20,0
2300,230150,21,0
2300,230160,22,0
2300,230170,23,0
2300,230180,24,0
2300,230182,25,0
2300,230184,26,0
2300,230220,27,0
2300,230222,28,0
2300,230230,29,0
2300,230242,30,0
2300,230244,31,0
2300,230250,32,0
2300,230260,33,0
2300,230172,34,0
2300,230174,35,0
2300,230270,36,0
2300,230280,37,0
2300,230290,38,0
2300,230300,39,0
2300,230310,40,0
2300,230320,41,0
2300,230330,42,0
2300,230340,43,0
2300,230360,44,0
2300,230370,45,0
2300,230380,46,0
2300,230390,47,0
2300,230398,48,0
2300,230400,49,0
2300,230410,50,0
2300,230420,51,0
2300,230430,52,0
2300,230440,53,0
2300,230450,54,0
2300,230460,55,0
2300,230470,56,0
2300,230480,57,0
2300,230490,58,0
2300,230500,59,0
2300,230510,60,0
2300,230520,61,0
2300,230530,62,0
2300,230540,63,0
2300,30345,64,0
2300,230685,65,1
2301,230685,1,0
2301,230495,2,0
2301,230485,3,0
2301,230475,4,0
2301,230465,5,0
2301,230455,6,0
2301,230445,7,0
2301,230435,8,0
2301,230425,9,0
2301,230410,10,0
2301,230420,11,0
2301,230430,12,0
2301,230440,13,0
2301,230450,14,0
2301,230460,15,0
2301,230470,16,0
2301,230415,17,0
2301,230413,18,0
2301,230405,19,0
2301,230395,20,0
2301,230397,21,0
2301,230385,22,0
2301,230375,23,0
2301,230365,24,0
2301,230355,25,0
2301,230345,26,0
2301,230335,27,0
2301,230325,28,0
2301,230315,29,0
2301,230305,30,0
2301,230295,31,0
2301,230285,32,0
2301,230275,33,0
2301,230273,34,0
2301,230265,35,0
2301,230255,36,0
2301,230247,37,0
2301,230245,38,0
2301,230237,39,0
2301,230235,40,0
2301,230197,41,0
2301,230195,42,0
2301,230185,43,0
2301,230175,44,0
2301,230167,45,0
2301,230297,46,0
2301,230215,47,0
2301,230165,48,0
2301,230155,49,0
2301,230145,50,0
2301,230143,51,0
2301,230135,52,0
2301,230125,53,0
2301,230115,54,0
2301,230105,55,0
2301,230085,56,0
2301,230075,57,0
2301,230065,58,0
2301,230055,59,0
2301,230045,60,0
2301,230035,61,0
2301,230025,62,0
2301,230015,63,0
2301,230005,64,0
2301,230010,65,0
2301,230020,66,0
2301,230030,67,1
2400,240091,1,0
2400,240089,2,0
2400,240087,3,0
2400,240085,4,0
2400,240075,5,0
2400,240065,6,0
2400,240055,7,0
2400,240045,8,0
2400,240035,9,0
2400,240025,10,0
2400,240015,11,0
2400,240013,12,0
2400,240011,13,0
2400,240009,14,0
2400,240007,15,0
2400,240005,16,0
2400,240216,17,0
2400,240218,18,0
2400,240220,19,0
2400,240230,20,0
2400,240242,21,0
2400,240252,22,0
2400,240262,23,0
2400,240272,24,0
2400,240282,25,0
2400,30320,26,0
2400,30330,27,0
2400,30340,28,0
2400,240345,29,1
2401,240345,1,0
2401,30335,2,0
2401,30325,3,0
2401,30315,4,0
2401,240237,5,0
2401,240217,6,0
2401,240207,7,0
2401,240197,8,0
2401,240185,9,0
2401,240175,10,0
2401,240173,11,0
2401,240171,12,0
2401,240010,13,0
2401,240020,14,0
2401,240030,15,0
2401,240040,16,0
2401,240050,17,0
2401,240060,18,0
2401,240070,19,0
2401,240080,20,0
2401,240090,21,0
2401,240100,22,0
2401,240110,23,0
2401,240120,24,0
2401,240130,25,0
2401,240140,26,0
2401,240142,27,0
2401,240144,28,1
6500,650190,1,0
6500,650200,2,0
6500,650210,3,0
6500,650220,4,0
6500,650230,5,0
6500,650325,6,0
6500,650315,7,0
6500,650430,8,0
6500,650285,9,0
6500,650275,10,0
6500,650265,11,0
6500,650255,12,0
6500,650247,13,0
6500,650245,14,0
6500,650243,15,0
6500,650241,16,0
6500,650239,17,0
6500,650237,18,0
6500,650235,19,0
6500,650225,20,0
6500,650215,21,0
6500,650470,22,0
6500,650480,23,0
6500,650490,24,0
6500,650500,25,0
6500,650510,26,0
6500,650520,27,0
6500,650530,28,0
6500,650540,29,0
6500,650550,30,0
6500,650560,31,0
6500,650570,32,0
6500,650580,33,0
6500,650590,34,0
6500,650600,35,0
6500,650610,36,0
6500,650620,37,0
6500,650630,38,0
6500,650640,39,0
6500,650650,40,0
6500,650660,41,0
6500,30320,42,0
6500,30330,43,0
6500,30340,44,0
6500,650670,45,1
6501,650670,1,0
6501,650535,2,0
6501,650525,3,0
6501,650515,4,0
6501,650505,5,0
6501,650495,6,0
6501,650485,7,0
6501,650475,8,0
6501,650465,9,0
6501,650455,10,0
6501,650445,11,0
6501,650435,12,0
6501,650425,13,0
6501,650415,14,0
6501,650405,15,0
6501,650395,16,0
6501,650385,17,0
6501,650375,18,0
6501,650365,19,0
6501,650355,20,0
6501,650345,21,0
6501,650335,22,0
6501,650240,23,0
6501,650250,24,0
6501,650252,25,0
6501,650254,26,0
6501,650256,27,0
6501,650258,28,0
6501,650260,29,0
6501,650262,30,0
6501,650270,31,0
6501,650280,32,0
6501,650290,33,0
6501,650300,34,0
6501,650320,35,0
6501,650440,36,0
6501,650450,37,0
6501,650460,38,0
6501,650205,39,0
6501,650195,40,0
6501,650185,41,0
6501,650175,42,1
1200100,10010,1,0
1200100,30040,2,0
1200100,30050,3,0
1200100,30060,4,0
1200100,30070,5,0
1200100,30080,6,0
1200100,30090,7,0
1200100,30100,8,0
1200100,30110,9,0
1200100,30120,10,0
1200100,30130,11,0
1200100,30140,12,0
1200100,30142,13,0
1200100,30150,14,0
1200100,30160,15,0
1200100,30162,16,0
1200100,30170,17,0
1200100,30180,18,0
1200100,30190,19,0
1200100,30192,20,0
1200100,30200,21,0
1200100,30210,22,0
1200100,30212,23,0
1200100,30220,24,0
1200100,30230,25,0
1200100,30232,26,0
1200100,30240,27,0
1200100,30242,28,0
1200100,30250,29,0
1200100,30260,30,0
1200100,30270,31,0
1200100,30280,32,0
1200100,30290,33,0
1200100,30300,34,0
1200100,30310,35,0
1200100,30320,36,0
1200100,30330,37,0
1200100,30340,38,0
1200100,30350,39,0
1200100,30360,40,0
1200100,30370,41,0
1200100,30380,42,0
1200100,30382,43,0
1200100,30390,44,0
1200100,20510,45,1
1200101,20495,1,0
1200101,20505,2,0
1200101,30385,3,0
1200101,30375,4,0
1200101,30365,5,0
1200101,30355,6,0
1200101,30345,7,0
1200101,30335,8,0
1200101,30325,9,0
1200101,30315,10,0
1200101,30305,11,0
1200101,30295,12,0
1200101,30285,13,0
1200101,30275,14,0
1200101,30265,15,0
1200101,30255,16,0
1200101,30245,17,0
1200101,30237,18,0
1200101,30235,19,0
1200101,30227,20,0
1200101,30225,21,0
1200101,30215,22,0
1200101,30207,23,0
1200101,30205,24,0
1200101,30195,25,0
1200101,30187,26,0
1200101,30185,27,0
1200101,30175,28,0
1200101,30165,29,0
1200101,30163,30,0
1200101,30155,31,0
1200101,30145,32,0
1200101,30143,33,0
1200101,30135,34,0
1200101,30125,35,0
1200101,30115,36,0
1200101,30105,37,0
1200101,30095,38,0
1200101,30085,39,0
1200101,30075,40,0
1200101,30065,41,0
1200101,30055,42,0
1200101,30045,43,0
1200101,30035,44,0
1200101,10010,45,1
1200200,20005,1,0
1200200,20015,2,0
1200200,20025,3,0
1200200,20035,4,0
1200200,20045,5,0
1200200,20055,6,0
1200200,20065,7,0
1200200,20075,8,0
1200200,20085,9,0
1200200,20095,10,0
1200200,20105,11,0
1200200,20115,12,0
1200200,20125,13,0
1200200,20135,14,0
1200200,20145,15,0
1200200,20155,16,0
1200200,20165,17,0
1200200,20175,18,0
1200200,20185,19,0
1200200,20195,20,0
1200200,20197,21,0
1200200,20205,22,0
1200200,20215,23,0
1200200,20217,24,0
1200200,20225,25,0
1200200,20235,26,0
1200200,20245,27,0
1200200,20255,28,0
1200200,20275,29,0
1200200,20285,30,0
1200200,20295,31,0
1200200,20305,32,0
1200200,20315,33,0
1200200,20325,34,0
1200200,20335,35,0
1200200,20345,36,0
1200200,20355,37,0
1200200,20365,38,0
1200200,20375,39,0
1200200,20385,40,0
1200200,20395,41,0
1200200,20405,42,0
1200200,20415,43,0
1200200,20425,44,0
1200200,20435,45,0
1200200,20445,46,0
1200200,20455,47,0
1200200,20465,48,0
1200200,20477,49,0
1200200,20485,50,0
1200200,20495,51,0
1200200,20505,52,0
1200200,20515,53,0
1200200,20517,54,0
1200200,20525,55,0
1200200,20535,56,0
1200200,20545,57,0
1200200,20555,58,0
1200200,20565,59,0
1200200,20575,60,0
1200200,20585,61,1
1200201,20585,1,0
1200201,20595,2,0
1200201,20620,3,0
1200201,20610,4,0
1200201,20600,5,0
1200201,20590,6,0
1200201,20580,7,0
1200201,20560,8,0
1200201,20550,9,0
1200201,20540,10,0
1200201,20530,11,0
1200201,20522,12,0
1200201,20520,13,0
1200201,20510,14,0
1200201,20500,15,0
1200201,20482,16,0
1200201,20480,17,0
1200201,20470,18,0
1200201,20460,19,0
1200201,20450,20,0
1200201,20440,21,0
1200201,20430,22,0
1200201,20420,23,0
1200201,20410,24,0
1200201,20400,25,0
1200201,20390,26,0
1200201,20380,27,0
1200201,20370,28,0
1200201,20360,29,0
1200201,20350,30,0
1200201,20340,31,0
1200201,20330,32,0
1200201,20320,33,0
1200201,20310,34,0
1200201,20300,35,0
1200201,20290,36,0
1200201,20270,37,0
1200201,20260,38,0
1200201,20250,39,0
1200201,20240,40,0
1200201,20232,41,0
1200201,20230,42,0
1200201,20220,43,0
1200201,20210,44,0
1200201,20200,45,0
1200201,20190,46,0
1200201,20180,47,0
1200201,20170,48,0
1200201,20160,49,0
1200201,20150,50,0
1200201,20140,51,0
1200201,20130,52,0
1200201,20120,53,0
1200201,20110,54,0
1200201,20100,55,0
1200201,20090,56,0
1200201,20080,57,0
1200201,20070,58,0
1200201,20060,59,0
1200201,20050,60,0
1200201,20040,61,0
1200201,20030,62,0
1200201,20020,63,0
1200201,20010,64,0
1200201,20005,65,1
1200300,30020,1,0
1200300,30040,2,0
1200300,30050,3,0
1200300,30060,4,0
1200300,30070,5,0
1200300,30080,6,0
1200300,30090,7,0
1200300,30100,8,0
1200300,30110,9,0
1200300,30120,10,0
1200300,30130,11,0
1200300,30140,12,0
1200300,30142,13,0
1200300,30150,14,0
1200300,30160,15,0
1200300,30162,16,0
1200300,30170,17,0
1200300,30180,18,0
1200300,30190,19,0
1200300,30192,20,0
1200300,30200,21,0
1200300,30210,22,0
1200300,30212,23,0
1200300,30220,24,0
1200300,30230,25,0
1200300,30232,26,0
1200300,30240,27,0
1200300,30242,28,0
1200300,30250,29,0
1200300,30260,30,0
1200300,30270,31,0
1200300,30280,32,0
1200300,30290,33,0
1200300,30300,34,0
1200300,30310,35,0
1200300,30320,36,0
1200300,30330,37,0
1200300,30340,38,0
1200300,30350,39,0
1200300,30360,40,0
1200300,30370,41,0
1200300,30380,42,0
1200300,30382,43,0
1200300,30390,44,0
1200300,20505,45,0
1200300,20515,46,0
1200300,20517,47,0
1200300,20525,48,0
1200300,20535,49,0
1200300,20545,50,0
1200300,20555,51,0
1200300,20565,52,0
1200300,20575,53,0
1200300,20585,54,1
1200301,20585,1,0
1200301,20595,2,0
1200301,20620,3,0
1200301,20610,4,0
1200301,20600,5,0
1200301,20590,6,0
1200301,20580,7,0
1200301,20560,8,0
1200301,20550,9,0
1200301,20540,10,0
1200301,20530,11,0
1200301,20522,12,0
1200301,20520,13,0
1200301,20505,14,0
1200301,30385,15,0
1200301,30375,16,0
1200301,30365,17,0
1200301,30355,18,0
1200301,30345,19,0
1200301,30335,20,0
1200301,30325,21,0
1200301,30315,22,0
1200301,30305,23,0
1200301,30295,24,0
1200301,30285,25,0
1200301,30275,26,0
1200301,30265,27,0
1200301,30255,28,0
1200301,30245,29,0
1200301,30237,30,0
1200301,30235,31,0
1200301,30227,32,0
1200301,30225,33,0
1200301,30215,34,0
1200301,30207,35,0
1200301,30205,36,0
1200301,30195,37,0
1200301,30187,38,0
1200301,30185,39,0
1200301,30175,40,0
1200301,30165,41,0
1200301,30163,42,0
1200301,30155,43,0
1200301,30145,44,0
1200301,30143,45,0
1200301,30135,46,0
1200301,30125,47,0
1200301,30115,48,0
1200301,30105,49,0
1200301,30095,50,0
1200301,30085,51,0
1200301,30075,52,0
1200301,30065,53,0
1200301,30055,54,0
1200301,30045,55,0
1200301,30035,56,0
1200301,30020,57,1
2000100,510050,1,0
2000100,510060,2,0
2000100,510070,3,0
2000100,510080,4,0
2000100,510090,5,0
2000100,510100,6,0
2000100,510110,7,0
2000100,510120,8,0
2000100,510130,9,0
2000100,510140,10,0
2000100,510045,11,0
2000100,510043,12,0
2000100,510035,13,0
2000100,510025,14,0
2000100,510005,15,0
2000100,20330,16,1
2000101,20315,1,0
2000101,510010,2,0
2000101,510020,3,0
2000101,510030,4,0
2000101,510040,5,0
2000101,510050,6,0
2000101,510060,7,0
2000101,510070,8,0
2000101,510080,9,0
2000101,510090,10,0
2000101,510100,11,0
2000101,510110,12,0
2000101,510120,13,0
2000101,510130,14,0
2000101,510140,15,1
2000200,20390,1,0
2000200,520008,2,0
2000200,520010,3,0
2000200,520020,4,0
2000200,520030,5,0
2000200,520040,6,0
2000200,520050,7,0
2000200,520060,8,0
2000200,520070,9,0
2000200,520080,10,0
2000200,520090,11,0
2000200,520100,12,0
2000200,520110,13,0
2000200,520120,14,0
2000200,520130,15,0
2000200,520140,16,0
2000200,520150,17,0
2000200,520160,18,0
2000200,520170,19,0
2000200,520180,20,0
2000200,520190,21,0
2000200,520200,22,0
2000200,520210,23,0
2000200,520220,24,0
2000200,520230,25,0
2000200,520240,26,0
2000200,520250,27,0
2000200,520260,28,0
2000200,520270,29,0
2000200,520280,30,0
2000200,520290,31,0
2000200,520305,32,1
2000201,520305,1,0
2000201,520295,2,0
2000201,520285,3,0
2000201,520275,4,0
2000201,520265,5,0
2000201,520255,6,0
2000201,520245,7,0
2000201,520235,8,0
2000201,520225,9,0
2000201,520215,10,0
2000201,520205,11,0
2000201,520195,12,0
2000201,520185,13,0
2000201,520175,14,0
2000201,520165,15,0
2000201,520155,16,0
2000201,520145,17,0
2000201,520135,18,0
2000201,520125,19,0
2000201,520115,20,0
2000201,520105,21,0
2000201,520095,22,0
2000201,520085,23,0
2000201,520075,24,0
2000201,520065,25,0
2000201,520055,26,0
2000201,520045,27,0
2000201,520035,28,0
2000201,520025,29,0
2000201,520015,30,0
2000201,520005,31,0
2000201,20375,32,1
2001100,511010,1,0
2001100,511005,2,0
2001100,511015,3,0
2001100,511025,4,0
2001100,511035,5,0
2001100,511045,6,0
2001100,511055,7,0
2001100,511065,8,0
2001100,511075,9,0
2001100,511085,10,0
2001100,511095,11,0
2001100,511105,12,0
2001100,511125,13,0
2001100,511135,14,0
2001100,511145,15,0
2001100,511155,16,0
2001100,511165,17,0
2001100,511175,18,0
2001100,511185,19,0
2001100,110250,20,1
2001101,110207,1,0
2001101,511130,2,0
2001101,511120,3,0
2001101,511125,4,0
2001101,511135,5,0
2001101,511145,6,0
2001101,511155,7,0
2001101,511165,8,0
2001101,511175,9,0
2001101,511110,10,0
2001101,511100,11,0
2001101,511090,12,0
2001101,511080,13,0
2001101,511070,14,0
2001101,511060,15,0
2001101,511050,16,0
2001101,511040,17,0
2001101,511030,18,0
2001101,511020,19,0
2001101,511010,20,1
2001600,190220,1,0
2001600,190230,2,0
2001600,516130,3,0
2001600,516120,4,0
2001600,516110,5,0
2001600,516100,6,0
2001600,516090,7,0
2001600,516080,8,0
2001600,516070,9,0
2001600,516062,10,0
2001600,516060,11,0
2001600,516050,12,0
2001600,516040,13,0
2001600,516030,14,0
2001600,516020,15,0
2001600,516010,16,0
2001600,160440,17,0
2001600,160255,18,1
2001601,160370,1,0
2001601,160390,2,0
2001601,160400,3,0
2001601,160410,4,0
2001601,516005,5,0
2001601,516015,6,0
2001601,516025,7,0
2001601,516035,8,0
2001601,516045,9,0
2001601,516047,10,0
2001601,516055,11,0
2001601,516065,12,0
2001601,516075,13,0
2001601,516085,14,0
2001601,516095,15,0
2001601,516105,16,0
2001601,516115,17,0
2001601,516125,18,0
2001601,190165,19,0
2001601,190155,20,1
2002300,230045,1,0
2002300,230035,2,0
2002300,230025,3,0
2002300,230015,4,0
2002300,230005,5,0
2002300,230010,6,0
2002300,230020,7,0
2002300,230030,8,0
2002300,230040,9,0
2002300,230050,10,0
2002300,230060,11,0
2002300,230070,12,0
2002300,230080,13,0
2002300,230090,14,0
2002300,230100,15,0
2002300,230110,16,0
2002300,230118,17,0
2002300,230120,18,0
2002300,230130,19,0
2002300,230140,20,0
2002300,230150,21,0
2002300,230160,22,0
2002300,230170,23,0
2002300,230180,24,0
2002300,230182,25,0
2002300,230184,26,0
2002300,230220,27,0
2002300,230222,28,0
2002300,230230,29,0
2002300,230242,30,0
2002300,230244,31,0
2002300,230250,32,0
2002300,230260,33,0
2002300,230270,34,0
2002300,230280,35,0
2002300,230290,36,0
2002300,230300,37,0
2002300,230310,38,0
2002300,230320,39,0
2002300,230330,40,0
2002300,230340,41,0
2002300,230360,42,0
2002300,230370,43,0
2002300,230380,44,0
2002300,230390,45,0
2002300,230398,46,0
2002300,230400,47,0
2002300,230410,48,0
2002300,230420,49,0
2002300,230430,50,0
2002300,230440,51,0
2002300,230450,52,0
2002300,230460,53,0
2002300,230470,54,0
2002300,230480,55,0
2002300,230490,56,0
2002300,230500,57,0
2002300,230510,58,0
2002300,230520,59,0
2002300,230530,60,0
2002300,230540,61,0
2002300,30345,62,0
2002300,230685,63,1
2002301,230685,1,0
2002301,230495,2,0
2002301,230485,3,0
2002301,230475,4,0
2002301,230465,5,0
2002301,230455,6,0
2002301,230445,7,0
2002301,230435,8,0
2002301,230425,9,0
2002301,230410,10,0
2002301,230420,11,0
2002301,230430,12,0
2002301,230440,13,0
2002301,230450,14,0
2002301,230460,15,0
2002301,230470,16,0
2002301,230415,17,0
2002301,230413,18,0
2002301,230405,19,0
2002301,230395,20,0
2002301,230385,21,0
2002301,230375,22,0
2002301,230365,23,0
2002301,230355,24,0
2002301,230345,25,0
2002301,230335,26,0
2002301,230325,27,0
2002301,230315,28,0
2002301,230305,29,0
2002301,230295,30,0
2002301,230285,31,0
2002301,230275,32,0
2002301,230273,33,0
2002301,230265,34,0
2002301,230255,35,0
2002301,230247,36,0
2002301,230245,37,0
2002301,230237,38,0
2002301,230235,39,0
2002301,230197,40,0
2002301,230195,41,0
2002301,230185,42,0
2002301,230175,43,0
2002301,230165,44,0
2002301,230155,45,0
2002301,230145,46,0
2002301,230143,47,0
2002301,230135,48,0
2002301,230125,49,0
2002301,230115,50,0
2002301,230105,51,0
2002301,230085,52,0
2002301,230075,53,0
2002301,230065,54,0
2002301,230055,55,0
2002301,230045,56,0
2002301,230035,57,0
2002301,230025,58,0
2002301,230015,59,0
2002301,230005,60,0
2002301,230010,61,0
2002301,230020,62,0
2002301,230030,63,1
2002500,525010,1,0
2002500,525020,2,0
2002500,525030,3,0
2002500,525040,4,0
2002500,525050,5,0
2002500,525060,6,0
2002500,525070,7,0
2002500,525080,8,0
2002500,525090,9,0
2002500,525100,10,0
2002500,525110,11,0
2002500,525120,12,0
2002500,525130,13,0
2002500,525140,14,0
2002500,525150,15,0
2002500,525160,16,0
2002500,220620,17,1
2002501,220615,1,0
2002501,220525,2,0
2002501,525145,3,0
2002501,525135,4,0
2002501,525125,5,0
2002501,525115,6,0
2002501,525105,7,0
2002501,525095,8,0
2002501,525085,9,0
2002501,525075,10,0
2002501,525065,11,0
2002501,525055,12,0
2002501,525045,13,0
2002501,525035,14,0
2002501,525025,15,0
2002501,525015,16,0
2002501,525005,17,1
2006500,650010,1,0
2006500,650020,2,0
2006500,650030,3,0
2006500,650040,4,0
2006500,650050,5,0
2006500,650060,6,0
2006500,650070,7,0
2006500,650080,8,0
2006500,650090,9,0
2006500,650100,10,0
2006500,650110,11,0
2006500,650120,12,0
2006500,650130,13,0
2006500,650140,14,0
2006500,650150,15,0
2006500,650160,16,0
2006500,650170,17,0
2006500,650180,18,0
2006500,650252,19,1
2006501,650237,1,0
2006501,650235,2,0
2006501,650225,3,0
2006501,650215,4,0
2006501,650165,5,0
2006501,650155,6,0
2006501,650145,7,0
2006501,650135,8,0
2006501,650125,9,0
2006501,650115,10,0
2006501,650105,11,0
2006501,650095,12,0
2006501,650085,13,0
2006501,650075,14,0
2006501,650065,15,0
2006501,650055,16,0
2006501,650045,17,0
2006501,650035,18,0
2006501,650025,19,0
2006501,650015,20,0
2006501,650005,21,1
2006600,650190,1,0
2006600,650200,2,0
2006600,650210,3,0
2006600,650220,4,0
2006600,650230,5,0
2006600,650325,6,0
2006600,650315,7,0
2006600,650430,8,0
2006600,650285,9,0
2006600,650275,10,0
2006600,650265,11,0
2006600,650255,12,0
2006600,650247,13,0
2006600,650245,14,0
2006600,650243,15,0
2006600,650241,16,0
2006600,650239,17,0
2006600,650237,18,0
2006600,650235,19,0
2006600,650225,20,0
2006600,650215,21,0
2006600,650470,22,0
2006600,650480,23,0
2006600,650490,24,0
2006600,650500,25,0
2006600,650510,26,0
2006600,650520,27,0
2006600,650530,28,0
2006600,650540,29,0
2006600,650550,30,0
2006600,650560,31,0
2006600,650570,32,0
2006600,650580,33,0
2006600,650590,34,0
2006600,650600,35,0
2006600,650610,36,0
2006600,650620,37,0
2006600,650630,38,0
2006600,650640,39,0
2006600,650650,40,0
2006600,650660,41,0
2006600,190090,42,1
2006601,190015,1,0
2006601,650535,2,0
2006601,650525,3,0
2006601,650515,4,0
2006601,650505,5,0
2006601,650495,6,0
2006601,650485,7,0
2006601,650475,8,0
2006601,650465,9,0
2006601,650455,10,0
2006601,650445,11,0
2006601,650435,12,0
2006601,650425,13,0
2006601,650415,14,0
2006601,650405,15,0
2006601,650395,16,0
2006601,650385,17,0
2006601,650375,18,0
2006601,650365,19,0
2006601,650355,20,0
2006601,650345,21,0
2006601,650335,22,0
2006601,650240,23,0
2006601,650250,24,0
2006601,650252,25,0
2006601,650254,26,0
2006601,650256,27,0
2006601,650258,28,0
2006601,650260,29,0
2006601,650262,30,0
2006601,650270,31,0
2006601,650280,32,0
2006601,650290,33,0
2006601,650300,34,0
2006601,650320,35,0
2006601,650440,36,0
2006601,650450,37,0
2006601,650460,38,0
2006601,650205,39,0
2006601,650195,40,0
2006601,650185,41,0
2006601,650175,42,1
10001100,110288,1,0
10001100,110280,2,0
10001100,110270,3,0
10001100,110260,4,0
10001100,110258,5,0
10001100,110250,6,0
10001100,110240,7,0
10001100,110230,8,0
10001100,110220,9,0
10001100,110210,10,0
10001100,110200,11,0
10001100,110190,12,0
10001100,110180,13,0
10001100,110170,14,0
10001100,110160,15,0
10001100,110150,16,0
10001100,110140,17,0
10001100,110130,18,0
10001100,110120,19,0
10001100,110110,20,0
10001100,110100,21,0
10001100,110090,22,0
10001100,110080,23,0
10001100,110070,24,0
10001100,20080,25,0
10001100,20070,26,0
10001100,20060,27,0
10001100,110060,28,0
10001100,110050,29,0
10001100,110040,30,0
10001100,110030,31,0
10001100,110020,32,0
10001100,110010,33,0
10001100,110002,34,1
10001101,110002,1,0
10001101,20015,2,0
10001101,20025,3,0
10001101,20035,4,0
10001101,20045,5,0
10001101,110830,6,0
10001101,110820,7,0
10001101,110810,8,0
10001101,110800,9,0
10001101,110790,10,0
10001101,110780,11,0
10001101,110770,12,0
10001101,110760,13,0
10001101,110750,14,0
10001101,110740,15,0
10001101,110730,16,0
10001101,110720,17,0
10001101,110712,18,0
10001101,110710,19,0
10001101,110700,20,0
10001101,110690,21,0
10001101,110680,22,0
10001101,110670,23,0
10001101,110660,24,0
10001101,110650,25,0
10001101,110640,26,0
10001101,110630,27,0
10001101,110610,28,0
10001101,110600,29,0
10001101,110590,30,0
10001101,110580,31,0
10001101,110572,32,0
10001101,110570,33,0
10001101,110560,34,0
10001101,110550,35,0
10001101,110540,36,0
10001101,110530,37,0
10001101,110520,38,0
10001101,110510,39,0
10001101,110500,40,0
10001101,110490,41,0
10001101,110480,42,0
10001101,110470,43,0
10001101,110460,44,0
10001101,110450,45,0
10001101,110440,46,0
10001101,110420,47,0
10001101,110410,48,0
10001101,110400,49,0
10001101,110390,50,0
10001101,110380,51,0
10001101,110370,52,0
10001101,110360,53,0
10001101,110350,54,0
10001101,110340,55,0
10001101,110330,56,0
10001101,110320,57,0
10001101,110310,58,0
10001101,110300,59,0
10001101,110290,60,0
10001101,110289,61,0
10001101,110288,62,1
50006000,650670,1,0
50006000,30350,2,0
50006000,30360,3,0
50006000,30370,4,0
50006000,30380,5,0
50006000,30382,6,0
50006000,30390,7,0
50006000,20510,8,0
50006000,180010,9,0
50006000,20505,10,0
50006000,990223,11,0
50006000,990225,12,0
50006000,990113,13,0
50006000,990116,14,0
50006000,990118,15,0
50006000,990220,16,0
50006000,990221,17,1
50006001,990221,1,0
50006001,990119,2,0
50006001,990117,3,0
50006001,990115,4,0
50006001,990114,5,0
50006001,990107,6,0
50006001,990224,7,0
50006001,20510,8,0
50006001,180010,9,0
50006001,20505,10,0
50006001,30385,11,0
50006001,30375,12,0
50006001,30365,13,0
50006001,30355,14,0
50006001,30345,15,0
50006001,990123,16,1
180002700,20395,1,0
180002700,160010,2,0
180002700,160020,3,0
180002700,160030,4,0
180002700,160040,5,0
180002700,160050,6,0
180002700,160060,7,0
180002700,160062,8,0
180002700,160070,9,0
180002700,160080,10,0
180002700,990036,11,0
180002700,990037,12,0
180002700,990038,13,0
180002700,160190,14,0
180002700,160200,15,0
180002700,160210,16,0
180002700,160220,17,0
180002700,160230,18,0
180002700,160240,19,0
180002700,990100,20,0
180002700,990101,21,0
180002700,160350,22,0
180002700,160360,23,0
180002700,160370,24,0
180002700,160450,25,0
180002700,160460,26,0
180002700,160470,27,0
180002700,160480,28,0
180002700,160490,29,0
180002700,160500,30,0
180002700,160510,31,0
180002700,160520,32,0
180002700,160530,33,0
180002700,160540,34,0
180002700,160550,35,0
180002700,160560,36,0
180002700,160570,37,0
180002700,160580,38,0
180002700,160590,39,0
180002700,990039,40,0
180002700,990040,41,0
180002700,160650,42,0
180002700,160660,43,0
180002700,160670,44,0
180002700,160680,45,0
180002700,160690,46,0
180002700,160700,47,0
180002700,160710,48,0
180002700,160005,49,0
180002700,20410,50,0
180002700,20400,51,0
180002700,990041,52,1
180002701,990041,1,0
180002701,990042,2,0
180002701,170500,3,0
180002701,170510,4,0
180002701,170520,5,0
180002701,170530,6,0
180002701,170540,7,0
180002701,170550,8,0
180002701,170560,9,0
180002701,170570,10,0
180002701,170580,11,0
180002701,170590,12,0
180002701,160740,13,0
180002701,170010,14,0
180002701,170020,15,0
180002701,170030,16,0
180002701,170040,17,0
180002701,170050,18,0
180002701,170060,19,0
180002701,170070,20,0
180002701,170080,21,0
180002701,170090,22,0
180002701,170100,23,0
180002701,170110,24,0
180002701,170120,25,0
180002701,170130,26,0
180002701,170140,27,0
180002701,170260,28,0
180002701,170280,29,0
180002701,170290,30,0
180002701,170310,31,0
180002701,170330,32,0
180002701,170350,33,0
180002701,170370,34,0
180002701,170390,35,0
180002701,170400,36,0
180002701,170410,37,0
180002701,170420,38,0
180002701,170430,39,0
180002701,170440,40,0
180002701,170450,41,0
180002701,170460,42,0
180002701,170470,43,0
180002701,170480,44,0
180002701,20385,45,0
180002701,20395,46,1
180003500,180190,1,0
180003500,180200,2,0
180003500,180210,3,0
180003500,180220,4,0
180003500,180230,5,0
180003500,180240,6,0
180003500,180250,7,0
180003500,180260,8,0
180003500,180270,9,0
180003500,180280,10,0
180003500,180290,11,0
180003500,180300,12,0
180003500,180308,13,0
180003500,180310,14,0
180003500,180320,15,0
180003500,180330,16,0
180003500,180340,17,0
180003500,180350,18,0
180003500,180010,19,1
180003501,180010,1,0
180003501,20500,2,0
180003501,180011,3,0
180003501,180012,4,0
180003501,180030,5,0
180003501,180040,6,0
180003501,180050,7,0
180003501,180060,8,0
180003501,180070,9,0
180003501,180080,10,0
180003501,180090,11,0
180003501,180100,12,0
180003501,180110,13,0
180003501,180120,14,0
180003501,180130,15,0
180003501,180140,16,0
180003501,180150,17,0
180003501,180160,18,0
180003501,180170,19,0
180003501,180180,20,0
180003501,180190,21,1
905121700,110288,1,0
905121700,110280,2,0
905121700,110270,3,0
905121700,110260,4,0
905121700,110258,5,0
905121700,120004,6,0
905121700,990323,7,0
905121700,110265,8,0
905121700,110275,9,0
905121700,110285,10,0
905121700,110295,11,0
905121700,110305,12,0
905121700,110315,13,0
905121700,120150,14,0
905121700,120154,15,0
905121700,20145,16,0
905121700,20155,17,0
905121700,20165,18,0
905121700,20175,19,0
905121700,20185,20,0
905121700,20195,21,0
905121700,20197,22,0
905121700,20205,23,0
905121700,20215,24,0
905121700,20217,25,0
905121700,20225,26,0
905121700,20235,27,0
905121700,20245,28,0
905121700,20255,29,0
905121700,20275,30,0
905121700,20285,31,0
905121700,20295,32,0
905121700,20305,33,0
905121700,20315,34,0
905121700,20325,35,0
905121700,20335,36,0
905121700,20345,37,0
905121700,20355,38,0
905121700,20365,39,0
905121700,20375,40,0
905121700,20385,41,0
905121700,20395,42,0
905121700,20405,43,0
905121700,20415,44,0
905121700,20425,45,0
905121700,20435,46,0
905121700,20445,47,0
905121700,20455,48,0
905121700,20465,49,0
905121700,20477,50,0
905121700,20485,51,0
905121700,20495,52,0
905121700,20505,53,0
905121700,990014,54,0
905121700,990016,55,0
905121700,990018,56,0
905121700,990020,57,0
905121700,990022,58,0
905121700,990024,59,0
905121700,990026,60,0
905121700,990028,61,0
905121700,990030,62,0
905121700,990032,63,1
905121701,990033,1,0
905121701,990031,2,0
905121701,990029,3,0
905121701,990027,4,0
905121701,990025,5,0
905121701,990023,6,0
905121701,990021,7,0
905121701,990019,8,0
905121701,990017,9,0
905121701,990015,10,0
905121701,20510,11,0
905121701,20500,12,0
905121701,20482,13,0
905121701,20480,14,0
905121701,20470,15,0
905121701,20460,16,0
905121701,20450,17,0
905121701,20440,18,0
905121701,20430,19,0
905121701,20420,20,0
905121701,20410,21,0
905121701,20400,22,0
905121701,20390,23,0
905121701,20380,24,0
905121701,20370,25,0
905121701,20360,26,0
905121701,20350,27,0
905121701,20340,28,0
905121701,20330,29,0
905121701,20320,30,0
905121701,20310,31,0
905121701,20300,32,0
905121701,20290,33,0
905121701,20270,34,0
905121701,20260,35,0
905121701,20250,36,0
905121701,20240,37,0
905121701,20232,38,0
905121701,20230,39,0
905121701,20220,40,0
905121701,20210,41,0
905121701,20200,42,0
905121701,20190,43,0
905121701,20180,44,0
905121701,20170,45,0
905121701,20160,46,0
905121701,20150,47,0
905121701,120165,48,0
905121701,120155,49,0
905121701,120145,50,0
905121701,110340,51,0
905121701,110330,52,0
905121701,110320,53,0
905121701,110310,54,0
905121701,110300,55,0
905121701,120005,56,0
905121701,110213,57,0
905121701,110215,58,0
905121701,110225,59,0
905121701,110235,60,0
905121701,110245,61,1
905151700,990148,1,0
905151700,30145,2,0
905151700,30135,3,0
905151700,30125,4,0
905151700,30115,5,0
905151700,30105,6,0
905151700,30095,7,0
905151700,30085,8,0
905151700,30075,9,0
905151700,30065,10,0
905151700,30055,11,0
905151700,30045,12,0
905151700,30035,13,0
905151700,990094,14,0
905151700,7101,15,0
905151700,220280,16,0
905151700,220290,17,0
905151700,220300,18,0
905151700,220310,19,0
905151700,220320,20,0
905151700,220330,21,0
905151700,220340,22,0
905151700,220350,23,0
905151700,220360,24,0
905151700,220370,25,0
905151700,220380,26,0
905151700,220390,27,0
905151700,220400,28,0
905151700,220410,29,0
905151700,990150,30,0
905151700,30320,31,0
905151700,30330,32,0
905151700,30340,33,0
905151700,220625,34,0
905151700,30350,35,0
905151700,30360,36,0
905151700,30370,37,0
905151700,30380,38,0
905151700,30382,39,0
905151700,30390,40,0
905151700,20505,41,0
905151700,990014,42,0
905151700,990016,43,0
905151700,990018,44,0
905151700,990020,45,0
905151700,990022,46,0
905151700,990024,47,0
905151700,990026,48,0
905151700,990028,49,0
905151700,990030,50,0
905151700,990032,51,1
905151701,990033,1,0
905151701,990031,2,0
905151701,990029,3,0
905151701,990027,4,0
905151701,990025,5,0
905151701,990023,6,0
905151701,990021,7,0
905151701,990019,8,0
905151701,990017,9,0
905151701,990015,10,0
905151701,20505,11,0
905151701,30385,12,0
905151701,30375,13,0
905151701,30365,14,0
905151701,30355,15,0
905151701,30345,16,0
905151701,220625,17,0
905151701,30335,18,0
905151701,30325,19,0
905151701,30315,20,0
905151701,990149,21,0
905151701,220395,22,0
905151701,220385,23,0
905151701,220375,24,0
905151701,220365,25,0
905151701,220355,26,0
905151701,220345,27,0
905151701,220335,28,0
905151701,220325,29,0
905151701,220315,30,0
905151701,220305,31,0
905151701,220295,32,0
905151701,220285,33,0
905151701,220275,34,0
905151701,220265,35,0
905151701,7102,36,0
905151701,990094,37,0
905151701,30040,38,0
905151701,30050,39,0
905151701,30060,40,0
905151701,30070,41,0
905151701,30080,42,0
905151701,30090,43,0
905151701,30100,44,0
905151701,30110,45,0
905151701,30120,46,0
905151701,30130,47,0
905151701,30140,48,0
905151701,30150,49,0
905151701,990147,50,1
905191700,160070,1,0
905191700,160080,2,0
905191700,990036,3,0
905191700,990037,4,0
905191700,990038,5,0
905191700,160190,6,0
905191700,160200,7,0
905191700,160210,8,0
905191700,160220,9,0
905191700,160230,10,0
905191700,160240,11,0
905191700,970001,12,0
905191700,160300,13,0
905191700,160310,14,0
905191700,160320,15,0
905191700,160330,16,0
905191700,160340,17,0
905191700,160350,18,0
905191700,160360,19,0
905191700,160370,20,0
905191700,160450,21,0
905191700,160460,22,0
905191700,160470,23,0
905191700,160480,24,0
905191700,160490,25,0
905191700,160500,26,0
905191700,160510,27,0
905191700,160520,28,0
905191700,160530,29,0
905191700,160540,30,0
905191700,160550,31,0
905191700,160560,32,0
905191700,160570,33,0
905191700,160580,34,0
905191700,160590,35,0
905191700,990039,36,0
905191700,990040,37,0
905191700,160650,38,0
905191700,160660,39,0
905191700,160670,40,0
905191700,160680,41,0
905191700,160690,42,0
905191700,160700,43,0
905191700,160710,44,0
905191700,160005,45,0
905191700,170040,46,0
905191700,170050,47,0
905191700,170060,48,0
905191700,170070,49,0
905191700,170080,50,0
905191700,170090,51,0
905191700,170100,52,0
905191700,170110,53,0
905191700,170120,54,0
905191700,170130,55,0
905191700,170140,56,0
905191700,170150,57,0
905191700,170152,58,0
905191700,170160,59,0
905191700,170170,60,0
905191700,170180,61,0
905191700,170190,62,0
905191700,20495,63,0
905191700,20505,64,0
905191700,990014,65,0
905191700,990016,66,0
905191700,990018,67,0
905191700,990020,68,0
905191700,990022,69,0
905191700,990024,70,0
905191700,990026,71,0
905191700,990028,72,0
905191700,990030,73,0
905191700,990032,74,1
905191701,990033,1,0
905191701,990031,2,0
905191701,990029,3,0
905191701,990027,4,0
905191701,990025,5,0
905191701,990023,6,0
905191701,990021,7,0
905191701,990019,8,0
905191701,990017,9,0
905191701,990015,10,0
905191701,20510,11,0
905191701,170200,12,0
905191701,170210,13,0
905191701,170220,14,0
905191701,170230,15,0
905191701,170232,16,0
905191701,170240,17,0
905191701,170250,18,0
905191701,170115,19,0
905191701,170105,20,0
905191701,170095,21,0
905191701,170085,22,0
905191701,170075,23,0
905191701,170065,24,0
905191701,170057,25,0
905191701,170055,26,0
905191701,170045,27,0
905191701,170035,28,0
905191701,160010,29,0
905191701,160020,30,0
905191701,160030,31,0
905191701,160040,32,0
905191701,160050,33,0
905191701,160060,34,0
905191701,160062,35,0
905191701,160070,36,0
905191701,160080,37,0
905191701,160082,38,0
905191701,160090,39,0
905191701,160160,40,0
905191701,160170,41,0
905191701,160180,42,0
905191701,160190,43,0
905191701,160200,44,0
905191701,160210,45,0
905191701,160220,46,0
905191701,160230,47,0
905191701,160240,48,0
905191701,970001,49,0
905191701,160300,50,0
905191701,160310,51,0
905191701,160320,52,0
905191701,160330,53,0
905191701,160340,54,0
905191701,160350,55,0
905191701,160360,56,0
905191701,160370,57,0
905191701,160450,58,0
905191701,160460,59,0
905191701,160470,60,0
905191701,160480,61,0
905191701,160490,62,0
905191701,160500,63,0
905191701,160510,64,0
905191701,160520,65,0
905191701,160530,66,0
905191701,160540,67,0
905191701,160550,68,0
905191701,160560,69,0
905191701,160570,70,0
905191701,160580,71,0
905191701,160590,72,0
905191701,990039,73,0
905191701,990040,74,0
905191701,160650,75,1
