'1',5003400,72900,4,'',2
'1',5003401,160400,,'',2
'1',5003600,72900,4,'',2,3000,4,'',2
'1',5003601,160300,,'',2
'34',5003601,152900,,'',2
'1',5003700,70600,4,'',2,1800,4,'',2,8100,4,'',2,3200,4,'',2,6700,4,'',2
'1',5003701,162900,,'',2
'32',5003701,153000,,'',2
'1',5003801,160300,,'',2,10200,,'',2
'34',5003800,72800,4,'',2,7600,4,'',2
'1',1200000200,62400,4,'',1,1500,4,'',1,1800,4,'',1,5700,4,'',1,1400,4,'',1,1600,4,'',1,1300,4,'',1,5300,4,'',1,1100,4,'',1,1100,4,'',1,1400,4,'',1,5500,4,'',1,1500,4,'',1,1800,4,'',1,1500,4,'',1,5400,4,'',1,1700,4,'',1,1500,4,'',1,1500,4,'',1,5500,4,'',1,1500,4,'',1,1500,4,'',1,1500,4,'',1,5500,4,'',1,1500,4,'',1,1500,4,'',1,1500,4,'',1,5500,4,'',1,1500,4,'',1,1500,4,'',1,1500,4,'',1,5500,4,'',1,1500,4,'',1,1500,4,'',1,2100,4,'',1,5700,4,'',1,1700,4,'',1,1500,4,'',1,5500,4,'',1,1600,4,'',1,1600,4,'',1,1500,4,'',1,6000,4,'',1,1300,4,'',1,1100,4,'',1,1500,4,'',1,1300,4,'',1,5400,4,'',1,1500,4,'',1,1200,4,'',1,1500,4,'',1,6700,4,'',1,2500,4,'',1,7000,4,'',1,2900,4,'',1,7000,4,'',1,3000,4,'',1,6900,4,'',1,3000,4,'',1,7000,4,'',1,3000,4,'',1
'1',1200000201,62900,,'',1,1500,,'',1,5800,,'',1,1700,,'',1,1400,,'',1,1600,,'',1,5300,,'',1,1300,,'',1,1100,,'',1,1100,,'',1,1400,,'',1,5500,,'',1,1500,,'',1,1800,,'',1,1500,,'',1,5400,,'',1,1700,,'',1,1500,,'',1,1500,,'',1,5500,,'',1,1500,,'',1,1500,,'',1,1500,,'',1,5500,,'',1,1500,,'',1,1500,,'',1,1500,,'',1,5500,,'',1,1500,,'',1,1500,,'',1,1500,,'',1,5500,,'',1,1500,,'',1,1500,,'',1,1500,,'',1,5200,,'',1,1100,,'',1,1700,,'',1,1500,,'',1,5500,,'',1,1200,,'',1,1300,,'',1,1100,,'',1,1300,,'',1,5800,,'',1,1300,,'',1,1200,,'',1,1400,,'',1,5300,,'',1,1400,,'',1,1500,,'',1,1200,,'',1,5500,,'',1,2700,,'',1,2500,,'',1,7000,,'',1,2700,,'',1,7200,,'',1,2500,,'',1,6900,,'',1,3000,,'',1,7000,,'',1,8600,,'',1
'2',1200000200,62400,4,'',1,1500,4,'',1,1800,4,'',1,5700,4,'',1,2000,4,'',1,1700,4,'',1,5600,4,'',1,1400,4,'',1,1100,4,'',1,1400,4,'',1,5500,4,'',1,1500,4,'',1,1800,4,'',1,1500,4,'',1,7100,4,'',1,3000,4,'',1,7000,4,'',1,3000,4,'',1,7000,4,'',1,3000,4,'',1,7000,4,'',1,3000,4,'',1,7000,4,'',1,3600,4,'',1,5700,4,'',1,1700,4,'',1,1500,4,'',1,5500,4,'',1,1600,4,'',1,1600,4,'',1,1500,4,'',1,6000,4,'',1,1300,4,'',1,1100,4,'',1,1500,4,'',1,1300,4,'',1,5400,4,'',1,1500,4,'',1,1200,4,'',1,1500,4,'',1,6700,4,'',1,2500,4,'',1,7000,4,'',1,2900,4,'',1,7000,4,'',1,3000,4,'',1,6900,4,'',1,3000,4,'',1,7000,4,'',1,3000,4,'',1
'2',1200000201,62900,,'',1,1500,,'',1,5800,,'',1,1700,,'',1,2000,,'',1,1700,,'',1,5600,,'',1,1400,,'',1,1100,,'',1,1400,,'',1,5500,,'',1,1500,,'',1,1800,,'',1,1500,,'',1,7100,,'',1,3000,,'',1,7000,,'',1,3000,,'',1,7000,,'',1,3000,,'',1,7000,,'',1,3000,,'',1,7000,,'',1,7600,,'',1,1700,,'',1,1700,,'',1,1500,,'',1,5500,,'',1,1600,,'',1,1600,,'',1,1700,,'',1,5800,,'',1,1300,,'',1,1200,,'',1,1400,,'',1,5300,,'',1,1400,,'',1,1500,,'',1,1200,,'',1,5500,,'',1,2700,,'',1,2500,,'',1,7000,,'',1,2700,,'',1,7200,,'',1,2500,,'',1,6900,,'',1,3000,,'',1,7000,,'',1,8600,,'',1
'5',1200000200,74500,4,'',1,7000,4,'',1,3000,4,'',1,7000,4,'',1,3000,4,'',1,7000,4,'',1,3100,4,'',1,7000,4,'',1,3100,4,'',1,7000,4,'',1,3000,4,'',1,7000,4,'',1,3000,4,'',1,7100,4,'',1,3000,4,'',1,7000,4,'',1,3000,4,'',1,7000,4,'',1,3000,4,'',1,6900,4,'',1,3000,4,'',1,7000,4,'',1,3000,4,'',1,6900,4,'',1,3000,4,'',1
'5',1200000201,64500,,'',1,7000,,'',1,3000,,'',1,7000,,'',1,3100,,'',1,7000,,'',1,3000,,'',1,7100,,'',1,3100,,'',1,7100,,'',1,3100,,'',1,6900,,'',1,3100,,'',1,7000,,'',1,3100,,'',1,7000,,'',1,3000,,'',1,7000,,'',1,3000,,'',1,7100,,'',1,2900,,'',1,7000,,'',1,3000,,'',1,7000,,'',1,2500,,'',1,7000,,'',1,3000,,'',1
'6',1200000200,201600,4,'',1,2900,4,'',1,6900,4,'',1,3000,4,'',1,7000,4,'',1,3000,4,'',1,7000,4,'',1,3000,4,'',1
'6',1200000201,201600,,'',1,2900,,'',1,6900,,'',1,3000,,'',1,7000,,'',1,3000,,'',1,7000,,'',1,8700,,'',1
'7',1200000200,74500,4,'',1,7000,4,'',1,3000,4,'',1,7000,4,'',1,3000,4,'',1,7000,4,'',1,3100,4,'',1,7000,4,'',1,3100,4,'',1,7000,4,'',1,3000,4,'',1,7000,4,'',1,3000,4,'',1,7100,4,'',1,3000,4,'',1,7000,4,'',1,3000,4,'',1,7000,4,'',1,3000,4,'',1,6900,4,'',1,3000,4,'',1,7000,4,'',1,3000,4,'',1,6900,4,'',1,3000,4,'',1
'7',1200000201,74500,,'',1,7000,,'',1,3100,,'',1,7000,,'',1,3000,,'',1,7100,,'',1,3100,,'',1,7100,,'',1,3100,,'',1,6900,,'',1,3100,,'',1,7000,,'',1,3100,,'',1,7000,,'',1,3000,,'',1,7000,,'',1,3000,,'',1,7100,,'',1,2900,,'',1,7000,,'',1,3000,,'',1,7000,,'',1,2500,,'',1,7000,,'',1,3000,,'',1
'8',1200000200,201600,4,'',1,2800,4,'',1
'8',1200000201,201600,,'',1,2900,,'',1
'1',1200000300,63600,4,'',1,1800,4,'',1,5700,4,'',1,1000,4,'',1,1000,4,'',1,1700,4,'',1,5700,4,'',1,1500,4,'',1,1200,4,'',1,1400,4,'',1,5800,4,'',1,1400,4,'',1,2400,4,'',1,7000,4,'',1,3000,4,'',1,7000,4,'',1,3000,4,'',1,7000,4,'',1,3000,4,'',1,7000,4,'',1,3000,4,'',1,7000,4,'',1,3000,4,'',1,6000,4,'',1,2700,4,'',1,2800,4,'',1,7000,4,'',1,2900,4,'',1,7000,4,'',1,2900,4,'',1,7000,4,'',1,2500,4,'',1,6900,4,'',1,2900,4,'',1,6900,4,'',1,2900,4,'',1,7000,4,'',1
'1',1200000301,64100,,'',1,1800,,'',1,6700,,'',1,3300,,'',1,6600,,'',1,2600,,'',1,7200,,'',1,2400,,'',1,7000,,'',1,3000,,'',1,7000,,'',1,3000,,'',1,7000,,'',1,3000,,'',1,7000,,'',1,3000,,'',1,7000,,'',1,3000,,'',1,5800,,'',1,1500,,'',1,1800,,'',1,1800,,'',1,5300,,'',1,1300,,'',1,1500,,'',1,1800,,'',1,5600,,'',1,2000,,'',1,1400,,'',1,5500,,'',1,3000,,'',1,2500,,'',1,6900,,'',1,2900,,'',1,6900,,'',1,2700,,'',1,7200,,'',1
'2',1200000300,63600,4,'',1,1800,4,'',1,5700,4,'',1,1000,4,'',1,1000,4,'',1,1700,4,'',1,5700,4,'',1,1500,4,'',1,1200,4,'',1,1400,4,'',1,5800,4,'',1,1400,4,'',1,2400,4,'',1,7000,4,'',1,3000,4,'',1,7000,4,'',1,3000,4,'',1,7000,4,'',1,3000,4,'',1,7000,4,'',1,3000,4,'',1,7000,4,'',1,3000,4,'',1,6000,4,'',1,2700,4,'',1,2800,4,'',1,7000,4,'',1,2900,4,'',1,7000,4,'',1,2900,4,'',1,7000,4,'',1,2500,4,'',1,6900,4,'',1,2900,4,'',1,6900,4,'',1,2900,4,'',1,7000,4,'',1
'2',1200000301,64100,,'',1,1800,,'',1,6700,,'',1,3300,,'',1,6600,,'',1,2600,,'',1,7200,,'',1,2400,,'',1,7000,,'',1,3000,,'',1,7000,,'',1,3000,,'',1,7000,,'',1,3000,,'',1,7000,,'',1,3000,,'',1,7000,,'',1,3000,,'',1,5800,,'',1,1500,,'',1,1800,,'',1,1800,,'',1,5300,,'',1,1300,,'',1,1500,,'',1,1800,,'',1,5600,,'',1,2000,,'',1,1400,,'',1,5500,,'',1,3000,,'',1,2500,,'',1,6900,,'',1,2900,,'',1,6900,,'',1,2700,,'',1,7200,,'',1
'5',1200000300,71000,4,'',1,3000,4,'',1,7000,4,'',1,3100,4,'',1,7000,4,'',1,3000,4,'',1,7100,4,'',1,3100,4,'',1,7000,4,'',1,3100,4,'',1,7000,4,'',1,3100,4,'',1,6900,4,'',1,3100,4,'',1,7100,4,'',1,3000,4,'',1,7000,4,'',1,3000,4,'',1,7000,4,'',1,3000,4,'',1,7000,4,'',1,3000,4,'',1,7000,4,'',1,3000,4,'',1
'5',1200000301,72000,,'',1,3000,,'',1,7000,,'',1,3000,,'',1,7000,,'',1,3000,,'',1,7000,,'',1,3100,,'',1,7000,,'',1,3100,,'',1,7000,,'',1,3000,,'',1,7000,,'',1,3000,,'',1,7100,,'',1,3000,,'',1,7000,,'',1,3000,,'',1,7000,,'',1,3000,,'',1,6900,,'',1,3000,,'',1,7000,,'',1,3000,,'',1
'7',1200000300,74000,4,'',1,7000,4,'',1,3100,4,'',1,7000,4,'',1,3000,4,'',1,7100,4,'',1,3100,4,'',1,7000,4,'',1,3100,4,'',1,7000,4,'',1,3100,4,'',1,6900,4,'',1,3100,4,'',1,7100,4,'',1,3000,4,'',1,7000,4,'',1,3000,4,'',1,7000,4,'',1,3000,4,'',1,7000,4,'',1,3000,4,'',1,7000,4,'',1,3000,4,'',1
'7',1200000301,75000,,'',1,7000,,'',1,3000,,'',1,7000,,'',1,3000,,'',1,7000,,'',1,3100,,'',1,7000,,'',1,3100,,'',1,7000,,'',1,3000,,'',1,7000,,'',1,3000,,'',1,7100,,'',1,3000,,'',1,7000,,'',1,3000,,'',1,7000,,'',1,3000,,'',1,6900,,'',1,3000,,'',1,7000,,'',1,3000,,'',1
