'50',5003400,72100,4,'',2
'50',5003600,72100,4,'',2,2820,4,'',2
'50',5003700,65800,4,'',2,5800,4,'',2,3920,4,'',2
'51',5003700,82810,4,'',2,2700,4,'',2
'80',5003800,72000,4,'',2,3420,4,'',2
'50',1200000200,61650,4,'',1,1500,4,'',1,1800,4,'',1,5650,4,'',1,1400,4,'',1,1420,4,'',1,1300,4,'',1,5300,4,'',1,1190,4,'',1,1100,4,'',1,1400,4,'',1,1500,4,'',1,5500,4,'',1,1800,4,'',1,1500,4,'',1,1400,4,'',1,5700,4,'',1,1500,4,'',1,1500,4,'',1,1500,4,'',1,5500,4,'',1,1500,4,'',1,1500,4,'',1,1500,4,'',1,5500,4,'',1,1500,4,'',1,1500,4,'',1,1500,4,'',1,5500,4,'',1,1500,4,'',1,1500,4,'',1,1500,4,'',1,5500,4,'',1,1500,4,'',1,2100,4,'',1,5700,4,'',1,1610,4,'',1,1500,4,'',1,1500,4,'',1,5600,4,'',1,1600,4,'',1,1500,4,'',1,2090,4,'',1,5300,4,'',1,1100,4,'',1,1500,4,'',1,1300,4,'',1,5400,4,'',1,1500,4,'',1,1340,4,'',1,1500,4,'',1,6700,4,'',1,2500,4,'',1,7000,4,'',1,2900,4,'',1,7000,4,'',1,3000,4,'',1,6900,4,'',1,3000,4,'',1,7000,4,'',1,3000,4,'',1
'52',1200000200,73750,4,'',1,7000,4,'',1,3000,4,'',1,7000,4,'',1,3000,4,'',1,7000,4,'',1,3100,4,'',1,7000,4,'',1,3100,4,'',1,7000,4,'',1,3000,4,'',1,7000,4,'',1,3000,4,'',1,7050,4,'',1,3000,4,'',1,7000,4,'',1,3000,4,'',1,7000,4,'',1,3000,4,'',1,6900,4,'',1,3000,4,'',1,7000,4,'',1,3000,4,'',1,6950,4,'',1,3000,4,'',1,7000,4,'',1,2900,4,'',1,6900,4,'',1,3000,4,'',1,7000,4,'',1,3000,4,'',1,7000,4,'',1,3000,4,'',1
'53',1200000200,73750,4,'',1,7000,4,'',1,3000,4,'',1,7000,4,'',1,3000,4,'',1,7000,4,'',1,3100,4,'',1,7000,4,'',1,3100,4,'',1,7000,4,'',1,3000,4,'',1,7000,4,'',1,3000,4,'',1,7050,4,'',1,3000,4,'',1,7000,4,'',1,3000,4,'',1,7000,4,'',1,3000,4,'',1,6900,4,'',1,3000,4,'',1,7000,4,'',1,3000,4,'',1,6950,4,'',1,3000,4,'',1,7000,4,'',1,2800,4,'',1
'50',1200000300,62850,4,'',1,1800,4,'',1,5650,4,'',1,1000,4,'',1,1000,4,'',1,1520,4,'',1,1700,4,'',1,5500,4,'',1,1290,4,'',1,1400,4,'',1,1800,4,'',1,5400,4,'',1,2400,4,'',1,7000,4,'',1,3000,4,'',1,7000,4,'',1,3000,4,'',1,7000,4,'',1,3000,4,'',1,7000,4,'',1,3000,4,'',1,7000,4,'',1,3000,4,'',1,2000,4,'',1,6610,4,'',1,2800,4,'',1,7000,4,'',1,2900,4,'',1,7090,4,'',1,2900,4,'',1,7000,4,'',1,2640,4,'',1,6900,4,'',1,2900,4,'',1,6900,4,'',1,2900,4,'',1,7000,4,'',1
'52',1200000300,70250,4,'',1,3000,4,'',1,7000,4,'',1,3100,4,'',1,7000,4,'',1,3000,4,'',1,7100,4,'',1,3100,4,'',1,7000,4,'',1,3100,4,'',1,7000,4,'',1,3100,4,'',1,6900,4,'',1,3100,4,'',1,7050,4,'',1,3000,4,'',1,7000,4,'',1,3000,4,'',1,7000,4,'',1,3000,4,'',1,7000,4,'',1,3000,4,'',1,7000,4,'',1,3000,4,'',1
'53',1200000300,73250,4,'',1,7000,4,'',1,3100,4,'',1,7000,4,'',1,3000,4,'',1,7100,4,'',1,3100,4,'',1,7000,4,'',1,3100,4,'',1,7000,4,'',1,3100,4,'',1,6900,4,'',1,3100,4,'',1,7050,4,'',1,3000,4,'',1,7000,4,'',1,3000,4,'',1,7000,4,'',1,3000,4,'',1,7000,4,'',1,3000,4,'',1,7000,4,'',1,3000,4,'',1
