'1',5003400,72350,4,'',2
'2',5003400,72350,4,'',2
'1',5003600,72350,4,'',2,2900,4,'',2
'2',5003600,72350,4,'',2
'1',5003700,70350,4,'',2,1500,4,'',2,3800,4,'',2,7270,4,'',2,2900,4,'',2
'2',5003700,72350,4,'',2
'1',1200000200,61900,4,'',1,1500,4,'',1,1800,4,'',1,5630,4,'',1,1000,4,'',1,970,4,'',1,840,4,'',1,800,4,'',1,900,4,'',1,4700,4,'',1,1200,4,'',1,300,4,'',1,1060,4,'',1,1400,4,'',1,1500,4,'',1,5500,4,'',1,1800,4,'',1,1500,4,'',1,1400,4,'',1,5700,4,'',1,1500,4,'',1,1500,4,'',1,1500,4,'',1,5500,4,'',1,1500,4,'',1,1500,4,'',1,1500,4,'',1,5500,4,'',1,1500,4,'',1,1500,4,'',1,1500,4,'',1,5500,4,'',1,1500,4,'',1,1500,4,'',1,1500,4,'',1,5500,4,'',1,1500,4,'',1,2100,4,'',1,5700,4,'',1,1640,4,'',1,1500,4,'',1,1500,4,'',1,5600,4,'',1,1600,4,'',1,1500,4,'',1,1600,4,'',1,4460,4,'',1,1300,4,'',1,1100,4,'',1,1500,4,'',1,1300,4,'',1,5400,4,'',1,1500,4,'',1,1300,4,'',1,1500,4,'',1,6700,4,'',1,2500,4,'',1,7000,4,'',1,2900,4,'',1,7000,4,'',1,3000,4,'',1,6900,4,'',1,3000,4,'',1,7000,4,'',1,3000,4,'',1
'2',1200000200,61900,4,'',1,1500,4,'',1,1800,4,'',1,5630,4,'',1,1900,4,'',1,1710,4,'',1,5600,4,'',1,1500,4,'',1,1060,4,'',1,1400,4,'',1,1500,4,'',1,5500,4,'',1,1800,4,'',1,1500,4,'',1,7100,4,'',1,3000,4,'',1,7000,4,'',1,3000,4,'',1,7000,4,'',1,3000,4,'',1,7000,4,'',1,3000,4,'',1,7000,4,'',1,3600,4,'',1,5700,4,'',1,1640,4,'',1,1500,4,'',1,1500,4,'',1,5600,4,'',1,1600,4,'',1,1500,4,'',1,6060,4,'',1,1300,4,'',1,1100,4,'',1,1500,4,'',1,1300,4,'',1,5400,4,'',1,1500,4,'',1,2800,4,'',1,6700,4,'',1,2500,4,'',1,7000,4,'',1,2900,4,'',1,7000,4,'',1,3000,4,'',1,6900,4,'',1,3000,4,'',1,7000,4,'',1,3000,4,'',1
'6',1200000200,74000,4,'',1,7000,4,'',1,3000,4,'',1,7000,4,'',1,3000,4,'',1,7000,4,'',1,3100,4,'',1,7000,4,'',1,3100,4,'',1,7000,4,'',1,3000,4,'',1,7000,4,'',1,3000,4,'',1,7030,4,'',1,3000,4,'',1,7000,4,'',1,3000,4,'',1,7000,4,'',1,3000,4,'',1,6900,4,'',1,3000,4,'',1,7000,4,'',1,3000,4,'',1,6970,4,'',1,3000,4,'',1,7000,4,'',1,2800,4,'',1,7000,4,'',1,3000,4,'',1,7000,4,'',1,3000,4,'',1,7000,4,'',1,3000,4,'',1
'7',1200000200,74000,4,'',1,7000,4,'',1,3000,4,'',1,7000,4,'',1,3000,4,'',1,7000,4,'',1,3100,4,'',1,7000,4,'',1,3100,4,'',1,7000,4,'',1,3000,4,'',1,7000,4,'',1,3000,4,'',1,7030,4,'',1,3000,4,'',1,7000,4,'',1,3000,4,'',1,7000,4,'',1,3000,4,'',1,6900,4,'',1,3000,4,'',1,7000,4,'',1,3000,4,'',1,6970,4,'',1,3000,4,'',1
'8',1200000200,201100,4,'',1,2800,4,'',1
'1',1200000300,63100,4,'',1,1800,4,'',1,5630,4,'',1,1000,4,'',1,1000,4,'',1,1610,4,'',1,1700,4,'',1,5500,4,'',1,1260,4,'',1,1400,4,'',1,1800,4,'',1,5400,4,'',1,2400,4,'',1,7000,4,'',1,3000,4,'',1,7000,4,'',1,3000,4,'',1,7000,4,'',1,3000,4,'',1,7000,4,'',1,3000,4,'',1,7000,4,'',1,3000,4,'',1,2000,4,'',1,6640,4,'',1,2700,4,'',1,7100,4,'',1,3000,4,'',1,6960,4,'',1,2900,4,'',1,7000,4,'',1,2600,4,'',1,6900,4,'',1,2900,4,'',1,6900,4,'',1,2900,4,'',1,7000,4,'',1
'2',1200000300,63100,4,'',1,1800,4,'',1,5630,4,'',1,1000,4,'',1,1000,4,'',1,1610,4,'',1,1700,4,'',1,5500,4,'',1,1260,4,'',1,1400,4,'',1,1800,4,'',1,5400,4,'',1,2400,4,'',1,7000,4,'',1,3000,4,'',1,7000,4,'',1,3000,4,'',1,7000,4,'',1,3000,4,'',1,7000,4,'',1,3000,4,'',1,7000,4,'',1,3000,4,'',1,2000,4,'',1,6640,4,'',1,2700,4,'',1,7100,4,'',1,3000,4,'',1,6960,4,'',1,2900,4,'',1,7000,4,'',1,2600,4,'',1,6900,4,'',1,2900,4,'',1,6900,4,'',1,2900,4,'',1,7000,4,'',1
'6',1200000300,70500,4,'',1,3000,4,'',1,7000,4,'',1,3100,4,'',1,7000,4,'',1,3000,4,'',1,7100,4,'',1,3100,4,'',1,7000,4,'',1,3100,4,'',1,7000,4,'',1,3000,4,'',1,7100,4,'',1,2900,4,'',1,7130,4,'',1,3000,4,'',1,7000,4,'',1,3000,4,'',1,7000,4,'',1,3000,4,'',1,7000,4,'',1,3000,4,'',1,7000,4,'',1,3000,4,'',1
'7',1200000300,73500,4,'',1,7000,4,'',1,3100,4,'',1,7000,4,'',1,3000,4,'',1,7100,4,'',1,3100,4,'',1,7000,4,'',1,3100,4,'',1,7000,4,'',1,3000,4,'',1,7100,4,'',1,2900,4,'',1,7130,4,'',1,3000,4,'',1,7000,4,'',1,3000,4,'',1,7000,4,'',1,3000,4,'',1,7000,4,'',1,3000,4,'',1,7000,4,'',1,3000,4,'',1
