1100,110245,1,0
1100,110247,2,0
1100,110255,3,0
1100,110265,4,0
1100,110275,5,0
1100,110285,6,0
1100,110295,7,0
1100,110305,8,0
1100,110315,9,0
1100,110325,10,0
1100,110335,11,0
1100,110345,12,0
1100,110355,13,0
1100,110365,14,0
1100,110375,15,0
1100,110385,16,0
1100,110405,17,0
1100,110415,18,0
1100,20120,19,0
1100,110425,20,0
1100,110435,21,0
1100,110445,22,0
1100,110455,23,0
1100,110465,24,0
1100,110475,25,0
1100,110485,26,0
1100,110495,27,0
1100,110505,28,0
1100,110515,29,0
1100,110525,30,0
1100,110527,31,0
1100,110535,32,0
1100,110545,33,0
1100,110555,34,0
1100,110565,35,0
1100,110575,36,0
1100,110585,37,0
1100,110605,38,0
1100,110615,39,0
1100,110625,40,0
1100,110635,41,0
1100,20225,42,0
1100,110645,43,0
1100,110655,44,0
1100,110657,45,0
1100,110665,46,0
1100,110675,47,0
1100,110677,48,0
1100,110685,49,0
1100,110695,50,0
1100,110705,51,0
1100,110707,52,0
1100,110715,53,0
1100,110725,54,0
1100,110735,55,0
1100,110745,56,0
1100,110755,57,0
1100,110765,58,0
1100,20030,59,0
1100,20020,60,0
1100,20010,61,0
1100,110003,62,1
1101,110003,1,0
1101,110005,2,0
1101,110015,3,0
1101,110025,4,0
1101,110035,5,0
1101,110045,6,0
1101,110047,7,0
1101,20065,8,0
1101,20075,9,0
1101,20085,10,0
1101,110055,11,0
1101,110065,12,0
1101,110075,13,0
1101,110085,14,0
1101,110095,15,0
1101,110105,16,0
1101,110115,17,0
1101,110125,18,0
1101,110127,19,0
1101,110135,20,0
1101,110145,21,0
1101,110155,22,0
1101,110165,23,0
1101,110175,24,0
1101,110177,25,0
1101,110185,26,0
1101,110195,27,0
1101,110205,28,0
1101,110207,29,0
1101,110213,30,0
1101,110215,31,0
1101,110225,32,0
1101,110235,33,0
1101,110245,34,1
1400,140109,1,0
1400,140115,2,0
1400,140125,3,0
1400,140133,4,0
1400,140135,5,0
1400,140020,6,0
1400,110590,7,0
1400,110580,8,0
1400,20220,9,0
1400,20210,10,0
1400,20200,11,0
1400,20190,12,0
1400,140030,13,0
1400,140040,14,0
1400,140050,15,0
1400,140060,16,0
1400,140070,17,0
1400,140080,18,0
1400,110755,19,0
1400,140090,20,0
1400,140100,21,0
1400,110030,22,0
1400,110020,23,0
1400,110010,24,0
1400,140005,25,1
1401,140005,1,0
1401,110005,2,0
1401,110015,3,0
1401,110025,4,0
1401,140015,5,0
1401,110830,6,0
1401,110820,7,0
1401,140025,8,0
1401,140035,9,0
1401,140045,10,0
1401,140055,11,0
1401,140065,12,0
1401,140075,13,0
1401,140085,14,0
1401,20195,15,0
1401,20197,16,0
1401,20205,17,0
1401,110535,18,0
1401,110545,19,0
1401,110555,20,0
1401,110565,21,0
1401,140095,22,0
1401,140105,23,0
1401,140107,24,0
1401,140109,25,0
1401,140115,26,0
1401,140125,27,1
1500,150415,1,0
1500,150405,2,0
1500,150395,3,0
1500,150347,4,0
1500,150345,5,0
1500,150335,6,0
1500,150325,7,0
1500,150315,8,0
1500,150305,9,0
1500,150295,10,0
1500,150285,11,0
1500,150275,12,0
1500,150265,13,0
1500,150255,14,0
1500,150245,15,0
1500,150235,16,0
1500,150225,17,0
1500,150215,18,0
1500,150205,19,0
1500,150195,20,0
1500,150185,21,0
1500,150175,22,0
1500,150165,23,0
1500,150155,24,0
1500,150145,25,0
1500,150093,26,0
1500,150095,27,0
1500,150085,28,0
1500,110598,29,0
1500,110590,30,0
1500,150075,31,0
1500,150065,32,0
1500,150055,33,0
1500,150035,34,0
1500,110635,35,0
1500,20232,36,0
1500,20230,37,1
1501,20230,1,0
1501,110535,2,0
1501,110545,3,0
1501,110555,4,0
1501,110565,5,0
1501,110575,6,0
1501,150080,7,0
1501,150082,8,0
1501,150090,9,0
1501,150100,10,0
1501,150110,11,0
1501,150120,12,0
1501,150130,13,0
1501,150140,14,0
1501,150150,15,0
1501,150160,16,0
1501,150170,17,0
1501,150180,18,0
1501,150190,19,0
1501,150200,20,0
1501,150210,21,0
1501,150220,22,0
1501,150230,23,0
1501,150240,24,0
1501,150250,25,0
1501,150260,26,0
1501,150270,27,0
1501,150280,28,0
1501,150290,29,0
1501,150320,30,0
1501,150330,31,0
1501,150340,32,0
1501,150415,33,1
1900,190010,1,0
1900,190020,2,0
1900,190030,3,0
1900,190040,4,0
1900,190050,5,0
1900,190060,6,0
1900,190070,7,0
1900,190080,8,0
1900,190090,9,0
1900,190100,10,0
1900,190110,11,0
1900,190120,12,0
1900,190130,13,0
1900,190140,14,0
1900,190150,15,0
1900,190160,16,0
1900,190162,17,0
1900,190164,18,0
1900,190166,19,0
1900,190220,20,0
1900,190230,21,0
1900,190240,22,0
1900,190250,23,0
1900,190252,24,0
1900,190254,25,0
1900,190290,26,0
1900,190292,27,0
1900,190310,28,0
1900,190320,29,0
1900,190330,30,0
1900,190340,31,0
1900,190117,32,0
1900,190115,33,0
1900,190105,34,0
1900,190170,35,0
1900,190180,36,0
1900,190103,37,0
1900,190370,38,0
1900,190380,39,0
1900,190390,40,0
1900,190400,41,0
1900,190410,42,0
1900,190420,43,0
1900,190382,44,0
1900,190430,45,0
1900,190440,46,0
1900,190450,47,0
1900,190460,48,0
1900,190470,49,0
1900,190480,50,0
1900,190482,51,0
1900,190486,52,0
1900,190492,53,0
1900,190550,54,0
1900,190560,55,0
1900,190580,56,0
1900,180025,57,0
1900,180015,58,0
1900,180005,59,0
1900,180330,60,0
1900,180340,61,0
1900,180350,62,0
1900,180010,63,1
1901,180010,1,0
1901,180020,2,0
1901,180030,3,0
1901,180040,4,0
1901,180050,5,0
1901,190395,6,0
1901,190385,7,0
1901,190375,8,0
1901,190367,9,0
1901,190361,10,0
1901,190359,11,0
1901,190357,12,0
1901,190355,13,0
1901,190345,14,0
1901,190335,15,0
1901,190325,16,0
1901,190323,17,0
1901,190390,18,0
1901,190400,19,0
1901,190410,20,0
1901,190420,21,0
1901,190315,22,0
1901,190305,23,0
1901,190295,24,0
1901,190188,25,0
1901,190095,26,0
1901,190190,27,0
1901,190192,28,0
1901,190267,29,0
1901,190265,30,0
1901,190255,31,0
1901,190245,32,0
1901,190219,33,0
1901,190217,34,0
1901,190215,35,0
1901,190187,36,0
1901,190185,37,0
1901,190175,38,0
1901,190165,39,0
1901,190155,40,0
1901,190145,41,0
1901,190089,42,0
1901,190087,43,0
1901,190085,44,0
1901,190075,45,0
1901,190065,46,0
1901,190055,47,0
1901,190045,48,0
1901,190035,49,0
1901,190025,50,0
1901,190015,51,0
1901,190010,52,0
1901,190020,53,0
1901,190030,54,0
1901,190040,55,0
1901,190050,56,0
1901,190060,57,0
1901,190070,58,0
1901,190080,59,1
2200,220005,1,0
2200,220010,2,0
2200,220020,3,0
2200,220030,4,0
2200,220040,5,0
2200,220050,6,0
2200,220060,7,0
2200,220147,8,0
2200,220090,9,0
2200,220100,10,0
2200,220110,11,0
2200,220120,12,0
2200,220130,13,0
2200,220140,14,0
2200,220150,15,0
2200,220160,16,0
2200,220170,17,0
2200,220172,18,0
2200,220180,19,0
2200,220236,20,0
2200,220240,21,0
2200,220182,22,0
2200,220238,23,0
2200,220260,24,0
2200,220270,25,0
2200,220280,26,0
2200,220290,27,0
2200,220300,28,0
2200,220310,29,0
2200,220320,30,0
2200,220330,31,0
2200,220340,32,0
2200,220350,33,0
2200,220360,34,0
2200,220370,35,0
2200,220380,36,0
2200,220390,37,0
2200,220400,38,0
2200,220410,39,0
2200,220420,40,0
2200,220430,41,0
2200,220488,42,0
2200,220490,43,0
2200,220500,44,0
2200,220510,45,0
2200,220520,46,0
2200,220530,47,0
2200,220540,48,0
2200,220550,49,0
2200,220560,50,0
2200,220570,51,0
2200,220580,52,0
2200,220582,53,0
2200,220620,54,0
2200,990150,55,0
2200,30320,56,0
2200,30330,57,0
2200,30340,58,0
2200,220625,59,1
2201,220625,1,0
2201,30335,2,0
2201,30325,3,0
2201,30315,4,0
2201,220615,5,0
2201,220605,6,0
2201,220603,7,0
2201,220565,8,0
2201,220555,9,0
2201,220545,10,0
2201,220535,11,0
2201,220525,12,0
2201,220515,13,0
2201,220505,14,0
2201,220495,15,0
2201,220485,16,0
2201,220475,17,0
2201,220407,18,0
2201,220405,19,0
2201,990149,20,0
2201,220395,21,0
2201,220385,22,0
2201,220375,23,0
2201,220365,24,0
2201,220355,25,0
2201,220345,26,0
2201,220335,27,0
2201,220325,28,0
2201,220315,29,0
2201,220305,30,0
2201,220295,31,0
2201,220285,32,0
2201,220275,33,0
2201,220265,34,0
2201,220255,35,0
2201,220245,36,0
2201,220235,37,0
2201,220225,38,0
2201,220223,39,0
2201,220173,40,0
2201,220165,41,0
2201,220155,42,0
2201,220233,43,0
2201,220227,44,0
2201,220162,45,0
2201,220145,46,0
2201,220135,47,0
2201,220125,48,0
2201,220115,49,0
2201,220105,50,0
2201,220095,51,0
2201,220085,52,0
2201,220068,53,0
2201,220065,54,0
2201,220055,55,0
2201,220045,56,0
2201,220035,57,0
2201,220025,58,0
2201,220015,59,0
2201,220005,60,0
2201,220010,61,1
2300,230045,1,0
2300,230035,2,0
2300,230025,3,0
2300,230015,4,0
2300,230005,5,0
2300,230010,6,0
2300,230020,7,0
2300,230030,8,0
2300,230040,9,0
2300,230050,10,0
2300,230060,11,0
2300,230070,12,0
2300,230080,13,0
2300,230090,14,0
2300,230100,15,0
2300,230110,16,0
2300,230118,17,0
2300,230120,18,0
2300,230130,19,0
2300,230140,20,0
2300,230150,21,0
2300,230160,22,0
2300,230170,23,0
2300,230180,24,0
2300,230182,25,0
2300,230184,26,0
2300,230220,27,0
2300,230222,28,0
2300,230230,29,0
2300,230242,30,0
2300,230244,31,0
2300,230250,32,0
2300,230260,33,0
2300,230172,34,0
2300,230174,35,0
2300,230270,36,0
2300,230280,37,0
2300,230290,38,0
2300,230300,39,0
2300,230310,40,0
2300,230320,41,0
2300,230330,42,0
2300,230340,43,0
2300,230360,44,0
2300,230370,45,0
2300,230380,46,0
2300,230390,47,0
2300,230398,48,0
2300,230400,49,0
2300,230410,50,0
2300,230420,51,0
2300,230430,52,0
2300,230440,53,0
2300,230450,54,0
2300,230460,55,0
2300,230470,56,0
2300,230480,57,0
2300,230490,58,0
2300,230500,59,0
2300,230510,60,0
2300,230520,61,0
2300,230530,62,0
2300,230540,63,0
2300,30345,64,0
2300,230685,65,1
2301,230685,1,0
2301,230495,2,0
2301,230485,3,0
2301,230475,4,0
2301,230465,5,0
2301,230455,6,0
2301,230445,7,0
2301,230435,8,0
2301,230425,9,0
2301,230410,10,0
2301,230420,11,0
2301,230430,12,0
2301,230440,13,0
2301,230450,14,0
2301,230460,15,0
2301,230470,16,0
2301,230415,17,0
2301,230413,18,0
2301,230405,19,0
2301,230395,20,0
2301,230397,21,0
2301,230385,22,0
2301,230375,23,0
2301,230365,24,0
2301,230355,25,0
2301,230345,26,0
2301,230335,27,0
2301,230325,28,0
2301,230315,29,0
2301,230305,30,0
2301,230295,31,0
2301,230285,32,0
2301,230275,33,0
2301,230273,34,0
2301,230265,35,0
2301,230255,36,0
2301,230247,37,0
2301,230245,38,0
2301,230237,39,0
2301,230235,40,0
2301,230197,41,0
2301,230195,42,0
2301,230185,43,0
2301,230175,44,0
2301,230297,45,0
2301,230215,46,0
2301,230165,47,0
2301,230155,48,0
2301,230145,49,0
2301,230143,50,0
2301,230135,51,0
2301,230125,52,0
2301,230115,53,0
2301,230105,54,0
2301,230085,55,0
2301,230075,56,0
2301,230065,57,0
2301,230055,58,0
2301,230045,59,0
2301,230035,60,0
2301,230025,61,0
2301,230015,62,0
2301,230005,63,0
2301,230010,64,0
2301,230020,65,0
2301,230030,66,1
2400,240091,1,0
2400,240089,2,0
2400,240087,3,0
2400,240085,4,0
2400,240075,5,0
2400,240065,6,0
2400,240055,7,0
2400,240045,8,0
2400,240035,9,0
2400,240025,10,0
2400,240015,11,0
2400,240013,12,0
2400,240011,13,0
2400,240009,14,0
2400,240007,15,0
2400,240005,16,0
2400,240216,17,0
2400,240218,18,0
2400,240220,19,0
2400,240230,20,0
2400,240242,21,0
2400,240252,22,0
2400,240262,23,0
2400,240272,24,0
2400,240282,25,0
2400,30320,26,0
2400,30330,27,0
2400,30340,28,0
2400,240345,29,1
2401,240345,1,0
2401,30335,2,0
2401,30325,3,0
2401,30315,4,0
2401,240237,5,0
2401,240217,6,0
2401,240207,7,0
2401,240197,8,0
2401,240185,9,0
2401,240175,10,0
2401,240173,11,0
2401,240171,12,0
2401,240010,13,0
2401,240020,14,0
2401,240030,15,0
2401,240040,16,0
2401,240050,17,0
2401,240060,18,0
2401,240070,19,0
2401,240080,20,0
2401,240090,21,0
2401,240100,22,0
2401,240110,23,0
2401,240120,24,0
2401,240130,25,0
2401,240140,26,0
2401,240142,27,0
2401,240144,28,1
3200,170255,1,0
3200,170235,2,0
3200,170225,3,0
3200,170215,4,0
3200,170205,5,0
3200,170195,6,0
3200,170185,7,0
3200,170175,8,0
3200,170165,9,0
3200,170155,10,0
3200,170145,11,0
3200,170135,12,0
3200,170125,13,0
3200,170150,14,0
3200,170152,15,0
3200,170160,16,0
3200,170170,17,0
3200,170180,18,0
3200,170190,19,0
3200,20500,20,1
3201,20485,1,0
3201,170200,2,0
3201,170210,3,0
3201,170220,4,0
3201,170230,5,0
3201,170232,6,0
3201,170240,7,0
3201,170250,8,0
3201,170260,9,0
3201,170270,10,0
3201,170280,11,0
3201,170290,12,0
3201,170300,13,0
3201,170310,14,0
3201,170320,15,0
3201,170330,16,0
3201,170340,17,0
3201,170350,18,0
3201,170360,19,0
3201,170370,20,0
3201,170390,21,1
6500,650190,1,0
6500,650200,2,0
6500,650210,3,0
6500,650220,4,0
6500,650230,5,0
6500,650325,6,0
6500,650315,7,0
6500,650430,8,0
6500,650285,9,0
6500,650275,10,0
6500,650265,11,0
6500,650255,12,0
6500,650247,13,0
6500,650245,14,0
6500,650243,15,0
6500,650241,16,0
6500,650239,17,0
6500,650237,18,0
6500,650235,19,0
6500,650225,20,0
6500,650215,21,0
6500,650470,22,0
6500,650480,23,0
6500,650490,24,0
6500,650500,25,0
6500,650510,26,0
6500,650520,27,0
6500,650530,28,0
6500,650540,29,0
6500,650550,30,0
6500,650560,31,0
6500,650570,32,0
6500,650580,33,0
6500,650590,34,0
6500,650600,35,0
6500,650610,36,0
6500,650620,37,0
6500,650630,38,0
6500,650640,39,0
6500,650650,40,0
6500,650660,41,0
6500,30320,42,0
6500,30330,43,0
6500,30340,44,0
6500,650670,45,1
6501,650670,1,0
6501,650535,2,0
6501,650525,3,0
6501,650515,4,0
6501,650505,5,0
6501,650495,6,0
6501,650485,7,0
6501,650475,8,0
6501,650465,9,0
6501,650455,10,0
6501,650445,11,0
6501,650435,12,0
6501,650425,13,0
6501,650415,14,0
6501,650405,15,0
6501,650395,16,0
6501,650385,17,0
6501,650375,18,0
6501,650365,19,0
6501,650355,20,0
6501,650345,21,0
6501,650335,22,0
6501,650240,23,0
6501,650250,24,0
6501,650252,25,0
6501,650254,26,0
6501,650256,27,0
6501,650258,28,0
6501,650260,29,0
6501,650262,30,0
6501,650270,31,0
6501,650280,32,0
6501,650290,33,0
6501,650300,34,0
6501,650320,35,0
6501,650440,36,0
6501,650450,37,0
6501,650460,38,0
6501,650205,39,0
6501,650195,40,0
6501,650185,41,0
6501,650175,42,1
1200100,20005,1,0
1200100,20015,2,0
1200100,20025,3,0
1200100,20035,4,0
1200100,20045,5,0
1200100,20055,6,0
1200100,20065,7,0
1200100,20075,8,0
1200100,20085,9,0
1200100,20095,10,0
1200100,20105,11,0
1200100,20115,12,0
1200100,20125,13,0
1200100,20135,14,0
1200100,20145,15,0
1200100,20155,16,0
1200100,20165,17,0
1200100,20175,18,0
1200100,20185,19,0
1200100,20195,20,0
1200100,20197,21,0
1200100,20205,22,0
1200100,20215,23,0
1200100,20217,24,0
1200100,20225,25,0
1200100,20235,26,0
1200100,20245,27,0
1200100,20255,28,0
1200100,20275,29,0
1200100,20285,30,0
1200100,20295,31,0
1200100,20305,32,0
1200100,20315,33,0
1200100,20325,34,0
1200100,20335,35,0
1200100,20345,36,0
1200100,20355,37,0
1200100,20365,38,0
1200100,20375,39,0
1200100,20385,40,0
1200100,20395,41,0
1200100,20405,42,0
1200100,20415,43,0
1200100,20425,44,0
1200100,20435,45,0
1200100,20445,46,0
1200100,20455,47,0
1200100,20465,48,0
1200100,20477,49,0
1200100,20485,50,0
1200100,20495,51,0
1200100,20505,52,0
1200100,30385,53,0
1200100,30375,54,0
1200100,30365,55,0
1200100,30355,56,0
1200100,30345,57,0
1200100,30335,58,0
1200100,30325,59,0
1200100,30315,60,0
1200100,30305,61,0
1200100,30295,62,0
1200100,30285,63,0
1200100,30275,64,0
1200100,30265,65,0
1200100,30255,66,0
1200100,30245,67,0
1200100,30237,68,0
1200100,30235,69,0
1200100,30227,70,0
1200100,30225,71,0
1200100,30215,72,0
1200100,30207,73,0
1200100,30205,74,0
1200100,30195,75,0
1200100,30187,76,0
1200100,30185,77,0
1200100,30175,78,0
1200100,30165,79,0
1200100,30163,80,0
1200100,30155,81,0
1200100,30145,82,0
1200100,30143,83,0
1200100,30135,84,0
1200100,30125,85,0
1200100,30115,86,0
1200100,30105,87,0
1200100,30095,88,0
1200100,30085,89,0
1200100,30075,90,0
1200100,30065,91,0
1200100,30055,92,0
1200100,30045,93,0
1200100,30035,94,0
1200100,10010,95,1
1200101,10010,1,0
1200101,30040,2,0
1200101,30050,3,0
1200101,30060,4,0
1200101,30070,5,0
1200101,30080,6,0
1200101,30090,7,0
1200101,30100,8,0
1200101,30110,9,0
1200101,30120,10,0
1200101,30130,11,0
1200101,30140,12,0
1200101,30142,13,0
1200101,30150,14,0
1200101,30160,15,0
1200101,30162,16,0
1200101,30170,17,0
1200101,30180,18,0
1200101,30190,19,0
1200101,30192,20,0
1200101,30200,21,0
1200101,30210,22,0
1200101,30212,23,0
1200101,30220,24,0
1200101,30230,25,0
1200101,30232,26,0
1200101,30240,27,0
1200101,30242,28,0
1200101,30250,29,0
1200101,30260,30,0
1200101,30270,31,0
1200101,30280,32,0
1200101,30290,33,0
1200101,30300,34,0
1200101,30310,35,0
1200101,30320,36,0
1200101,30330,37,0
1200101,30340,38,0
1200101,30350,39,0
1200101,30360,40,0
1200101,30370,41,0
1200101,30380,42,0
1200101,30382,43,0
1200101,30390,44,0
1200101,20510,45,0
1200101,20500,46,0
1200101,20482,47,0
1200101,20480,48,0
1200101,20470,49,0
1200101,20460,50,0
1200101,20450,51,0
1200101,20440,52,0
1200101,20430,53,0
1200101,20420,54,0
1200101,20410,55,0
1200101,20400,56,0
1200101,20390,57,0
1200101,20380,58,0
1200101,20370,59,0
1200101,20360,60,0
1200101,20350,61,0
1200101,20340,62,0
1200101,20330,63,0
1200101,20320,64,0
1200101,20310,65,0
1200101,20300,66,0
1200101,20290,67,0
1200101,20270,68,0
1200101,20260,69,0
1200101,20250,70,0
1200101,20240,71,0
1200101,20232,72,0
1200101,20230,73,0
1200101,20220,74,0
1200101,20210,75,0
1200101,20200,76,0
1200101,20190,77,0
1200101,20180,78,0
1200101,20170,79,0
1200101,20160,80,0
1200101,20150,81,0
1200101,20140,82,0
1200101,20130,83,0
1200101,20120,84,0
1200101,20110,85,0
1200101,20100,86,0
1200101,20090,87,0
1200101,20080,88,0
1200101,20070,89,0
1200101,20060,90,0
1200101,20050,91,0
1200101,20040,92,0
1200101,20030,93,0
1200101,20020,94,0
1200101,20010,95,0
1200101,20005,96,1
1200200,20005,1,0
1200200,20015,2,0
1200200,20025,3,0
1200200,20035,4,0
1200200,20045,5,0
1200200,20055,6,0
1200200,20065,7,0
1200200,20075,8,0
1200200,20085,9,0
1200200,20095,10,0
1200200,20105,11,0
1200200,20115,12,0
1200200,20125,13,0
1200200,20135,14,0
1200200,20145,15,0
1200200,20155,16,0
1200200,20165,17,0
1200200,20175,18,0
1200200,20185,19,0
1200200,20195,20,0
1200200,20197,21,0
1200200,20205,22,0
1200200,20215,23,0
1200200,20217,24,0
1200200,20225,25,0
1200200,20235,26,0
1200200,20245,27,0
1200200,20255,28,0
1200200,20275,29,0
1200200,20285,30,0
1200200,20295,31,0
1200200,20305,32,0
1200200,20315,33,0
1200200,20325,34,0
1200200,20335,35,0
1200200,20345,36,0
1200200,20355,37,0
1200200,20365,38,0
1200200,20375,39,0
1200200,20385,40,0
1200200,20395,41,0
1200200,20405,42,0
1200200,20415,43,0
1200200,20425,44,0
1200200,20435,45,0
1200200,20445,46,0
1200200,20455,47,0
1200200,20465,48,0
1200200,20477,49,0
1200200,20485,50,0
1200200,20495,51,0
1200200,20505,52,0
1200200,20515,53,0
1200200,20517,54,0
1200200,20525,55,0
1200200,20535,56,0
1200200,20545,57,0
1200200,20555,58,0
1200200,20565,59,0
1200200,20575,60,0
1200200,20585,61,0
1200200,20595,62,0
1200200,20620,63,0
1200200,20610,64,0
1200200,20600,65,0
1200200,20590,66,0
1200200,20580,67,1
1200201,20580,1,0
1200201,20560,2,0
1200201,20550,3,0
1200201,20540,4,0
1200201,20530,5,0
1200201,20522,6,0
1200201,20520,7,0
1200201,20510,8,0
1200201,20500,9,0
1200201,20482,10,0
1200201,20480,11,0
1200201,20470,12,0
1200201,20460,13,0
1200201,20450,14,0
1200201,20440,15,0
1200201,20430,16,0
1200201,20420,17,0
1200201,20410,18,0
1200201,20400,19,0
1200201,20390,20,0
1200201,20380,21,0
1200201,20370,22,0
1200201,20360,23,0
1200201,20350,24,0
1200201,20340,25,0
1200201,20330,26,0
1200201,20320,27,0
1200201,20310,28,0
1200201,20300,29,0
1200201,20290,30,0
1200201,20270,31,0
1200201,20260,32,0
1200201,20250,33,0
1200201,20240,34,0
1200201,20232,35,0
1200201,20230,36,0
1200201,20220,37,0
1200201,20210,38,0
1200201,20200,39,0
1200201,20190,40,0
1200201,20180,41,0
1200201,20170,42,0
1200201,20160,43,0
1200201,20150,44,0
1200201,20140,45,0
1200201,20130,46,0
1200201,20120,47,0
1200201,20110,48,0
1200201,20100,49,0
1200201,20090,50,0
1200201,20080,51,0
1200201,20070,52,0
1200201,20060,53,0
1200201,20050,54,0
1200201,20040,55,0
1200201,20030,56,0
1200201,20020,57,0
1200201,20010,58,0
1200201,20005,59,1
1200300,30020,1,0
1200300,30040,2,0
1200300,30050,3,0
1200300,30060,4,0
1200300,30070,5,0
1200300,30080,6,0
1200300,30090,7,0
1200300,30100,8,0
1200300,30110,9,0
1200300,30120,10,0
1200300,30130,11,0
1200300,30140,12,0
1200300,30142,13,0
1200300,30150,14,0
1200300,30160,15,0
1200300,30162,16,0
1200300,30170,17,0
1200300,30180,18,0
1200300,30190,19,0
1200300,30192,20,0
1200300,30200,21,0
1200300,30210,22,0
1200300,30212,23,0
1200300,30220,24,0
1200300,30230,25,0
1200300,30232,26,0
1200300,30240,27,0
1200300,30242,28,0
1200300,30250,29,0
1200300,30260,30,0
1200300,30270,31,0
1200300,30280,32,0
1200300,30290,33,0
1200300,30300,34,0
1200300,30310,35,0
1200300,30320,36,0
1200300,30330,37,0
1200300,30340,38,0
1200300,30350,39,0
1200300,30360,40,0
1200300,30370,41,0
1200300,30380,42,0
1200300,30382,43,0
1200300,30390,44,0
1200300,20505,45,0
1200300,20515,46,0
1200300,20517,47,0
1200300,20525,48,0
1200300,20535,49,0
1200300,20545,50,0
1200300,20555,51,0
1200300,20565,52,0
1200300,20575,53,0
1200300,20585,54,1
1200301,20585,1,0
1200301,20595,2,0
1200301,20620,3,0
1200301,20610,4,0
1200301,20600,5,0
1200301,20590,6,0
1200301,20580,7,0
1200301,20560,8,0
1200301,20550,9,0
1200301,20540,10,0
1200301,20530,11,0
1200301,20522,12,0
1200301,20520,13,0
1200301,20505,14,0
1200301,30385,15,0
1200301,30375,16,0
1200301,30365,17,0
1200301,30355,18,0
1200301,30345,19,0
1200301,30335,20,0
1200301,30325,21,0
1200301,30315,22,0
1200301,30305,23,0
1200301,30295,24,0
1200301,30285,25,0
1200301,30275,26,0
1200301,30265,27,0
1200301,30255,28,0
1200301,30245,29,0
1200301,30237,30,0
1200301,30235,31,0
1200301,30227,32,0
1200301,30225,33,0
1200301,30215,34,0
1200301,30207,35,0
1200301,30205,36,0
1200301,30195,37,0
1200301,30187,38,0
1200301,30185,39,0
1200301,30175,40,0
1200301,30165,41,0
1200301,30163,42,0
1200301,30155,43,0
1200301,30145,44,0
1200301,30143,45,0
1200301,30135,46,0
1200301,30125,47,0
1200301,30115,48,0
1200301,30105,49,0
1200301,30095,50,0
1200301,30085,51,0
1200301,30075,52,0
1200301,30065,53,0
1200301,30055,54,0
1200301,30045,55,0
1200301,30035,56,0
1200301,30020,57,1
2000100,510050,1,0
2000100,510060,2,0
2000100,510070,3,0
2000100,510080,4,0
2000100,510090,5,0
2000100,510100,6,0
2000100,510110,7,0
2000100,510120,8,0
2000100,510130,9,0
2000100,510140,10,0
2000100,510045,11,0
2000100,510043,12,0
2000100,510035,13,0
2000100,510025,14,0
2000100,510005,15,0
2000100,20330,16,1
2000101,20315,1,0
2000101,510010,2,0
2000101,510020,3,0
2000101,510030,4,0
2000101,510040,5,0
2000101,510050,6,0
2000101,510060,7,0
2000101,510070,8,0
2000101,510080,9,0
2000101,510090,10,0
2000101,510100,11,0
2000101,510110,12,0
2000101,510120,13,0
2000101,510130,14,0
2000101,510140,15,1
2000200,20390,1,0
2000200,520008,2,0
2000200,520010,3,0
2000200,520020,4,0
2000200,520030,5,0
2000200,520040,6,0
2000200,520050,7,0
2000200,520060,8,0
2000200,520070,9,0
2000200,520080,10,0
2000200,520090,11,0
2000200,520100,12,0
2000200,520110,13,0
2000200,520120,14,0
2000200,520130,15,0
2000200,520140,16,0
2000200,520150,17,0
2000200,520160,18,0
2000200,520170,19,0
2000200,520180,20,0
2000200,520190,21,0
2000200,520200,22,0
2000200,520210,23,0
2000200,520220,24,0
2000200,520230,25,0
2000200,520240,26,0
2000200,520250,27,0
2000200,520260,28,0
2000200,520270,29,0
2000200,520280,30,0
2000200,520290,31,0
2000200,520305,32,1
2000201,520305,1,0
2000201,520295,2,0
2000201,520285,3,0
2000201,520275,4,0
2000201,520265,5,0
2000201,520255,6,0
2000201,520245,7,0
2000201,520235,8,0
2000201,520225,9,0
2000201,520215,10,0
2000201,520205,11,0
2000201,520195,12,0
2000201,520185,13,0
2000201,520175,14,0
2000201,520165,15,0
2000201,520155,16,0
2000201,520145,17,0
2000201,520135,18,0
2000201,520125,19,0
2000201,520115,20,0
2000201,520105,21,0
2000201,520095,22,0
2000201,520085,23,0
2000201,520075,24,0
2000201,520065,25,0
2000201,520055,26,0
2000201,520045,27,0
2000201,520035,28,0
2000201,520025,29,0
2000201,520015,30,0
2000201,520005,31,0
2000201,20375,32,1
2001100,511010,1,0
2001100,511005,2,0
2001100,511015,3,0
2001100,511025,4,0
2001100,511035,5,0
2001100,511045,6,0
2001100,511055,7,0
2001100,511065,8,0
2001100,511075,9,0
2001100,511085,10,0
2001100,511095,11,0
2001100,511105,12,0
2001100,511125,13,0
2001100,511135,14,0
2001100,511145,15,0
2001100,511155,16,0
2001100,511165,17,0
2001100,511175,18,0
2001100,511185,19,0
2001100,110250,20,1
2001101,110207,1,0
2001101,511130,2,0
2001101,511120,3,0
2001101,511125,4,0
2001101,511135,5,0
2001101,511145,6,0
2001101,511155,7,0
2001101,511165,8,0
2001101,511175,9,0
2001101,511110,10,0
2001101,511100,11,0
2001101,511090,12,0
2001101,511080,13,0
2001101,511070,14,0
2001101,511060,15,0
2001101,511050,16,0
2001101,511040,17,0
2001101,511030,18,0
2001101,511020,19,0
2001101,511010,20,1
2001600,190220,1,0
2001600,190230,2,0
2001600,516130,3,0
2001600,516120,4,0
2001600,516110,5,0
2001600,516100,6,0
2001600,516090,7,0
2001600,516080,8,0
2001600,516070,9,0
2001600,516062,10,0
2001600,516060,11,0
2001600,516050,12,0
2001600,516040,13,0
2001600,516030,14,0
2001600,516020,15,0
2001600,516010,16,0
2001600,160440,17,0
2001600,160255,18,1
2001601,160370,1,0
2001601,160390,2,0
2001601,160400,3,0
2001601,160410,4,0
2001601,516005,5,0
2001601,516015,6,0
2001601,516025,7,0
2001601,516035,8,0
2001601,516045,9,0
2001601,516047,10,0
2001601,516055,11,0
2001601,516065,12,0
2001601,516075,13,0
2001601,516085,14,0
2001601,516095,15,0
2001601,516105,16,0
2001601,516115,17,0
2001601,516125,18,0
2001601,190165,19,0
2001601,190155,20,1
2002300,230045,1,0
2002300,230035,2,0
2002300,230025,3,0
2002300,230015,4,0
2002300,230005,5,0
2002300,230010,6,0
2002300,230020,7,0
2002300,230030,8,0
2002300,230040,9,0
2002300,230050,10,0
2002300,230060,11,0
2002300,230070,12,0
2002300,230080,13,0
2002300,230090,14,0
2002300,230100,15,0
2002300,230110,16,0
2002300,230118,17,0
2002300,230120,18,0
2002300,230130,19,0
2002300,230140,20,0
2002300,230150,21,0
2002300,230160,22,0
2002300,230170,23,0
2002300,230180,24,0
2002300,230182,25,0
2002300,230184,26,0
2002300,230220,27,0
2002300,230222,28,0
2002300,230230,29,0
2002300,230242,30,0
2002300,230244,31,0
2002300,230250,32,0
2002300,230260,33,0
2002300,230270,34,0
2002300,230280,35,0
2002300,230290,36,0
2002300,230300,37,0
2002300,230310,38,0
2002300,230320,39,0
2002300,230330,40,0
2002300,230340,41,0
2002300,230360,42,0
2002300,230370,43,0
2002300,230380,44,0
2002300,230390,45,0
2002300,230398,46,0
2002300,230400,47,0
2002300,230410,48,0
2002300,230420,49,0
2002300,230430,50,0
2002300,230440,51,0
2002300,230450,52,0
2002300,230460,53,0
2002300,230470,54,0
2002300,230480,55,0
2002300,230490,56,0
2002300,230500,57,0
2002300,230510,58,0
2002300,230520,59,0
2002300,230530,60,0
2002300,230540,61,0
2002300,30345,62,0
2002300,230685,63,1
2002301,230685,1,0
2002301,230495,2,0
2002301,230485,3,0
2002301,230475,4,0
2002301,230465,5,0
2002301,230455,6,0
2002301,230445,7,0
2002301,230435,8,0
2002301,230425,9,0
2002301,230410,10,0
2002301,230420,11,0
2002301,230430,12,0
2002301,230440,13,0
2002301,230450,14,0
2002301,230460,15,0
2002301,230470,16,0
2002301,230415,17,0
2002301,230413,18,0
2002301,230405,19,0
2002301,230395,20,0
2002301,230385,21,0
2002301,230375,22,0
2002301,230365,23,0
2002301,230355,24,0
2002301,230345,25,0
2002301,230335,26,0
2002301,230325,27,0
2002301,230315,28,0
2002301,230305,29,0
2002301,230295,30,0
2002301,230285,31,0
2002301,230275,32,0
2002301,230273,33,0
2002301,230265,34,0
2002301,230255,35,0
2002301,230247,36,0
2002301,230245,37,0
2002301,230237,38,0
2002301,230235,39,0
2002301,230197,40,0
2002301,230195,41,0
2002301,230185,42,0
2002301,230175,43,0
2002301,230165,44,0
2002301,230155,45,0
2002301,230145,46,0
2002301,230143,47,0
2002301,230135,48,0
2002301,230125,49,0
2002301,230115,50,0
2002301,230105,51,0
2002301,230085,52,0
2002301,230075,53,0
2002301,230065,54,0
2002301,230055,55,0
2002301,230045,56,0
2002301,230035,57,0
2002301,230025,58,0
2002301,230015,59,0
2002301,230005,60,0
2002301,230010,61,0
2002301,230020,62,0
2002301,230030,63,1
2002500,525010,1,0
2002500,525020,2,0
2002500,525030,3,0
2002500,525040,4,0
2002500,525050,5,0
2002500,525060,6,0
2002500,525070,7,0
2002500,525080,8,0
2002500,525090,9,0
2002500,525100,10,0
2002500,525110,11,0
2002500,525120,12,0
2002500,525130,13,0
2002500,525140,14,0
2002500,525150,15,0
2002500,525160,16,0
2002500,220620,17,1
2002501,220615,1,0
2002501,220525,2,0
2002501,525145,3,0
2002501,525135,4,0
2002501,525125,5,0
2002501,525115,6,0
2002501,525105,7,0
2002501,525095,8,0
2002501,525085,9,0
2002501,525075,10,0
2002501,525065,11,0
2002501,525055,12,0
2002501,525045,13,0
2002501,525035,14,0
2002501,525025,15,0
2002501,525015,16,0
2002501,525005,17,1
2006500,650010,1,0
2006500,650020,2,0
2006500,650030,3,0
2006500,650040,4,0
2006500,650050,5,0
2006500,650060,6,0
2006500,650070,7,0
2006500,650080,8,0
2006500,650090,9,0
2006500,650100,10,0
2006500,650110,11,0
2006500,650120,12,0
2006500,650130,13,0
2006500,650140,14,0
2006500,650150,15,0
2006500,650160,16,0
2006500,650170,17,0
2006500,650180,18,0
2006500,650252,19,1
2006501,650237,1,0
2006501,650235,2,0
2006501,650225,3,0
2006501,650215,4,0
2006501,650165,5,0
2006501,650155,6,0
2006501,650145,7,0
2006501,650135,8,0
2006501,650125,9,0
2006501,650115,10,0
2006501,650105,11,0
2006501,650095,12,0
2006501,650085,13,0
2006501,650075,14,0
2006501,650065,15,0
2006501,650055,16,0
2006501,650045,17,0
2006501,650035,18,0
2006501,650025,19,0
2006501,650015,20,0
2006501,650005,21,1
10001100,110288,1,0
10001100,110280,2,0
10001100,110270,3,0
10001100,110260,4,0
10001100,110258,5,0
10001100,110250,6,0
10001100,110240,7,0
10001100,110230,8,0
10001100,110220,9,0
10001100,110210,10,0
10001100,110200,11,0
10001100,110190,12,0
10001100,110180,13,0
10001100,110170,14,0
10001100,110160,15,0
10001100,110150,16,0
10001100,110140,17,0
10001100,110130,18,0
10001100,110120,19,0
10001100,110110,20,0
10001100,110100,21,0
10001100,110090,22,0
10001100,110080,23,0
10001100,110070,24,0
10001100,20080,25,0
10001100,20070,26,0
10001100,20060,27,0
10001100,110060,28,0
10001100,110050,29,0
10001100,110040,30,0
10001100,110030,31,0
10001100,110020,32,0
10001100,110010,33,0
10001100,110002,34,1
10001101,110002,1,0
10001101,20015,2,0
10001101,20025,3,0
10001101,20035,4,0
10001101,20045,5,0
10001101,110830,6,0
10001101,110820,7,0
10001101,110810,8,0
10001101,110800,9,0
10001101,110790,10,0
10001101,110780,11,0
10001101,110770,12,0
10001101,110760,13,0
10001101,110750,14,0
10001101,110740,15,0
10001101,110730,16,0
10001101,110720,17,0
10001101,110712,18,0
10001101,110710,19,0
10001101,110700,20,0
10001101,110690,21,0
10001101,110680,22,0
10001101,110670,23,0
10001101,110660,24,0
10001101,110650,25,0
10001101,110640,26,0
10001101,110630,27,0
10001101,110610,28,0
10001101,110600,29,0
10001101,110598,30,0
10001101,110590,31,0
10001101,110580,32,0
10001101,110572,33,0
10001101,110570,34,0
10001101,110560,35,0
10001101,110550,36,0
10001101,110540,37,0
10001101,110530,38,0
10001101,110520,39,0
10001101,110510,40,0
10001101,110500,41,0
10001101,110490,42,0
10001101,110480,43,0
10001101,110470,44,0
10001101,110460,45,0
10001101,110450,46,0
10001101,110440,47,0
10001101,110420,48,0
10001101,110410,49,0
10001101,110400,50,0
10001101,110390,51,0
10001101,110380,52,0
10001101,110370,53,0
10001101,110360,54,0
10001101,110350,55,0
10001101,110340,56,0
10001101,110330,57,0
10001101,110320,58,0
10001101,110310,59,0
10001101,110300,60,0
10001101,110290,61,0
10001101,110288,62,1
50003400,170570,1,0
50003400,170417,2,0
50003400,170405,3,0
50003400,170395,4,0
50003400,170385,5,0
50003400,170375,6,0
50003400,170365,7,0
50003400,170345,8,0
50003400,170335,9,0
50003400,170325,10,0
50003400,170315,11,0
50003400,170305,12,0
50003400,170295,13,0
50003400,170285,14,0
50003400,170275,15,0
50003400,170605,16,0
50003400,170615,17,0
50003400,170040,18,0
50003400,170050,19,0
50003400,170060,20,0
50003400,170070,21,0
50003400,170080,22,0
50003400,170090,23,0
50003400,170100,24,0
50003400,170110,25,0
50003400,170120,26,0
50003400,170130,27,0
50003400,170140,28,0
50003400,170150,29,0
50003400,170152,30,0
50003400,170160,31,0
50003400,170170,32,0
50003400,170180,33,0
50003400,170190,34,0
50003400,20495,35,0
50003400,20505,36,0
50003400,20515,37,0
50003400,20517,38,0
50003400,20525,39,0
50003400,20535,40,0
50003400,20545,41,0
50003400,20555,42,0
50003400,20565,43,0
50003400,20575,44,0
50003400,20585,45,0
50003400,20595,46,0
50003400,20620,47,0
50003400,20610,48,0
50003400,20600,49,0
50003400,20590,50,0
50003400,20580,51,1
50003401,20585,1,0
50003401,20595,2,0
50003401,20620,3,0
50003401,20610,4,0
50003401,20600,5,0
50003401,20590,6,0
50003401,20580,7,0
50003401,20560,8,0
50003401,20550,9,0
50003401,20540,10,0
50003401,20530,11,0
50003401,20522,12,0
50003401,20520,13,0
50003401,20510,14,0
50003401,170200,15,0
50003401,170210,16,0
50003401,170220,17,0
50003401,170230,18,0
50003401,170232,19,0
50003401,170240,20,0
50003401,170250,21,0
50003401,170115,22,0
50003401,170105,23,0
50003401,170095,24,0
50003401,170085,25,0
50003401,170075,26,0
50003401,170065,27,0
50003401,170057,28,0
50003401,170055,29,0
50003401,170045,30,0
50003401,170035,31,0
50003401,170610,32,0
50003401,170600,33,0
50003401,170410,34,0
50003401,170420,35,0
50003401,170430,36,0
50003401,170440,37,0
50003401,170450,38,0
50003401,170460,39,0
50003401,170470,40,0
50003401,170480,41,0
50003401,170490,42,0
50003401,170500,43,0
50003401,170510,44,0
50003401,170520,45,0
50003401,170530,46,0
50003401,170540,47,0
50003401,170550,48,0
50003401,170560,49,0
50003401,170570,50,1
50003600,180010,1,0
50003600,180020,2,0
50003600,970020,3,0
50003600,970021,4,0
50003600,180283,5,0
50003600,180275,6,0
50003600,180265,7,0
50003600,180255,8,0
50003600,180245,9,0
50003600,180235,10,0
50003600,180225,11,0
50003600,180215,12,0
50003600,180205,13,0
50003600,180195,14,0
50003600,180185,15,0
50003600,180175,16,0
50003600,180165,17,0
50003600,180155,18,0
50003600,180145,19,0
50003600,180135,20,0
50003600,180125,21,0
50003600,180105,22,0
50003600,180095,23,0
50003600,180085,24,0
50003600,180075,25,0
50003600,180065,26,0
50003600,180055,27,0
50003600,180045,28,0
50003600,180035,29,0
50003600,180025,30,0
50003600,180015,31,0
50003600,180005,32,0
50003600,20495,33,0
50003600,20505,34,0
50003600,20515,35,0
50003600,20517,36,0
50003600,20525,37,0
50003600,20535,38,0
50003600,20545,39,0
50003600,20555,40,0
50003600,20565,41,0
50003600,20575,42,0
50003600,20585,43,0
50003600,20595,44,0
50003600,20620,45,0
50003600,20610,46,0
50003600,20600,47,0
50003600,20590,48,0
50003600,20580,49,1
50003601,20585,1,0
50003601,20595,2,0
50003601,20620,3,0
50003601,20610,4,0
50003601,20600,5,0
50003601,20590,6,0
50003601,20580,7,0
50003601,20560,8,0
50003601,20550,9,0
50003601,20540,10,0
50003601,20530,11,0
50003601,20522,12,0
50003601,20520,13,0
50003601,20510,14,0
50003601,180020,15,0
50003601,970020,16,0
50003601,970021,17,0
50003601,180283,18,0
50003601,180275,19,0
50003601,180265,20,0
50003601,180255,21,0
50003601,180245,22,0
50003601,180235,23,0
50003601,180225,24,0
50003601,180215,25,0
50003601,180205,26,0
50003601,180195,27,0
50003601,180185,28,0
50003601,180175,29,0
50003601,180165,30,0
50003601,180155,31,0
50003601,180145,32,0
50003601,180135,33,0
50003601,180125,34,0
50003601,180105,35,0
50003601,180095,36,0
50003601,180085,37,0
50003601,180075,38,0
50003601,180065,39,0
50003601,180055,40,0
50003601,180045,41,0
50003601,180035,42,0
50003601,180025,43,0
50003601,180015,44,0
50003601,180005,45,0
50003601,180330,46,0
50003601,180340,47,0
50003601,180350,48,0
50003601,180010,49,1
50003700,160010,1,0
50003700,160020,2,0
50003700,160030,3,0
50003700,160040,4,0
50003700,160050,5,0
50003700,160060,6,0
50003700,160070,7,0
50003700,160080,8,0
50003700,990036,9,0
50003700,990037,10,0
50003700,990038,11,0
50003700,160190,12,0
50003700,160200,13,0
50003700,160210,14,0
50003700,160220,15,0
50003700,160230,16,0
50003700,160240,17,0
50003700,970001,18,0
50003700,160300,19,0
50003700,160310,20,0
50003700,160320,21,0
50003700,160330,22,0
50003700,160340,23,0
50003700,160350,24,0
50003700,160360,25,0
50003700,160370,26,0
50003700,160390,27,0
50003700,160400,28,0
50003700,160410,29,0
50003700,160420,30,0
50003700,160422,31,0
50003700,160430,32,0
50003700,160440,33,0
50003700,160450,34,0
50003700,160460,35,0
50003700,160470,36,0
50003700,160480,37,0
50003700,160490,38,0
50003700,160500,39,0
50003700,160510,40,0
50003700,160520,41,0
50003700,160530,42,0
50003700,160540,43,0
50003700,160550,44,0
50003700,160560,45,0
50003700,160570,46,0
50003700,160580,47,0
50003700,160590,48,0
50003700,990039,49,0
50003700,990040,50,0
50003700,160650,51,0
50003700,160660,52,0
50003700,160670,53,0
50003700,160680,54,0
50003700,160690,55,0
50003700,160700,56,0
50003700,160710,57,0
50003700,20405,58,0
50003700,20415,59,0
50003700,20425,60,0
50003700,20435,61,0
50003700,20445,62,0
50003700,20455,63,0
50003700,20465,64,0
50003700,20477,65,0
50003700,20485,66,0
50003700,20495,67,0
50003700,20505,68,0
50003700,20515,69,0
50003700,20517,70,0
50003700,20525,71,0
50003700,20535,72,0
50003700,20545,73,0
50003700,20555,74,0
50003700,20565,75,0
50003700,20575,76,0
50003700,20585,77,0
50003700,20595,78,0
50003700,20620,79,0
50003700,20610,80,0
50003700,20600,81,0
50003700,20590,82,0
50003700,20580,83,1
50003701,20585,1,0
50003701,20595,2,0
50003701,20620,3,0
50003701,20610,4,0
50003701,20600,5,0
50003701,20590,6,0
50003701,20580,7,0
50003701,20560,8,0
50003701,20550,9,0
50003701,20540,10,0
50003701,20530,11,0
50003701,20522,12,0
50003701,20520,13,0
50003701,20510,14,0
50003701,20500,15,0
50003701,20482,16,0
50003701,20480,17,0
50003701,20470,18,0
50003701,20460,19,0
50003701,20450,20,0
50003701,20440,21,0
50003701,20430,22,0
50003701,20420,23,0
50003701,160010,24,0
50003701,160020,25,0
50003701,160030,26,0
50003701,160040,27,0
50003701,160050,28,0
50003701,160060,29,0
50003701,160062,30,0
50003701,160070,31,0
50003701,160080,32,0
50003701,160082,33,0
50003701,160090,34,0
50003701,160160,35,0
50003701,160170,36,0
50003701,160180,37,0
50003701,160190,38,0
50003701,160200,39,0
50003701,160210,40,0
50003701,160220,41,0
50003701,160230,42,0
50003701,160240,43,0
50003701,970001,44,0
50003701,160300,45,0
50003701,160310,46,0
50003701,160320,47,0
50003701,160330,48,0
50003701,160340,49,0
50003701,160350,50,0
50003701,160360,51,0
50003701,160370,52,0
50003701,160390,53,0
50003701,160400,54,0
50003701,160410,55,0
50003701,160420,56,0
50003701,160422,57,0
50003701,160430,58,0
50003701,160440,59,0
50003701,160450,60,0
50003701,160460,61,0
50003701,160470,62,0
50003701,160480,63,0
50003701,160490,64,0
50003701,160500,65,0
50003701,160510,66,0
50003701,160520,67,0
50003701,160530,68,0
50003701,160540,69,0
50003701,160550,70,0
50003701,160560,71,0
50003701,160570,72,0
50003701,160580,73,0
50003701,160590,74,0
50003701,990039,75,0
50003701,990040,76,0
50003701,160650,77,0
50003701,160660,78,0
50003701,160670,79,0
50003701,160680,80,0
50003701,160690,81,0
50003701,160700,82,0
50003701,160710,83,0
50003701,160005,84,0
50003701,20405,85,1
50003800,160010,1,0
50003800,160020,2,0
50003800,160030,3,0
50003800,160040,4,0
50003800,160050,5,0
50003800,160060,6,0
50003800,160062,7,0
50003800,160465,8,0
50003800,160455,9,0
50003800,990235,10,0
50003800,160405,11,0
50003800,160395,12,0
50003800,160385,13,0
50003800,160375,14,0
50003800,160365,15,0
50003800,160355,16,0
50003800,160345,17,0
50003800,160335,18,0
50003800,160325,19,0
50003800,160315,20,0
50003800,160305,21,0
50003800,160295,22,0
50003800,160285,23,0
50003800,160275,24,0
50003800,160265,25,0
50003800,160255,26,0
50003800,160245,27,0
50003800,160235,28,0
50003800,160225,29,0
50003800,160215,30,0
50003800,160205,31,0
50003800,160195,32,0
50003800,160185,33,0
50003800,160175,34,0
50003800,970018,35,0
50003800,160105,36,0
50003800,160095,37,0
50003800,160085,38,0
50003800,160075,39,0
50003800,970241,40,0
50003800,160065,41,0
50003800,160055,42,0
50003800,160045,43,0
50003800,160043,44,0
50003800,160035,45,0
50003800,160025,46,0
50003800,160015,47,0
50003800,160660,48,0
50003800,160670,49,0
50003800,160680,50,0
50003800,160690,51,0
50003800,160700,52,0
50003800,160710,53,0
50003800,20405,54,0
50003800,20415,55,0
50003800,20425,56,0
50003800,20435,57,0
50003800,20445,58,0
50003800,20455,59,0
50003800,20465,60,0
50003800,20477,61,0
50003800,20485,62,0
50003800,20495,63,0
50003800,20505,64,0
50003800,20515,65,0
50003800,20517,66,0
50003800,20525,67,0
50003800,20535,68,0
50003800,20545,69,0
50003800,20555,70,0
50003800,20565,71,0
50003800,20575,72,0
50003800,20585,73,0
50003800,20595,74,0
50003800,20620,75,0
50003800,20610,76,0
50003800,20600,77,0
50003800,20590,78,0
50003800,20580,79,1
50003801,20585,1,0
50003801,20595,2,0
50003801,20620,3,0
50003801,20610,4,0
50003801,20600,5,0
50003801,20590,6,0
50003801,20580,7,0
50003801,20560,8,0
50003801,20550,9,0
50003801,20540,10,0
50003801,20530,11,0
50003801,20522,12,0
50003801,20520,13,0
50003801,20510,14,0
50003801,20500,15,0
50003801,20482,16,0
50003801,20480,17,0
50003801,20470,18,0
50003801,20460,19,0
50003801,20450,20,0
50003801,20440,21,0
50003801,20430,22,0
50003801,20420,23,0
50003801,160010,24,0
50003801,160020,25,0
50003801,160030,26,0
50003801,160040,27,0
50003801,160050,28,0
50003801,160060,29,0
50003801,160062,30,0
50003801,160465,31,0
50003801,160455,32,0
50003801,990235,33,0
50003801,160405,34,0
50003801,160395,35,0
50003801,160385,36,0
50003801,160375,37,0
50003801,160365,38,0
50003801,160355,39,0
50003801,160345,40,0
50003801,160335,41,0
50003801,160325,42,0
50003801,160315,43,0
50003801,160305,44,0
50003801,160295,45,0
50003801,160285,46,0
50003801,160275,47,0
50003801,160265,48,0
50003801,160390,49,0
50003801,160400,50,0
50003801,160410,51,0
50003801,160420,52,0
50003801,160422,53,0
50003801,160430,54,0
50003801,160255,55,0
50003801,160245,56,0
50003801,160235,57,0
50003801,160225,58,0
50003801,160215,59,0
50003801,160205,60,0
50003801,160195,61,0
50003801,160185,62,0
50003801,160175,63,0
50003801,970018,64,0
50003801,160105,65,0
50003801,160095,66,0
50003801,160085,67,0
50003801,160075,68,0
50003801,970241,69,0
50003801,990078,70,0
50003801,990069,71,0
50003801,990070,72,0
50003801,160025,73,0
50003801,160015,74,0
50003801,160660,75,0
50003801,160670,76,0
50003801,160680,77,0
50003801,160690,78,0
50003801,160700,79,0
50003801,160710,80,0
50003801,20405,81,1
50004200,20215,1,0
50004200,20217,2,0
50004200,20225,3,0
50004200,20235,4,0
50004200,20245,5,0
50004200,20255,6,0
50004200,20275,7,0
50004200,20285,8,0
50004200,20295,9,0
50004200,20305,10,0
50004200,20315,11,0
50004200,20325,12,0
50004200,20335,13,0
50004200,20345,14,0
50004200,20355,15,0
50004200,20365,16,0
50004200,20375,17,0
50004200,20385,18,0
50004200,20395,19,0
50004200,20405,20,0
50004200,20415,21,0
50004200,20425,22,0
50004200,20435,23,0
50004200,20445,24,0
50004200,20455,25,0
50004200,20465,26,0
50004200,20477,27,0
50004200,20485,28,0
50004200,20495,29,0
50004200,20505,30,0
50004200,990107,31,0
50004200,990108,32,0
50004200,990109,33,1
50004201,990110,1,0
50004201,990111,2,0
50004201,990112,3,0
50004201,20510,4,0
50004201,20500,5,0
50004201,20482,6,0
50004201,20480,7,0
50004201,20470,8,0
50004201,20460,9,0
50004201,20450,10,0
50004201,20440,11,0
50004201,20430,12,0
50004201,20420,13,0
50004201,20410,14,0
50004201,20400,15,0
50004201,20390,16,0
50004201,20380,17,0
50004201,20370,18,0
50004201,20360,19,0
50004201,20350,20,0
50004201,20340,21,0
50004201,20330,22,0
50004201,20320,23,0
50004201,20310,24,0
50004201,20300,25,0
50004201,20290,26,0
50004201,20270,27,0
50004201,20260,28,0
50004201,20250,29,0
50004201,20240,30,0
50004201,20232,31,0
50004201,20230,32,1
50004300,240345,1,0
50004300,30350,2,0
50004300,30360,3,0
50004300,30370,4,0
50004300,30380,5,0
50004300,30382,6,0
50004300,30390,7,0
50004300,20505,8,0
50004300,990107,9,0
50004300,990108,10,0
50004300,990109,11,1
50004301,990110,1,0
50004301,990111,2,0
50004301,990112,3,0
50004301,20505,4,0
50004301,30385,5,0
50004301,30375,6,0
50004301,30365,7,0
50004301,30355,8,0
50004301,30345,9,0
50004301,990123,10,1
50006000,650670,1,0
50006000,30350,2,0
50006000,30360,3,0
50006000,30370,4,0
50006000,30380,5,0
50006000,30382,6,0
50006000,30390,7,0
50006000,20510,8,0
50006000,180010,9,0
50006000,20505,10,0
50006000,990223,11,0
50006000,990225,12,0
50006000,990113,13,0
50006000,990116,14,0
50006000,990118,15,0
50006000,990220,16,0
50006000,990221,17,1
50006001,990221,1,0
50006001,990119,2,0
50006001,990117,3,0
50006001,990115,4,0
50006001,990114,5,0
50006001,990107,6,0
50006001,990224,7,0
50006001,30385,8,0
50006001,30375,9,0
50006001,30365,10,0
50006001,30355,11,0
50006001,30345,12,0
50006001,990123,13,1
180002700,20395,1,0
180002700,160010,2,0
180002700,160020,3,0
180002700,160030,4,0
180002700,160040,5,0
180002700,160050,6,0
180002700,160060,7,0
180002700,160062,8,0
180002700,160070,9,0
180002700,160080,10,0
180002700,990036,11,0
180002700,990037,12,0
180002700,990038,13,0
180002700,160190,14,0
180002700,160200,15,0
180002700,160210,16,0
180002700,160220,17,0
180002700,160230,18,0
180002700,160240,19,0
180002700,990100,20,0
180002700,990101,21,0
180002700,160350,22,0
180002700,160360,23,0
180002700,160370,24,0
180002700,160450,25,0
180002700,160460,26,0
180002700,160470,27,0
180002700,160480,28,0
180002700,160490,29,0
180002700,160500,30,0
180002700,160510,31,0
180002700,160520,32,0
180002700,160530,33,0
180002700,160540,34,0
180002700,160550,35,0
180002700,160560,36,0
180002700,160570,37,0
180002700,160580,38,0
180002700,160590,39,0
180002700,990039,40,0
180002700,990040,41,0
180002700,160650,42,0
180002700,160660,43,0
180002700,160670,44,0
180002700,160680,45,0
180002700,160690,46,0
180002700,160700,47,0
180002700,160710,48,0
180002700,160005,49,0
180002700,20410,50,0
180002700,20400,51,0
180002700,990041,52,1
180002701,990041,1,0
180002701,990042,2,0
180002701,170500,3,0
180002701,170510,4,0
180002701,170520,5,0
180002701,170530,6,0
180002701,170540,7,0
180002701,170550,8,0
180002701,170560,9,0
180002701,170570,10,0
180002701,170580,11,0
180002701,170590,12,0
180002701,160740,13,0
180002701,170010,14,0
180002701,170020,15,0
180002701,170030,16,0
180002701,170040,17,0
180002701,170050,18,0
180002701,170060,19,0
180002701,170070,20,0
180002701,170080,21,0
180002701,170090,22,0
180002701,170100,23,0
180002701,170110,24,0
180002701,170120,25,0
180002701,170130,26,0
180002701,170140,27,0
180002701,170260,28,0
180002701,170270,29,0
180002701,170280,30,0
180002701,170290,31,0
180002701,170300,32,0
180002701,170310,33,0
180002701,170320,34,0
180002701,170330,35,0
180002701,170340,36,0
180002701,170350,37,0
180002701,170360,38,0
180002701,170370,39,0
180002701,170390,40,0
180002701,170400,41,0
180002701,170410,42,0
180002701,170420,43,0
180002701,170430,44,0
180002701,170440,45,0
180002701,170450,46,0
180002701,170460,47,0
180002701,170470,48,0
180002701,170480,49,0
180002701,20385,50,0
180002701,20395,51,1
180003500,180190,1,0
180003500,180200,2,0
180003500,180210,3,0
180003500,180220,4,0
180003500,180230,5,0
180003500,180240,6,0
180003500,180250,7,0
180003500,180260,8,0
180003500,180270,9,0
180003500,180280,10,0
180003500,180290,11,0
180003500,180300,12,0
180003500,180308,13,0
180003500,180310,14,0
180003500,180320,15,0
180003500,180330,16,0
180003500,180340,17,0
180003500,180350,18,0
180003500,180010,19,1
180003501,180010,1,0
180003501,20500,2,0
180003501,180011,3,0
180003501,180012,4,0
180003501,180030,5,0
180003501,180040,6,0
180003501,180050,7,0
180003501,180060,8,0
180003501,180070,9,0
180003501,180080,10,0
180003501,180090,11,0
180003501,180100,12,0
180003501,180110,13,0
180003501,180120,14,0
180003501,180130,15,0
180003501,180140,16,0
180003501,180150,17,0
180003501,180160,18,0
180003501,180170,19,0
180003501,180180,20,0
180003501,180190,21,1
905031700,180030,1,0
905031700,180040,2,0
905031700,180050,3,0
905031700,180060,4,0
905031700,180070,5,0
905031700,180080,6,0
905031700,180090,7,0
905031700,180100,8,0
905031700,180110,9,0
905031700,180120,10,0
905031700,180130,11,0
905031700,180140,12,0
905031700,180150,13,0
905031700,180160,14,0
905031700,180170,15,0
905031700,180180,16,0
905031700,180190,17,0
905031700,180200,18,0
905031700,180210,19,0
905031700,180220,20,0
905031700,180230,21,0
905031700,180240,22,0
905031700,180250,23,0
905031700,180260,24,0
905031700,180270,25,0
905031700,180280,26,0
905031700,180290,27,0
905031700,180300,28,0
905031700,180308,29,0
905031700,180310,30,0
905031700,180320,31,0
905031700,20495,32,0
905031700,20505,33,0
905031700,990014,34,0
905031700,990016,35,0
905031700,990018,36,0
905031700,990020,37,0
905031700,990022,38,0
905031700,990024,39,0
905031700,990026,40,0
905031700,990028,41,0
905031700,990030,42,0
905031700,990032,43,1
905031701,990033,1,0
905031701,990031,2,0
905031701,990029,3,0
905031701,990027,4,0
905031701,990025,5,0
905031701,990023,6,0
905031701,990021,7,0
905031701,990019,8,0
905031701,990017,9,0
905031701,990015,10,0
905031701,20510,11,0
905031701,180020,12,0
905031701,180030,13,0
905031701,180040,14,0
905031701,180050,15,0
905031701,180060,16,0
905031701,180070,17,0
905031701,180080,18,0
905031701,180090,19,0
905031701,180100,20,0
905031701,180110,21,0
905031701,180120,22,0
905031701,180130,23,0
905031701,180140,24,0
905031701,180150,25,0
905031701,180160,26,0
905031701,180170,27,0
905031701,180180,28,0
905031701,180190,29,0
905031701,180200,30,0
905031701,180210,31,0
905031701,180220,32,0
905031701,180230,33,0
905031701,180240,34,0
905031701,180250,35,0
905031701,180260,36,0
905031701,180270,37,0
905031701,180280,38,0
905031701,180290,39,0
905031701,180300,40,0
905031701,180308,41,0
905031701,180310,42,0
905031701,180320,43,1
905121700,110288,1,0
905121700,110280,2,0
905121700,110270,3,0
905121700,110260,4,0
905121700,110258,5,0
905121700,120004,6,0
905121700,990323,7,0
905121700,110265,8,0
905121700,110275,9,0
905121700,110285,10,0
905121700,110295,11,0
905121700,110305,12,0
905121700,110315,13,0
905121700,120150,14,0
905121700,120154,15,0
905121700,20145,16,0
905121700,20155,17,0
905121700,20165,18,0
905121700,20175,19,0
905121700,20185,20,0
905121700,20195,21,0
905121700,20197,22,0
905121700,20205,23,0
905121700,20215,24,0
905121700,20217,25,0
905121700,20225,26,0
905121700,20235,27,0
905121700,20245,28,0
905121700,20255,29,0
905121700,20275,30,0
905121700,20285,31,0
905121700,20295,32,0
905121700,20305,33,0
905121700,20315,34,0
905121700,20325,35,0
905121700,20335,36,0
905121700,20345,37,0
905121700,20355,38,0
905121700,20365,39,0
905121700,20375,40,0
905121700,20385,41,0
905121700,20395,42,0
905121700,20405,43,0
905121700,20415,44,0
905121700,20425,45,0
905121700,20435,46,0
905121700,20445,47,0
905121700,20455,48,0
905121700,20465,49,0
905121700,20477,50,0
905121700,20485,51,0
905121700,20495,52,0
905121700,20505,53,0
905121700,990014,54,0
905121700,990016,55,0
905121700,990018,56,0
905121700,990020,57,0
905121700,990022,58,0
905121700,990024,59,0
905121700,990026,60,0
905121700,990028,61,0
905121700,990030,62,0
905121700,990032,63,1
905121701,990033,1,0
905121701,990031,2,0
905121701,990029,3,0
905121701,990027,4,0
905121701,990025,5,0
905121701,990023,6,0
905121701,990021,7,0
905121701,990019,8,0
905121701,990017,9,0
905121701,990015,10,0
905121701,20510,11,0
905121701,20500,12,0
905121701,20482,13,0
905121701,20480,14,0
905121701,20470,15,0
905121701,20460,16,0
905121701,20450,17,0
905121701,20440,18,0
905121701,20430,19,0
905121701,20420,20,0
905121701,20410,21,0
905121701,20400,22,0
905121701,20390,23,0
905121701,20380,24,0
905121701,20370,25,0
905121701,20360,26,0
905121701,20350,27,0
905121701,20340,28,0
905121701,20330,29,0
905121701,20320,30,0
905121701,20310,31,0
905121701,20300,32,0
905121701,20290,33,0
905121701,20270,34,0
905121701,20260,35,0
905121701,20250,36,0
905121701,20240,37,0
905121701,20232,38,0
905121701,20230,39,0
905121701,20220,40,0
905121701,20210,41,0
905121701,20200,42,0
905121701,20190,43,0
905121701,20180,44,0
905121701,20170,45,0
905121701,20160,46,0
905121701,20150,47,0
905121701,120165,48,0
905121701,120155,49,0
905121701,120145,50,0
905121701,110340,51,0
905121701,110330,52,0
905121701,110320,53,0
905121701,110310,54,0
905121701,110300,55,0
905121701,120005,56,0
905121701,110213,57,0
905121701,110215,58,0
905121701,110225,59,0
905121701,110235,60,0
905121701,110245,61,1
905151700,990148,1,0
905151700,30145,2,0
905151700,30135,3,0
905151700,30125,4,0
905151700,30115,5,0
905151700,30105,6,0
905151700,30095,7,0
905151700,30085,8,0
905151700,30075,9,0
905151700,30065,10,0
905151700,30055,11,0
905151700,30045,12,0
905151700,30035,13,0
905151700,990094,14,0
905151700,220280,15,0
905151700,220290,16,0
905151700,220300,17,0
905151700,220310,18,0
905151700,220320,19,0
905151700,220330,20,0
905151700,220340,21,0
905151700,220350,22,0
905151700,220360,23,0
905151700,220370,24,0
905151700,220380,25,0
905151700,220390,26,0
905151700,220400,27,0
905151700,220410,28,0
905151700,990150,29,0
905151700,30320,30,0
905151700,30330,31,0
905151700,30340,32,0
905151700,220625,33,0
905151700,30350,34,0
905151700,30360,35,0
905151700,30370,36,0
905151700,30380,37,0
905151700,30382,38,0
905151700,30390,39,0
905151700,20505,40,0
905151700,990014,41,0
905151700,990016,42,0
905151700,990018,43,0
905151700,990020,44,0
905151700,990022,45,0
905151700,990024,46,0
905151700,990026,47,0
905151700,990028,48,0
905151700,990030,49,0
905151700,990032,50,1
905151701,990033,1,0
905151701,990031,2,0
905151701,990029,3,0
905151701,990027,4,0
905151701,990025,5,0
905151701,990023,6,0
905151701,990021,7,0
905151701,990019,8,0
905151701,990017,9,0
905151701,990015,10,0
905151701,20505,11,0
905151701,30385,12,0
905151701,30375,13,0
905151701,30365,14,0
905151701,30355,15,0
905151701,30345,16,0
905151701,220625,17,0
905151701,30335,18,0
905151701,30325,19,0
905151701,30315,20,0
905151701,990149,21,0
905151701,220395,22,0
905151701,220385,23,0
905151701,220375,24,0
905151701,220365,25,0
905151701,220355,26,0
905151701,220345,27,0
905151701,220335,28,0
905151701,220325,29,0
905151701,220315,30,0
905151701,220305,31,0
905151701,220295,32,0
905151701,220285,33,0
905151701,220275,34,0
905151701,220265,35,0
905151701,990094,36,0
905151701,30040,37,0
905151701,30050,38,0
905151701,30060,39,0
905151701,30070,40,0
905151701,30080,41,0
905151701,30090,42,0
905151701,30100,43,0
905151701,30110,44,0
905151701,30120,45,0
905151701,30130,46,0
905151701,30140,47,0
905151701,30150,48,0
905151701,990147,49,1
905191700,160070,1,0
905191700,160080,2,0
905191700,990036,3,0
905191700,990037,4,0
905191700,990038,5,0
905191700,160190,6,0
905191700,160200,7,0
905191700,160210,8,0
905191700,160220,9,0
905191700,160230,10,0
905191700,160240,11,0
905191700,970001,12,0
905191700,160300,13,0
905191700,160310,14,0
905191700,160320,15,0
905191700,160330,16,0
905191700,160340,17,0
905191700,160350,18,0
905191700,160360,19,0
905191700,160370,20,0
905191700,160450,21,0
905191700,160460,22,0
905191700,160470,23,0
905191700,160480,24,0
905191700,160490,25,0
905191700,160500,26,0
905191700,160510,27,0
905191700,160520,28,0
905191700,160530,29,0
905191700,160540,30,0
905191700,160550,31,0
905191700,160560,32,0
905191700,160570,33,0
905191700,160580,34,0
905191700,160590,35,0
905191700,990039,36,0
905191700,990040,37,0
905191700,160650,38,0
905191700,160465,39,0
905191700,160455,40,0
905191700,990235,41,0
905191700,160405,42,0
905191700,160395,43,0
905191700,160385,44,0
905191700,160375,45,0
905191700,160365,46,0
905191700,160355,47,0
905191700,160345,48,0
905191700,160335,49,0
905191700,160325,50,0
905191700,160315,51,0
905191700,160305,52,0
905191700,160295,53,0
905191700,160285,54,0
905191700,160275,55,0
905191700,160265,56,0
905191700,160255,57,0
905191700,160245,58,0
905191700,160235,59,0
905191700,160225,60,0
905191700,160215,61,0
905191700,160205,62,0
905191700,160195,63,0
905191700,160185,64,0
905191700,160175,65,0
905191700,970018,66,0
905191700,160105,67,0
905191700,160095,68,0
905191700,160085,69,0
905191700,160075,70,0
905191700,970241,71,0
905191700,160065,72,0
905191700,160055,73,0
905191700,160045,74,0
905191700,160043,75,0
905191700,160035,76,0
905191700,160025,77,0
905191700,160015,78,0
905191700,160660,79,0
905191700,160670,80,0
905191700,160680,81,0
905191700,160690,82,0
905191700,160700,83,0
905191700,160710,84,0
905191700,160005,85,0
905191700,170040,86,0
905191700,170050,87,0
905191700,170060,88,0
905191700,170070,89,0
905191700,170080,90,0
905191700,170090,91,0
905191700,170100,92,0
905191700,170110,93,0
905191700,170120,94,0
905191700,170130,95,0
905191700,170140,96,0
905191700,170150,97,0
905191700,170152,98,0
905191700,170160,99,0
905191700,170170,100,0
905191700,170180,101,0
905191700,170190,102,0
905191700,20405,103,0
905191700,20415,104,0
905191700,20425,105,0
905191700,20435,106,0
905191700,20445,107,0
905191700,20455,108,0
905191700,20465,109,0
905191700,20477,110,0
905191700,20485,111,0
905191700,20495,112,0
905191700,20505,113,0
905191700,990014,114,0
905191700,990016,115,0
905191700,990018,116,0
905191700,990020,117,0
905191700,990022,118,0
905191700,990024,119,0
905191700,990026,120,0
905191700,990028,121,0
905191700,990030,122,0
905191700,990032,123,1
905191701,990033,1,0
905191701,990031,2,0
905191701,990029,3,0
905191701,990027,4,0
905191701,990025,5,0
905191701,990023,6,0
905191701,990021,7,0
905191701,990019,8,0
905191701,990017,9,0
905191701,990015,10,0
905191701,20510,11,0
905191701,170200,12,0
905191701,170210,13,0
905191701,170220,14,0
905191701,170230,15,0
905191701,170232,16,0
905191701,170240,17,0
905191701,170250,18,0
905191701,170115,19,0
905191701,170105,20,0
905191701,170095,21,0
905191701,170085,22,0
905191701,170075,23,0
905191701,170065,24,0
905191701,170057,25,0
905191701,170055,26,0
905191701,170045,27,0
905191701,170035,28,0
905191701,20500,29,0
905191701,20482,30,0
905191701,20480,31,0
905191701,20470,32,0
905191701,20460,33,0
905191701,20450,34,0
905191701,20440,35,0
905191701,20430,36,0
905191701,160010,37,0
905191701,160020,38,0
905191701,160030,39,0
905191701,160040,40,0
905191701,160050,41,0
905191701,160060,42,0
905191701,160062,43,0
905191701,160465,44,0
905191701,160455,45,0
905191701,990235,46,0
905191701,160405,47,0
905191701,160395,48,0
905191701,160385,49,0
905191701,160375,50,0
905191701,160365,51,0
905191701,160355,52,0
905191701,160345,53,0
905191701,160335,54,0
905191701,160325,55,0
905191701,160315,56,0
905191701,160305,57,0
905191701,160295,58,0
905191701,160285,59,0
905191701,160275,60,0
905191701,160265,61,0
905191701,160255,62,0
905191701,160245,63,0
905191701,160235,64,0
905191701,160225,65,0
905191701,160215,66,0
905191701,160205,67,0
905191701,160195,68,0
905191701,160185,69,0
905191701,160175,70,0
905191701,970018,71,0
905191701,160105,72,0
905191701,160095,73,0
905191701,160085,74,0
905191701,160075,75,0
905191701,990078,76,0
905191701,990069,77,0
905191701,990070,78,0
905191701,160025,79,0
905191701,160015,80,0
905191701,160070,81,0
905191701,160080,82,0
905191701,160082,83,0
905191701,160090,84,0
905191701,160160,85,0
905191701,160170,86,0
905191701,160180,87,0
905191701,160190,88,0
905191701,160200,89,0
905191701,160210,90,0
905191701,160220,91,0
905191701,160230,92,0
905191701,160240,93,0
905191701,970001,94,0
905191701,160300,95,0
905191701,160310,96,0
905191701,160320,97,0
905191701,160330,98,0
905191701,160340,99,0
905191701,160350,100,0
905191701,160360,101,0
905191701,160370,102,0
905191701,160450,103,0
905191701,160460,104,0
905191701,160470,105,0
905191701,160480,106,0
905191701,160490,107,0
905191701,160500,108,0
905191701,160510,109,0
905191701,160520,110,0
905191701,160530,111,0
905191701,160540,112,0
905191701,160550,113,0
905191701,160560,114,0
905191701,160570,115,0
905191701,160580,116,0
905191701,160590,117,0
905191701,990039,118,0
905191701,990040,119,0
905191701,160650,120,1
