905231701,'27',2314,,6491,79,4,,2,29,,6494,79,4,,2,70,,6489,79,4,,2,30,,6492,79,4,,2,70,,6490,79,4,,2,30,,6493,79,4,,2,70,,6495,79,4,,2
905231701,'28',2314,,6498,79,4,,2,29,,6501,79,4,,2,70,,6496,79,4,,2,30,,6499,79,4,,2,70,,6497,79,4,,2,30,,6500,79,4,,2,70,,6502,79,4,,2
905231701,'29',2314,,6505,79,4,,2,29,,6508,79,4,,2,70,,6503,79,4,,2,30,,6506,79,4,,2,70,,6504,79,4,,2,30,,6507,79,4,,2,70,,6509,79,4,,2
1200000101,'1',1621,,7148,83,,,1,32,,7149,83,,,1,71,,7150,83,,,1,30,,7151,83,,,1
1200000301,'1',623,,7508,32,,,1,28,,7513,32,,,1,77,,7506,45,,,1,20,,7510,45,,,1,75,,7516,45,,,1,29,,7511,45,,,1,65,,7519,45,,,1,25,,7507,45,,,1,69,,7517,45,,,1,27,,7515,45,,,1,73,,7520,45,,,1,33,,7521,45,,,1,70,,7523,45,,,1,34,,7525,45,,,1,72,,7527,45,,,1,28,,7522,45,,,1,70,,7524,45,,,1,28,,7526,45,,,1,71,,7528,45,,,1,36,,7529,45,,,1,60,,7532,42,,,1,23,,7530,42,,,1,18,,7535,42,,,1,59,,7534,42,,,1,11,,7539,42,,,1,13,,7537,42,,,1,14,,7538,42,,,1,56,,7541,42,,,1,14,,7533,42,,,1,12,,7536,42,,,1,15,,7531,42,,,1,68,,7540,42,,,1,24,,7544,45,,,1,64,,7542,45,,,1,31,,7543,45,,,1,70,,7545,45,,,1,29,,7546,45,,,1,73,,7549,45,,,1,31,,7547,32,,,1,70,,7550,32,,,1,28,,7548,32,,,1,70,,7551,32,,,1,39,,7552,32,,,1
1200000301,'2',803,,7553,45,,,1,30,,7556,45,,,1,71,,7559,45,,,1,32,,7562,45,,,1,71,,7554,45,,,1,32,,7557,45,,,1,71,,7560,45,,,1,31,,7563,45,,,1,71,,7555,45,,,1,31,,7558,45,,,1,71,,7561,45,,,1,31,,7564,45,,,1,71,,7565,45,,,1,30,,7568,45,,,1,70,,7574,45,,,1,30,,7571,45,,,1,70,,7566,45,,,1,31,,7569,45,,,1,71,,7575,45,,,1,27,,7572,45,,,1,68,,7567,45,,,1,28,,7570,45,,,1,67,,7576,45,,,1,27,,7573,45,,,1,75,,7577,32,,,1,100,,7578,32,,,1,96,,7579,32,,,1,98,,7580,32,,,1,38,,7581,32,,,1,102,,7582,32,,,1
1200000301,'27',2237,,7584,35,,,1,70,,7587,35,,,1,30,,7589,35,,,1,83,,7585,35,,,1,28,,7588,35,,,1,70,,7583,35,,,1,30,,7586,35,,,1
1200000301,'28',2237,,7591,35,,,1,70,,7594,35,,,1,30,,7596,35,,,1,83,,7592,35,,,1,28,,7595,35,,,1,70,,7590,35,,,1,30,,7593,35,,,1
1200000301,'29',2237,,7598,35,,,1,70,,7601,35,,,1,30,,7603,35,,,1,83,,7599,35,,,1,28,,7602,35,,,1,70,,7597,35,,,1,30,,7600,35,,,1
1200000301,'3',833,,7604,45,,,1,71,,7606,45,,,1,32,,7612,45,,,1,71,,7609,45,,,1,32,,7605,45,,,1,71,,7607,45,,,1,31,,7613,45,,,1,71,,7610,45,,,1,31,,7614,45,,,1,71,,7608,45,,,1,31,,7616,45,,,1,71,,7611,45,,,1,30,,7615,45,,,1,70,,7618,45,,,1,30,,7617,45,,,1,70,,7621,45,,,1,31,,7623,45,,,1,71,,7619,45,,,1,27,,7627,45,,,1,68,,7622,45,,,1,28,,7624,45,,,1,67,,7620,45,,,1,27,,7628,45,,,1,75,,7625,32,,,1,121,,7626,32,,,1
