1501,'71',648,,4438,19,,,2,64,,4436,19,,,2,33,,4439,19,,,2,164,,4437,2,,,2,115,,4440,2,,,2,116,,4441,2,,,2,70,,4442,2,,,2,117,,4444,2,,,2,115,,4445,2,,,2,94,,4443,19,,,2,86,,4446,19,,,2,16,,4448,19,,,2,71,,4450,19,,,2,35,,4449,19,,,2,77,,4447,2,,,2,36,,4451,2,,,2,145,,4452,2,,,2,106,,4453,2,,,2,42,,4454,2,,,2
1501,'88',1640,,4455,4,,,2
13601,'83',1619,,4868,9,,,2
13901,'88',1632,,4873,6,,,2
15601,'83',1615,,4876,9,,,2
1001101,'71',558,,4973,13,,,1,71,,4970,13,,,1,30,,4974,13,,,1,72,,4971,13,,,1,24,,4976,13,,,1,81,,4972,13,,,1,66,,4977,13,0,12 13,1,18,,4978,13,,,1,30,,4975,13,,,1,75,,4979,13,,,1,30,,4982,13,,,1,75,,4980,13,,,1,70,,4983,13,,,1,33,,4981,13,,,1,70,,4984,13,,,1,37,,4986,13,,,1,70,,4985,13,,,1,48,,4987,13,,,1,70,,4989,13,,,1,85,,4988,13,,,1,26,,4990,13,,,1,63,,4993,13,,,1,27,,4991,13,,,1,74,,4994,13,,,1,29,,4992,13,,,1,71,,4995,13,,,1,100,,4996,13,,,1,100,,4997,13,,,1,100,,4998,13,,,1,100,,4999,13,0,12 13,1
1001101,'72',800,,5000,13,,,1,101,,5001,13,,,1,101,,5002,13,,,1,100,,5004,13,,,1,98,,5005,13,,,1,100,,5006,13,,,1,101,,5007,13,,,1,100,,5008,13,,,1,100,,5009,13,,,1,100,,5010,13,,,1,101,,5011,13,,,1,100,,5012,13,,,1,100,,5013,13,,,1,100,,5014,13,,,1,100,,5015,13,,,1,100,,5016,13,0,12 13,1
1001101,'73',1002,,5018,13,,,1,100,,5019,13,,,1,98,,5020,13,,,1,100,,5021,13,,,1,101,,5022,13,,,1,100,,5023,13,,,1,100,,5024,13,,,1,100,,5025,13,,,1,101,,5026,13,,,1
1200000100,'71',650,,5061,71,,,1,71,,5062,71,,,1,21,,5063,71,,,1,69,,5066,71,0,16 1 17,1,30,,5064,71,,,1
2000001501,'72',752,,5628,2,,,2,102,,5629,2,,,2,103,,5630,2,,,2,148,,5631,2,,,2,54,,5632,2,,,2,148,,5633,2,,,2,142,,5634,2,,,2,99,,5635,2,,,2,103,,5636,2,,,2,99,,5637,2,,,2,98,,5638,2,,,2
2000001501,'73',854,,5639,2,,,2,103,,5640,2,,,2,148,,5641,2,,,2,54,,5642,2,,,2,148,,5643,2,,,2,142,,5644,2,,,2,99,,5645,2,,,2,103,,5646,2,,,2,99,,5647,2,,,2,98,,5648,2,,,2
