905231701,'27',2306,,6491,61,4,,2,29,,6494,61,4,,2,70,,6489,61,4,,2,30,,6492,61,4,,2,70,,6490,61,4,,2,30,,6493,61,4,,2,70,,6495,61,4,,2
905231701,'28',2306,,6498,61,4,,2,29,,6501,61,4,,2,70,,6496,61,4,,2,30,,6499,61,4,,2,70,,6497,61,4,,2,30,,6500,61,4,,2,70,,6502,61,4,,2
905231701,'29',2306,,6505,61,4,,2,29,,6508,61,4,,2,70,,6503,61,4,,2,30,,6506,61,4,,2,70,,6504,61,4,,2,30,,6507,61,4,,2,70,,6509,61,4,,2
1200000101,'1',1612,,7148,65,,,1,32,,7149,65,,,1,71,,7150,65,,,1,30,,7151,65,,,1
1200000301,'1',615,,7508,14,,,1,28,,7513,14,,,1,77,,7506,27,,,1,20,,7510,27,,,1,75,,7516,27,,,1,29,,7511,27,,,1,65,,7519,27,,,1,25,,7507,27,,,1,69,,7517,27,,,1,27,,7515,27,,,1,73,,7520,27,,,1,33,,7521,27,,,1,70,,7523,27,,,1,33,,7525,27,,,1,72,,7527,27,,,1,29,,7522,27,,,1,70,,7524,27,,,1,28,,7526,27,,,1,70,,7528,27,,,1,36,,7529,27,,,1,60,,7532,24,,,1,23,,7530,24,,,1,18,,7535,24,,,1,59,,7534,24,,,1,11,,7539,24,,,1,13,,7537,24,,,1,14,,7538,24,,,1,16,,7541,24,,,1,54,,7533,24,,,1,12,,7536,24,,,1,15,,7531,24,,,1,69,,7540,24,,,1,24,,7544,27,,,1,24,,7542,27,,,1,71,,7543,27,,,1,30,,7545,27,,,1,69,,7546,27,,,1,33,,7549,27,,,1,71,,7547,14,,,1,70,,7550,14,,,1,28,,7548,14,,,1,30,,7551,14,,,1,79,,7552,14,,,1
1200000301,'2',755,,7553,27,,,1,70,,7556,27,,,1,31,,7559,27,,,1,72,,7562,27,,,1,31,,7554,27,,,1,72,,7557,27,,,1,71,,7560,27,,,1,31,,7563,27,,,1,71,,7555,27,,,1,31,,7558,27,,,1,71,,7561,27,,,1,31,,7564,27,,,1,71,,7565,27,,,1,30,,7568,27,,,1,70,,7574,27,,,1,30,,7571,27,,,1,70,,7566,27,,,1,31,,7569,27,,,1,71,,7575,27,,,1,27,,7572,27,,,1,68,,7567,27,,,1,28,,7570,27,,,1,67,,7576,27,,,1,27,,7573,27,,,1,75,,7577,14,,,1,100,,7578,14,,,1,56,,7579,14,,,1,98,,7580,14,,,1,78,,7581,14,,,1,102,,7582,14,,,1
1200000301,'27',2229,,7584,17,,,1,30,,7587,17,,,1,70,,7589,17,,,1,83,,7585,17,,,1,28,,7588,17,,,1,70,,7583,17,,,1,30,,7586,17,,,1
1200000301,'28',2229,,7591,17,,,1,30,,7594,17,,,1,70,,7596,17,,,1,83,,7592,17,,,1,28,,7595,17,,,1,70,,7590,17,,,1,30,,7593,17,,,1
1200000301,'29',2229,,7598,17,,,1,30,,7601,17,,,1,70,,7603,17,,,1,83,,7599,17,,,1,28,,7602,17,,,1,70,,7597,17,,,1,30,,7600,17,,,1
1200000301,'3',825,,7604,27,,,1,31,,7606,27,,,1,72,,7612,27,,,1,31,,7609,27,,,1,72,,7605,27,,,1,71,,7607,27,,,1,31,,7613,27,,,1,71,,7610,27,,,1,31,,7614,27,,,1,71,,7608,27,,,1,31,,7616,27,,,1,71,,7611,27,,,1,30,,7615,27,,,1,70,,7618,27,,,1,30,,7617,27,,,1,70,,7621,27,,,1,31,,7623,27,,,1,71,,7619,27,,,1,27,,7627,27,,,1,68,,7622,27,,,1,28,,7624,27,,,1,67,,7620,27,,,1,27,,7628,27,,,1,75,,7625,14,,,1,121,,7626,14,,,1
