1300,'1',643,,5808,32,,,2,86,,5806,32,,,2,84,,5807,32,,,2,792,,5809,32,,,2,108,,5811,32,,,2,14,,5810,32,,,2,31,,5813,32,,,2,72,,5812,32,,,2
1300,'16',856,,5815,32,,,2,3,,5814,27,,,2
11100,'15',734,,6226,51,,,2
22500,'12',843,,6290,36,4,,2
23500,'12',841,,6295,77,4,,2
24500,'12',841,,6298,20,4,,2
24600,'12',838,,6299,19,4,,2
37500,'12',841,,6309,34,4,,2
38500,'12',841,,6317,39,4,,2
1001101,'1',607,,6326,25,,,1,32,,6323,25,,,1,71,,6327,25,,,1,33,,6324,25,,,1,64,,6320,25,,,1,41,,6325,25,,,1,82,,6328,25,,,1,70,,6329,25,,,1,35,,6333,25,,,1,70,,6330,25,,,1,35,,6334,25,,,1,70,,6331,25,,,1,33,,6335,25,,,1,70,,6332,25,,,1,37,,6336,25,,,1,70,,6338,25,,,1,88,,6337,25,,,1,32,,6339,25,,,1,84,,6341,25,,,1,26,,6340,25,,,1,62,,6344,25,,,1,27,,6342,25,,,1,74,,6345,25,,,1,29,,6343,25,,,1,71,,6346,25,,,1,100,,6347,25,,,1,99,,6348,25,,,1,100,,6349,25,,,1
1001101,'2',809,,6352,25,,,1,102,,6353,25,,,1,101,,6354,25,,,1,100,,6355,25,,,1,98,,6359,25,,,1,100,,6360,25,,,1,102,,6358,25,,,1,100,,6356,25,,,1,99,,6357,25,,,1,101,,6361,25,,,1,99,,6362,25,,,1,100,,6363,25,,,1,99,,6364,25,,,1,100,,6365,25,,,1,100,,6366,25,,,1
1001101,'3',1012,,6369,25,,,1,100,,6372,25,,,1,98,,6373,25,,,1,100,,6370,25,,,1,102,,6371,25,,,1,100,,6374,25,,,1,99,,6375,25,,,1,101,,6376,25,,,1,99,,6377,25,,,1
