20000,'1',851,,6243,10,,,2,69,,6242,10,,,2
5002301,'1',1625,,6382,10,,,2,27,,6381,10,,,2
5002401,'1',1626,,6385,10,,,2,28,,6386,10,,,2
5003401,'1',1622,,6389,10,,,2
5003601,'1',1621,,6393,10,,,2,24,,6392,10,,,2
5003701,'1',1649,,6396,10,,,2
5003801,'1',1622,,6398,10,,,2,95,,6397,10,,,2
1200000201,'1',630,,7140,10,,,1,15,,7139,10,,,1,59,,7144,10,,,1,23,,7146,10,,,1,19,,7148,10,,,1,60,,7151,10,,,1,16,,7152,10,,,1,16,,7138,10,,,1,14,,7155,10,,,1,54,,7143,10,,,1,11,,7141,10,,,1,12,,7150,10,,,1,13,,7156,10,,,1,14,,7153,10,,,1,57,,7157,10,,,1,30,,7159,10,,,1,69,,7161,10,,,1,30,,7142,10,,,1,71,,7162,10,,,1,30,,7158,10,,,1,70,,7160,10,,,1,31,,7164,10,,,1,70,,7165,10,,,1,29,,7163,10,,,1,72,,7167,10,,,1,22,,7169,10,,,1,15,,7172,10,,,1,57,,7170,10,,,1,17,,7171,10,,,1,12,,7168,10,,,1,13,,7173,10,,,1,55,,7174,10,,,1,16,,7176,10,,,1,16,,7166,10,,,1,10,,7179,10,,,1,54,,7180,10,,,1,15,,7183,10,,,1,13,,7184,10,,,1,14,,7178,10,,,1,66,,7177,10,,,1,26,,7175,10,,,1,19,,7185,10,,,1,70,,7186,10,,,1,32,,7181,10,,,1,75,,7188,10,,,1,70,,7190,10,,,1,31,,7187,10,,,1,68,,7182,10,,,1,31,,7189,10,,,1,86,,7191,10,,,1
1200000201,'2',706,,7193,10,,,1,30,,7201,10,,,1,70,,7199,10,,,1,31,,7197,10,,,1,71,,7203,10,,,1,30,,7194,10,,,1,71,,7202,10,,,1,31,,7200,10,,,1,71,,7205,10,,,1,30,,7204,10,,,1,71,,7195,10,,,1,32,,7207,10,,,1,70,,7209,10,,,1,30,,7206,10,,,1,70,,7211,10,,,1,31,,7212,10,,,1,70,,7208,10,,,1,29,,7210,10,,,1,71,,7214,10,,,1,32,,7216,10,,,1,70,,7213,10,,,1,29,,7218,10,,,1,69,,7219,10,,,1,26,,7215,10,,,1,65,,7217,10,,,1,28,,7223,10,,,1,69,,7222,10,,,1,31,,7220,10,,,1,67,,7224,10,,,1,28,,7226,10,,,1,71,,7225,10,,,1,30,,7228,10,,,1,70,,7221,10,,,1,29,,7227,10,,,1,89,,7229,10,,,1
1200000201,'27',2214,,7230,3,,,1,30,,7233,3,,,1,70,,7231,3,,,1,43,,7234,3,,,1,68,,7236,3,,,1,30,,7232,3,,,1,70,,7235,3,,,1
1200000201,'28',2214,,7237,3,,,1,30,,7240,3,,,1,70,,7238,3,,,1,43,,7241,3,,,1,68,,7243,3,,,1,30,,7239,3,,,1,70,,7242,3,,,1
1200000201,'29',2214,,7244,3,,,1,30,,7247,3,,,1,70,,7245,3,,,1,43,,7248,3,,,1,68,,7250,3,,,1,30,,7246,3,,,1,70,,7249,3,,,1
1200000201,'3',806,,7252,10,,,1,31,,7254,10,,,1,71,,7256,10,,,1,30,,7258,10,,,1,71,,7259,10,,,1,31,,7263,10,,,1,71,,7261,10,,,1,30,,7265,10,,,1,71,,7262,10,,,1,32,,7260,10,,,1,70,,7264,10,,,1,30,,7267,10,,,1,70,,7266,10,,,1,31,,7268,10,,,1,70,,7270,10,,,1,29,,7272,10,,,1,71,,7275,10,,,1,32,,7277,10,,,1,70,,7269,10,,,1,29,,7271,10,,,1,69,,7273,10,,,1,26,,7276,10,,,1,65,,7278,10,,,1,28,,7280,10,,,1,69,,7279,10,,,1,31,,7274,10,,,1,67,,7281,10,,,1
1200000301,'1',657,,7381,10,,,1,59,,7385,10,,,1,34,,7391,10,,,1,69,,7386,10,,,1,26,,7394,10,,,1,65,,7382,10,,,1,30,,7392,10,,,1,67,,7390,10,,,1,33,,7395,10,,,1,73,,7396,10,,,1,30,,7398,10,,,1,71,,7400,10,,,1,32,,7402,10,,,1,70,,7397,10,,,1,30,,7399,10,,,1,68,,7401,10,,,1,30,,7403,10,,,1,69,,7404,10,,,1,20,,7407,10,,,1,18,,7405,10,,,1,57,,7410,10,,,1,19,,7409,10,,,1,12,,7414,10,,,1,16,,7412,10,,,1,56,,7413,10,,,1,17,,7416,10,,,1,17,,7408,10,,,1,14,,7411,10,,,1,56,,7406,10,,,1,33,,7415,10,,,1,62,,7419,10,,,1,24,,7417,10,,,1,71,,7418,10,,,1,30,,7420,10,,,1,70,,7421,10,,,1,33,,7424,10,,,1
1200000301,'2',735,,7428,10,,,1,70,,7431,10,,,1,31,,7434,10,,,1,71,,7437,10,,,1,30,,7429,10,,,1,72,,7432,10,,,1,30,,7435,10,,,1,71,,7438,10,,,1,31,,7430,10,,,1,71,,7433,10,,,1,31,,7436,10,,,1,70,,7439,10,,,1,31,,7440,10,,,1,70,,7443,10,,,1,30,,7449,10,,,1,70,,7446,10,,,1,30,,7441,10,,,1,71,,7444,10,,,1,31,,7450,10,,,1,68,,7447,10,,,1,29,,7442,10,,,1,69,,7445,10,,,1,27,,7451,10,,,1,67,,7448,10,,,1
1200000301,'27',2214,,7459,3,,,1,30,,7462,3,,,1,70,,7464,3,,,1,43,,7460,3,,,1,68,,7463,3,,,1,30,,7458,3,,,1,70,,7461,3,,,1
1200000301,'28',2214,,7466,3,,,1,30,,7469,3,,,1,70,,7471,3,,,1,43,,7467,3,,,1,68,,7470,3,,,1,30,,7465,3,,,1,70,,7468,3,,,1
1200000301,'29',2214,,7473,3,,,1,30,,7476,3,,,1,70,,7478,3,,,1,43,,7474,3,,,1,68,,7477,3,,,1,30,,7472,3,,,1,70,,7475,3,,,1
1200000301,'3',805,,7479,10,,,1,31,,7481,10,,,1,71,,7487,10,,,1,30,,7484,10,,,1,72,,7480,10,,,1,30,,7482,10,,,1,71,,7488,10,,,1,31,,7485,10,,,1,71,,7489,10,,,1,31,,7483,10,,,1,70,,7491,10,,,1,31,,7486,10,,,1,70,,7490,10,,,1,30,,7493,10,,,1,70,,7492,10,,,1,30,,7496,10,,,1,71,,7498,10,,,1,31,,7494,10,,,1,68,,7502,10,,,1,29,,7497,10,,,1,69,,7499,10,,,1,27,,7495,10,,,1,67,,7503,10,,,1
1200000401,'1',1632,,7510,10,,,1,26,,7508,10,,,1
