3101,'1',614,,6012,49,,,2,32,,6014,49,,,2,68,,6013,81,,,2,32,,6011,81,,,2,101,,6015,81,,,2,105,,6016,81,,,2,99,,6017,81,,,2,100,,6018,81,,,2,106,,6019,81,,,2,102,,6020,81,,,2,141,,6021,81,,,2,101,,6022,81,,,2,57,,6023,81,,,2,71,,6026,81,,,2,30,,6027,81,,,2,71,,6024,81,,,2,73,,6028,81,,,2,24,,6025,81,,,2,76,,6029,81,,,2
3900,'1',650,,6215,33,,,2,80,,6216,33,,,2,71,,6214,33,,,2
24100,'15',738,,6296,17,4,,2
24200,'15',735,,6297,19,4,,2
31100,'15',754,,6300,58,,,2
35100,'15',736,,6307,46,,,2
35500,'12',824,,6308,46,,,2
38100,'15',740,,6316,50,,,2
5003701,'1',1758,,6396,81,4,,2
5003801,'1',1733,,6398,80,4,,2,88,,6397,80,4,,2
2000003101,'2',717,,7719,50,,,2,102,,7720,82,,,2,101,,7721,82,,,2,101,,7722,82,,,2,101,,7723,82,,,2,101,,7724,82,,,2,101,,7725,82,,,2,215,,7726,82,,,2,101,,7727,82,,,2,101,,7728,82,,,2,96,,7729,82,,,2
2000003101,'3',819,,7731,50,,,2,101,,7732,82,,,2,101,,7733,82,,,2,101,,7734,82,,,2,101,,7735,82,,,2,101,,7736,82,,,2,215,,7737,82,,,2,101,,7738,82,,,2,101,,7739,82,,,2,96,,7740,82,,,2
