2201,'1',639,,5883,28,,,2,68,,5892,28,0,23,2,30,,5884,28,,,2,65,,5898,28,,,2,28,,5899,28,,,2,26,,5893,28,,,2,148,,5894,28,,,2,110,,5885,28,,,2,101,,5886,28,,,2,101,,5887,28,,,2,100,,5890,28,,,2,104,,5900,28,,,2,80,,5891,28,,,2,56,,5888,28,,,2,70,,5895,28,,,2,30,,5889,28,,,2,70,,5896,28,,,2,27,,5901,28,,,2,64,,5897,28,,,2
2201,'14',1656,,5903,32,,,2
2301,'1',625,,5973,10,,,2,30,,5974,10,,,2,150,,5976,10,,,2,41,,5953,10,,,2,72,,5977,10,,,2,23,,5954,10,,,2,81,,5955,10,,,2,30,,5957,10,,,2,70,,5956,10,,,2,30,,5958,10,,,2,71,,5959,10,,,2,30,,5961,10,,,2,70,,5960,10,,,2,30,,5962,10,,,2,71,,5963,10,,,2,31,,5966,10,,,2,91,,5964,10,,,2,67,,5967,10,,,2,35,,5965,10,,,2,102,,5968,10,,,2,67,,5975,10,,,2,37,,5969,10,,,2,102,,5970,10,,,2,90,,5971,10,,,2,154,,5972,10,,,2
2301,'14',1647,,5979,14,,,2
2301,'2',701,,5980,10,,,2,100,,5981,10,,,2,101,,5982,10,,,2,102,,5983,10,,,2,102,,5984,10,,,2,102,,5985,10,,,2,101,,5986,10,,,2,101,,5987,10,,,2,100,,5988,10,,,2,100,,5989,10,,,2,101,,5990,10,,,2,97,,5991,10,,,2
2301,'3',801,,5992,10,,,2,101,,5993,10,,,2,102,,5994,10,,,2,102,,5995,10,,,2,102,,5996,10,,,2,101,,5997,10,,,2,101,,5998,10,,,2,100,,5999,10,,,2,100,,6000,10,,,2,101,,6001,10,,,2,97,,6002,10,,,2
2401,'1',1553,,6009,3,,,2,58,,6005,3,,,2,189,,6010,3,,,2,19,,6006,3,,,2,27,,6007,3,,,2,64,,6008,3,,,2
6501,'1',1700,,6223,3,,,2,18,,6225,3,,,2,41,,6224,3,,,2
5002301,'1',1657,,6382,20,,,2,65,,6381,20,,,2
5002401,'1',1658,,6385,20,,,2,65,,6386,20,,,2
905231701,'27',2303,,6491,57,4,,2,29,,6494,57,4,,2,70,,6489,57,4,,2,30,,6492,57,4,,2,70,,6490,57,4,,2,30,,6493,57,4,,2,70,,6495,57,4,,2
905231701,'28',2303,,6498,57,4,,2,29,,6501,57,4,,2,70,,6496,57,4,,2,30,,6499,57,4,,2,70,,6497,57,4,,2,30,,6500,57,4,,2,70,,6502,57,4,,2
905231701,'29',2303,,6505,57,4,,2,29,,6508,57,4,,2,70,,6503,57,4,,2,30,,6506,57,4,,2,70,,6504,57,4,,2,30,,6507,57,4,,2,70,,6509,57,4,,2
1200000101,'1',1607,,7148,61,,,1,32,,7149,61,,,1,71,,7150,61,,,1,31,,7151,61,,,1
1200000301,'1',612,,7508,10,,,1,28,,7513,10,,,1,76,,7506,23,,,1,20,,7510,23,,,1,75,,7516,23,,,1,29,,7511,23,,,1,65,,7519,23,,,1,25,,7507,23,,,1,29,,7517,23,,,1,67,,7515,23,,,1,33,,7520,23,,,1,73,,7521,23,,,1,70,,7523,23,,,1,33,,7525,23,,,1,72,,7527,23,,,1,29,,7522,23,,,1,70,,7524,23,,,1,28,,7526,23,,,1,70,,7528,23,,,1,36,,7529,23,,,1,60,,7532,20,,,1,22,,7530,20,,,1,18,,7535,20,,,1,19,,7534,20,,,1,51,,7539,20,,,1,14,,7537,20,,,1,14,,7538,20,,,1,16,,7541,20,,,1,54,,7533,20,,,1,12,,7536,20,,,1,15,,7531,20,,,1,69,,7540,20,,,1,24,,7544,23,,,1,24,,7542,23,,,1,71,,7543,23,,,1,30,,7545,23,,,1,70,,7546,23,,,1,33,,7549,23,,,1,71,,7547,10,,,1,30,,7550,10,,,1,68,,7548,10,,,1,30,,7551,10,,,1,79,,7552,10,,,1
1200000301,'2',752,,7553,23,,,1,70,,7556,23,,,1,31,,7559,23,,,1,71,,7562,23,,,1,31,,7554,23,,,1,72,,7557,23,,,1,31,,7560,23,,,1,71,,7563,23,,,1,71,,7555,23,,,1,31,,7558,23,,,1,71,,7561,23,,,1,31,,7564,23,,,1,71,,7565,23,,,1,30,,7568,23,,,1,70,,7574,23,,,1,30,,7571,23,,,1,70,,7566,23,,,1,31,,7569,23,,,1,71,,7575,23,,,1,27,,7572,23,,,1,68,,7567,23,,,1,29,,7570,23,,,1,27,,7576,23,,,1,67,,7573,23,,,1,35,,7577,10,,,1,100,,7578,10,,,1,96,,7579,10,,,1,98,,7580,10,,,1,78,,7581,10,,,1,102,,7582,10,,,1
1200000301,'27',2226,,7584,13,,,1,30,,7587,13,,,1,70,,7589,13,,,1,83,,7585,13,,,1,28,,7588,13,,,1,70,,7583,13,,,1,30,,7586,13,,,1
1200000301,'28',2226,,7591,13,,,1,30,,7594,13,,,1,70,,7596,13,,,1,83,,7592,13,,,1,28,,7595,13,,,1,70,,7590,13,,,1,30,,7593,13,,,1
1200000301,'29',2226,,7598,13,,,1,30,,7601,13,,,1,70,,7603,13,,,1,83,,7599,13,,,1,28,,7602,13,,,1,70,,7597,13,,,1,30,,7600,13,,,1
1200000301,'3',822,,7604,23,,,1,31,,7606,23,,,1,71,,7612,23,,,1,31,,7609,23,,,1,72,,7605,23,,,1,31,,7607,23,,,1,71,,7613,23,,,1,71,,7610,23,,,1,31,,7614,23,,,1,71,,7608,23,,,1,31,,7616,23,,,1,71,,7611,23,,,1,30,,7615,23,,,1,70,,7618,23,,,1,30,,7617,23,,,1,70,,7621,23,,,1,31,,7623,23,,,1,71,,7619,23,,,1,27,,7627,23,,,1,68,,7622,23,,,1,29,,7624,23,,,1,27,,7620,23,,,1,67,,7628,23,,,1,35,,7625,10,,,1,161,,7626,10,,,1
2000002200,'1',657,,7710,3,,,2,90,,7712,3,,,2
2000002201,'1',1548,,7714,3,,,2,83,,7715,3,,,2,88,,7716,3,,,2,84,,7717,3,,,2,40,,7718,3,0,21 22,2
