3101,'1',607,,6012,37,,,2,30,,6014,37,,,2,67,,6013,69,,,2,32,,6011,69,,,2,104,,6015,69,,,2,105,,6016,69,,,2,99,,6017,69,,,2,100,,6018,69,,,2,106,,6019,69,,,2,102,,6020,69,,,2,101,,6021,69,,,2,100,,6022,69,,,2,97,,6023,69,,,2,71,,6026,69,,,2,31,,6027,69,,,2,71,,6024,69,,,2,33,,6028,69,,,2,64,,6025,69,,,2,36,,6029,69,,,2
3800,'1',809,,6171,38,,,2,103,,6172,38,,,2,99,,6173,38,,,2,102,,6174,38,,,2,115,,6175,38,,,2,102,,6176,38,,,2,102,,6177,38,,,2,106,,6178,38,,,2,119,,6179,38,,,2,72,,6180,38,,,2,174,,6181,38,,,2,56,,6182,38,,,2,96,,6183,38,,,2,100,,6184,38,,,2,98,,6185,38,,,2
3800,'2',737,,6186,38,,,2,101,,6187,38,,,2,103,,6188,38,,,2,101,,6189,38,,,2,102,,6190,38,,,2,156,,6191,38,,,2,102,,6192,38,,,2,101,,6193,38,,,2,100,,6194,38,,,2,102,,6195,38,,,2,99,,6196,38,,,2,54,,6197,38,,,2,96,,6198,38,,,2,100,,6199,38,,,2,97,,6200,38,,,2,101,,6201,38,,,2
3800,'3',838,,6202,38,,,2,103,,6203,38,,,2,101,,6204,38,,,2,102,,6205,38,,,2,156,,6206,38,,,2,102,,6207,38,,,2,101,,6208,38,,,2,100,,6209,38,,,2,102,,6210,38,,,2,99,,6211,38,,,2,54,,6212,38,,,2,96,,6213,38,,,2
3900,'1',633,,6215,13,,,2,80,,6216,13,,,2,31,,6214,13,,,2
38000,'1',1651,,6312,9,,,2,87,,6310,9,,,2,86,,6311,9,,,2
38100,'15',721,,6316,30,,,2
5003801,'1',1724,,6398,69,,,2,89,,6397,69,,,2
2000003101,'2',710,,7594,38,,,2,102,,7595,70,,,2,101,,7596,70,,,2,101,,7597,70,,,2,101,,7598,70,,,2,101,,7599,70,,,2,101,,7600,70,,,2,215,,7601,70,,,2,101,,7602,70,,,2,101,,7603,70,,,2,96,,7604,70,,,2
2000003101,'3',812,,7606,38,,,2,101,,7607,70,,,2,101,,7608,70,,,2,101,,7609,70,,,2,101,,7610,70,,,2,101,,7611,70,,,2,215,,7612,70,,,2,101,,7613,70,,,2,101,,7614,70,,,2,96,,7615,70,,,2
