2200,'1',603,,5864,16,0,14,2,27,,5873,54,0,14,2,22,,5865,16,0,14,2,70,,5877,16,0,14,2,26,,5879,54,0,14,2,83,,5878,16,0,14,2,88,,5874,16,0,14,2,109,,5866,16,0,14,2,100,,5867,16,0,14,2,100,,5868,16,0,14,2,100,,5870,16,0,14,2,102,,5871,16,0,14,2,103,,5880,2,0,14,2,25,,5872,2,0,14,2,153,,5869,2,0,14,2,29,,5875,2,0,14,2,100,,5876,2,0,14,2
2400,'1',639,,6004,22,,,2,163,,6003,22,,,2
6500,'1',642,,6220,43,,,2,59,,6221,43,,,2,30,,6222,43,,,2
22100,'15',712,,6288,16,,,2
5002400,'1',702,,6384,22,,,2,28,,6383,22,,,2
1200000100,'1',556,,7015,37,0,14,1,64,,7016,37,,,1,30,,7017,37,,,1,59,,7018,37,,,1,30,,7021,37,0,16 1 17,1,71,,7019,37,,,1
1200000300,'1',618,,7282,37,,,1,16,,7285,37,,,1,14,,7287,37,,,1,10,,7290,37,,,1,49,,7284,37,,,1,16,,7292,37,,,1,14,,7288,37,,,1,15,,7293,37,,,1,56,,7295,37,,,1,16,,7283,37,,,1,15,,7286,37,,,1,15,,7291,37,,,1,70,,7289,37,,,1,32,,7294,37,,,1,73,,7296,37,,,1,30,,7298,37,,,1,70,,7300,37,,,1,72,,7302,37,,,1,30,,7297,37,,,1,70,,7299,37,,,1,28,,7301,37,,,1,30,,7303,37,,,1,69,,7304,37,,,1,74,,7305,37,,,1,31,,7308,39,,,1,67,,7309,39,,,1,28,,7310,39,,,1,72,,7307,39,,,1,31,,7306,39,,,1,73,,7311,39,,,1,24,,7314,37,,,1,27,,7312,37,,,1,61,,7316,37,,,1,30,,7317,37,,,1,72,,7315,37,,,1,33,,7322,37,,,1,66,,7313,37,,,1,27,,7318,37,,,1,70,,7319,37,,,1,30,,7323,37,,,1,66,,7320,37,,,1,30,,7324,37,,,1,68,,7321,37,,,1
1200000300,'2',656,,7325,37,,,1,70,,7328,37,,,1,30,,7331,37,,,1,71,,7334,37,,,1,30,,7326,37,,,1,71,,7329,37,,,1,30,,7332,37,,,1,71,,7335,37,,,1,71,,7327,37,,,1,30,,7330,37,,,1,71,,7333,37,,,1,30,,7336,37,,,1,71,,7337,37,,,1,30,,7341,37,,,1,70,,7347,37,,,1,30,,7344,37,,,1,70,,7338,37,,,1,30,,7342,37,,,1,69,,7348,37,,,1,30,,7345,37,,,1,70,,7339,37,,,1,30,,7343,37,,,1,69,,7349,37,,,1,30,,7346,37,,,1,19,,7340,37,,,1,94,,7350,37,,,1,100,,7351,37,,,1,96,,7352,37,,,1,99,,7353,37,,,1,177,,7354,37,,,1
1200000300,'3',726,,7355,37,,,1,30,,7357,37,,,1,71,,7363,37,,,1,30,,7360,37,,,1,71,,7356,37,,,1,30,,7358,37,,,1,71,,7364,37,,,1,71,,7361,37,,,1,30,,7365,37,,,1,71,,7359,37,,,1,30,,7367,37,,,1,71,,7362,37,,,1,30,,7366,37,,,1,70,,7369,37,,,1,30,,7368,37,,,1,70,,7373,37,,,1,30,,7376,37,,,1,69,,7370,37,,,1,30,,7379,37,,,1,70,,7374,37,,,1,30,,7377,37,,,1,69,,7371,37,,,1,30,,7380,37,,,1,19,,7375,37,,,1,94,,7372,37,,,1,157,,7378,37,,,1
2000002200,'1',644,,7584,63,0,18 19 20,2,90,,7586,35,0,18 19 20,2,100,,7588,35,0,18 19 20,2
2000002201,'1',1625,,7589,67,,,2,83,,7590,67,,,2,48,,7591,67,,,2,84,,7592,67,,,2
