'51',5002300,72150,4,'',2,3380,4,'',2,6920,4,'',2
'51',5002400,72150,4,'',2,3380,4,'',2,6920,4,'',2
'51',5003400,72450,4,'',2
'51',5003600,72450,4,'',2,2880,4,'',2
'51',5003700,70540,4,'',2,1910,4,'',2,7580,4,'',2,3120,4,'',2,6850,4,'',2
'51',1200000200,62300,4,'',1,1500,4,'',1,1700,4,'',1,5850,4,'',1,1880,4,'',1,1900,4,'',1,5700,4,'',1,920,4,'',1,500,4,'',1,1300,4,'',1,1150,4,'',1,5300,4,'',1,1500,4,'',1,1800,4,'',1,1500,4,'',1,5500,4,'',1,1750,4,'',1,1500,4,'',1,1400,4,'',1,5500,4,'',1,1500,4,'',1,1500,4,'',1,1600,4,'',1,5500,4,'',1,1500,4,'',1,1500,4,'',1,1500,4,'',1,5500,4,'',1,1500,4,'',1,1400,4,'',1,1500,4,'',1,5500,4,'',1,1500,4,'',1,1680,4,'',1,2000,4,'',1,5500,4,'',1,1500,4,'',1,1500,4,'',1,1500,4,'',1,5500,4,'',1,1500,4,'',1,1500,4,'',1,1500,4,'',1,5000,4,'',1,600,4,'',1,1320,4,'',1,1300,4,'',1,1400,4,'',1,5400,4,'',1,1700,4,'',1,1650,4,'',1,1700,4,'',1,6000,4,'',1,2800,4,'',1,7000,4,'',1,3000,4,'',1,7000,4,'',1,2900,4,'',1,6900,4,'',1,3000,4,'',1,7500,4,'',1,2500,4,'',1
'52',1200000200,74500,4,'',1,7000,4,'',1,3000,4,'',1,7100,4,'',1,3000,4,'',1,7150,4,'',1,3000,4,'',1,7000,4,'',1,3000,4,'',1,7000,4,'',1,3000,4,'',1,7100,4,'',1,3100,4,'',1,7000,4,'',1,3100,4,'',1,7000,4,'',1,2900,4,'',1,7000,4,'',1,2900,4,'',1,6900,4,'',1,2950,4,'',1,6800,4,'',1,3000,4,'',1,7000,4,'',1,2900,4,'',1,7000,4,'',1,3000,4,'',1,7000,4,'',1,3000,4,'',1,6900,4,'',1,3000,4,'',1,7000,4,'',1,3000,4,'',1
'53',1200000200,74500,4,'',1,7000,4,'',1,3000,4,'',1,7100,4,'',1,3000,4,'',1,7150,4,'',1,3000,4,'',1,7000,4,'',1,3000,4,'',1,7000,4,'',1,3000,4,'',1,7100,4,'',1,3100,4,'',1,7000,4,'',1,3100,4,'',1,7000,4,'',1,2900,4,'',1,7000,4,'',1,2900,4,'',1,6900,4,'',1,2950,4,'',1,6800,4,'',1,3000,4,'',1,7000,4,'',1,2900,4,'',1,7000,4,'',1,3000,4,'',1
'51',1200000300,63200,4,'',1,1700,4,'',1,5650,4,'',1,1100,4,'',1,1100,4,'',1,1680,4,'',1,5600,4,'',1,1500,4,'',1,1420,4,'',1,1300,4,'',1,5750,4,'',1,1400,4,'',1,1500,4,'',1,1500,4,'',1,1500,4,'',1,6050,4,'',1,2000,4,'',1,2000,4,'',1,6000,4,'',1,2000,4,'',1,2000,4,'',1,6000,4,'',1,2000,4,'',1,2000,4,'',1,6000,4,'',1,2000,4,'',1,2000,4,'',1,6000,4,'',1,2080,4,'',1,1800,4,'',1,6600,4,'',1,3000,4,'',1,6800,4,'',1,3000,4,'',1,7120,4,'',1,2900,4,'',1,7100,4,'',1,2150,4,'',1,6900,4,'',1,2300,4,'',1,7000,4,'',1,3100,4,'',1,7100,4,'',1
'52',1200000300,70200,4,'',1,3000,4,'',1,7000,4,'',1,3000,4,'',1,7100,4,'',1,3000,4,'',1,7000,4,'',1,3050,4,'',1,7100,4,'',1,3000,4,'',1,7100,4,'',1,3000,4,'',1,6900,4,'',1,3100,4,'',1,7100,4,'',1,3100,4,'',1,7000,4,'',1,2900,4,'',1,7000,4,'',1,3000,4,'',1,6800,4,'',1,2900,4,'',1,7000,4,'',1,2850,4,'',1
'53',1200000300,73200,4,'',1,7000,4,'',1,3000,4,'',1,7100,4,'',1,3000,4,'',1,7000,4,'',1,3050,4,'',1,7100,4,'',1,3000,4,'',1,7100,4,'',1,3000,4,'',1,6900,4,'',1,3100,4,'',1,7100,4,'',1,3100,4,'',1,7000,4,'',1,2900,4,'',1,7000,4,'',1,3000,4,'',1,6800,4,'',1,2900,4,'',1,7000,4,'',1,2850,4,'',1
'51',1200000400,72350,4,'',2,1780,4,'',2,1800,4,'',2
