1501,'1',1216,,5834,12,0,41,2,103,,5835,12,0,41,2,95,,5836,12,0,41,2,36,,5839,12,0,41,2,92,,5837,29,,,2,81,,5840,29,,,2,21,,5842,29,,,2,77,,5838,29,0,41,2,28,,5841,29,,,2,78,,5844,12,0,41,2,73,,5845,12,0,41,2,102,,5846,12,0,41,2,112,,5843,12,0,41,2,41,,5847,12,0,41,2
1601,'1',654,,5859,29,,,2,64,,5861,29,,,2,31,,5860,29,,,2,173,,5858,29,0,41,2,95,,5862,12,0,41,2,99,,5863,12,0,41,2
20001,'1',550,,6248,5,0,14,2,61,,6249,5,0,14,2,812,,6250,5,,,2,32,,6251,5,,,2
20001,'2',621,,6252,5,,,2,19,,6253,5,0,14,2,10,,6254,5,,,2
21001,'1',530,,6272,5,,,2,27,,6273,5,,,2,56,,6274,5,,,2,13,,6275,5,,,2,1380,,6276,5,,,2
21001,'2',607,,6277,5,,,2,30,,6278,5,,,2,70,,6279,5,,,2,31,,6280,5,,,2,475,,6281,5,,,2,30,,6282,5,,,2,468,,6283,5,,,2
21001,'3',637,,6284,5,,,2,70,,6285,5,,,2,31,,6286,5,,,2,404,,6287,5,,,2
38001,'1',527,,6313,5,,,2,79,,6314,5,,,2,28,,6315,5,,,2
2000001501,'2',805,,7688,12,,,2,101,,7689,12,,,2,100,,7690,12,,,2,102,,7691,12,,,2,101,,7692,12,,,2,101,,7693,12,,,2,201,,7694,12,,,2,101,,7695,12,,,2,103,,7696,12,,,2,97,,7697,12,,,2,93,,7698,12,,,2
2000001501,'3',906,,7699,12,,,2,100,,7700,12,,,2,102,,7701,12,,,2,101,,7702,12,,,2,101,,7703,12,,,2,201,,7704,12,,,2,101,,7705,12,,,2,103,,7706,12,,,2,97,,7707,12,,,2,93,,7708,12,,,2
