20000,'1',840,,6243,4,,,2,70,,6242,4,,,2
5002300,'1',703,,6378,63,4,,2,33,,6379,63,4,,2,69,,6380,63,4,,2
5002301,'1',1610,,6382,4,,,2,29,,6381,4,,,2
5002400,'1',736,,6384,39,4,,2,67,,6383,39,4,,2
5002401,'1',1611,,6385,4,,,2,30,,6386,4,,,2
5003400,'1',709,,6388,41,4,,2,23,,6387,41,4,,2
5003401,'1',1607,,6389,4,,,2
5003600,'1',731,,6390,29,4,,2
5003601,'1',1606,,6393,4,,,2,25,,6392,4,,,2
5003700,'1',732,,6395,69,4,,2,77,,6394,69,4,,2
5003701,'1',1635,,6396,4,,,2
5003801,'1',1607,,6398,4,,,2,97,,6397,4,,,2
1200000201,'1',620,,7265,4,,,1,15,,7264,4,,,1,19,,7269,4,,,1,62,,7271,4,,,1,19,,7273,4,,,1,19,,7276,4,,,1,56,,7277,4,,,1,16,,7263,4,,,1,15,,7280,4,,,1,15,,7268,4,,,1,51,,7266,4,,,1,12,,7275,4,,,1,13,,7281,4,,,1,14,,7278,4,,,1,57,,7282,4,,,1,30,,7284,4,,,1,69,,7286,4,,,1,30,,7267,4,,,1,70,,7287,4,,,1,30,,7283,4,,,1,70,,7285,4,,,1,31,,7289,4,,,1,70,,7290,4,,,1,29,,7288,4,,,1,71,,7292,4,,,1,20,,7294,4,,,1,16,,7297,4,,,1,15,,7295,4,,,1,57,,7296,4,,,1,12,,7293,4,,,1,14,,7298,4,,,1,15,,7299,4,,,1,57,,7301,4,,,1,16,,7291,4,,,1,11,,7304,4,,,1,15,,7305,4,,,1,55,,7308,4,,,1,13,,7309,4,,,1,15,,7303,4,,,1,67,,7302,4,,,1,26,,7300,4,,,1,19,,7310,4,,,1,70,,7311,4,,,1,32,,7306,4,,,1,75,,7313,4,,,1,30,,7315,4,,,1,71,,7312,4,,,1,28,,7307,4,,,1,71,,7314,4,,,1,86,,7316,4,,,1
1200000201,'2',657,,7318,4,,,1,70,,7326,4,,,1,30,,7324,4,,,1,71,,7322,4,,,1,31,,7328,4,,,1,70,,7319,4,,,1,30,,7327,4,,,1,71,,7325,4,,,1,71,,7330,4,,,1,30,,7329,4,,,1,71,,7320,4,,,1,32,,7332,4,,,1,70,,7334,4,,,1,30,,7331,4,,,1,70,,7336,4,,,1,31,,7337,4,,,1,70,,7333,4,,,1,29,,7335,4,,,1,70,,7339,4,,,1,32,,7341,4,,,1,70,,7338,4,,,1,30,,7343,4,,,1,69,,7344,4,,,1,27,,7340,4,,,1,25,,7342,4,,,1,68,,7348,4,,,1,29,,7347,4,,,1,71,,7345,4,,,1,27,,7349,4,,,1,68,,7351,4,,,1,31,,7350,4,,,1,70,,7353,4,,,1,30,,7346,4,,,1,69,,7352,4,,,1,89,,7354,4,,,1
1200000201,'3',757,,7377,4,,,1,71,,7379,4,,,1,31,,7381,4,,,1,70,,7383,4,,,1,30,,7384,4,,,1,71,,7388,4,,,1,71,,7386,4,,,1,30,,7390,4,,,1,71,,7387,4,,,1,32,,7385,4,,,1,70,,7389,4,,,1,30,,7392,4,,,1,70,,7391,4,,,1,31,,7393,4,,,1,70,,7395,4,,,1,29,,7397,4,,,1,70,,7400,4,,,1,32,,7402,4,,,1,70,,7394,4,,,1,30,,7396,4,,,1,69,,7398,4,,,1,27,,7401,4,,,1,25,,7403,4,,,1,68,,7405,4,,,1,29,,7404,4,,,1,71,,7399,4,,,1,27,,7406,4,,,1
1200000301,'1',647,,7506,4,,,1,59,,7510,4,,,1,13,,7512,4,4,,1,20,,7516,4,,,1,3,,7509,4,4,,1,16,,7518,4,4,,1,49,,7511,4,,,1,12,,7514,4,4,,1,15,,7519,4,,,1,66,,7507,4,,,1,30,,7517,4,,,1,27,,7515,4,,,1,73,,7520,4,,,1,73,,7521,4,,,1,30,,7523,4,,,1,70,,7525,4,,,1,32,,7527,4,,,1,70,,7522,4,,,1,30,,7524,4,,,1,68,,7526,4,,,1,30,,7528,4,,,1,69,,7529,4,,,1,18,,7532,4,,,1,18,,7530,4,,,1,15,,7535,4,,,1,59,,7534,4,,,1,13,,7539,4,,,1,16,,7537,4,,,1,17,,7538,4,,,1,58,,7541,4,,,1,17,,7533,4,,,1,15,,7536,4,,,1,56,,7531,4,,,1,34,,7540,4,,,1,63,,7544,4,,,1,24,,7542,4,,,1,31,,7543,4,,,1,70,,7545,4,,,1,30,,7546,4,,,1,73,,7549,4,,,1
1200000301,'2',726,,7553,4,,,1,30,,7556,4,,,1,71,,7559,4,,,1,31,,7562,4,,,1,70,,7554,4,,,1,31,,7557,4,,,1,70,,7560,4,,,1,71,,7563,4,,,1,31,,7555,4,,,1,71,,7558,4,,,1,31,,7561,4,,,1,70,,7564,4,,,1,31,,7565,4,,,1,70,,7568,4,,,1,30,,7574,4,,,1,70,,7571,4,,,1,30,,7566,4,,,1,70,,7569,4,,,1,31,,7575,4,,,1,68,,7572,4,,,1,30,,7567,4,,,1,69,,7570,4,,,1,28,,7576,4,,,1,27,,7573,4,,,1
1200000301,'3',756,,7604,4,,,1,71,,7606,4,,,1,31,,7612,4,,,1,70,,7609,4,,,1,31,,7605,4,,,1,70,,7607,4,,,1,71,,7613,4,,,1,31,,7610,4,,,1,71,,7614,4,,,1,31,,7608,4,,,1,70,,7616,4,,,1,31,,7611,4,,,1,70,,7615,4,,,1,30,,7618,4,,,1,70,,7617,4,,,1,30,,7621,4,,,1,70,,7623,4,,,1,31,,7619,4,,,1,68,,7627,4,,,1,30,,7622,4,,,1,69,,7624,4,,,1,28,,7620,4,,,1,27,,7628,4,,,1
1200000401,'1',738,,7631,4,4,,1,19,,7632,4,4,,1,860,,7635,4,,,1,27,,7633,4,,,1
