21000,'1',1049,2,6255,1,,,2,73,2,6256,1,,,2,584,3,6258,1,,,2,30,2,6260,1,,,2,68,4,6259,1,,,2,41,3,6257,1,,,2,172,4,6261,1,,,2
21000,'2',1223,2,6262,1,,,2,31,2,6263,1,,,2,71,2,6264,1,,,2,31,2,6265,1,,,2,496,2,6266,1,,,2,93,2,6267,1,,,2
21000,'3',1152,2,6269,1,,,2,173,2,6268,1,,,2,132,2,6270,1,,,2,100,2,6271,1,,,2
21001,'1',555,,6272,26,4,,2,69,,6273,26,4,,2,16,,6274,26,4,,2,62,,6275,26,4,,2,1329,,6276,26,4,,2
21001,'2',635,,6277,26,4,,2,70,,6278,26,4,,2,30,,6279,26,4,,2,71,,6280,26,4,,2,435,,6281,26,4,,2,70,,6282,26,4,,2,428,,6283,26,4,,2
21001,'3',705,,6284,26,4,,2,30,,6285,26,4,,2,71,,6286,26,4,,2,404,,6287,26,4,,2
1200000300,'1',558,3,7407,1,,,1,55,,7410,1,,,1,14,,7412,1,,,1,9,,7415,1,,,1,8,10,7409,1,,,1,13,,7417,1,,,1,54,9,7413,1,,,1,16,,7418,1,,,1,19,,7420,1,,,1,57,64,7408,1,,,1,15,59,7411,1,,,1,15,7,7416,1,,,1,70,52,7414,1,,,1,33,10,7419,1,,,1,73,,7421,1,,,1,30,,7423,1,,,1,70,,7425,1,,,1,32,,7427,1,,,1,70,58,7422,1,,,1,30,18,7424,1,,,1,68,52,7426,1,,,1,30,10,7428,1,,,1,69,,7429,1,,,1,34,,7430,1,,,1,67,,7433,1,,,1,27,,7434,1,,,1,67,,7435,1,,,1,32,12,7432,1,,,1,72,61,7431,1,,,1,34,7,7436,1,,,1,68,6,7439,1,,,1,27,20,7437,1,,,1,21,,7441,1,,,1,70,,7442,1,,,1,32,10,7440,1,,,1,74,2,7447,1,,,1,26,16,7438,1,,,1,67,13,7443,1,,,1,30,14,7444,1,,,1,70,11,7448,1,,,1,26,6,7445,1,,,1,70,6,7449,1,,,1,28,6,7446,1,,,1
1200000300,'2',638,3,7450,1,,,1,70,3,7453,1,,,1,30,3,7456,1,,,1,71,3,7459,1,,,1,30,28,7451,1,,,1,70,68,7454,1,,,1,30,27,7457,1,,,1,71,66,7460,1,,,1,31,26,7452,1,,,1,70,64,7455,1,,,1,31,24,7458,1,,,1,70,62,7461,1,,,1,31,2,7462,1,,,1,70,2,7466,1,,,1,30,,7472,1,,,1,70,6,7469,1,,,1,30,18,7463,1,,,1,70,58,7467,1,,,1,29,17,7473,1,,,1,70,57,7470,1,,,1,30,17,7464,1,,,1,70,56,7468,1,,,1,29,2,7474,1,,,1,70,57,7471,1,,,1,19,8,7465,1,,,1,95,8,7475,1,,,1,100,7,7476,1,,,1,96,3,7477,1,,,1,99,6,7478,1,,,1,137,10,7479,1,,,1
1200000300,'3',708,3,7480,1,,,1,30,3,7482,1,,,1,71,3,7488,1,,,1,30,2,7485,1,,,1,70,68,7481,1,,,1,30,27,7483,1,,,1,71,66,7489,1,,,1,31,26,7486,1,,,1,70,,7490,1,,,1,31,24,7484,1,,,1,70,2,7492,1,,,1,31,22,7487,1,,,1,70,61,7491,1,,,1,30,,7494,1,,,1,70,59,7493,1,,,1,30,,7498,1,,,1,70,,7501,1,,,1,29,17,7495,1,,,1,70,,7504,1,,,1,30,17,7499,1,,,1,70,56,7502,1,,,1,29,14,7496,1,,,1,70,57,7505,1,,,1,19,8,7500,1,,,1,95,8,7497,1,,,1,117,24,7503,1,,,1
1200000301,'1',634,,7508,49,4,,1,68,,7513,49,4,,1,37,,7506,62,4,,1,20,,7510,62,4,,1,75,,7516,62,4,,1,67,,7511,60,4,,1,25,,7519,60,4,,1,25,,7507,60,4,,1,69,,7517,60,4,,1,27,,7515,60,4,,1,73,,7520,60,4,,1,33,,7521,60,4,,1,70,,7523,60,4,,1,34,,7525,60,4,,1,72,,7527,60,4,,1,28,,7522,60,4,,1,70,,7524,60,4,,1,28,,7526,60,4,,1,72,,7528,60,4,,1,76,,7529,60,4,,1,20,,7532,57,4,,1,23,,7530,57,4,,1,58,,7535,57,4,,1,19,,7534,57,4,,1,11,,7539,57,4,,1,12,,7537,57,4,,1,54,,7538,57,4,,1,16,,7541,57,4,,1,14,,7533,57,4,,1,12,,7536,57,4,,1,15,,7531,57,4,,1,68,,7540,57,4,,1,24,,7544,60,4,,1,64,,7542,60,4,,1,30,,7543,60,4,,1,70,,7545,60,4,,1,29,,7546,60,4,,1,73,,7549,60,4,,1,31,,7547,47,4,,1,70,,7550,47,4,,1,28,,7548,47,4,,1,70,,7551,47,4,,1,39,,7552,47,4,,1
1200000301,'2',811,,7553,60,4,,1,30,,7556,60,4,,1,71,,7559,60,4,,1,32,,7562,60,4,,1,71,,7554,60,4,,1,32,,7557,60,4,,1,71,,7560,60,4,,1,32,,7563,60,4,,1,71,,7555,60,4,,1,31,,7558,60,4,,1,71,,7561,60,4,,1,31,,7564,60,4,,1,71,,7565,60,4,,1,30,,7568,60,4,,1,70,,7574,60,4,,1,30,,7571,60,4,,1,70,,7566,60,4,,1,31,,7569,60,4,,1,71,,7575,60,4,,1,27,,7572,60,4,,1,68,,7567,60,4,,1,28,,7570,60,4,,1,67,,7576,60,4,,1,26,,7573,60,4,,1,75,,7577,47,4,,1,100,,7578,47,4,,1,96,,7579,47,4,,1,98,,7580,47,4,,1,37,,7581,47,4,,1,102,,7582,47,4,,1
1200000301,'27',2245,,7584,50,4,,1,70,,7587,50,4,,1,30,,7589,50,4,,1,83,,7585,50,4,,1,28,,7588,50,4,,1,70,,7583,50,4,,1,30,,7586,50,4,,1
1200000301,'28',2245,,7591,50,4,,1,70,,7594,50,4,,1,30,,7596,50,4,,1,83,,7592,50,4,,1,28,,7595,50,4,,1,70,,7590,50,4,,1,30,,7593,50,4,,1
1200000301,'29',2245,,7598,50,4,,1,70,,7601,50,4,,1,30,,7603,50,4,,1,83,,7599,50,4,,1,28,,7602,50,4,,1,70,,7597,50,4,,1,30,,7600,50,4,,1
1200000301,'3',841,,7604,60,4,,1,71,,7606,60,4,,1,32,,7612,60,4,,1,71,,7609,60,4,,1,32,,7605,60,4,,1,71,,7607,60,4,,1,32,,7613,60,4,,1,71,,7610,60,4,,1,31,,7614,60,4,,1,71,,7608,60,4,,1,31,,7616,60,4,,1,71,,7611,60,4,,1,30,,7615,60,4,,1,70,,7618,60,4,,1,30,,7617,60,4,,1,70,,7621,60,4,,1,31,,7623,60,4,,1,71,,7619,60,4,,1,27,,7627,60,4,,1,68,,7622,60,4,,1,28,,7624,60,4,,1,67,,7620,60,4,,1,26,,7628,60,4,,1,75,,7625,47,4,,1,121,,7626,47,4,,1
