1301,'1',641,,5816,20,,,2,77,,5818,20,,,2,94,,5817,20,,,2,810,,5819,20,,,2,14,,5820,20,,,2,78,,5822,20,,,2,30,,5821,20,,,2
1200000100,'1',702,,7016,81,,,1,33,,7017,81,,,1,22,,7018,81,,,1,68,,7021,81,0,16 1 17,1,29,,7019,81,,,1
1200000201,'1',634,,7137,30,,,1,80,,7140,42,,,1,15,,7139,42,,,1,21,,7144,42,,,1,61,,7146,42,,,1,19,,7148,42,,,1,20,,7151,42,,,1,55,,7152,42,,,1,16,,7138,42,,,1,13,,7155,42,,,1,14,,7143,42,,,1,11,,7141,42,,,1,52,,7150,42,,,1,12,,7156,42,,,1,14,,7153,42,,,1,17,,7157,42,,,1,70,,7159,42,,,1,29,,7161,42,,,1,70,,7142,42,,,1,33,,7162,42,,,1,69,,7158,42,,,1,30,,7160,42,,,1,71,,7164,42,,,1,31,,7165,42,,,1,70,,7163,42,,,1,81,,7167,42,,,1,26,,7169,42,,,1,17,,7172,42,,,1,57,,7170,42,,,1,17,,7171,42,,,1,12,,7168,42,,,1,10,,7173,42,,,1,12,,7174,42,,,1,54,,7176,42,,,1,13,,7166,42,,,1,9,,7179,42,,,1,13,,7180,42,,,1,53,,7183,42,,,1,12,,7184,42,,,1,13,,7178,42,,,1,24,,7177,42,,,1,66,,7175,42,,,1,19,,7185,42,,,1,68,,7186,42,,,1,32,,7181,42,,,1,75,,7188,42,,,1,27,,7190,42,,,1,71,,7187,42,,,1,27,,7182,42,,,1,71,,7189,42,,,1,46,,7191,42,,,1
1200000201,'14',1710,,7192,36,,,1
1200000201,'2',704,,7196,30,,,1,39,,7193,42,,,1,70,,7201,42,,,1,31,,7199,42,,,1,72,,7197,42,,,1,32,,7203,42,,,1,71,,7194,42,,,1,31,,7202,42,,,1,72,,7200,42,,,1,32,,7205,42,,,1,70,,7204,42,,,1,31,,7195,42,,,1,72,,7207,42,,,1,31,,7209,42,,,1,70,,7206,42,,,1,30,,7211,42,,,1,71,,7212,42,,,1,30,,7208,42,,,1,69,,7210,42,,,1,31,,7214,42,,,1,72,,7216,42,,,1,28,,7213,42,,,1,65,,7218,42,,,1,28,,7219,42,,,1,65,,7215,42,,,1,25,,7217,42,,,1,67,,7223,42,,,1,29,,7222,42,,,1,71,,7220,42,,,1,27,,7224,42,,,1,68,,7226,42,,,1,29,,7225,42,,,1,70,,7228,42,,,1,30,,7221,42,,,1,68,,7227,42,,,1,49,,7229,42,,,1
1200000201,'27',2249,,7230,35,,,1,70,,7233,35,,,1,29,,7231,35,,,1,83,,7234,35,,,1,28,,7236,35,,,1,70,,7232,35,,,1,30,,7235,35,,,1
1200000201,'28',2247,,7237,35,,,1,70,,7240,35,,,1,30,,7238,35,,,1,82,,7241,35,,,1,28,,7243,35,,,1,70,,7239,35,,,1,30,,7242,35,,,1
1200000201,'29',2247,,7244,35,,,1,70,,7247,35,,,1,30,,7245,35,,,1,82,,7248,35,,,1,28,,7250,35,,,1,70,,7246,35,,,1,30,,7249,35,,,1
1200000201,'3',844,,7252,42,,,1,72,,7254,42,,,1,32,,7256,42,,,1,70,,7258,42,,,1,32,,7259,42,,,1,72,,7263,42,,,1,32,,7261,42,,,1,70,,7265,42,,,1,31,,7262,42,,,1,72,,7260,42,,,1,31,,7264,42,,,1,70,,7267,42,,,1,30,,7266,42,,,1,71,,7268,42,,,1,30,,7270,42,,,1,69,,7272,42,,,1,31,,7275,42,,,1,72,,7277,42,,,1,28,,7269,42,,,1,65,,7271,42,,,1,28,,7273,42,,,1,65,,7276,42,,,1,25,,7278,42,,,1,67,,7280,42,,,1,29,,7279,42,,,1,71,,7274,42,,,1,27,,7281,42,,,1
1200000401,'1',1731,,7510,42,,,1,21,,7508,42,,,1
