15601,'63',1618,,3193,12,,,2
20001,'51',550,,3206,9,0,14,2,60,,3207,9,0,14,2,7,,3208,9,0,14,2,9,,3209,9,0,14,2,801,,3210,9,,,2,29,,3211,9,,,2,76,,3212,9,0,14,2,307,,3213,9,0,14,2
20001,'52',613,,3214,9,,,2,20,,3215,9,0,14,2,16,,3216,9,,,2
20001,'54',612,,3217,9,,,2,21,,3218,9,0,14,2,9,,3219,9,,,2
21001,'51',530,,3230,9,,,2,27,,3231,9,,,2,55,,3232,9,,,2,14,,3233,9,,,2,324,,3234,9,,,2,162,,3235,9,,,2,894,,3236,9,,,2
21001,'52',556,,3237,9,,,2,69,,3238,9,,,2,30,,3239,9,,,2,70,,3240,9,,,2
21001,'53',625,,3241,9,,,2,30,,3242,9,,,2,70,,3243,9,,,2
21001,'54',602,,3244,9,,,2,29,,3245,9,,,2,69,,3246,9,,,2
35001,'51',1543,,3276,9,,,2
38001,'51',525,,3286,9,,,2,88,,3287,9,,,2,20,,3288,9,,,2
