2201,'71',640,,4480,31,0,21 22,2,68,,4494,31,4,,2,30,,4481,31,4,,2,65,,4496,31,0,21 22,2,28,,4498,31,0,21 22,2,26,,4495,31,0,21 22,2,66,,4497,31,0,21 22,2,82,,4482,31,0,21 22,2,37,,4484,31,0,21 22,2,72,,4483,31,0,21 22,2,30,,4485,31,0,21 22,2,70,,4489,31,0,21 22,2,31,,4486,31,0,21 22,2,70,,4490,31,0,21 22,2,30,,4487,31,0,21 22,2,70,,4499,31,0,21 22,2,30,,4488,31,0,21 22,2,76,,4491,31,0,21 22,2,25,,4493,31,0,21 22,2,55,,4500,31,0,21 22,2,51,,4501,35,0,21 22,2,71,,4502,31,0,21 22,2,34,,4492,31,0,21 22,2,72,,4503,31,0,21 22,2,25,,4505,31,0,21 22,2,64,,4504,31,0,21 22,2
2201,'88',1652,,4506,35,0,21 22,2
2401,'71',1554,,4605,4,,,2,247,,4609,4,,,2,19,,4606,4,,,2,27,,4607,4,,,2,64,,4608,4,,,2
6501,'71',1658,,4847,4,,,2,61,,4848,4,,,2,81,,4849,4,,,2
22101,'85',1536,,4924,27,,,2
22500,'82',807,,4927,14,,,2
23500,'82',817,,4935,70,,,2
5002401,'71',1614,,5037,21,,,2,86,,5035,21,,,2,24,,5036,21,,,2
1200000101,'71',1605,,5070,62,,,1,32,,5071,62,,,1,71,,5069,62,,,1,30,,5072,62,,,1
1200000301,'71',613,,5456,11,0,30,1,28,,5460,11,0,30,1,77,,5454,24,0,30,1,20,,5458,24,0,30,1,77,,5466,24,0,30,1,27,,5463,24,0,30,1,66,,5469,24,0,30,1,26,,5455,24,0,30,1,69,,5465,24,0,30,1,27,,5467,24,0,30,1,76,,5470,24,0,30,1,20,,5471,24,0,30,1,20,,5473,24,0,30,1,60,,5475,24,0,30,1,23,,5476,24,0,30,1,20,,5478,24,0,30,1,62,,5480,24,0,30,1,19,,5472,24,0,30,1,20,,5474,24,0,30,1,60,,5481,24,0,30,1,18,,5477,24,0,30,1,20,,5479,24,0,30,1,59,,5483,24,0,30,1,25,,5484,24,0,30,1,13,,5485,21,0,30,1,56,,5486,21,0,30,1,23,,5482,21,0,30,1,18,,5494,21,0,30,1,59,,5490,21,0,30,1,11,,5493,21,0,30,1,13,,5488,21,0,30,1,14,,5487,21,0,30,1,16,,5497,21,0,30,1,56,,5496,21,0,30,1,10,,5495,21,0,30,1,17,,5492,21,0,30,1,11,,5489,21,0,30,1,56,,5491,21,0,30,1,22,,5498,24,0,30,1,27,,5499,24,0,30,1,71,,5501,24,0,30,1,30,,5500,24,0,30,1,70,,5502,24,0,30,1,33,,5505,24,0,30,1,70,,5503,11,0,30,1,30,,5506,11,0,30,1,68,,5504,11,0,30,1,30,,5507,11,0,30,1,79,,5508,11,0,30,1
1200000301,'72',754,,5511,24,0,30,1,70,,5510,24,0,30,1,31,,5514,24,0,30,1,70,,5515,24,0,30,1,31,,5516,24,0,30,1,71,,5509,24,0,30,1,31,,5513,24,0,30,1,70,,5512,24,0,30,1,30,,5517,24,0,30,1,70,,5518,24,0,30,1,31,,5520,24,0,30,1,70,,5519,24,0,30,1,71,,5522,24,0,30,1,30,,5523,24,0,30,1,71,,5524,24,0,30,1,30,,5525,24,0,30,1,69,,5526,24,0,30,1,31,,5521,24,0,30,1,72,,5528,24,0,30,1,29,,5527,24,0,30,1,68,,5530,24,0,30,1,29,,5529,24,0,30,1,29,,5531,24,0,30,1,64,,5535,24,0,30,1,78,,5532,11,0,30,1,100,,5533,11,0,30,1,56,,5534,11,0,30,1,99,,5536,11,0,30,1,78,,5537,11,0,30,1,102,,5538,11,0,30,1
1200000301,'73',824,,5539,24,0,30,1,31,,5541,24,0,30,1,70,,5542,24,0,30,1,31,,5543,24,0,30,1,71,,5544,24,0,30,1,31,,5540,24,0,30,1,70,,5545,24,0,30,1,30,,5547,24,0,30,1,70,,5546,24,0,30,1,31,,5549,24,0,30,1,70,,5548,24,0,30,1,71,,5551,24,0,30,1,30,,5552,24,0,30,1,71,,5553,24,0,30,1,30,,5554,24,0,30,1,69,,5555,24,0,30,1,31,,5550,24,0,30,1,72,,5557,24,0,30,1,29,,5556,24,0,30,1,68,,5559,24,0,30,1,29,,5558,24,0,30,1,29,,5560,24,0,30,1,64,,5563,24,0,30,1,78,,5561,11,0,30,1,121,,5562,11,0,30,1
2000002200,'71',658,,5650,4,,,2,90,,5652,4,,,2
2000002201,'71',1548,,5654,4,,,2,83,,5655,4,,,2,84,,5656,4,,,2,88,,5657,4,,,2,40,,5658,4,0,21 22,2
