13800,'12',836,,6237,17,,,2
34500,'12',835,,6305,42,,,2
35500,'12',839,,6308,63,,,2
1200000100,'1',651,,7016,70,,,1,72,,7017,70,,,1,21,,7018,70,,,1,69,,7021,70,0,16 1 17,1,30,,7019,70,,,1
1200000201,'1',628,,7137,25,,,1,79,,7140,37,,,1,15,,7139,37,,,1,20,,7144,37,,,1,62,,7146,37,,,1,20,,7148,37,,,1,20,,7151,37,,,1,15,,7152,37,,,1,56,,7138,37,,,1,13,,7155,37,,,1,14,,7143,37,,,1,11,,7141,37,,,1,52,,7150,37,,,1,12,,7156,37,,,1,14,,7153,37,,,1,17,,7157,37,,,1,70,,7159,37,,,1,29,,7161,37,,,1,70,,7142,37,,,1,32,,7162,37,,,1,70,,7158,37,,,1,30,,7160,37,,,1,71,,7164,37,,,1,30,,7165,37,,,1,70,,7163,37,,,1,39,,7167,37,,,1,67,,7169,37,,,1,18,,7172,37,,,1,57,,7170,37,,,1,17,,7171,37,,,1,12,,7168,37,,,1,11,,7173,37,,,1,12,,7174,37,,,1,54,,7176,37,,,1,13,,7166,37,,,1,9,,7179,37,,,1,13,,7180,37,,,1,13,,7183,37,,,1,52,,7184,37,,,1,13,,7178,37,,,1,24,,7177,37,,,1,66,,7175,37,,,1,19,,7185,37,,,1,28,,7186,37,,,1,72,,7181,37,,,1,75,,7188,37,,,1,28,,7190,37,,,1,71,,7187,37,,,1,27,,7182,37,,,1,71,,7189,37,,,1,46,,7191,37,,,1
1200000201,'14',1703,,7192,31,,,1
1200000201,'2',659,,7196,25,,,1,79,,7193,37,,,1,70,,7201,37,,,1,31,,7199,37,,,1,71,,7197,37,,,1,31,,7203,37,,,1,72,,7194,37,,,1,31,,7202,37,,,1,71,,7200,37,,,1,32,,7205,37,,,1,70,,7204,37,,,1,31,,7195,37,,,1,72,,7207,37,,,1,31,,7209,37,,,1,70,,7206,37,,,1,30,,7211,37,,,1,71,,7212,37,,,1,30,,7208,37,,,1,69,,7210,37,,,1,31,,7214,37,,,1,72,,7216,37,,,1,29,,7213,37,,,1,66,,7218,37,,,1,28,,7219,37,,,1,65,,7215,37,,,1,25,,7217,37,,,1,67,,7223,37,,,1,29,,7222,37,,,1,71,,7220,37,,,1,27,,7224,37,,,1,28,,7226,37,,,1,69,,7225,37,,,1,30,,7228,37,,,1,70,,7221,37,,,1,29,,7227,37,,,1,89,,7229,37,,,1
1200000201,'27',2244,,7230,30,,,1,70,,7233,30,,,1,29,,7231,30,,,1,83,,7234,30,,,1,28,,7236,30,,,1,70,,7232,30,,,1,30,,7235,30,,,1
1200000201,'28',2242,,7237,30,,,1,70,,7240,30,,,1,30,,7238,30,,,1,83,,7241,30,,,1,28,,7243,30,,,1,70,,7239,30,,,1,30,,7242,30,,,1
1200000201,'29',2242,,7244,30,,,1,70,,7247,30,,,1,30,,7245,30,,,1,83,,7248,30,,,1,28,,7250,30,,,1,70,,7246,30,,,1,30,,7249,30,,,1
1200000201,'3',839,,7252,37,,,1,71,,7254,37,,,1,31,,7256,37,,,1,71,,7258,37,,,1,32,,7259,37,,,1,71,,7263,37,,,1,32,,7261,37,,,1,70,,7265,37,,,1,31,,7262,37,,,1,72,,7260,37,,,1,31,,7264,37,,,1,70,,7267,37,,,1,30,,7266,37,,,1,71,,7268,37,,,1,30,,7270,37,,,1,69,,7272,37,,,1,31,,7275,37,,,1,72,,7277,37,,,1,29,,7269,37,,,1,66,,7271,37,,,1,28,,7273,37,,,1,65,,7276,37,,,1,25,,7278,37,,,1,67,,7280,37,,,1,29,,7279,37,,,1,71,,7274,37,,,1,27,,7281,37,,,1
1200000401,'1',1724,,7510,37,,,1,22,,7508,37,,,1
