13801,'83',1615,,4871,10,,,2
34501,'83',1614,,4950,10,,,2
35501,'83',1618,,4956,10,,,2
5004200,'81',649,,5054,3,,,2
1200000101,'71',1532,,5070,29,,,1,71,,5071,29,,,1,31,,5069,29,,,1,74,,5072,29,,,1
1200000200,'71',537,,5075,3,,,1,15,,5074,25,,,1,55,,5078,25,,,1,8,,5082,3,,,1,7,,5080,25,,,1,16,,5081,25,,,1,15,,5077,25,,,1,55,,5085,25,,,1,17,,5073,25,,,1,15,,5087,25,,,1,16,,5076,25,,,1,54,,5089,25,,,1,14,,5083,25,,,1,15,,5090,25,,,1,19,,5079,25,,,1,54,,5091,25,,,1,17,,5084,25,,,1,17,,5086,25,,,1,54,,5092,25,,,1,15,,5088,25,,,1,15,,5094,25,,,1,15,,5095,25,,,1,55,,5096,25,,,1,15,,5098,25,,,1,15,,5099,25,,,1,15,,5101,25,,,1,55,,5102,25,,,1,15,,5103,25,,,1,16,,5093,25,,,1,15,,5105,25,,,1,55,,5106,25,,,1,15,,5107,25,,,1,14,,5097,25,,,1,15,,5104,25,,,1,55,,5100,25,,,1,21,,5108,25,,,1,12,,5109,25,,,1,15,,5110,25,,,1,55,,5111,25,,,1,15,,5112,25,,,1,12,,5113,25,,,1,14,,5115,25,,,1,15,,5117,25,,,1,54,,5119,25,,,1,8,,5121,12,,,1,8,,5120,25,,,1,14,,5122,25,,,1,15,,5125,25,,,1,57,,5126,25,,,1,15,,5123,25,,,1,15,,5124,25,,,1,55,,5116,25,,,1,15,,5114,25,,,1,15,,5128,25,,,1,15,,5118,25,,,1,70,,5129,25,,,1,30,,5127,25,,,1,70,,5133,25,,,1,30,,5135,25,,,1,69,,5136,25,,,1,32,,5130,25,,,1,70,,5132,25,,,1,32,,5134,25,,,1,66,,5137,25,,,1,30,,5131,25,0,14,1
1200000200,'72',715,,5139,25,,,1,30,,5142,25,,,1,70,,5143,25,,,1,30,,5144,25,,,1,70,,5138,25,,,1,30,,5141,25,,,1,70,,5140,25,,,1,30,,5145,25,,,1,70,,5146,25,,,1,31,,5148,25,,,1,69,,5147,25,,,1,30,,5150,25,,,1,70,,5151,25,,,1,30,,5152,25,,,1,70,,5153,25,,,1,30,,5154,25,,,1,70,,5149,25,,,1,30,,5156,25,,,1,70,,5155,25,,,1,30,,5159,25,,,1,70,,5158,25,,,1,31,,5161,25,,,1,69,,5162,25,,,1,29,,5163,25,,,1,70,,5165,25,,,1,31,,5157,25,,,1,69,,5167,25,,,1,29,,5168,25,,,1,70,,5164,25,,,1,30,,5166,25,,,1,70,,5160,25,,,1,30,,5169,25,,,1,70,,5170,25,,,1
1200000200,'73',715,,5171,25,,,1,30,,5173,25,,,1,70,,5174,25,,,1,30,,5175,25,,,1,70,,5176,25,,,1,30,,5172,25,,,1,70,,5177,25,,,1,30,,5179,25,,,1,70,,5178,25,,,1,31,,5181,25,,,1,69,,5180,25,,,1,30,,5183,25,,,1,70,,5184,25,,,1,30,,5185,25,,,1,70,,5186,25,,,1,30,,5188,25,,,1,70,,5182,25,,,1,30,,5191,25,,,1,70,,5189,25,,,1,30,,5193,25,,,1,70,,5192,25,,,1,31,,5195,25,,,1,69,,5196,25,,,1,29,,5197,25,,,1,70,,5187,25,,,1,31,,5194,25,,,1,69,,5190,25,,,1
1200000200,'89',629,,5198,3,,,1,21,,5200,3,,,1
1200000400,'71',645,,5565,27,,,1,55,,5566,27,,,1,16,,5567,27,,,1,16,,5564,27,,,1
