3701,'71',540,,4746,8,0,9,2,185,,4749,15,0,32 1 33,2,105,,4748,15,0,9,2,102,,4747,15,0,9,2,98,,4750,15,0,9,2,102,,4751,15,0,9,2,113,,4752,15,0,9,2,102,,4753,15,0,9,2,102,,4754,15,0,9,2,155,,4755,15,0,9,2,113,,4756,15,0,9,2,100,,4757,15,0,9,2,101,,4758,15,0,9,2,97,,4759,15,0,9,2,97,,4760,15,0,9,2,101,,4761,15,0,9,2,102,,4762,15,0,9,2,28,,4763,15,0,9,2
3701,'72',701,,4764,15,0,9,2,100,,4765,15,0,9,2,102,,4766,15,0,9,2,100,,4767,15,0,9,2,100,,4768,15,0,9,2,112,,4769,15,0,9,2,100,,4770,15,0,9,2,100,,4771,15,0,9,2,102,,4772,15,0,9,2,100,,4773,15,0,9,2,98,,4774,15,0,9,2,100,,4775,15,0,9,2,100,,4776,15,0,9,2,97,,4779,15,0,9,2,100,,4780,15,0,9,2,101,,4781,15,0,9,2,98,,4777,15,0,9,2,28,,4778,15,0,9,2
3701,'73',801,,4782,15,0,9,2,102,,4783,15,0,9,2,100,,4784,15,0,9,2,100,,4785,15,0,9,2,112,,4786,15,0,9,2,100,,4787,15,0,9,2,100,,4788,15,0,9,2,102,,4789,15,0,9,2,100,,4790,15,0,9,2,98,,4791,15,0,9,2,100,,4792,15,0,9,2,109,,4793,15,0,9,2
3901,'71',1643,,4843,20,,,2,82,,4842,20,,,2,80,,4841,20,,,2
31101,'85',1529,,4946,24,,,2
38001,'71',629,,4963,21,,,2,22,,4964,21,,,2
38101,'85',1534,,4966,31,,,2
38501,'83',1657,,4968,25,,,2
5003700,'71',611,,5046,15,,,2,24,,5047,15,,,2,74,,5048,15,,,2
5003701,'71',1630,,5050,37,,,2,106,,5049,37,,,2
5003701,'81',1849,,5051,37,,,2
