1301,'1',640,,5816,18,,,2,77,,5818,18,,,2,94,,5817,18,,,2,809,,5819,18,,,2,14,,5820,18,,,2,79,,5822,18,,,2,30,,5821,18,,,2
1500,'1',614,,5823,41,,,2,29,,5825,41,,,2,69,,5827,41,,,2,30,,5826,44,,,2,71,,5829,44,,,2
1600,'1',1534,,5851,25,,,2,67,,5854,10,,,2,34,,5850,28,,,2,79,,5852,28,,,2,25,,5855,28,,,2
1200000100,'1',700,,7016,79,,,1,33,,7017,79,,,1,22,,7018,79,,,1,68,,7021,79,0,16 1 17,1,29,,7019,79,,,1
1200000201,'1',632,,7137,28,,,1,80,,7140,40,,,1,15,,7139,40,,,1,21,,7144,40,,,1,61,,7146,40,,,1,19,,7148,40,,,1,20,,7151,40,,,1,55,,7152,40,,,1,16,,7138,40,,,1,13,,7155,40,,,1,14,,7143,40,,,1,11,,7141,40,,,1,52,,7150,40,,,1,12,,7156,40,,,1,14,,7153,40,,,1,17,,7157,40,,,1,70,,7159,40,,,1,29,,7161,40,,,1,70,,7142,40,,,1,33,,7162,40,,,1,69,,7158,40,,,1,30,,7160,40,,,1,71,,7164,40,,,1,31,,7165,40,,,1,70,,7163,40,,,1,80,,7167,40,,,1,27,,7169,40,,,1,17,,7172,40,,,1,57,,7170,40,,,1,17,,7171,40,,,1,12,,7168,40,,,1,10,,7173,40,,,1,12,,7174,40,,,1,54,,7176,40,,,1,13,,7166,40,,,1,9,,7179,40,,,1,13,,7180,40,,,1,13,,7183,40,,,1,52,,7184,40,,,1,13,,7178,40,,,1,24,,7177,40,,,1,66,,7175,40,,,1,19,,7185,40,,,1,68,,7186,40,,,1,32,,7181,40,,,1,75,,7188,40,,,1,27,,7190,40,,,1,71,,7187,40,,,1,27,,7182,40,,,1,71,,7189,40,,,1,46,,7191,40,,,1
1200000201,'14',1708,,7192,34,,,1
1200000201,'2',702,,7196,28,,,1,39,,7193,40,,,1,70,,7201,40,,,1,31,,7199,40,,,1,72,,7197,40,,,1,32,,7203,40,,,1,71,,7194,40,,,1,31,,7202,40,,,1,72,,7200,40,,,1,32,,7205,40,,,1,70,,7204,40,,,1,31,,7195,40,,,1,72,,7207,40,,,1,31,,7209,40,,,1,70,,7206,40,,,1,30,,7211,40,,,1,71,,7212,40,,,1,30,,7208,40,,,1,69,,7210,40,,,1,31,,7214,40,,,1,72,,7216,40,,,1,28,,7213,40,,,1,65,,7218,40,,,1,28,,7219,40,,,1,65,,7215,40,,,1,25,,7217,40,,,1,67,,7223,40,,,1,29,,7222,40,,,1,71,,7220,40,,,1,27,,7224,40,,,1,68,,7226,40,,,1,29,,7225,40,,,1,70,,7228,40,,,1,30,,7221,40,,,1,69,,7227,40,,,1,49,,7229,40,,,1
1200000201,'27',2247,,7230,33,,,1,70,,7233,33,,,1,29,,7231,33,,,1,83,,7234,33,,,1,28,,7236,33,,,1,70,,7232,33,,,1,30,,7235,33,,,1
1200000201,'28',2245,,7237,33,,,1,70,,7240,33,,,1,30,,7238,33,,,1,83,,7241,33,,,1,28,,7243,33,,,1,70,,7239,33,,,1,30,,7242,33,,,1
1200000201,'29',2245,,7244,33,,,1,70,,7247,33,,,1,30,,7245,33,,,1,83,,7248,33,,,1,28,,7250,33,,,1,70,,7246,33,,,1,30,,7249,33,,,1
1200000201,'3',842,,7252,40,,,1,72,,7254,40,,,1,32,,7256,40,,,1,70,,7258,40,,,1,32,,7259,40,,,1,72,,7263,40,,,1,32,,7261,40,,,1,70,,7265,40,,,1,31,,7262,40,,,1,72,,7260,40,,,1,31,,7264,40,,,1,70,,7267,40,,,1,30,,7266,40,,,1,71,,7268,40,,,1,30,,7270,40,,,1,69,,7272,40,,,1,31,,7275,40,,,1,72,,7277,40,,,1,28,,7269,40,,,1,65,,7271,40,,,1,28,,7273,40,,,1,65,,7276,40,,,1,25,,7278,40,,,1,67,,7280,40,,,1,29,,7279,40,,,1,71,,7274,40,,,1,27,,7281,40,,,1
1200000401,'1',1729,,7510,40,,,1,21,,7508,40,,,1
