20001,'1',1456,,6250,16,4,,2,74,,6251,16,4,,2
20001,'2',645,,6252,16,4,,2,70,,6254,16,4,,2
5002300,'1',657,,6378,59,4,,2,73,,6379,59,4,,2,29,,6380,59,4,,2
5002400,'1',730,,6384,35,4,,2,27,,6383,35,4,,2
5003400,'1',703,,6388,37,4,,2,23,,6387,37,4,,2
5003600,'1',725,,6390,25,4,,2,27,,6391,25,4,,2
5003700,'1',726,,6395,65,4,,2,77,,6394,65,4,,2
1200000200,'1',608,,7154,32,4,,1,15,,7153,54,4,,1,19,,7158,54,4,,1,61,,7159,54,4,,1,19,,7160,54,4,,1,19,,7162,54,4,,1,16,,7163,54,4,,1,56,,7152,54,4,,1,15,,7165,54,4,,1,15,,7157,54,4,,1,11,,7155,54,4,,1,52,,7161,54,4,,1,13,,7166,54,4,,1,14,,7164,54,4,,1,17,,7167,54,4,,1,70,,7169,54,4,,1,29,,7171,54,4,,1,70,,7156,54,4,,1,30,,7172,54,4,,1,70,,7168,54,4,,1,30,,7170,54,4,,1,71,,7174,54,4,,1,30,,7175,54,4,,1,69,,7173,54,4,,1,31,,7177,54,4,,1,58,,7179,54,4,,1,32,,7180,54,4,,1,17,,7181,54,4,,1,52,,7178,54,4,,1,14,,7182,54,4,,1,15,,7183,54,4,,1,17,,7185,54,4,,1,56,,7176,54,4,,1,12,,7188,54,4,,1,15,,7189,54,4,,1,15,,7192,54,4,,1,53,,7193,54,4,,1,15,,7187,54,4,,1,27,,7186,54,4,,1,67,,7184,54,4,,1,29,,7190,54,4,,1,70,,7196,54,4,,1,30,,7197,54,4,,1,70,,7199,54,4,,1,29,,7200,54,4,,1,72,,7194,54,4,,1,28,,7191,54,4,,1,72,,7198,54,4,,1,26,,7201,54,4,,1
1200000200,'2',745,,7205,54,4,,1,71,,7204,54,4,,1,31,,7208,54,4,,1,70,,7202,54,4,,1,30,,7207,54,4,,1,71,,7206,54,4,,1,31,,7210,54,4,,1,70,,7209,54,4,,1,31,,7203,54,4,,1,72,,7212,54,4,,1,30,,7214,54,4,,1,70,,7211,54,4,,1,30,,7216,54,4,,1,71,,7217,54,4,,1,30,,7213,54,4,,1,69,,7215,54,4,,1,30,,7219,54,4,,1,71,,7221,54,4,,1,30,,7218,54,4,,1,70,,7223,54,4,,1,29,,7224,54,4,,1,68,,7220,54,4,,1,25,,7222,54,4,,1,68,,7228,54,4,,1,30,,7227,54,4,,1,71,,7225,54,4,,1,29,,7229,54,4,,1,69,,7231,54,4,,1,30,,7230,54,4,,1,70,,7233,54,4,,1,30,,7226,54,4,,1,70,,7232,54,4,,1,30,,7234,54,4,,1
1200000200,'3',745,,7235,54,4,,1,71,,7236,54,4,,1,31,,7237,54,4,,1,70,,7238,54,4,,1,30,,7239,54,4,,1,71,,7243,54,4,,1,31,,7241,54,4,,1,70,,7245,54,4,,1,31,,7242,54,4,,1,72,,7240,54,4,,1,30,,7244,54,4,,1,70,,7247,54,4,,1,30,,7246,54,4,,1,71,,7248,54,4,,1,30,,7250,54,4,,1,69,,7252,54,4,,1,30,,7255,54,4,,1,71,,7257,54,4,,1,30,,7249,54,4,,1,70,,7251,54,4,,1,29,,7253,54,4,,1,68,,7256,54,4,,1,25,,7258,54,4,,1,68,,7260,54,4,,1,30,,7259,54,4,,1,71,,7254,54,4,,1,29,,7261,54,4,,1
1200000300,'1',635,,7407,50,4,,1,18,,7410,50,4,,1,59,,7412,50,4,,1,13,,7415,50,4,,1,10,,7409,50,4,,1,16,,7417,50,4,,1,53,,7413,50,4,,1,15,,7418,50,4,,1,14,,7420,50,4,,1,14,,7408,50,4,,1,56,,7411,52,4,,1,14,,7416,52,4,,1,27,,7414,52,4,,1,73,,7419,52,4,,1,33,,7421,52,4,,1,70,,7423,52,4,,1,30,,7425,52,4,,1,72,,7427,52,4,,1,30,,7422,52,4,,1,70,,7424,52,4,,1,28,,7426,52,4,,1,70,,7428,52,4,,1,29,,7429,52,4,,1,74,,7430,52,4,,1,31,,7433,54,4,,1,68,,7434,54,4,,1,28,,7435,54,4,,1,72,,7432,54,4,,1,30,,7431,54,4,,1,73,,7436,54,4,,1,23,,7439,52,4,,1,65,,7437,52,4,,1,21,,7441,52,4,,1,70,,7442,52,4,,1,32,,7440,52,4,,1,73,,7447,52,4,,1
1200000300,'2',715,,7450,52,4,,1,30,,7453,52,4,,1,71,,7456,52,4,,1,31,,7459,52,4,,1,70,,7451,52,4,,1,31,,7454,52,4,,1,69,,7457,52,4,,1,31,,7460,52,4,,1,71,,7452,52,4,,1,31,,7455,52,4,,1,71,,7458,52,4,,1,30,,7461,52,4,,1,71,,7462,52,4,,1,30,,7466,52,4,,1,70,,7472,52,4,,1,30,,7469,52,4,,1,70,,7463,52,4,,1,30,,7467,52,4,,1,70,,7473,52,4,,1,28,,7470,52,4,,1,70,,7464,52,4,,1,30,,7468,52,4,,1,69,,7474,52,4,,1,29,,7471,52,4,,1
1200000300,'3',745,,7480,52,4,,1,71,,7482,52,4,,1,31,,7488,52,4,,1,70,,7485,52,4,,1,31,,7481,52,4,,1,69,,7483,52,4,,1,31,,7489,52,4,,1,71,,7486,52,4,,1,31,,7490,52,4,,1,71,,7484,52,4,,1,30,,7492,52,4,,1,71,,7487,52,4,,1,30,,7491,52,4,,1,70,,7494,52,4,,1,30,,7493,52,4,,1,70,,7498,52,4,,1,30,,7501,52,4,,1,70,,7495,52,4,,1,28,,7504,52,4,,1,70,,7499,52,4,,1,30,,7502,52,4,,1,69,,7496,52,4,,1,29,,7505,52,4,,1
1200000400,'1',731,,7629,56,4,,1,19,,7630,56,4,,1
