3401,'1',636,,6039,22,,,2,67,,6040,22,,,2,53,,6041,22,,,2,792,,6042,22,,,2,90,,6043,22,,,2,97,,6044,22,,,2,66,,6045,22,,,2,46,,6046,22,,,2,68,,6047,22,,,2
3401,'14',1652,,6048,26,,,2
3701,'1',751,,6124,52,,,2
22100,'15',738,,6288,39,,,2
22200,'15',738,,6289,35,,,2
23100,'15',745,,6293,72,,,2
23200,'15',736,,6294,39,,,2
24100,'15',739,,6296,21,4,,2
24200,'15',737,,6297,23,4,,2
31100,'15',756,,6300,62,,,2
32500,'12',821,,6304,35,,,2
35100,'15',738,,6307,50,,,2
38100,'15',742,,6316,54,,,2
5003401,'1',1700,,6389,34,,,2
2000003401,'2',750,,7771,22,,,2,85,,7772,22,,,2,85,,7773,22,,,2,85,,7774,22,,,2,49,,7775,22,,,2,85,,7776,22,,,2,88,,7777,22,,,2,81,,7778,22,,,2,134,,7779,22,,,2,86,,7780,22,,,2,84,,7781,22,,,2,88,,7782,22,,,2,44,,7783,22,,,2,81,,7784,22,,,2,82,,7785,22,,,2
2000003401,'3',835,,7786,22,,,2,85,,7787,22,,,2,85,,7788,22,,,2,49,,7789,22,,,2,85,,7790,22,,,2,88,,7791,22,,,2,81,,7792,22,,,2,134,,7793,22,,,2,86,,7794,22,,,2,84,,7795,22,,,2,88,,7796,22,,,2,44,,7797,22,,,2,81,,7798,22,,,2,82,,7799,22,,,2
