11500,'12',845,,6227,28,4,,2
12500,'12',845,,6229,25,4,,2
12600,'12',850,,6230,19,4,,2
12700,'12',851,,6231,16,4,,2
13500,'12',845,,6234,23,4,,2
13600,'12',845,,6235,21,4,,2
13800,'12',845,,6237,26,4,,2
15500,'12',845,,6239,32,4,,2
15600,'12',845,,6240,33,4,,2
22500,'12',850,,6290,43,4,,2
23500,'12',848,,6295,84,4,,2
24500,'12',848,,6298,27,4,,2
24600,'12',845,,6299,26,4,,2
32500,'12',845,,6304,63,4,,2
34500,'12',845,,6305,51,4,,2
35500,'12',848,,6308,72,4,,2
37500,'12',848,,6309,41,4,,2
38500,'12',848,,6317,46,4,,2
