905231701,'27',2305,,6491,60,4,,2,29,,6494,60,4,,2,70,,6489,60,4,,2,30,,6492,60,4,,2,70,,6490,60,4,,2,30,,6493,60,4,,2,70,,6495,60,4,,2
905231701,'28',2305,,6498,60,4,,2,29,,6501,60,4,,2,70,,6496,60,4,,2,30,,6499,60,4,,2,70,,6497,60,4,,2,30,,6500,60,4,,2,70,,6502,60,4,,2
905231701,'29',2305,,6505,60,4,,2,29,,6508,60,4,,2,70,,6503,60,4,,2,30,,6506,60,4,,2,70,,6504,60,4,,2,30,,6507,60,4,,2,70,,6509,60,4,,2
1200000101,'1',1611,,7023,64,,,1,32,,7024,64,,,1,71,,7025,64,,,1,30,,7026,64,,,1
1200000301,'1',614,,7383,13,,,1,28,,7388,13,,,1,77,,7381,26,,,1,20,,7385,26,,,1,75,,7391,26,,,1,29,,7386,26,,,1,65,,7394,26,,,1,25,,7382,26,,,1,69,,7392,26,,,1,27,,7390,26,,,1,73,,7395,26,,,1,33,,7396,26,,,1,70,,7398,26,,,1,33,,7400,26,,,1,72,,7402,26,,,1,29,,7397,26,,,1,70,,7399,26,,,1,28,,7401,26,,,1,70,,7403,26,,,1,36,,7404,26,,,1,60,,7407,23,,,1,23,,7405,23,,,1,18,,7410,23,,,1,59,,7409,23,,,1,11,,7414,23,,,1,13,,7412,23,,,1,14,,7413,23,,,1,16,,7416,23,,,1,54,,7408,23,,,1,12,,7411,23,,,1,15,,7406,23,,,1,69,,7415,23,,,1,24,,7419,26,,,1,24,,7417,26,,,1,71,,7418,26,,,1,30,,7420,26,,,1,69,,7421,26,,,1,33,,7424,26,,,1,71,,7422,13,,,1,30,,7425,13,,,1,68,,7423,13,,,1,30,,7426,13,,,1,79,,7427,13,,,1
1200000301,'2',754,,7428,26,,,1,70,,7431,26,,,1,31,,7434,26,,,1,72,,7437,26,,,1,31,,7429,26,,,1,72,,7432,26,,,1,71,,7435,26,,,1,31,,7438,26,,,1,71,,7430,26,,,1,31,,7433,26,,,1,71,,7436,26,,,1,31,,7439,26,,,1,71,,7440,26,,,1,30,,7443,26,,,1,70,,7449,26,,,1,30,,7446,26,,,1,70,,7441,26,,,1,31,,7444,26,,,1,71,,7450,26,,,1,27,,7447,26,,,1,68,,7442,26,,,1,28,,7445,26,,,1,27,,7451,26,,,1,67,,7448,26,,,1,75,,7452,13,,,1,100,,7453,13,,,1,56,,7454,13,,,1,98,,7455,13,,,1,78,,7456,13,,,1,102,,7457,13,,,1
1200000301,'27',2228,,7459,16,,,1,30,,7462,16,,,1,70,,7464,16,,,1,83,,7460,16,,,1,28,,7463,16,,,1,70,,7458,16,,,1,30,,7461,16,,,1
1200000301,'28',2228,,7466,16,,,1,30,,7469,16,,,1,70,,7471,16,,,1,83,,7467,16,,,1,28,,7470,16,,,1,70,,7465,16,,,1,30,,7468,16,,,1
1200000301,'29',2228,,7473,16,,,1,30,,7476,16,,,1,70,,7478,16,,,1,83,,7474,16,,,1,28,,7477,16,,,1,70,,7472,16,,,1,30,,7475,16,,,1
1200000301,'3',824,,7479,26,,,1,31,,7481,26,,,1,72,,7487,26,,,1,31,,7484,26,,,1,72,,7480,26,,,1,71,,7482,26,,,1,31,,7488,26,,,1,71,,7485,26,,,1,31,,7489,26,,,1,71,,7483,26,,,1,31,,7491,26,,,1,71,,7486,26,,,1,30,,7490,26,,,1,70,,7493,26,,,1,30,,7492,26,,,1,70,,7496,26,,,1,31,,7498,26,,,1,71,,7494,26,,,1,27,,7502,26,,,1,68,,7497,26,,,1,28,,7499,26,,,1,27,,7495,26,,,1,67,,7503,26,,,1,75,,7500,13,,,1,121,,7501,13,,,1
