13100,'84',741,,4864,59,,,2
13801,'83',1622,,4871,17,,,2
34501,'83',1619,,4950,16,,,2
35501,'83',1624,,4956,16,,,2
5004200,'81',654,,5054,9,,,2
1200000101,'71',1539,,5070,35,,,1,72,,5071,35,,,1,31,,5069,35,,,1,73,,5072,35,,,1
1200000200,'71',542,,5075,9,0,36 37,1,15,,5074,31,0,36 37,1,55,,5078,31,0,36 37,1,8,,5082,9,0,36 37,1,7,,5080,31,0,36 37,1,16,,5081,31,0,36 37,1,15,,5077,31,0,36 37,1,56,,5085,31,0,36 37,1,17,,5073,31,0,36 37,1,15,,5087,31,0,36 37,1,55,,5076,31,0,36 37,1,14,,5089,31,0,36 37,1,14,,5083,31,0,36 37,1,15,,5090,31,0,36 37,1,59,,5079,31,0,36 37,1,14,,5091,31,0,36 37,1,17,,5084,31,0,36 37,1,17,,5086,31,0,36 37,1,54,,5092,31,0,36 37,1,15,,5088,31,0,36 37,1,15,,5094,31,0,36 37,1,15,,5095,31,0,36 37,1,55,,5096,31,0,36 37,1,15,,5098,31,0,36 37,1,15,,5099,31,0,36 37,1,15,,5101,31,0,36 37,1,55,,5102,31,0,36 37,1,15,,5103,31,0,36 37,1,16,,5093,31,0,36 37,1,15,,5105,31,0,36 37,1,55,,5106,31,0,36 37,1,15,,5107,31,0,36 37,1,14,,5097,31,0,36 37,1,15,,5104,31,0,36 37,1,55,,5100,31,0,36 37,1,21,,5108,31,0,36 37,1,12,,5109,31,0,36 37,1,16,,5110,31,0,36 37,1,55,,5111,31,0,36 37,1,15,,5112,31,0,36 37,1,12,,5113,31,0,36 37,1,14,,5115,31,0,36 37,1,55,,5117,31,0,36 37,1,15,,5119,31,0,36 37,1,8,,5121,18,0,36 37,1,8,,5120,31,0,36 37,1,13,,5122,31,0,36 37,1,55,,5125,31,0,36 37,1,17,,5126,31,0,36 37,1,14,,5123,31,0,36 37,1,15,,5124,31,0,36 37,1,55,,5116,31,0,36 37,1,15,,5114,31,0,36 37,1,15,,5128,31,0,36 37,1,15,,5118,31,0,36 37,1,70,,5129,31,0,36 37,1,30,,5127,31,0,36 37,1,70,,5133,31,0,36 37,1,30,,5135,31,0,36 37,1,69,,5136,31,0,36 37,1,32,,5130,31,0,36 37,1,70,,5132,31,0,36 37,1,32,,5134,31,0,36 37,1,66,,5137,31,0,36 37,1,30,,5131,31,0,14,1
1200000200,'72',720,,5139,31,0,36 37,1,30,,5142,31,0,36 37,1,70,,5143,31,0,36 37,1,30,,5144,31,0,36 37,1,70,,5138,31,0,36 37,1,30,,5141,31,0,36 37,1,70,,5140,31,0,36 37,1,30,,5145,31,0,36 37,1,70,,5146,31,0,36 37,1,31,,5148,31,0,36 37,1,69,,5147,31,0,36 37,1,30,,5150,31,0,36 37,1,70,,5151,31,0,36 37,1,30,,5152,31,0,36 37,1,70,,5153,31,0,36 37,1,30,,5154,31,0,36 37,1,70,,5149,31,0,36 37,1,30,,5156,31,0,36 37,1,70,,5155,31,0,36 37,1,30,,5159,31,0,36 37,1,70,,5158,31,0,36 37,1,31,,5161,31,0,36 37,1,69,,5162,31,0,36 37,1,29,,5163,31,0,36 37,1,70,,5165,31,0,36 37,1,31,,5157,31,0,36 37,1,69,,5167,31,0,36 37,1,29,,5168,31,0,36 37,1,70,,5164,31,0,36 37,1,30,,5166,31,0,36 37,1,70,,5160,31,0,36 37,1,30,,5169,31,0,36 37,1,70,,5170,31,0,36 37,1
1200000200,'73',720,,5171,31,0,36 37,1,30,,5173,31,0,36 37,1,70,,5174,31,0,36 37,1,30,,5175,31,0,36 37,1,70,,5176,31,0,36 37,1,30,,5172,31,0,36 37,1,70,,5177,31,0,36 37,1,30,,5179,31,0,36 37,1,70,,5178,31,0,36 37,1,31,,5181,31,0,36 37,1,69,,5180,31,0,36 37,1,30,,5183,31,0,36 37,1,70,,5184,31,0,36 37,1,30,,5185,31,0,36 37,1,70,,5186,31,0,36 37,1,30,,5188,31,0,36 37,1,70,,5182,31,0,36 37,1,30,,5191,31,0,36 37,1,70,,5189,31,0,36 37,1,30,,5193,31,0,36 37,1,70,,5192,31,0,36 37,1,31,,5195,31,0,36 37,1,69,,5196,31,0,36 37,1,29,,5197,31,0,36 37,1,70,,5187,31,0,36 37,1,31,,5194,31,0,36 37,1,69,,5190,31,0,36 37,1
1200000200,'89',634,,5198,9,0,36 37,1,21,,5200,9,0,36 37,1
1200000400,'71',650,,5565,33,,,1,56,,5566,33,,,1,16,,5567,33,,,1,16,,5564,33,,,1
