1301,'1',638,,5816,17,,,2,77,,5818,17,,,2,94,,5817,17,,,2,808,,5819,17,,,2,15,,5820,17,,,2,79,,5822,17,,,2,30,,5821,17,,,2
1500,'1',613,,5823,40,,,2,29,,5825,40,,,2,69,,5827,40,,,2,31,,5826,43,,,2,70,,5829,43,,,2
1600,'1',1534,,5851,24,,,2,66,,5854,9,,,2,35,,5850,27,,,2,78,,5852,27,,,2,25,,5855,27,,,2
1200000100,'1',659,,7016,78,,,1,73,,7017,78,,,1,22,,7018,78,,,1,68,,7021,78,0,16 1 17,1,29,,7019,78,,,1
1200000201,'1',631,,7137,27,,,1,80,,7140,39,,,1,15,,7139,39,,,1,21,,7144,39,,,1,61,,7146,39,,,1,19,,7148,39,,,1,20,,7151,39,,,1,55,,7152,39,,,1,16,,7138,39,,,1,13,,7155,39,,,1,14,,7143,39,,,1,11,,7141,39,,,1,52,,7150,39,,,1,12,,7156,39,,,1,14,,7153,39,,,1,17,,7157,39,,,1,70,,7159,39,,,1,29,,7161,39,,,1,70,,7142,39,,,1,33,,7162,39,,,1,69,,7158,39,,,1,30,,7160,39,,,1,71,,7164,39,,,1,31,,7165,39,,,1,70,,7163,39,,,1,80,,7167,39,,,1,27,,7169,39,,,1,17,,7172,39,,,1,57,,7170,39,,,1,17,,7171,39,,,1,12,,7168,39,,,1,10,,7173,39,,,1,12,,7174,39,,,1,54,,7176,39,,,1,13,,7166,39,,,1,9,,7179,39,,,1,13,,7180,39,,,1,13,,7183,39,,,1,52,,7184,39,,,1,13,,7178,39,,,1,24,,7177,39,,,1,66,,7175,39,,,1,19,,7185,39,,,1,68,,7186,39,,,1,32,,7181,39,,,1,75,,7188,39,,,1,28,,7190,39,,,1,71,,7187,39,,,1,27,,7182,39,,,1,71,,7189,39,,,1,46,,7191,39,,,1
1200000201,'14',1707,,7192,33,,,1
1200000201,'2',702,,7196,27,,,1,39,,7193,39,,,1,70,,7201,39,,,1,31,,7199,39,,,1,72,,7197,39,,,1,31,,7203,39,,,1,71,,7194,39,,,1,31,,7202,39,,,1,72,,7200,39,,,1,32,,7205,39,,,1,70,,7204,39,,,1,31,,7195,39,,,1,72,,7207,39,,,1,31,,7209,39,,,1,70,,7206,39,,,1,30,,7211,39,,,1,71,,7212,39,,,1,30,,7208,39,,,1,69,,7210,39,,,1,31,,7214,39,,,1,72,,7216,39,,,1,28,,7213,39,,,1,66,,7218,39,,,1,28,,7219,39,,,1,65,,7215,39,,,1,25,,7217,39,,,1,67,,7223,39,,,1,29,,7222,39,,,1,71,,7220,39,,,1,27,,7224,39,,,1,68,,7226,39,,,1,29,,7225,39,,,1,70,,7228,39,,,1,30,,7221,39,,,1,28,,7227,39,,,1,89,,7229,39,,,1
1200000201,'27',2247,,7230,32,,,1,70,,7233,32,,,1,29,,7231,32,,,1,83,,7234,32,,,1,28,,7236,32,,,1,70,,7232,32,,,1,30,,7235,32,,,1
1200000201,'28',2245,,7237,32,,,1,70,,7240,32,,,1,30,,7238,32,,,1,82,,7241,32,,,1,28,,7243,32,,,1,70,,7239,32,,,1,30,,7242,32,,,1
1200000201,'29',2245,,7244,32,,,1,70,,7247,32,,,1,30,,7245,32,,,1,82,,7248,32,,,1,28,,7250,32,,,1,70,,7246,32,,,1,30,,7249,32,,,1
1200000201,'3',842,,7252,39,,,1,72,,7254,39,,,1,31,,7256,39,,,1,70,,7258,39,,,1,32,,7259,39,,,1,72,,7263,39,,,1,32,,7261,39,,,1,70,,7265,39,,,1,31,,7262,39,,,1,72,,7260,39,,,1,31,,7264,39,,,1,70,,7267,39,,,1,30,,7266,39,,,1,71,,7268,39,,,1,30,,7270,39,,,1,69,,7272,39,,,1,31,,7275,39,,,1,72,,7277,39,,,1,28,,7269,39,,,1,66,,7271,39,,,1,28,,7273,39,,,1,65,,7276,39,,,1,25,,7278,39,,,1,67,,7280,39,,,1,29,,7279,39,,,1,71,,7274,39,,,1,27,,7281,39,,,1
1200000401,'1',1728,,7510,39,,,1,21,,7508,39,,,1
