3401,'1',635,,6039,19,,,2,67,,6040,19,,,2,51,,6041,19,,,2,794,,6042,19,,,2,89,,6043,19,,,2,98,,6044,19,,,2,66,,6045,19,,,2,46,,6046,19,,,2,68,,6047,19,,,2
3401,'14',1650,,6048,23,,,2
3701,'1',749,,6124,49,,,2
22100,'15',737,,6288,36,,,2
22200,'15',737,,6289,32,,,2
23100,'15',744,,6293,69,,,2
24100,'15',738,,6296,18,4,,2
24200,'15',736,,6297,20,4,,2
31100,'15',755,,6300,59,,,2
35100,'15',737,,6307,47,,,2
38100,'15',741,,6316,51,,,2
5003401,'1',1658,,6389,31,,,2
2000003401,'2',749,,7771,19,,,2,85,,7772,19,,,2,85,,7773,19,,,2,85,,7774,19,,,2,49,,7775,19,,,2,85,,7776,19,,,2,88,,7777,19,,,2,81,,7778,19,,,2,134,,7779,19,,,2,86,,7780,19,,,2,84,,7781,19,,,2,48,,7782,19,,,2,84,,7783,19,,,2,81,,7784,19,,,2,82,,7785,19,,,2
2000003401,'3',834,,7786,19,,,2,85,,7787,19,,,2,85,,7788,19,,,2,49,,7789,19,,,2,85,,7790,19,,,2,88,,7791,19,,,2,81,,7792,19,,,2,134,,7793,19,,,2,86,,7794,19,,,2,84,,7795,19,,,2,48,,7796,19,,,2,84,,7797,19,,,2,81,,7798,19,,,2,82,,7799,19,,,2
