905231701,'27',2307,,6491,63,4,,2,29,,6494,63,4,,2,70,,6489,63,4,,2,30,,6492,63,4,,2,70,,6490,63,4,,2,30,,6493,63,4,,2,70,,6495,63,4,,2
905231701,'28',2307,,6498,63,4,,2,29,,6501,63,4,,2,70,,6496,63,4,,2,30,,6499,63,4,,2,70,,6497,63,4,,2,30,,6500,63,4,,2,70,,6502,63,4,,2
905231701,'29',2307,,6505,63,4,,2,29,,6508,63,4,,2,70,,6503,63,4,,2,30,,6506,63,4,,2,70,,6504,63,4,,2,30,,6507,63,4,,2,70,,6509,63,4,,2
1200000101,'1',1613,,7023,67,,,1,32,,7024,67,,,1,71,,7025,67,,,1,30,,7026,67,,,1
1200000301,'1',616,,7383,16,,,1,28,,7388,16,,,1,77,,7381,29,,,1,20,,7385,29,,,1,75,,7391,29,,,1,29,,7386,29,,,1,65,,7394,29,,,1,25,,7382,29,,,1,69,,7392,29,,,1,27,,7390,29,,,1,73,,7395,29,,,1,33,,7396,29,,,1,70,,7398,29,,,1,33,,7400,29,,,1,72,,7402,29,,,1,29,,7397,29,,,1,70,,7399,29,,,1,28,,7401,29,,,1,70,,7403,29,,,1,36,,7404,29,,,1,60,,7407,26,,,1,23,,7405,26,,,1,18,,7410,26,,,1,59,,7409,26,,,1,11,,7414,26,,,1,13,,7412,26,,,1,14,,7413,26,,,1,16,,7416,26,,,1,54,,7408,26,,,1,12,,7411,26,,,1,15,,7406,26,,,1,69,,7415,26,,,1,24,,7419,29,,,1,24,,7417,29,,,1,71,,7418,29,,,1,30,,7420,29,,,1,69,,7421,29,,,1,73,,7424,29,,,1,31,,7422,16,,,1,70,,7425,16,,,1,28,,7423,16,,,1,30,,7426,16,,,1,79,,7427,16,,,1
1200000301,'2',756,,7428,29,,,1,70,,7431,29,,,1,31,,7434,29,,,1,72,,7437,29,,,1,71,,7429,29,,,1,32,,7432,29,,,1,71,,7435,29,,,1,31,,7438,29,,,1,71,,7430,29,,,1,31,,7433,29,,,1,71,,7436,29,,,1,31,,7439,29,,,1,71,,7440,29,,,1,30,,7443,29,,,1,70,,7449,29,,,1,30,,7446,29,,,1,70,,7441,29,,,1,31,,7444,29,,,1,71,,7450,29,,,1,27,,7447,29,,,1,68,,7442,29,,,1,28,,7445,29,,,1,67,,7451,29,,,1,27,,7448,29,,,1,75,,7452,16,,,1,100,,7453,16,,,1,56,,7454,16,,,1,98,,7455,16,,,1,78,,7456,16,,,1,102,,7457,16,,,1
1200000301,'27',2230,,7459,19,,,1,70,,7462,19,,,1,30,,7464,19,,,1,83,,7460,19,,,1,28,,7463,19,,,1,70,,7458,19,,,1,30,,7461,19,,,1
1200000301,'28',2230,,7466,19,,,1,70,,7469,19,,,1,30,,7471,19,,,1,83,,7467,19,,,1,28,,7470,19,,,1,70,,7465,19,,,1,30,,7468,19,,,1
1200000301,'29',2230,,7473,19,,,1,70,,7476,19,,,1,30,,7478,19,,,1,83,,7474,19,,,1,28,,7477,19,,,1,70,,7472,19,,,1,30,,7475,19,,,1
1200000301,'3',826,,7479,29,,,1,31,,7481,29,,,1,72,,7487,29,,,1,71,,7484,29,,,1,32,,7480,29,,,1,71,,7482,29,,,1,31,,7488,29,,,1,71,,7485,29,,,1,31,,7489,29,,,1,71,,7483,29,,,1,31,,7491,29,,,1,71,,7486,29,,,1,30,,7490,29,,,1,70,,7493,29,,,1,30,,7492,29,,,1,70,,7496,29,,,1,31,,7498,29,,,1,71,,7494,29,,,1,27,,7502,29,,,1,68,,7497,29,,,1,28,,7499,29,,,1,67,,7495,29,,,1,27,,7503,29,,,1,75,,7500,16,,,1,121,,7501,16,,,1
