2201,'71',625,,4480,2,,,2,28,,4494,2,0,23,2,70,,4481,2,0,23,2,25,,4496,2,,,2,68,,4498,2,,,2,26,,4495,2,,,2,66,,4497,2,,,2,42,,4482,2,,,2,77,,4484,2,,,2,32,,4483,2,,,2,70,,4485,2,,,2,30,,4489,2,,,2,71,,4486,2,,,2,70,,4490,2,,,2,30,,4487,2,,,2,70,,4499,2,,,2,30,,4488,2,,,2,74,,4491,2,,,2,25,,4493,2,,,2,15,,4500,2,,,2,91,,4501,6,,,2,71,,4502,2,,,2,35,,4492,2,,,2,72,,4503,2,,,2,26,,4505,2,,,2,64,,4504,2,,,2
2201,'88',1635,,4506,6,,,2
2301,'71',619,,4569,2,,,2,30,,4577,2,,,2,110,,4578,2,,,2,78,,4555,2,,,2,72,,4559,2,,,2,29,,4556,2,,,2,75,,4560,2,,,2,31,,4557,2,,,2,70,,4561,2,,,2,30,,4558,2,,,2,70,,4562,2,,,2,31,,4564,2,,,2,70,,4563,2,,,2,30,,4565,2,,,2,70,,4566,2,,,2,34,,4576,2,,,2,82,,4567,2,,,2,104,,4568,6,,,2,106,,4570,2,,,2,72,,4575,2,,,2,35,,4571,2,,,2,100,,4572,2,,,2,92,,4573,2,,,2,114,,4574,2,,,2
2301,'72',711,,4579,2,,,2,100,,4580,2,,,2,101,,4581,2,,,2,102,,4582,2,,,2,100,,4583,2,,,2,100,,4584,2,,,2,102,,4585,2,,,2,101,,4586,2,,,2,101,,4587,2,,,2,100,,4588,2,,,2,102,,4589,2,,,2,96,,4590,2,,,2
2301,'73',811,,4591,2,,,2,101,,4592,2,,,2,102,,4593,2,,,2,100,,4594,2,,,2,100,,4595,2,,,2,102,,4596,2,,,2,101,,4597,2,,,2,101,,4598,2,,,2,100,,4599,2,,,2,102,,4600,2,,,2,96,,4601,2,,,2
2301,'88',1635,,4602,6,,,2
20001,'71',1448,,4892,16,,,2,72,,4893,16,,,2
20001,'72',627,,4896,16,,,2,78,,4898,16,,,2
22101,'85',1520,,4924,15,,,2
22201,'85',1521,,4926,15,,,2
23101,'85',1520,,4932,15,,,2
23201,'85',1520,,4934,15,,,2
32501,'83',1637,,4948,48,,,2
5003400,'71',644,,5039,32,,,2,61,,5038,32,,,2
5003600,'71',705,,5042,31,,,2,24,,5041,31,4,,2
5003700,'71',645,,5046,67,4,,2,60,,5047,60,,,2,34,,5048,60,,,2
5004200,'81',710,,5054,27,,,2
1200000101,'71',1556,,5070,53,,,1,72,,5071,53,,,1,31,,5069,53,,,1,71,,5072,53,,,1
1200000200,'71',556,,5075,27,,,1,55,,5074,49,,,1,15,,5078,49,,,1,8,,5082,27,,,1,8,,5080,49,,,1,17,,5081,49,,,1,56,,5077,49,,,1,16,,5085,49,,,1,17,,5073,49,,,1,55,,5087,49,,,1,15,,5076,49,,,1,14,,5089,49,,,1,14,,5083,49,,,1,55,,5090,49,,,1,18,,5079,49,,,1,13,,5091,49,,,1,17,,5084,49,,,1,57,,5086,49,,,1,14,,5092,49,,,1,15,,5088,49,,,1,15,,5094,49,,,1,55,,5095,49,,,1,15,,5096,49,,,1,15,,5098,49,,,1,15,,5099,49,,,1,55,,5101,49,,,1,15,,5102,49,,,1,15,,5103,49,,,1,16,,5093,49,,,1,55,,5105,49,,,1,15,,5106,49,,,1,15,,5107,49,,,1,14,,5097,49,,,1,55,,5104,49,,,1,15,,5100,49,,,1,22,,5108,49,,,1,12,,5109,49,,,1,56,,5110,49,,,1,15,,5111,49,,,1,16,,5112,49,,,1,12,,5113,49,,,1,54,,5115,49,,,1,15,,5117,49,,,1,15,,5119,49,,,1,9,,5121,36,,,1,8,,5120,49,,,1,52,,5122,49,,,1,15,,5125,49,,,1,16,,5126,49,,,1,14,,5123,49,,,1,54,,5124,49,,,1,14,,5116,49,,,1,15,,5114,49,,,1,15,,5128,49,,,1,55,,5118,49,,,1,30,,5129,49,,,1,70,,5127,49,,,1,30,,5133,49,,,1,70,,5135,49,,,1,29,,5136,49,,,1,72,,5130,49,,,1,29,,5132,49,,,1,72,,5134,49,,,1,26,,5137,49,,,1,70,,5131,49,4,,1
1200000200,'72',735,,5139,49,,,1,70,,5142,49,,,1,30,,5143,49,,,1,70,,5144,49,,,1,30,,5138,49,,,1,70,,5141,49,,,1,30,,5140,49,,,1,70,,5145,49,,,1,30,,5146,49,,,1,71,,5148,49,,,1,29,,5147,49,,,1,71,,5150,49,,,1,30,,5151,49,,,1,71,,5152,49,,,1,30,,5153,49,,,1,69,,5154,49,,,1,30,,5149,49,,,1,70,,5156,49,,,1,30,,5155,49,,,1,70,,5159,49,,,1,30,,5158,49,,,1,71,,5161,49,,,1,27,,5162,49,,,1,69,,5163,49,,,1,30,,5165,49,,,1,71,,5157,49,,,1,29,,5167,49,,,1,69,,5168,49,,,1,30,,5164,49,,,1,70,,5166,49,,,1,30,,5160,49,,,1,70,,5169,49,,,1,30,,5170,49,,,1
1200000200,'73',735,,5171,49,,,1,70,,5173,49,,,1,30,,5174,49,,,1,70,,5175,49,,,1,30,,5176,49,,,1,70,,5172,49,,,1,30,,5177,49,,,1,70,,5179,49,,,1,30,,5178,49,,,1,71,,5181,49,,,1,29,,5180,49,,,1,71,,5183,49,,,1,30,,5184,49,,,1,71,,5185,49,,,1,30,,5186,49,,,1,69,,5188,49,,,1,30,,5182,49,,,1,70,,5191,49,,,1,30,,5189,49,,,1,70,,5193,49,,,1,30,,5192,49,,,1,71,,5195,49,,,1,27,,5196,49,,,1,69,,5197,49,,,1,30,,5187,49,,,1,71,,5194,49,,,1,29,,5190,49,,,1
1200000200,'89',650,,5198,27,,,1,62,,5200,27,,,1,47,,5199,18,,,1
1200000300,'71',846,,5351,47,,,1,55,,5357,47,,,1,15,,5360,47,,,1,15,,5358,47,,,1,15,,5355,47,,,1,60,,5362,47,,,1,20,,5364,47,,,1,20,,5366,47,,,1,60,,5368,47,,,1,20,,5369,47,,,1,20,,5371,47,,,1,62,,5373,47,,,1,20,,5365,47,,,1,20,,5367,47,,,1,60,,5374,47,,,1,18,,5370,47,,,1,20,,5372,47,,,1,59,,5376,47,,,1,20,,5378,47,,,1,19,,5380,47,,,1,65,,5375,47,,,1,31,,5383,49,,,1,68,,5377,49,,,1,29,,5379,49,,,1,73,,5384,49,,,1,28,,5382,49,,,1,73,,5381,49,,,1,21,,5385,47,,,1,70,,5386,47,,,1,21,,5388,47,,,1,30,,5390,47,,,1,72,,5391,47,,,1,33,,5395,47,,,1
1200000300,'72',651,,5398,47,,,1,70,,5399,47,,,1,30,,5404,47,,,1,70,,5408,47,,,1,32,,5402,47,,,1,71,,5401,47,,,1,28,,5406,47,,,1,70,,5407,47,,,1,31,,5409,47,,,1,69,,5400,47,,,1,31,,5405,47,,,1,70,,5403,47,,,1,29,,5410,47,,,1,72,,5411,47,,,1,29,,5413,47,,,1,73,,5412,47,,,1,29,,5415,47,,,1,69,,5416,47,,,1,30,,5417,47,,,1,71,,5418,47,,,1,29,,5419,47,,,1,69,,5414,47,,,1,31,,5421,47,,,1,69,,5420,47,,,1
1200000300,'73',721,,5428,47,,,1,30,,5430,47,,,1,70,,5433,47,,,1,32,,5435,47,,,1,71,,5429,47,,,1,28,,5432,47,,,1,70,,5434,47,,,1,31,,5436,47,,,1,69,,5437,47,,,1,31,,5431,47,,,1,70,,5438,47,,,1,29,,5440,47,,,1,72,,5439,47,,,1,29,,5442,47,,,1,73,,5441,47,,,1,29,,5444,47,,,1,69,,5445,47,,,1,30,,5446,47,,,1,71,,5447,47,,,1,29,,5448,47,,,1,69,,5443,47,,,1,31,,5450,47,,,1,69,,5449,47,,,1
1200000301,'71',607,,5456,2,,,1,28,,5460,2,,,1,76,,5454,15,,,1,20,,5458,15,,,1,77,,5466,15,,,1,27,,5463,15,,,1,66,,5469,15,,,1,26,,5455,15,,,1,29,,5465,15,,,1,67,,5467,15,,,1,36,,5470,15,,,1,60,,5471,15,,,1,20,,5473,15,,,1,20,,5475,15,,,1,63,,5476,15,,,1,20,,5478,15,,,1,62,,5480,15,,,1,19,,5472,15,,,1,20,,5474,15,,,1,60,,5481,15,,,1,18,,5477,15,,,1,20,,5479,15,,,1,59,,5483,15,,,1,25,,5484,15,,,1,395,,5498,15,,,1,27,,5499,15,,,1,71,,5501,15,,,1,30,,5500,15,,,1,70,,5502,15,,,1,33,,5505,15,,,1,71,,5503,2,,,1,30,,5506,2,,,1,68,,5504,2,,,1,30,,5507,2,,,1,79,,5508,2,,,1
1200000301,'72',747,,5511,15,,,1,70,,5510,15,,,1,31,,5514,15,,,1,70,,5515,15,,,1,31,,5516,15,,,1,71,,5509,15,,,1,31,,5513,15,,,1,70,,5512,15,,,1,30,,5517,15,,,1,70,,5518,15,,,1,31,,5520,15,,,1,70,,5519,15,,,1,31,,5522,15,,,1,70,,5523,15,,,1,31,,5524,15,,,1,70,,5525,15,,,1,29,,5526,15,,,1,71,,5521,15,,,1,32,,5528,15,,,1,69,,5527,15,,,1,28,,5530,15,,,1,69,,5529,15,,,1,29,,5531,15,,,1,64,,5535,15,,,1,38,,5532,2,,,1,100,,5533,2,,,1,96,,5534,2,,,1,99,,5536,2,,,1,78,,5537,2,,,1,102,,5538,2,,,1
1200000301,'73',817,,5539,15,,,1,31,,5541,15,,,1,70,,5542,15,,,1,31,,5543,15,,,1,71,,5544,15,,,1,31,,5540,15,,,1,70,,5545,15,,,1,30,,5547,15,,,1,70,,5546,15,,,1,31,,5549,15,,,1,70,,5548,15,,,1,31,,5551,15,,,1,70,,5552,15,,,1,31,,5553,15,,,1,70,,5554,15,,,1,29,,5555,15,,,1,71,,5550,15,,,1,32,,5557,15,,,1,69,,5556,15,,,1,28,,5559,15,,,1,69,,5558,15,,,1,29,,5560,15,,,1,64,,5563,15,,,1,38,,5561,2,,,1,161,,5562,2,,,1
1200000400,'71',707,,5565,51,,,1,16,,5566,51,,,1,16,,5567,51,,,1,16,,5564,51,,,1
