905231701,'27',2314,,6491,80,4,,2,29,,6494,80,4,,2,70,,6489,80,4,,2,30,,6492,80,4,,2,70,,6490,80,4,,2,30,,6493,80,4,,2,70,,6495,80,4,,2
905231701,'28',2314,,6498,80,4,,2,29,,6501,80,4,,2,70,,6496,80,4,,2,30,,6499,80,4,,2,70,,6497,80,4,,2,30,,6500,80,4,,2,70,,6502,80,4,,2
905231701,'29',2314,,6505,80,4,,2,29,,6508,80,4,,2,70,,6503,80,4,,2,30,,6506,80,4,,2,70,,6504,80,4,,2,30,,6507,80,4,,2,70,,6509,80,4,,2
1200000101,'1',1621,,7023,84,,,1,32,,7024,84,,,1,71,,7025,84,,,1,30,,7026,84,,,1
1200000301,'1',623,,7383,33,,,1,28,,7388,33,,,1,77,,7381,46,,,1,20,,7385,46,,,1,75,,7391,46,,,1,29,,7386,46,,,1,65,,7394,46,,,1,25,,7382,46,,,1,69,,7392,46,,,1,27,,7390,46,,,1,73,,7395,46,,,1,33,,7396,46,,,1,70,,7398,46,,,1,34,,7400,46,,,1,72,,7402,46,,,1,28,,7397,46,,,1,70,,7399,46,,,1,28,,7401,46,,,1,71,,7403,46,,,1,36,,7404,46,,,1,60,,7407,43,,,1,23,,7405,43,,,1,18,,7410,43,,,1,59,,7409,43,,,1,11,,7414,43,,,1,13,,7412,43,,,1,14,,7413,43,,,1,56,,7416,43,,,1,14,,7408,43,,,1,12,,7411,43,,,1,15,,7406,43,,,1,68,,7415,43,,,1,24,,7419,46,,,1,64,,7417,46,,,1,31,,7418,46,,,1,70,,7420,46,,,1,29,,7421,46,,,1,73,,7424,46,,,1,31,,7422,33,,,1,70,,7425,33,,,1,28,,7423,33,,,1,70,,7426,33,,,1,39,,7427,33,,,1
1200000301,'2',803,,7428,46,,,1,30,,7431,46,,,1,71,,7434,46,,,1,32,,7437,46,,,1,71,,7429,46,,,1,32,,7432,46,,,1,71,,7435,46,,,1,31,,7438,46,,,1,71,,7430,46,,,1,31,,7433,46,,,1,71,,7436,46,,,1,31,,7439,46,,,1,71,,7440,46,,,1,30,,7443,46,,,1,70,,7449,46,,,1,30,,7446,46,,,1,70,,7441,46,,,1,31,,7444,46,,,1,71,,7450,46,,,1,27,,7447,46,,,1,68,,7442,46,,,1,28,,7445,46,,,1,67,,7451,46,,,1,27,,7448,46,,,1,75,,7452,33,,,1,100,,7453,33,,,1,96,,7454,33,,,1,98,,7455,33,,,1,38,,7456,33,,,1,102,,7457,33,,,1
1200000301,'27',2237,,7459,36,,,1,70,,7462,36,,,1,30,,7464,36,,,1,83,,7460,36,,,1,28,,7463,36,,,1,70,,7458,36,,,1,30,,7461,36,,,1
1200000301,'28',2237,,7466,36,,,1,70,,7469,36,,,1,30,,7471,36,,,1,83,,7467,36,,,1,28,,7470,36,,,1,70,,7465,36,,,1,30,,7468,36,,,1
1200000301,'29',2237,,7473,36,,,1,70,,7476,36,,,1,30,,7478,36,,,1,83,,7474,36,,,1,28,,7477,36,,,1,70,,7472,36,,,1,30,,7475,36,,,1
1200000301,'3',833,,7479,46,,,1,71,,7481,46,,,1,32,,7487,46,,,1,71,,7484,46,,,1,32,,7480,46,,,1,71,,7482,46,,,1,31,,7488,46,,,1,71,,7485,46,,,1,31,,7489,46,,,1,71,,7483,46,,,1,31,,7491,46,,,1,71,,7486,46,,,1,30,,7490,46,,,1,70,,7493,46,,,1,30,,7492,46,,,1,70,,7496,46,,,1,31,,7498,46,,,1,71,,7494,46,,,1,27,,7502,46,,,1,68,,7497,46,,,1,28,,7499,46,,,1,67,,7495,46,,,1,27,,7503,46,,,1,75,,7500,33,,,1,121,,7501,33,,,1
2000002200,'1',604,,7584,2,0,18 19 20,2
