20000,'1',850,,6243,9,,,2,69,,6242,9,,,2
5002301,'1',1623,,6382,9,,,2,28,,6381,9,,,2
5002401,'1',1624,,6385,9,,,2,28,,6386,9,,,2
5003401,'1',1620,,6389,9,,,2
5003601,'1',1619,,6393,9,,,2,25,,6392,9,,,2
5003701,'1',1648,,6396,9,,,2
5003801,'1',1620,,6398,9,,,2,95,,6397,9,,,2
1200000201,'1',629,,7265,9,,,1,15,,7264,9,,,1,59,,7269,9,,,1,23,,7271,9,,,1,19,,7273,9,,,1,60,,7276,9,,,1,16,,7277,9,,,1,16,,7263,9,,,1,14,,7280,9,,,1,54,,7268,9,,,1,11,,7266,9,,,1,12,,7275,9,,,1,13,,7281,9,,,1,14,,7278,9,,,1,57,,7282,9,,,1,30,,7284,9,,,1,69,,7286,9,,,1,30,,7267,9,,,1,71,,7287,9,,,1,30,,7283,9,,,1,70,,7285,9,,,1,31,,7289,9,,,1,70,,7290,9,,,1,29,,7288,9,,,1,71,,7292,9,,,1,22,,7294,9,,,1,16,,7297,9,,,1,56,,7295,9,,,1,17,,7296,9,,,1,12,,7293,9,,,1,14,,7298,9,,,1,54,,7299,9,,,1,17,,7301,9,,,1,15,,7291,9,,,1,11,,7304,9,,,1,54,,7305,9,,,1,15,,7308,9,,,1,13,,7309,9,,,1,14,,7303,9,,,1,66,,7302,9,,,1,26,,7300,9,,,1,19,,7310,9,,,1,70,,7311,9,,,1,32,,7306,9,,,1,75,,7313,9,,,1,70,,7315,9,,,1,31,,7312,9,,,1,68,,7307,9,,,1,31,,7314,9,,,1,86,,7316,9,,,1
1200000201,'2',705,,7318,9,,,1,30,,7326,9,,,1,70,,7324,9,,,1,31,,7322,9,,,1,71,,7328,9,,,1,30,,7319,9,,,1,71,,7327,9,,,1,31,,7325,9,,,1,71,,7330,9,,,1,30,,7329,9,,,1,71,,7320,9,,,1,32,,7332,9,,,1,70,,7334,9,,,1,30,,7331,9,,,1,70,,7336,9,,,1,31,,7337,9,,,1,70,,7333,9,,,1,29,,7335,9,,,1,71,,7339,9,,,1,32,,7341,9,,,1,70,,7338,9,,,1,29,,7343,9,,,1,69,,7344,9,,,1,26,,7340,9,,,1,65,,7342,9,,,1,28,,7348,9,,,1,69,,7347,9,,,1,31,,7345,9,,,1,67,,7349,9,,,1,28,,7351,9,,,1,31,,7350,9,,,1,70,,7353,9,,,1,30,,7346,9,,,1,69,,7352,9,,,1,89,,7354,9,,,1
1200000201,'27',2213,,7355,2,,,1,30,,7358,2,,,1,70,,7356,2,,,1,43,,7359,2,,,1,68,,7361,2,,,1,30,,7357,2,,,1,70,,7360,2,,,1
1200000201,'28',2213,,7362,2,,,1,30,,7365,2,,,1,70,,7363,2,,,1,43,,7366,2,,,1,68,,7368,2,,,1,30,,7364,2,,,1,70,,7367,2,,,1
1200000201,'29',2213,,7369,2,,,1,30,,7372,2,,,1,70,,7370,2,,,1,43,,7373,2,,,1,68,,7375,2,,,1,30,,7371,2,,,1,70,,7374,2,,,1
1200000201,'3',805,,7377,9,,,1,31,,7379,9,,,1,71,,7381,9,,,1,30,,7383,9,,,1,71,,7384,9,,,1,31,,7388,9,,,1,71,,7386,9,,,1,30,,7390,9,,,1,71,,7387,9,,,1,32,,7385,9,,,1,70,,7389,9,,,1,30,,7392,9,,,1,70,,7391,9,,,1,31,,7393,9,,,1,70,,7395,9,,,1,29,,7397,9,,,1,71,,7400,9,,,1,32,,7402,9,,,1,70,,7394,9,,,1,29,,7396,9,,,1,69,,7398,9,,,1,26,,7401,9,,,1,65,,7403,9,,,1,28,,7405,9,,,1,69,,7404,9,,,1,31,,7399,9,,,1,67,,7406,9,,,1
1200000301,'1',656,,7506,9,,,1,59,,7510,9,,,1,34,,7516,9,,,1,69,,7511,9,,,1,26,,7519,9,,,1,65,,7507,9,,,1,30,,7517,9,,,1,67,,7515,9,,,1,33,,7520,9,,,1,73,,7521,9,,,1,30,,7523,9,,,1,71,,7525,9,,,1,32,,7527,9,,,1,70,,7522,9,,,1,30,,7524,9,,,1,68,,7526,9,,,1,30,,7528,9,,,1,69,,7529,9,,,1,20,,7532,9,,,1,18,,7530,9,,,1,56,,7535,9,,,1,19,,7534,9,,,1,13,,7539,9,,,1,15,,7537,9,,,1,57,,7538,9,,,1,17,,7541,9,,,1,17,,7533,9,,,1,14,,7536,9,,,1,56,,7531,9,,,1,33,,7540,9,,,1,62,,7544,9,,,1,24,,7542,9,,,1,71,,7543,9,,,1,30,,7545,9,,,1,70,,7546,9,,,1,33,,7549,9,,,1
1200000301,'2',734,,7553,9,,,1,70,,7556,9,,,1,31,,7559,9,,,1,71,,7562,9,,,1,30,,7554,9,,,1,72,,7557,9,,,1,30,,7560,9,,,1,71,,7563,9,,,1,31,,7555,9,,,1,71,,7558,9,,,1,31,,7561,9,,,1,70,,7564,9,,,1,31,,7565,9,,,1,70,,7568,9,,,1,30,,7574,9,,,1,70,,7571,9,,,1,30,,7566,9,,,1,71,,7569,9,,,1,31,,7575,9,,,1,68,,7572,9,,,1,29,,7567,9,,,1,69,,7570,9,,,1,27,,7576,9,,,1,67,,7573,9,,,1
1200000301,'27',2213,,7584,2,,,1,30,,7587,2,,,1,70,,7589,2,,,1,43,,7585,2,,,1,68,,7588,2,,,1,30,,7583,2,,,1,70,,7586,2,,,1
1200000301,'28',2213,,7591,2,,,1,30,,7594,2,,,1,70,,7596,2,,,1,43,,7592,2,,,1,68,,7595,2,,,1,30,,7590,2,,,1,70,,7593,2,,,1
1200000301,'29',2213,,7598,2,,,1,30,,7601,2,,,1,70,,7603,2,,,1,43,,7599,2,,,1,68,,7602,2,,,1,30,,7597,2,,,1,70,,7600,2,,,1
1200000301,'3',804,,7604,9,,,1,31,,7606,9,,,1,71,,7612,9,,,1,30,,7609,9,,,1,72,,7605,9,,,1,30,,7607,9,,,1,71,,7613,9,,,1,31,,7610,9,,,1,71,,7614,9,,,1,31,,7608,9,,,1,70,,7616,9,,,1,31,,7611,9,,,1,70,,7615,9,,,1,30,,7618,9,,,1,70,,7617,9,,,1,30,,7621,9,,,1,71,,7623,9,,,1,31,,7619,9,,,1,68,,7627,9,,,1,29,,7622,9,,,1,69,,7624,9,,,1,27,,7620,9,,,1,67,,7628,9,,,1
1200000401,'1',1630,,7635,9,,,1,26,,7633,9,,,1
