905231701,'27',2310,,6491,70,4,,2,29,,6494,70,4,,2,70,,6489,70,4,,2,30,,6492,70,4,,2,70,,6490,70,4,,2,30,,6493,70,4,,2,70,,6495,70,4,,2
905231701,'28',2310,,6498,70,4,,2,29,,6501,70,4,,2,70,,6496,70,4,,2,30,,6499,70,4,,2,70,,6497,70,4,,2,30,,6500,70,4,,2,70,,6502,70,4,,2
905231701,'29',2310,,6505,70,4,,2,29,,6508,70,4,,2,70,,6503,70,4,,2,30,,6506,70,4,,2,70,,6504,70,4,,2,30,,6507,70,4,,2,70,,6509,70,4,,2
1200000101,'1',1617,,7023,74,,,1,32,,7024,74,,,1,71,,7025,74,,,1,30,,7026,74,,,1
1200000301,'1',619,,7383,23,,,1,28,,7388,23,,,1,77,,7381,36,,,1,20,,7385,36,,,1,75,,7391,36,,,1,29,,7386,36,,,1,65,,7394,36,,,1,25,,7382,36,,,1,69,,7392,36,,,1,27,,7390,36,,,1,73,,7395,36,,,1,33,,7396,36,,,1,70,,7398,36,,,1,34,,7400,36,,,1,72,,7402,36,,,1,28,,7397,36,,,1,70,,7399,36,,,1,28,,7401,36,,,1,71,,7403,36,,,1,36,,7404,36,,,1,60,,7407,33,,,1,23,,7405,33,,,1,18,,7410,33,,,1,59,,7409,33,,,1,11,,7414,33,,,1,13,,7412,33,,,1,14,,7413,33,,,1,56,,7416,33,,,1,14,,7408,33,,,1,12,,7411,33,,,1,15,,7406,33,,,1,68,,7415,33,,,1,24,,7419,36,,,1,64,,7417,36,,,1,31,,7418,36,,,1,70,,7420,36,,,1,29,,7421,36,,,1,73,,7424,36,,,1,31,,7422,23,,,1,70,,7425,23,,,1,28,,7423,23,,,1,70,,7426,23,,,1,39,,7427,23,,,1
1200000301,'2',759,,7428,36,,,1,70,,7431,36,,,1,71,,7434,36,,,1,32,,7437,36,,,1,71,,7429,36,,,1,32,,7432,36,,,1,71,,7435,36,,,1,31,,7438,36,,,1,71,,7430,36,,,1,31,,7433,36,,,1,71,,7436,36,,,1,31,,7439,36,,,1,71,,7440,36,,,1,30,,7443,36,,,1,70,,7449,36,,,1,30,,7446,36,,,1,70,,7441,36,,,1,31,,7444,36,,,1,71,,7450,36,,,1,27,,7447,36,,,1,68,,7442,36,,,1,28,,7445,36,,,1,67,,7451,36,,,1,27,,7448,36,,,1,75,,7452,23,,,1,100,,7453,23,,,1,96,,7454,23,,,1,98,,7455,23,,,1,38,,7456,23,,,1,102,,7457,23,,,1
1200000301,'27',2233,,7459,26,,,1,70,,7462,26,,,1,30,,7464,26,,,1,83,,7460,26,,,1,28,,7463,26,,,1,70,,7458,26,,,1,30,,7461,26,,,1
1200000301,'28',2233,,7466,26,,,1,70,,7469,26,,,1,30,,7471,26,,,1,83,,7467,26,,,1,28,,7470,26,,,1,70,,7465,26,,,1,30,,7468,26,,,1
1200000301,'29',2233,,7473,26,,,1,70,,7476,26,,,1,30,,7478,26,,,1,83,,7474,26,,,1,28,,7477,26,,,1,70,,7472,26,,,1,30,,7475,26,,,1
1200000301,'3',829,,7479,36,,,1,71,,7481,36,,,1,32,,7487,36,,,1,71,,7484,36,,,1,32,,7480,36,,,1,71,,7482,36,,,1,31,,7488,36,,,1,71,,7485,36,,,1,31,,7489,36,,,1,71,,7483,36,,,1,31,,7491,36,,,1,71,,7486,36,,,1,30,,7490,36,,,1,70,,7493,36,,,1,30,,7492,36,,,1,70,,7496,36,,,1,31,,7498,36,,,1,71,,7494,36,,,1,27,,7502,36,,,1,68,,7497,36,,,1,28,,7499,36,,,1,67,,7495,36,,,1,27,,7503,36,,,1,75,,7500,23,,,1,121,,7501,23,,,1
