20000,'1',853,,6243,11,,,2,69,,6242,11,,,2
5002301,'1',1628,,6382,11,,,2,27,,6381,11,,,2
5002401,'1',1629,,6385,11,,,2,27,,6386,11,,,2
5003401,'1',1625,,6389,11,,,2
5003601,'1',1624,,6393,11,,,2,24,,6392,11,,,2
5003701,'1',1652,,6396,11,,,2
5003801,'1',1625,,6398,11,,,2,95,,6397,11,,,2
1200000201,'1',632,,7140,11,,,1,15,,7139,11,,,1,59,,7144,11,,,1,23,,7146,11,,,1,19,,7148,11,,,1,60,,7151,11,,,1,16,,7152,11,,,1,16,,7138,11,,,1,14,,7155,11,,,1,54,,7143,11,,,1,11,,7141,11,,,1,12,,7150,11,,,1,13,,7156,11,,,1,14,,7153,11,,,1,57,,7157,11,,,1,30,,7159,11,,,1,69,,7161,11,,,1,30,,7142,11,,,1,71,,7162,11,,,1,30,,7158,11,,,1,70,,7160,11,,,1,31,,7164,11,,,1,70,,7165,11,,,1,29,,7163,11,,,1,72,,7167,11,,,1,22,,7169,11,,,1,16,,7172,11,,,1,57,,7170,11,,,1,17,,7171,11,,,1,12,,7168,11,,,1,13,,7173,11,,,1,54,,7174,11,,,1,17,,7176,11,,,1,15,,7166,11,,,1,10,,7179,11,,,1,54,,7180,11,,,1,15,,7183,11,,,1,13,,7184,11,,,1,14,,7178,11,,,1,66,,7177,11,,,1,26,,7175,11,,,1,19,,7185,11,,,1,70,,7186,11,,,1,32,,7181,11,,,1,75,,7188,11,,,1,69,,7190,11,,,1,31,,7187,11,,,1,68,,7182,11,,,1,31,,7189,11,,,1,86,,7191,11,,,1
1200000201,'2',707,,7193,11,,,1,30,,7201,11,,,1,70,,7199,11,,,1,31,,7197,11,,,1,71,,7203,11,,,1,31,,7194,11,,,1,71,,7202,11,,,1,31,,7200,11,,,1,71,,7205,11,,,1,30,,7204,11,,,1,71,,7195,11,,,1,32,,7207,11,,,1,70,,7209,11,,,1,30,,7206,11,,,1,70,,7211,11,,,1,31,,7212,11,,,1,70,,7208,11,,,1,29,,7210,11,,,1,71,,7214,11,,,1,32,,7216,11,,,1,70,,7213,11,,,1,29,,7218,11,,,1,69,,7219,11,,,1,26,,7215,11,,,1,65,,7217,11,,,1,28,,7223,11,,,1,69,,7222,11,,,1,31,,7220,11,,,1,67,,7224,11,,,1,28,,7226,11,,,1,70,,7225,11,,,1,30,,7228,11,,,1,70,,7221,11,,,1,29,,7227,11,,,1,89,,7229,11,,,1
1200000201,'27',2215,,7230,4,,,1,30,,7233,4,,,1,70,,7231,4,,,1,43,,7234,4,,,1,68,,7236,4,,,1,30,,7232,4,,,1,70,,7235,4,,,1
1200000201,'28',2215,,7237,4,,,1,30,,7240,4,,,1,70,,7238,4,,,1,43,,7241,4,,,1,68,,7243,4,,,1,30,,7239,4,,,1,70,,7242,4,,,1
1200000201,'29',2215,,7244,4,,,1,30,,7247,4,,,1,70,,7245,4,,,1,43,,7248,4,,,1,68,,7250,4,,,1,30,,7246,4,,,1,70,,7249,4,,,1
1200000201,'3',807,,7252,11,,,1,31,,7254,11,,,1,71,,7256,11,,,1,31,,7258,11,,,1,71,,7259,11,,,1,31,,7263,11,,,1,71,,7261,11,,,1,30,,7265,11,,,1,71,,7262,11,,,1,32,,7260,11,,,1,70,,7264,11,,,1,30,,7267,11,,,1,70,,7266,11,,,1,31,,7268,11,,,1,70,,7270,11,,,1,29,,7272,11,,,1,71,,7275,11,,,1,32,,7277,11,,,1,70,,7269,11,,,1,29,,7271,11,,,1,69,,7273,11,,,1,26,,7276,11,,,1,65,,7278,11,,,1,28,,7280,11,,,1,69,,7279,11,,,1,31,,7274,11,,,1,67,,7281,11,,,1
1200000301,'1',659,,7381,11,,,1,59,,7385,11,,,1,34,,7391,11,,,1,69,,7386,11,,,1,26,,7394,11,,,1,65,,7382,11,,,1,30,,7392,11,,,1,67,,7390,11,,,1,33,,7395,11,,,1,73,,7396,11,,,1,30,,7398,11,,,1,71,,7400,11,,,1,32,,7402,11,,,1,70,,7397,11,,,1,30,,7399,11,,,1,68,,7401,11,,,1,30,,7403,11,,,1,70,,7404,11,,,1,20,,7407,11,,,1,18,,7405,11,,,1,57,,7410,11,,,1,19,,7409,11,,,1,12,,7414,11,,,1,15,,7412,11,,,1,57,,7413,11,,,1,17,,7416,11,,,1,16,,7408,11,,,1,54,,7411,11,,,1,16,,7406,11,,,1,33,,7415,11,,,1,62,,7419,11,,,1,24,,7417,11,,,1,71,,7418,11,,,1,30,,7420,11,,,1,70,,7421,11,,,1,33,,7424,11,,,1
1200000301,'2',736,,7428,11,,,1,70,,7431,11,,,1,31,,7434,11,,,1,71,,7437,11,,,1,31,,7429,11,,,1,72,,7432,11,,,1,30,,7435,11,,,1,71,,7438,11,,,1,31,,7430,11,,,1,71,,7433,11,,,1,31,,7436,11,,,1,70,,7439,11,,,1,31,,7440,11,,,1,70,,7443,11,,,1,30,,7449,11,,,1,70,,7446,11,,,1,30,,7441,11,,,1,71,,7444,11,,,1,31,,7450,11,,,1,68,,7447,11,,,1,29,,7442,11,,,1,69,,7445,11,,,1,27,,7451,11,,,1,67,,7448,11,,,1
1200000301,'27',2215,,7459,4,,,1,30,,7462,4,,,1,70,,7464,4,,,1,43,,7460,4,,,1,68,,7463,4,,,1,30,,7458,4,,,1,70,,7461,4,,,1
1200000301,'28',2215,,7466,4,,,1,30,,7469,4,,,1,70,,7471,4,,,1,43,,7467,4,,,1,68,,7470,4,,,1,30,,7465,4,,,1,70,,7468,4,,,1
1200000301,'29',2215,,7473,4,,,1,30,,7476,4,,,1,70,,7478,4,,,1,43,,7474,4,,,1,68,,7477,4,,,1,30,,7472,4,,,1,70,,7475,4,,,1
1200000301,'3',806,,7479,11,,,1,31,,7481,11,,,1,71,,7487,11,,,1,31,,7484,11,,,1,72,,7480,11,,,1,30,,7482,11,,,1,71,,7488,11,,,1,31,,7485,11,,,1,71,,7489,11,,,1,31,,7483,11,,,1,70,,7491,11,,,1,31,,7486,11,,,1,70,,7490,11,,,1,30,,7493,11,,,1,70,,7492,11,,,1,30,,7496,11,,,1,71,,7498,11,,,1,31,,7494,11,,,1,68,,7502,11,,,1,29,,7497,11,,,1,69,,7499,11,,,1,27,,7495,11,,,1,67,,7503,11,,,1
1200000401,'1',1635,,7510,11,,,1,65,,7508,11,,,1
