905231701,'27',2309,,6491,67,4,,2,29,,6494,67,4,,2,70,,6489,67,4,,2,30,,6492,67,4,,2,70,,6490,67,4,,2,30,,6493,67,4,,2,70,,6495,67,4,,2
905231701,'28',2309,,6498,67,4,,2,29,,6501,67,4,,2,70,,6496,67,4,,2,30,,6499,67,4,,2,70,,6497,67,4,,2,30,,6500,67,4,,2,70,,6502,67,4,,2
905231701,'29',2309,,6505,67,4,,2,29,,6508,67,4,,2,70,,6503,67,4,,2,30,,6506,67,4,,2,70,,6504,67,4,,2,30,,6507,67,4,,2,70,,6509,67,4,,2
1200000101,'1',1616,,7148,71,,,1,32,,7149,71,,,1,71,,7150,71,,,1,30,,7151,71,,,1
1200000301,'1',618,,7508,20,,,1,28,,7513,20,,,1,77,,7506,33,,,1,20,,7510,33,,,1,75,,7516,33,,,1,29,,7511,33,,,1,65,,7519,33,,,1,25,,7507,33,,,1,69,,7517,33,,,1,27,,7515,33,,,1,73,,7520,33,,,1,33,,7521,33,,,1,70,,7523,33,,,1,34,,7525,33,,,1,72,,7527,33,,,1,28,,7522,33,,,1,70,,7524,33,,,1,28,,7526,33,,,1,71,,7528,33,,,1,36,,7529,33,,,1,60,,7532,30,,,1,23,,7530,30,,,1,18,,7535,30,,,1,59,,7534,30,,,1,11,,7539,30,,,1,13,,7537,30,,,1,14,,7538,30,,,1,56,,7541,30,,,1,14,,7533,30,,,1,12,,7536,30,,,1,15,,7531,30,,,1,68,,7540,30,,,1,24,,7544,33,,,1,24,,7542,33,,,1,71,,7543,33,,,1,70,,7545,33,,,1,29,,7546,33,,,1,73,,7549,33,,,1,31,,7547,20,,,1,70,,7550,20,,,1,28,,7548,20,,,1,70,,7551,20,,,1,39,,7552,20,,,1
1200000301,'2',758,,7553,33,,,1,70,,7556,33,,,1,31,,7559,33,,,1,72,,7562,33,,,1,71,,7554,33,,,1,32,,7557,33,,,1,71,,7560,33,,,1,31,,7563,33,,,1,71,,7555,33,,,1,31,,7558,33,,,1,71,,7561,33,,,1,31,,7564,33,,,1,71,,7565,33,,,1,30,,7568,33,,,1,70,,7574,33,,,1,30,,7571,33,,,1,70,,7566,33,,,1,31,,7569,33,,,1,71,,7575,33,,,1,27,,7572,33,,,1,68,,7567,33,,,1,28,,7570,33,,,1,67,,7576,33,,,1,27,,7573,33,,,1,75,,7577,20,,,1,100,,7578,20,,,1,96,,7579,20,,,1,58,,7580,20,,,1,78,,7581,20,,,1,102,,7582,20,,,1
1200000301,'27',2232,,7584,23,,,1,70,,7587,23,,,1,30,,7589,23,,,1,83,,7585,23,,,1,28,,7588,23,,,1,70,,7583,23,,,1,30,,7586,23,,,1
1200000301,'28',2232,,7591,23,,,1,70,,7594,23,,,1,30,,7596,23,,,1,83,,7592,23,,,1,28,,7595,23,,,1,70,,7590,23,,,1,30,,7593,23,,,1
1200000301,'29',2232,,7598,23,,,1,70,,7601,23,,,1,30,,7603,23,,,1,83,,7599,23,,,1,28,,7602,23,,,1,70,,7597,23,,,1,30,,7600,23,,,1
1200000301,'3',828,,7604,33,,,1,31,,7606,33,,,1,72,,7612,33,,,1,71,,7609,33,,,1,32,,7605,33,,,1,71,,7607,33,,,1,31,,7613,33,,,1,71,,7610,33,,,1,31,,7614,33,,,1,71,,7608,33,,,1,31,,7616,33,,,1,71,,7611,33,,,1,30,,7615,33,,,1,70,,7618,33,,,1,30,,7617,33,,,1,70,,7621,33,,,1,31,,7623,33,,,1,71,,7619,33,,,1,27,,7627,33,,,1,68,,7622,33,,,1,28,,7624,33,,,1,67,,7620,33,,,1,27,,7628,33,,,1,75,,7625,20,,,1,121,,7626,20,,,1
