3101,'1',625,,6013,5,,,2,32,,6011,5,,,2,144,,6015,5,,,2,105,,6016,5,,,2,99,,6017,5,,,2,100,,6018,5,,,2,106,,6019,5,,,2,102,,6020,5,,,2,101,,6021,5,,,2,99,,6022,5,,,2,97,,6023,5,,,2,31,,6026,5,,,2,72,,6027,5,,,2,31,,6024,5,,,2,73,,6028,5,,,2,24,,6025,5,,,2,76,,6029,5,,,2,290,,6030,5,0,8,2
3701,'1',616,,6123,5,0,9,2,103,,6124,5,,,2,105,,6125,5,0,9,2,104,,6126,5,0,9,2,97,,6127,5,0,9,2,102,,6128,5,0,9,2,115,,6129,5,0,9,2,102,,6130,5,0,9,2,102,,6131,5,0,9,2,113,,6132,5,0,9,2,183,,6133,5,0,9,2,72,,6134,5,0,9,2,101,,6135,5,0,9,2,96,,6136,5,0,9,2,96,,6137,5,0,9,2,100,,6138,5,0,9,2,100,,6139,5,0,9,2,28,,6140,5,0,9,2
3701,'2',650,,6141,5,0,9,2,100,,6142,5,0,9,2,102,,6143,5,0,9,2,102,,6144,5,0,9,2,102,,6145,5,0,9,2,156,,6146,5,0,9,2,103,,6147,5,0,9,2,100,,6148,5,0,9,2,101,,6149,5,0,9,2,100,,6150,5,0,9,2,101,,6151,5,0,9,2,95,,6152,5,0,9,2,97,,6153,5,0,9,2,96,,6154,5,0,9,2,100,,6155,5,0,9,2,101,,6156,5,0,9,2,98,,6157,5,0,9,2,28,,6158,5,0,9,2
3701,'3',750,,6159,5,0,9,2,102,,6160,5,0,9,2,102,,6161,5,0,9,2,102,,6162,5,0,9,2,156,,6163,5,0,9,2,103,,6164,5,0,9,2,100,,6165,5,0,9,2,101,,6166,5,0,9,2,100,,6167,5,0,9,2,101,,6168,5,0,9,2,95,,6169,5,0,9,2,97,,6170,5,0,9,2
3800,'1',751,,6171,5,,,2,104,,6172,5,,,2,99,,6173,5,,,2,102,,6174,5,,,2,155,,6175,5,,,2,102,,6176,5,,,2,102,,6177,5,,,2,104,,6178,5,,,2,120,,6179,5,,,2,74,,6180,5,,,2,134,,6181,5,,,2,96,,6182,5,,,2,96,,6183,5,,,2,100,,6184,5,,,2,98,,6185,5,,,2
3800,'2',720,,6186,5,,,2,101,,6187,5,,,2,103,,6188,5,,,2,101,,6189,5,,,2,102,,6190,5,,,2,116,,6191,5,,,2,102,,6192,5,,,2,101,,6193,5,,,2,100,,6194,5,,,2,102,,6195,5,,,2,99,,6196,5,,,2,94,,6197,5,,,2,96,,6198,5,,,2,100,,6199,5,,,2,97,,6200,5,,,2,101,,6201,5,,,2
3800,'3',821,,6202,5,,,2,103,,6203,5,,,2,101,,6204,5,,,2,102,,6205,5,,,2,116,,6206,5,,,2,102,,6207,5,,,2,101,,6208,5,,,2,100,,6209,5,,,2,102,,6210,5,,,2,99,,6211,5,,,2,94,,6212,5,,,2,96,,6213,5,,,2
3901,'1',1625,,6219,5,,,2,88,,6217,5,,,2,87,,6218,5,,,2
5003700,'1',626,,6395,5,,,2,76,,6394,5,,,2
5003701,'1',1724,,6396,25,,,2
5003801,'1',1659,,6398,25,,,2,90,,6397,25,,,2
2000003101,'2',733,,7720,5,,,2,101,,7721,5,,,2,101,,7722,5,,,2,101,,7723,5,,,2,101,,7724,5,,,2,101,,7725,5,,,2,215,,7726,5,,,2,101,,7727,5,,,2,101,,7728,5,,,2,96,,7729,5,,,2,90,,7730,5,0,8,2
2000003101,'3',834,,7732,5,,,2,101,,7733,5,,,2,101,,7734,5,,,2,101,,7735,5,,,2,101,,7736,5,,,2,215,,7737,5,,,2,101,,7738,5,,,2,101,,7739,5,,,2,96,,7740,5,,,2,90,,7741,5,0,8,2
