905231701,'27',2319,,6491,89,4,,2,29,,6494,89,4,,2,70,,6489,89,4,,2,30,,6492,89,4,,2,70,,6490,89,4,,2,30,,6493,89,4,,2,70,,6495,89,4,,2
905231701,'28',2319,,6498,89,4,,2,29,,6501,89,4,,2,70,,6496,89,4,,2,30,,6499,89,4,,2,70,,6497,89,4,,2,30,,6500,89,4,,2,70,,6502,89,4,,2
905231701,'29',2319,,6505,89,4,,2,29,,6508,89,4,,2,70,,6503,89,4,,2,30,,6506,89,4,,2,70,,6504,89,4,,2,30,,6507,89,4,,2,70,,6509,89,4,,2
1200000101,'1',1627,,7023,93,,,1,32,,7024,93,,,1,71,,7025,93,,,1,29,,7026,93,,,1
1200000301,'1',628,,7383,42,,,1,28,,7388,42,,,1,77,,7381,55,,,1,20,,7385,55,,,1,75,,7391,55,,,1,29,,7386,55,,,1,65,,7394,55,,,1,25,,7382,55,,,1,69,,7392,55,,,1,27,,7390,55,,,1,73,,7395,55,,,1,33,,7396,55,,,1,70,,7398,55,,,1,34,,7400,55,,,1,72,,7402,55,,,1,28,,7397,55,,,1,70,,7399,55,,,1,28,,7401,55,,,1,72,,7403,55,,,1,36,,7404,55,,,1,60,,7407,52,,,1,23,,7405,52,,,1,58,,7410,52,,,1,19,,7409,52,,,1,11,,7414,52,,,1,12,,7412,52,,,1,14,,7413,52,,,1,56,,7416,52,,,1,14,,7408,52,,,1,12,,7411,52,,,1,15,,7406,52,,,1,68,,7415,52,,,1,24,,7419,55,,,1,64,,7417,55,,,1,31,,7418,55,,,1,70,,7420,55,,,1,29,,7421,55,,,1,73,,7424,55,,,1,31,,7422,42,,,1,70,,7425,42,,,1,28,,7423,42,,,1,70,,7426,42,,,1,39,,7427,42,,,1
1200000301,'2',808,,7428,55,,,1,30,,7431,55,,,1,71,,7434,55,,,1,32,,7437,55,,,1,71,,7429,55,,,1,32,,7432,55,,,1,71,,7435,55,,,1,31,,7438,55,,,1,71,,7430,55,,,1,31,,7433,55,,,1,71,,7436,55,,,1,31,,7439,55,,,1,71,,7440,55,,,1,30,,7443,55,,,1,70,,7449,55,,,1,30,,7446,55,,,1,70,,7441,55,,,1,31,,7444,55,,,1,71,,7450,55,,,1,27,,7447,55,,,1,68,,7442,55,,,1,28,,7445,55,,,1,67,,7451,55,,,1,27,,7448,55,,,1,75,,7452,42,,,1,100,,7453,42,,,1,96,,7454,42,,,1,98,,7455,42,,,1,37,,7456,42,,,1,102,,7457,42,,,1
1200000301,'27',2242,,7459,45,,,1,70,,7462,45,,,1,30,,7464,45,,,1,83,,7460,45,,,1,28,,7463,45,,,1,70,,7458,45,,,1,30,,7461,45,,,1
1200000301,'28',2242,,7466,45,,,1,70,,7469,45,,,1,30,,7471,45,,,1,83,,7467,45,,,1,28,,7470,45,,,1,70,,7465,45,,,1,30,,7468,45,,,1
1200000301,'29',2242,,7473,45,,,1,70,,7476,45,,,1,30,,7478,45,,,1,83,,7474,45,,,1,28,,7477,45,,,1,70,,7472,45,,,1,30,,7475,45,,,1
1200000301,'3',838,,7479,55,,,1,71,,7481,55,,,1,32,,7487,55,,,1,71,,7484,55,,,1,32,,7480,55,,,1,71,,7482,55,,,1,31,,7488,55,,,1,71,,7485,55,,,1,31,,7489,55,,,1,71,,7483,55,,,1,31,,7491,55,,,1,71,,7486,55,,,1,30,,7490,55,,,1,70,,7493,55,,,1,30,,7492,55,,,1,70,,7496,55,,,1,31,,7498,55,,,1,71,,7494,55,,,1,27,,7502,55,,,1,68,,7497,55,,,1,28,,7499,55,,,1,67,,7495,55,,,1,27,,7503,55,,,1,75,,7500,42,,,1,121,,7501,42,,,1
2000002200,'1',609,,7584,11,0,18 19 20,2
