3101,'1',628,,6013,9,,,2,72,,6011,9,,,2,104,,6015,9,,,2,105,,6016,9,,,2,99,,6017,9,,,2,100,,6018,9,,,2,106,,6019,9,,,2,102,,6020,9,,,2,101,,6021,9,,,2,100,,6022,9,,,2,97,,6023,9,,,2,31,,6026,9,,,2,71,,6027,9,,,2,31,,6024,9,,,2,73,,6028,9,,,2,24,,6025,9,,,2,76,,6029,9,,,2,290,,6030,9,0,8,2
3701,'1',538,,6122,2,0,9,2,81,,6123,9,0,9,2,103,,6124,9,,,2,105,,6125,9,0,9,2,104,,6126,9,0,9,2,97,,6127,9,0,9,2,102,,6128,9,0,9,2,115,,6129,9,0,9,2,102,,6130,9,0,9,2,102,,6131,9,0,9,2,154,,6132,9,0,9,2,142,,6133,9,0,9,2,72,,6134,9,0,9,2,101,,6135,9,0,9,2,96,,6136,9,0,9,2,96,,6137,9,0,9,2,100,,6138,9,0,9,2,100,,6139,9,0,9,2,28,,6140,9,0,9,2
3701,'2',653,,6141,9,0,9,2,100,,6142,9,0,9,2,102,,6143,9,0,9,2,102,,6144,9,0,9,2,102,,6145,9,0,9,2,156,,6146,9,0,9,2,103,,6147,9,0,9,2,100,,6148,9,0,9,2,101,,6149,9,0,9,2,100,,6150,9,0,9,2,101,,6151,9,0,9,2,95,,6152,9,0,9,2,97,,6153,9,0,9,2,96,,6154,9,0,9,2,100,,6155,9,0,9,2,101,,6156,9,0,9,2,98,,6157,9,0,9,2,28,,6158,9,0,9,2
3701,'3',753,,6159,9,0,9,2,102,,6160,9,0,9,2,102,,6161,9,0,9,2,102,,6162,9,0,9,2,156,,6163,9,0,9,2,103,,6164,9,0,9,2,100,,6165,9,0,9,2,101,,6166,9,0,9,2,100,,6167,9,0,9,2,101,,6168,9,0,9,2,95,,6169,9,0,9,2,97,,6170,9,0,9,2
3901,'1',1629,,6219,9,,,2,87,,6217,9,,,2,87,,6218,9,,,2
38001,'1',618,,6314,10,,,2,31,,6315,10,,,2
5003700,'1',629,,6395,9,,,2,76,,6394,9,,,2
5003701,'1',1727,,6396,29,,,2
2000003101,'2',736,,7720,9,,,2,101,,7721,9,,,2,101,,7722,9,,,2,101,,7723,9,,,2,101,,7724,9,,,2,101,,7725,9,,,2,215,,7726,9,,,2,101,,7727,9,,,2,101,,7728,9,,,2,96,,7729,9,,,2,90,,7730,9,0,8,2
2000003101,'3',837,,7732,9,,,2,101,,7733,9,,,2,101,,7734,9,,,2,101,,7735,9,,,2,101,,7736,9,,,2,215,,7737,9,,,2,101,,7738,9,,,2,101,,7739,9,,,2,96,,7740,9,,,2,90,,7741,9,0,8,2
