2300,'1',610,,5924,48,0,14,2,195,,5919,48,0,14,2,40,,5927,48,0,14,2,74,,5904,48,0,14,2,36,,5906,48,0,14,2,70,,5905,48,0,14,2,30,,5907,48,0,14,2,70,,5908,48,0,14,2,30,,5909,48,0,14,2,70,,5912,34,0,14,2,30,,5910,34,0,14,2,70,,5913,34,0,14,2,30,,5911,34,0,14,2,71,,5914,34,0,14,2,33,,5915,34,0,14,2,72,,5917,34,0,14,2,119,,5918,34,0,14,2,77,,5916,34,0,14,2,24,,5925,34,0,14,2,72,,5920,34,0,14,2,30,,5926,34,0,14,2,73,,5921,34,0,14,2,102,,5922,34,0,14,2,95,,5923,34,0,14,2
2300,'13',844,,5928,12,,,2
2300,'2',647,,5930,48,0,14,2,100,,5931,48,0,14,2,101,,5932,48,0,14,2,102,,5933,48,0,14,2,102,,5934,48,0,14,2,102,,5935,48,0,14,2,101,,5936,48,0,14,2,101,,5937,34,0,14,2,100,,5938,34,0,14,2,100,,5939,34,0,14,2,101,,5940,34,0,14,2,88,,5941,34,0,14,2
2300,'3',747,,5942,48,0,14,2,101,,5943,48,0,14,2,102,,5944,48,0,14,2,102,,5945,48,0,14,2,102,,5946,48,0,14,2,101,,5947,48,0,14,2,101,,5948,34,0,14,2,100,,5949,34,0,14,2,100,,5950,34,0,14,2,101,,5951,34,0,14,2,88,,5952,34,0,14,2
2400,'1',640,,6004,24,,,2,163,,6003,24,,,2
6500,'1',643,,6220,45,,,2,59,,6221,45,,,2,30,,6222,45,,,2
22100,'15',713,,6288,18,,,2
5002300,'1',637,,6378,48,,,2,66,,6379,48,,,2,30,,6380,48,,,2
5002400,'1',703,,6384,24,,,2,28,,6383,24,,,2
1200000100,'1',557,,7015,39,0,14,1,64,,7016,39,,,1,30,,7017,39,,,1,59,,7018,39,,,1,30,,7021,39,0,16 1 17,1,71,,7019,39,,,1
1200000300,'1',619,,7282,39,,,1,16,,7285,39,,,1,14,,7287,39,,,1,10,,7290,39,,,1,49,,7284,39,,,1,16,,7292,39,,,1,14,,7288,39,,,1,15,,7293,39,,,1,56,,7295,39,,,1,16,,7283,39,,,1,15,,7286,39,,,1,15,,7291,39,,,1,70,,7289,39,,,1,32,,7294,39,,,1,73,,7296,39,,,1,70,,7298,39,,,1,30,,7300,39,,,1,72,,7302,39,,,1,30,,7297,39,,,1,70,,7299,39,,,1,28,,7301,39,,,1,70,,7303,39,,,1,29,,7304,39,,,1,74,,7305,39,,,1,31,,7308,41,,,1,67,,7309,41,,,1,28,,7310,41,,,1,72,,7307,41,,,1,31,,7306,41,,,1,73,,7311,41,,,1,24,,7314,39,,,1,27,,7312,39,,,1,61,,7316,39,,,1,30,,7317,39,,,1,72,,7315,39,,,1,33,,7322,39,,,1,66,,7313,39,,,1,27,,7318,39,,,1,70,,7319,39,,,1,30,,7323,39,,,1,66,,7320,39,,,1,30,,7324,39,,,1,68,,7321,39,,,1
1200000300,'2',657,,7325,39,,,1,70,,7328,39,,,1,30,,7331,39,,,1,71,,7334,39,,,1,30,,7326,39,,,1,71,,7329,39,,,1,30,,7332,39,,,1,71,,7335,39,,,1,71,,7327,39,,,1,30,,7330,39,,,1,71,,7333,39,,,1,30,,7336,39,,,1,71,,7337,39,,,1,30,,7341,39,,,1,70,,7347,39,,,1,30,,7344,39,,,1,70,,7338,39,,,1,30,,7342,39,,,1,69,,7348,39,,,1,30,,7345,39,,,1,70,,7339,39,,,1,30,,7343,39,,,1,69,,7349,39,,,1,30,,7346,39,,,1,19,,7340,39,,,1,94,,7350,39,,,1,100,,7351,39,,,1,96,,7352,39,,,1,99,,7353,39,,,1,177,,7354,39,,,1
1200000300,'3',727,,7355,39,,,1,30,,7357,39,,,1,71,,7363,39,,,1,30,,7360,39,,,1,71,,7356,39,,,1,30,,7358,39,,,1,71,,7364,39,,,1,71,,7361,39,,,1,30,,7365,39,,,1,71,,7359,39,,,1,30,,7367,39,,,1,71,,7362,39,,,1,30,,7366,39,,,1,70,,7369,39,,,1,30,,7368,39,,,1,70,,7373,39,,,1,30,,7376,39,,,1,69,,7370,39,,,1,30,,7379,39,,,1,70,,7374,39,,,1,30,,7377,39,,,1,69,,7371,39,,,1,30,,7380,39,,,1,19,,7375,39,,,1,94,,7372,39,,,1,157,,7378,39,,,1
2000002200,'1',645,,7584,65,0,18 19 20,2,90,,7586,37,0,18 19 20,2,100,,7588,37,0,18 19 20,2
2000002201,'1',1626,,7589,69,,,2,83,,7590,69,,,2,48,,7591,69,,,2,84,,7592,69,,,2
