3101,'1',610,,6012,43,,,2,31,,6014,43,,,2,68,,6013,75,,,2,32,,6011,75,,,2,102,,6015,75,,,2,105,,6016,75,,,2,99,,6017,75,,,2,100,,6018,75,,,2,106,,6019,75,,,2,102,,6020,75,,,2,101,,6021,75,,,2,100,,6022,75,,,2,97,,6023,75,,,2,71,,6026,75,,,2,31,,6027,75,,,2,71,,6024,75,,,2,33,,6028,75,,,2,64,,6025,75,,,2,36,,6029,75,,,2
3701,'1',555,,6122,36,0,9,2,82,,6123,43,0,9,2,105,,6124,43,,,2,102,,6125,43,0,9,2,104,,6126,43,0,9,2,97,,6127,43,0,9,2,102,,6128,43,0,9,2,155,,6129,43,0,9,2,102,,6130,43,0,9,2,102,,6131,43,0,9,2,114,,6132,43,0,9,2,182,,6133,43,0,9,2,32,,6134,43,0,9,2,100,,6135,43,0,9,2,96,,6136,43,0,9,2,96,,6137,43,0,9,2,100,,6138,43,0,9,2,100,,6139,43,0,9,2,25,,6140,43,0,9,2
3701,'2',710,,6141,43,0,9,2,100,,6142,43,0,9,2,102,,6143,43,0,9,2,102,,6144,43,0,9,2,102,,6145,43,0,9,2,116,,6146,43,0,9,2,103,,6147,43,0,9,2,100,,6148,43,0,9,2,101,,6149,43,0,9,2,100,,6150,43,0,9,2,101,,6151,43,0,9,2,95,,6152,43,0,9,2,97,,6153,43,0,9,2,96,,6154,43,0,9,2,100,,6155,43,0,9,2,101,,6156,43,0,9,2,98,,6157,43,0,9,2,25,,6158,43,0,9,2
3701,'3',810,,6159,43,0,9,2,102,,6160,43,0,9,2,102,,6161,43,0,9,2,102,,6162,43,0,9,2,116,,6163,43,0,9,2,103,,6164,43,0,9,2,100,,6165,43,0,9,2,101,,6166,43,0,9,2,100,,6167,43,0,9,2,101,,6168,43,0,9,2,95,,6169,43,0,9,2,97,,6170,43,0,9,2
3800,'1',812,,6171,44,,,2,103,,6172,44,,,2,99,,6173,44,,,2,102,,6174,44,,,2,115,,6175,44,,,2,102,,6176,44,,,2,102,,6177,44,,,2,106,,6178,44,,,2,159,,6179,44,,,2,32,,6180,44,,,2,174,,6181,44,,,2,96,,6182,44,,,2,56,,6183,44,,,2,100,,6184,44,,,2,98,,6185,44,,,2
3800,'2',740,,6186,44,,,2,101,,6187,44,,,2,103,,6188,44,,,2,101,,6189,44,,,2,102,,6190,44,,,2,156,,6191,44,,,2,102,,6192,44,,,2,101,,6193,44,,,2,100,,6194,44,,,2,102,,6195,44,,,2,99,,6196,44,,,2,94,,6197,44,,,2,56,,6198,44,,,2,100,,6199,44,,,2,97,,6200,44,,,2,101,,6201,44,,,2
3800,'3',841,,6202,44,,,2,103,,6203,44,,,2,101,,6204,44,,,2,102,,6205,44,,,2,156,,6206,44,,,2,102,,6207,44,,,2,101,,6208,44,,,2,100,,6209,44,,,2,102,,6210,44,,,2,99,,6211,44,,,2,94,,6212,44,,,2,56,,6213,44,,,2
3900,'1',645,,6215,27,,,2,80,,6216,27,,,2,31,,6214,27,,,2
31100,'15',748,,6300,53,,,2
35100,'15',730,,6307,40,,,2
35500,'12',819,,6308,40,,,2
37500,'12',825,,6309,27,,,2
38000,'1',1654,,6312,15,,,2,87,,6310,15,,,2,86,,6311,15,,,2
38100,'15',734,,6316,45,,,2
38500,'12',825,,6317,32,,,2
5003700,'1',650,,6395,47,,,2,76,,6394,47,,,2
5003701,'1',1754,,6396,76,,,2
5003801,'1',1727,,6398,75,,,2,89,,6397,75,,,2
2000003101,'2',713,,7594,44,,,2,102,,7595,76,,,2,101,,7596,76,,,2,101,,7597,76,,,2,101,,7598,76,,,2,101,,7599,76,,,2,101,,7600,76,,,2,215,,7601,76,,,2,101,,7602,76,,,2,101,,7603,76,,,2,96,,7604,76,,,2
2000003101,'3',815,,7606,44,,,2,101,,7607,76,,,2,101,,7608,76,,,2,101,,7609,76,,,2,101,,7610,76,,,2,101,,7611,76,,,2,215,,7612,76,,,2,101,,7613,76,,,2,101,,7614,76,,,2,96,,7615,76,,,2
