1500,'1',607,,5823,32,,,2,28,,5825,32,,,2,69,,5827,32,,,2,30,,5826,35,,,2,71,,5829,35,,,2,41,,5828,35,0,10 11,2,109,,5824,32,0,12 13,2,100,,5830,32,0,12 13,2,100,,5831,32,0,12 13,2,103,,5832,31,0,12 13,2
1500,'16',845,,5833,20,0,10 11,2
1600,'1',1354,,5848,16,0,12 13,2,96,,5849,16,0,12 13,2,76,,5851,16,,,2,25,,5854,1,,,2,75,,5850,19,,,2,80,,5852,19,,,2,25,,5855,19,,,2,99,,5853,19,0,12 13,2,102,,5856,16,0,12 13,2,111,,5857,16,0,12 13,2
22500,'12',838,,6290,31,4,,2
23500,'12',836,,6295,72,4,,2
24500,'12',836,,6298,15,4,,2
24600,'12',833,,6299,14,4,,2
37500,'12',836,,6309,29,4,,2
38500,'12',836,,6317,34,4,,2
1001101,'1',603,,6326,20,,,1,32,,6323,20,,,1,70,,6327,20,,,1,32,,6324,20,,,1,64,,6320,20,,,1,41,,6325,20,,,1,66,,6321,20,0,12 13,1,18,,6328,20,,,1,30,,6329,20,,,1,75,,6333,20,,,1,70,,6330,20,,,1,35,,6334,20,,,1,70,,6331,20,,,1,33,,6335,20,,,1,70,,6332,20,,,1,37,,6336,20,,,1,70,,6338,20,,,1,88,,6337,20,,,1,31,,6339,20,,,1,84,,6341,20,,,1,26,,6340,20,,,1,63,,6344,20,,,1,27,,6342,20,,,1,74,,6345,20,,,1,29,,6343,20,,,1,71,,6346,20,,,1,100,,6347,20,,,1,99,,6348,20,,,1,100,,6349,20,,,1,100,,6350,20,0,12 13,1
1001101,'2',805,,6352,20,,,1,102,,6353,20,,,1,101,,6354,20,,,1,100,,6355,20,,,1,98,,6359,20,,,1,100,,6360,20,,,1,102,,6358,20,,,1,100,,6356,20,,,1,99,,6357,20,,,1,100,,6361,20,,,1,100,,6362,20,,,1,100,,6363,20,,,1,99,,6364,20,,,1,100,,6365,20,,,1,100,,6366,20,,,1,100,,6367,20,0,12 13,1
1001101,'3',1008,,6369,20,,,1,100,,6372,20,,,1,98,,6373,20,,,1,100,,6370,20,,,1,102,,6371,20,,,1,100,,6374,20,,,1,99,,6375,20,,,1,100,,6376,20,,,1,100,,6377,20,,,1
905311700,'24',1720,,6931,1,,,2,20,,6936,1,,,2,60,47,6932,1,,,2,20,7,6937,1,,,2,20,7,6933,1,,,2,60,47,6938,1,,,2,20,7,6934,1,,,2,20,7,6939,1,,,2,60,47,6935,1,,,2,20,7,6940,1,,,2,20,,6942,1,,,2,60,47,6941,1,,,2,20,7,6943,1,,,2
905311700,'25',1720,,6944,1,,,2,20,,6949,1,,,2,60,47,6945,1,,,2,20,7,6950,1,,,2,20,7,6946,1,,,2,60,47,6951,1,,,2,20,7,6947,1,,,2,20,7,6952,1,,,2,60,47,6948,1,,,2,20,7,6953,1,,,2,20,,6955,1,,,2,60,47,6954,1,,,2,20,7,6956,1,,,2
905311700,'26',1720,,6957,1,,,2,20,,6962,1,,,2,60,47,6958,1,,,2,20,7,6963,1,,,2,20,7,6959,1,,,2,60,47,6964,1,,,2,20,7,6960,1,,,2,20,7,6965,1,,,2,60,47,6961,1,,,2,20,7,6966,1,,,2,20,,6968,1,,,2,60,47,6967,1,,,2,20,7,6969,1,,,2
905311701,'24',1753,,6970,2,4,,2,60,,6975,2,4,,2,20,,6971,2,4,,2,20,,6976,2,4,,2,60,,6972,2,4,,2,20,,6977,2,4,,2,20,,6973,2,4,,2,60,,6978,2,4,,2,20,,6974,2,4,,2,20,,6979,2,4,,2,60,,6980,2,4,,2,100,,6983,2,4,,2,30,,6981,2,4,,2,80,,6984,2,4,,2,5,,6982,2,4,,2
905311701,'25',1753,,6985,2,4,,2,60,,6990,2,4,,2,20,,6986,2,4,,2,20,,6991,2,4,,2,60,,6987,2,4,,2,20,,6992,2,4,,2,20,,6988,2,4,,2,60,,6993,2,4,,2,20,,6989,2,4,,2,20,,6994,2,4,,2,60,,6995,2,4,,2,100,,6998,2,4,,2,30,,6996,2,4,,2,80,,6999,2,4,,2,5,,6997,2,4,,2
905311701,'26',1753,,7000,2,4,,2,60,,7005,2,4,,2,20,,7001,2,4,,2,20,,7006,2,4,,2,60,,7002,2,4,,2,20,,7007,2,4,,2,20,,7003,2,4,,2,60,,7008,2,4,,2,20,,7004,2,4,,2,20,,7009,2,4,,2,60,,7010,2,4,,2,100,,7013,2,4,,2,30,,7011,2,4,,2,80,,7014,2,4,,2,5,,7012,2,4,,2
2000001500,'2',750,,7542,32,,,2,101,,7543,31,,,2,100,,7544,31,,,2,94,,7545,31,,,2,109,,7546,31,,,2,101,,7547,31,,,2,201,,7548,32,,,2,101,,7549,31,,,2,95,,7550,31,,,2,105,,7551,31,,,2,93,,7552,31,,,2
2000001500,'3',851,,7553,32,,,2,100,,7554,31,,,2,94,,7555,31,,,2,109,,7556,31,,,2,101,,7557,31,,,2,201,,7558,32,,,2,101,,7559,31,,,2,95,,7560,31,,,2,105,,7561,31,,,2,93,,7562,31,,,2
