3101,'1',631,,6013,14,,,2,72,,6011,14,,,2,104,,6015,14,,,2,105,,6016,14,,,2,99,,6017,14,,,2,100,,6018,14,,,2,106,,6019,14,,,2,102,,6020,14,,,2,101,,6021,14,,,2,100,,6022,14,,,2,97,,6023,14,,,2,31,,6026,14,,,2,71,,6027,14,,,2,31,,6024,14,,,2,73,,6028,14,,,2,24,,6025,14,,,2,76,,6029,14,,,2,290,,6030,14,0,8,2
3701,'1',541,,6122,7,0,9,2,81,,6123,14,0,9,2,103,,6124,14,,,2,105,,6125,14,0,9,2,104,,6126,14,0,9,2,97,,6127,14,0,9,2,102,,6128,14,0,9,2,115,,6129,14,0,9,2,102,,6130,14,0,9,2,102,,6131,14,0,9,2,154,,6132,14,0,9,2,142,,6133,14,0,9,2,72,,6134,14,0,9,2,101,,6135,14,0,9,2,96,,6136,14,0,9,2,96,,6137,14,0,9,2,100,,6138,14,0,9,2,100,,6139,14,0,9,2,28,,6140,14,0,9,2
3701,'2',657,,6141,14,0,9,2,100,,6142,14,0,9,2,102,,6143,14,0,9,2,142,,6144,14,0,9,2,102,,6145,14,0,9,2,116,,6146,14,0,9,2,103,,6147,14,0,9,2,100,,6148,14,0,9,2,101,,6149,14,0,9,2,100,,6150,14,0,9,2,101,,6151,14,0,9,2,95,,6152,14,0,9,2,97,,6153,14,0,9,2,96,,6154,14,0,9,2,100,,6155,14,0,9,2,101,,6156,14,0,9,2,98,,6157,14,0,9,2,28,,6158,14,0,9,2
3701,'3',757,,6159,14,0,9,2,102,,6160,14,0,9,2,142,,6161,14,0,9,2,102,,6162,14,0,9,2,116,,6163,14,0,9,2,103,,6164,14,0,9,2,100,,6165,14,0,9,2,101,,6166,14,0,9,2,100,,6167,14,0,9,2,101,,6168,14,0,9,2,95,,6169,14,0,9,2,97,,6170,14,0,9,2
3901,'1',1639,,6219,22,,,2,87,,6217,22,,,2,87,,6218,22,,,2
38001,'1',621,,6314,15,,,2,31,,6315,15,,,2
5003700,'1',633,,6395,14,,,2,76,,6394,14,,,2
5003701,'1',1734,,6396,36,,,2
2000003101,'2',739,,7595,14,,,2,101,,7596,14,,,2,101,,7597,14,,,2,101,,7598,14,,,2,101,,7599,14,,,2,101,,7600,14,,,2,215,,7601,14,,,2,141,,7602,14,,,2,101,,7603,14,,,2,56,,7604,14,,,2,90,,7605,14,0,8,2
2000003101,'3',840,,7607,14,,,2,101,,7608,14,,,2,101,,7609,14,,,2,101,,7610,14,,,2,101,,7611,14,,,2,215,,7612,14,,,2,141,,7613,14,,,2,101,,7614,14,,,2,56,,7615,14,,,2,90,,7616,14,0,8,2
