2200,'13',851,,5882,2,,,2,2,,5881,27,,,2
2300,'13',851,,5928,20,,,2,1,,5929,2,,,2
3501,'1',630,,6050,2,,,2,80,,6051,2,,,2,98,,6052,2,,,2,45,,6053,2,,,2,80,,6054,2,,,2,85,,6055,2,,,2,85,,6056,2,,,2,46,,6057,2,,,2,85,,6058,2,,,2,85,,6059,2,,,2,85,,6060,2,,,2,45,,6061,2,,,2,96,,6062,2,,,2,84,,6064,2,,,2,82,,6065,2,,,2,44,,6066,2,,,2,85,,6067,2,,,2,74,,6063,2,,,2,39,,6068,2,,,2,66,,6069,2,,,2,31,,6070,2,,,2,67,,6071,2,,,2,38,,6072,2,,,2,70,,6073,2,,,2,28,,6074,2,,,2,65,,6075,2,,,2
3501,'2',658,,6076,2,,,2,70,,6077,2,,,2,30,,6078,2,,,2,70,,6079,2,,,2,29,,6080,2,,,2,72,,6081,2,,,2,84,,6082,2,,,2,45,,6083,2,,,2,87,,6084,2,,,2,87,,6085,2,,,2,89,,6086,2,,,2,85,,6088,2,,,2,46,,6089,2,,,2,85,,6090,2,,,2,85,,6091,2,,,2,86,,6092,2,,,2,43,,6087,2,,,2,83,,6093,2,,,2,78,,6094,2,,,2,45,,6095,2,,,2,70,,6096,2,,,2,28,,6097,2,,,2,68,,6098,2,,,2,30,,6099,2,,,2,70,,6100,2,,,2,28,,6101,2,,,2,65,,6102,2,,,2
3501,'3',828,,6103,2,,,2,29,,6104,2,,,2,72,,6105,2,,,2,84,,6106,2,,,2,45,,6107,2,,,2,87,,6108,2,,,2,87,,6109,2,,,2,89,,6110,2,,,2,85,,6111,2,,,2,46,,6112,2,,,2,85,,6114,2,,,2,85,,6115,2,,,2,86,,6116,2,,,2,43,,6117,2,,,2,83,,6118,2,,,2,78,,6119,2,,,2,45,,6113,2,,,2
3600,'1',609,,6120,2,,,2
3600,'13',836,,6121,2,,,2
20000,'1',903,,6243,14,,,2,29,,6242,14,,,2,1191,,6244,2,,,2,219,,6245,2,,,2
20000,'2',1856,,6246,2,,,2,485,,6247,2,,,2
5003600,'1',642,,6390,2,,,2,63,,6391,2,,,2
