905231701,'27',2316,,6491,84,4,,2,29,,6494,84,4,,2,70,,6489,84,4,,2,30,,6492,84,4,,2,70,,6490,84,4,,2,30,,6493,84,4,,2,70,,6495,84,4,,2
905231701,'28',2316,,6498,84,4,,2,29,,6501,84,4,,2,70,,6496,84,4,,2,30,,6499,84,4,,2,70,,6497,84,4,,2,30,,6500,84,4,,2,70,,6502,84,4,,2
905231701,'29',2316,,6505,84,4,,2,29,,6508,84,4,,2,70,,6503,84,4,,2,30,,6506,84,4,,2,70,,6504,84,4,,2,30,,6507,84,4,,2,70,,6509,84,4,,2
1200000101,'1',1623,,7023,88,,,1,32,,7024,88,,,1,71,,7025,88,,,1,30,,7026,88,,,1
1200000301,'1',625,,7383,37,,,1,28,,7388,37,,,1,77,,7381,50,,,1,20,,7385,50,,,1,75,,7391,50,,,1,29,,7386,50,,,1,65,,7394,50,,,1,25,,7382,50,,,1,69,,7392,50,,,1,27,,7390,50,,,1,73,,7395,50,,,1,33,,7396,50,,,1,70,,7398,50,,,1,34,,7400,50,,,1,72,,7402,50,,,1,28,,7397,50,,,1,70,,7399,50,,,1,28,,7401,50,,,1,71,,7403,50,,,1,36,,7404,50,,,1,60,,7407,47,,,1,23,,7405,47,,,1,18,,7410,47,,,1,59,,7409,47,,,1,11,,7414,47,,,1,13,,7412,47,,,1,14,,7413,47,,,1,56,,7416,47,,,1,14,,7408,47,,,1,12,,7411,47,,,1,15,,7406,47,,,1,68,,7415,47,,,1,24,,7419,50,,,1,64,,7417,50,,,1,31,,7418,50,,,1,70,,7420,50,,,1,29,,7421,50,,,1,73,,7424,50,,,1,31,,7422,37,,,1,70,,7425,37,,,1,28,,7423,37,,,1,70,,7426,37,,,1,39,,7427,37,,,1
1200000301,'2',805,,7428,50,,,1,30,,7431,50,,,1,71,,7434,50,,,1,32,,7437,50,,,1,71,,7429,50,,,1,32,,7432,50,,,1,71,,7435,50,,,1,31,,7438,50,,,1,71,,7430,50,,,1,31,,7433,50,,,1,71,,7436,50,,,1,31,,7439,50,,,1,71,,7440,50,,,1,30,,7443,50,,,1,70,,7449,50,,,1,30,,7446,50,,,1,70,,7441,50,,,1,31,,7444,50,,,1,71,,7450,50,,,1,27,,7447,50,,,1,68,,7442,50,,,1,28,,7445,50,,,1,67,,7451,50,,,1,27,,7448,50,,,1,75,,7452,37,,,1,100,,7453,37,,,1,96,,7454,37,,,1,98,,7455,37,,,1,38,,7456,37,,,1,102,,7457,37,,,1
1200000301,'27',2239,,7459,40,,,1,70,,7462,40,,,1,30,,7464,40,,,1,83,,7460,40,,,1,28,,7463,40,,,1,70,,7458,40,,,1,30,,7461,40,,,1
1200000301,'28',2239,,7466,40,,,1,70,,7469,40,,,1,30,,7471,40,,,1,83,,7467,40,,,1,28,,7470,40,,,1,70,,7465,40,,,1,30,,7468,40,,,1
1200000301,'29',2239,,7473,40,,,1,70,,7476,40,,,1,30,,7478,40,,,1,83,,7474,40,,,1,28,,7477,40,,,1,70,,7472,40,,,1,30,,7475,40,,,1
1200000301,'3',835,,7479,50,,,1,71,,7481,50,,,1,32,,7487,50,,,1,71,,7484,50,,,1,32,,7480,50,,,1,71,,7482,50,,,1,31,,7488,50,,,1,71,,7485,50,,,1,31,,7489,50,,,1,71,,7483,50,,,1,31,,7491,50,,,1,71,,7486,50,,,1,30,,7490,50,,,1,70,,7493,50,,,1,30,,7492,50,,,1,70,,7496,50,,,1,31,,7498,50,,,1,71,,7494,50,,,1,27,,7502,50,,,1,68,,7497,50,,,1,28,,7499,50,,,1,67,,7495,50,,,1,27,,7503,50,,,1,75,,7500,37,,,1,121,,7501,37,,,1
2000002200,'1',606,,7584,6,0,18 19 20,2
