1500,'71',547,,4416,2,0,29,2,68,,4417,2,0,29,2,29,,4421,2,0,29,2,72,3,4420,1,0,29,2,28,7,4418,1,0,29,2,80,,4422,2,0,10 11,2,113,3,4419,1,0,12 13,2,115,3,4423,1,0,12 13,2,156,3,4424,1,0,12 13,2,30,3,4425,1,0,12 13,2,117,3,4427,1,0,12 13,2,156,3,4428,1,0,29,2,96,5,4426,1,0,29,2,37,,4431,2,0,29,2,68,6,4430,1,0,29,2,100,2,4432,1,0,12 13,2,111,,4433,1,0,12 13,2,104,,4434,1,0,12 13,2
1501,'71',713,,4438,57,4,,2,24,,4436,57,4,,2,74,,4439,57,4,,2,123,,4437,40,4,,2,115,,4440,40,4,,2,156,,4441,40,4,,2,30,,4442,40,4,,2,117,,4444,40,4,,2,156,,4445,40,4,,2,94,,4443,57,4,,2,49,,4446,57,4,,2,55,,4448,57,4,,2,29,,4450,57,4,,2,75,,4449,57,4,,2,36,,4447,40,4,,2,76,,4451,40,4,,2,105,,4452,40,4,,2,105,,4453,40,4,,2,82,,4454,40,4,,2
1501,'88',1708,,4455,42,4,,2
13100,'84',701,,4864,2,,,2
13101,'85',1605,,4865,79,4,,2
15600,'82',812,,4875,2,,,2
15801,'88',1654,,4878,30,4,,2
2000001500,'72',724,,5607,2,,,2,101,8,5608,1,,,2,103,9,5609,1,,,2,100,6,5610,1,,,2,102,,5611,1,,,2,100,6,5612,1,,,2,190,,5613,2,,,2,99,4,5614,1,,,2,95,,5615,1,,,2,108,5,5616,1,,,2,98,5,5617,1,,,2
2000001500,'73',825,,5618,2,,,2,103,9,5619,1,,,2,100,6,5620,1,,,2,102,,5621,1,,,2,100,6,5622,1,,,2,190,,5623,2,,,2,99,4,5624,1,,,2,95,,5625,1,,,2,108,5,5626,1,,,2,98,5,5627,1,,,2
2000001501,'72',817,,5628,40,4,,2,102,,5629,40,4,,2,103,,5630,40,4,,2,108,,5631,40,4,,2,94,,5632,40,4,,2,109,,5633,40,4,,2,182,,5634,40,4,,2,99,,5635,40,4,,2,103,,5636,40,4,,2,98,,5637,40,4,,2,98,,5638,40,4,,2
2000001501,'73',919,,5639,40,4,,2,103,,5640,40,4,,2,108,,5641,40,4,,2,94,,5642,40,4,,2,109,,5643,40,4,,2,182,,5644,40,4,,2,99,,5645,40,4,,2,103,,5646,40,4,,2,98,,5647,40,4,,2,98,,5648,40,4,,2
