2201,'1',628,,5883,5,,,2,28,,5892,5,0,23,2,70,,5884,5,,,2,25,,5898,5,,,2,68,,5899,5,,,2,26,,5893,5,,,2,108,,5894,5,,,2,150,,5885,5,,,2,101,,5886,5,,,2,101,,5887,5,,,2,100,,5890,5,,,2,103,,5900,5,,,2,40,,5891,5,,,2,96,,5888,5,,,2,70,,5895,5,,,2,31,,5889,5,,,2,70,,5896,5,,,2,27,,5901,5,,,2,64,,5897,5,,,2
2201,'14',1644,,5903,9,,,2
2301,'1',622,,5973,5,,,2,30,,5974,5,,,2,150,,5976,5,,,2,41,,5953,5,,,2,72,,5977,5,,,2,23,,5954,5,,,2,81,,5955,5,,,2,30,,5957,5,,,2,70,,5956,5,,,2,30,,5958,5,,,2,71,,5959,5,,,2,30,,5961,5,,,2,70,,5960,5,,,2,30,,5962,5,,,2,71,,5963,5,,,2,31,,5966,5,,,2,91,,5964,5,,,2,67,,5967,5,,,2,35,,5965,5,,,2,102,,5968,5,,,2,67,,5975,5,,,2,37,,5969,5,,,2,102,,5970,5,,,2,90,,5971,5,,,2,114,,5972,5,,,2
2301,'14',1644,,5979,9,,,2
2301,'2',659,,5980,5,,,2,100,,5981,5,,,2,141,,5982,5,,,2,102,,5983,5,,,2,102,,5984,5,,,2,102,,5985,5,,,2,101,,5986,5,,,2,101,,5987,5,,,2,100,,5988,5,,,2,100,,5989,5,,,2,101,,5990,5,,,2,97,,5991,5,,,2
2301,'3',759,,5992,5,,,2,141,,5993,5,,,2,102,,5994,5,,,2,102,,5995,5,,,2,102,,5996,5,,,2,101,,5997,5,,,2,101,,5998,5,,,2,100,,5999,5,,,2,100,,6000,5,,,2,101,,6001,5,,,2,97,,6002,5,,,2
22500,'12',758,,6290,2,,,2
5002301,'1',1653,,6382,15,,,2,65,,6381,15,,,2
5002401,'1',1654,,6385,15,,,2,65,,6386,15,,,2
5004301,'11',1648,,6402,10,,,2,95,,6403,10,,,2,89,,6404,10,,,2
905231701,'27',2300,,6491,52,4,,2,29,,6494,52,4,,2,30,,6489,52,4,,2,70,,6492,52,4,,2,30,,6490,52,4,,2,70,,6493,52,4,,2,30,,6495,52,4,,2
905231701,'28',2300,,6498,52,4,,2,29,,6501,52,4,,2,30,,6496,52,4,,2,70,,6499,52,4,,2,30,,6497,52,4,,2,70,,6500,52,4,,2,30,,6502,52,4,,2
905231701,'29',2300,,6505,52,4,,2,29,,6508,52,4,,2,30,,6503,52,4,,2,70,,6506,52,4,,2,30,,6504,52,4,,2,70,,6507,52,4,,2,30,,6509,52,4,,2
1200000101,'1',1603,,7148,56,,,1,32,,7149,56,,,1,71,,7150,56,,,1,31,,7151,56,,,1
1200000301,'1',609,,7508,5,,,1,28,,7513,5,,,1,75,,7506,18,,,1,20,,7510,18,,,1,75,,7516,18,,,1,29,,7511,18,,,1,65,,7519,18,,,1,25,,7507,18,,,1,29,,7517,18,,,1,67,,7515,18,,,1,33,,7520,18,,,1,73,,7521,18,,,1,30,,7523,18,,,1,73,,7525,18,,,1,72,,7527,18,,,1,29,,7522,18,,,1,70,,7524,18,,,1,28,,7526,18,,,1,70,,7528,18,,,1,36,,7529,18,,,1,20,,7532,15,,,1,62,,7530,15,,,1,18,,7535,15,,,1,19,,7534,15,,,1,51,,7539,15,,,1,14,,7537,15,,,1,14,,7538,15,,,1,16,,7541,15,,,1,54,,7533,15,,,1,12,,7536,15,,,1,15,,7531,15,,,1,69,,7540,15,,,1,24,,7544,18,,,1,24,,7542,18,,,1,71,,7543,18,,,1,30,,7545,18,,,1,70,,7546,18,,,1,33,,7549,18,,,1,72,,7547,5,,,1,30,,7550,5,,,1,68,,7548,5,,,1,30,,7551,5,,,1,79,,7552,5,,,1
1200000301,'2',748,,7553,18,,,1,70,,7556,18,,,1,31,,7559,18,,,1,71,,7562,18,,,1,31,,7554,18,,,1,72,,7557,18,,,1,31,,7560,18,,,1,71,,7563,18,,,1,31,,7555,18,,,1,71,,7558,18,,,1,31,,7561,18,,,1,71,,7564,18,,,1,71,,7565,18,,,1,30,,7568,18,,,1,70,,7574,18,,,1,30,,7571,18,,,1,70,,7566,18,,,1,31,,7569,18,,,1,71,,7575,18,,,1,27,,7572,18,,,1,28,,7567,18,,,1,69,,7570,18,,,1,27,,7576,18,,,1,67,,7573,18,,,1,35,,7577,5,,,1,100,,7578,5,,,1,96,,7579,5,,,1,99,,7580,5,,,1,78,,7581,5,,,1,102,,7582,5,,,1
1200000301,'27',2223,,7584,8,,,1,30,,7587,8,,,1,70,,7589,8,,,1,83,,7585,8,,,1,28,,7588,8,,,1,70,,7583,8,,,1,30,,7586,8,,,1
1200000301,'28',2223,,7591,8,,,1,30,,7594,8,,,1,70,,7596,8,,,1,83,,7592,8,,,1,28,,7595,8,,,1,70,,7590,8,,,1,30,,7593,8,,,1
1200000301,'29',2223,,7598,8,,,1,30,,7601,8,,,1,70,,7603,8,,,1,83,,7599,8,,,1,28,,7602,8,,,1,70,,7597,8,,,1,30,,7600,8,,,1
1200000301,'3',818,,7604,18,,,1,31,,7606,18,,,1,71,,7612,18,,,1,31,,7609,18,,,1,72,,7605,18,,,1,31,,7607,18,,,1,71,,7613,18,,,1,31,,7610,18,,,1,71,,7614,18,,,1,31,,7608,18,,,1,71,,7616,18,,,1,71,,7611,18,,,1,30,,7615,18,,,1,70,,7618,18,,,1,30,,7617,18,,,1,70,,7621,18,,,1,31,,7623,18,,,1,71,,7619,18,,,1,27,,7627,18,,,1,28,,7622,18,,,1,69,,7624,18,,,1,27,,7620,18,,,1,67,,7628,18,,,1,35,,7625,5,,,1,161,,7626,5,,,1
