5003700,'1',656,,6395,53,,,2,76,,6394,53,,,2
5004200,'11',701,,6399,20,,,2
905231701,'27',2252,,6491,42,4,,2,69,,6494,42,4,,2,30,,6489,42,4,,2,70,,6492,42,4,,2,30,,6490,42,4,,2,70,,6493,42,4,,2,30,,6495,42,4,,2
905231701,'28',2252,,6498,42,4,,2,69,,6501,42,4,,2,30,,6496,42,4,,2,70,,6499,42,4,,2,30,,6497,42,4,,2,70,,6500,42,4,,2,30,,6502,42,4,,2
905231701,'29',2252,,6505,42,4,,2,69,,6508,42,4,,2,30,,6503,42,4,,2,70,,6506,42,4,,2,30,,6504,42,4,,2,70,,6507,42,4,,2,30,,6509,42,4,,2
1200000101,'1',1550,,7023,46,,,1,72,,7024,46,,,1,31,,7025,46,,,1,71,,7026,46,,,1
1200000200,'1',550,,7029,20,,,1,55,,7028,42,,,1,15,,7033,42,,,1,16,,7034,42,,,1,18,,7035,42,,,1,55,,7037,42,,,1,16,,7038,42,,,1,17,,7027,42,,,1,15,,7040,42,,,1,55,,7032,42,,,1,14,,7030,42,,,1,14,,7036,42,,,1,15,,7041,42,,,1,58,,7039,42,,,1,18,,7042,42,,,1,69,,7044,42,,,1,29,,7046,42,,,1,30,,7031,42,,,1,70,,7047,42,,,1,30,,7043,42,,,1,70,,7045,42,,,1,71,,7049,42,,,1,30,,7050,42,,,1,29,,7048,42,,,1,70,,7052,42,,,1,18,,7054,42,,,1,71,,7055,42,,,1,17,,7056,42,,,1,12,,7053,42,,,1,54,,7057,42,,,1,15,,7058,42,,,1,16,,7060,42,,,1,16,,7051,42,,,1,52,,7063,42,,,1,15,,7064,42,,,1,17,,7067,42,,,1,13,,7068,42,,,1,55,,7062,42,,,1,29,,7061,42,,,1,29,,7059,42,,,1,69,,7065,42,,,1,30,,7071,42,,,1,70,,7072,42,,,1,30,,7074,42,,,1,69,,7075,42,,,1,32,,7069,42,,,1,70,,7066,42,,,1,72,,7073,42,,,1,26,,7076,42,,,1,30,,7070,42,0,14,1
1200000200,'2',728,,7080,42,,,1,30,,7079,42,,,1,71,,7083,42,,,1,30,,7077,42,,,1,70,,7082,42,,,1,30,,7081,42,,,1,71,,7085,42,,,1,70,,7084,42,,,1,30,,7078,42,,,1,71,,7087,42,,,1,30,,7089,42,,,1,70,,7086,42,,,1,30,,7091,42,,,1,71,,7092,42,,,1,30,,7088,42,,,1,69,,7090,42,,,1,30,,7094,42,,,1,70,,7096,42,,,1,30,,7093,42,,,1,70,,7098,42,,,1,30,,7099,42,,,1,69,,7095,42,,,1,28,,7097,42,,,1,28,,7103,42,,,1,70,,7102,42,,,1,31,,7100,42,,,1,69,,7104,42,,,1,29,,7106,42,,,1,70,,7105,42,,,1,30,,7108,42,,,1,70,,7101,42,,,1,30,,7107,42,,,1,70,,7109,42,,,1
1200000200,'3',728,,7110,42,,,1,30,,7111,42,,,1,71,,7112,42,,,1,30,,7113,42,,,1,70,,7114,42,,,1,30,,7118,42,,,1,71,,7116,42,,,1,70,,7120,42,,,1,30,,7117,42,,,1,71,,7115,42,,,1,30,,7119,42,,,1,70,,7122,42,,,1,30,,7121,42,,,1,71,,7123,42,,,1,30,,7125,42,,,1,69,,7127,42,,,1,30,,7130,42,,,1,70,,7132,42,,,1,30,,7124,42,,,1,70,,7126,42,,,1,30,,7128,42,,,1,69,,7131,42,,,1,28,,7133,42,,,1,28,,7135,42,,,1,70,,7134,42,,,1,31,,7129,42,,,1,69,,7136,42,,,1
1200000400,'1',701,,7504,44,,,1,16,,7505,44,,,1
