3101,'71',649,,4610,3,,,2,64,,4612,3,,,2,95,,4614,3,,,2,110,,4619,3,,,2,85,,4615,3,,,2,47,,4616,3,,,2,96,,4617,3,,,2,87,,4620,3,,,2,85,,4621,3,,,2,86,,4622,3,,,2,48,,4623,3,,,2,86,,4624,3,,,2,80,,4627,3,,,2,16,,4625,3,,,2,78,,4628,3,,,2,25,,4631,3,,,2,66,,4629,3,,,2,36,,4626,3,,,2,68,,4630,3,,,2,251,,4632,3,0,8,2
3501,'71',543,,4652,1,,,2,96,,4653,3,,,2,70,,4654,3,,,2,110,,4658,3,,,2,40,,4655,3,,,2,80,,4656,3,,,2,97,,4659,3,,,2,102,,4660,3,,,2,98,,4657,3,,,2,101,,4662,3,,,2,102,,4661,3,,,2,113,,4663,3,,,2,73,,4664,3,,,2,76,,4665,3,,,2,34,,4666,3,,,2,104,,4667,3,,,2,90,,4670,3,,,2,92,,4671,3,,,2,98,,4672,3,,,2,108,,4668,3,,,2,93,,4669,3,,,2
3501,'72',654,,4673,3,,,2,100,,4674,3,,,2,101,,4675,3,,,2,100,,4676,3,,,2,100,,4677,3,,,2,101,,4678,3,,,2,146,,4679,3,,,2,102,,4680,3,,,2,101,,4681,3,,,2,100,,4682,3,,,2,52,,4683,3,,,2,97,,4684,3,,,2,96,,4685,3,,,2,150,,4686,3,,,2,58,,4687,3,,,2,98,,4688,3,,,2,98,,4689,3,,,2
3501,'73',855,,4690,3,,,2,100,,4691,3,,,2,100,,4692,3,,,2,101,,4693,3,,,2,146,,4694,3,,,2,102,,4695,3,,,2,101,,4696,3,,,2,100,,4697,3,,,2,52,,4698,3,,,2,97,,4699,3,,,2,96,,4700,3,,,2,103,,4701,3,,,2
3901,'71',1629,,4843,3,,,2,83,,4842,3,,,2,40,,4841,3,,,2
22900,'87',854,,4929,16,,,2
35001,'71',1617,,4952,12,4,,2
35101,'85',1531,,4954,24,,,2
35501,'83',1644,,4956,34,,,2
2000003101,'72',749,,5660,3,,,2,101,,5661,3,,,2,100,,5662,3,,,2,100,,5663,3,,,2,100,,5664,3,,,2,100,,5665,3,,,2,199,,5666,3,,,2,102,,5667,3,,,2,102,,5668,3,,,2,98,,5669,3,,,2,98,,5670,3,0,8,2
2000003101,'73',849,,5672,3,,,2,101,,5673,3,,,2,100,,5674,3,,,2,100,,5675,3,,,2,100,,5676,3,,,2,199,,5677,3,,,2,102,,5678,3,,,2,102,,5679,3,,,2,98,,5680,3,,,2,98,,5681,3,0,8,2
