13100,'15',746,,6233,65,,,2
5004200,'11',656,,6399,15,,,2
905231701,'27',2249,,6491,37,4,,2,69,,6494,37,4,,2,30,,6489,37,4,,2,70,,6492,37,4,,2,30,,6490,37,4,,2,70,,6493,37,4,,2,30,,6495,37,4,,2
905231701,'28',2249,,6498,37,4,,2,69,,6501,37,4,,2,30,,6496,37,4,,2,70,,6499,37,4,,2,30,,6497,37,4,,2,70,,6500,37,4,,2,30,,6502,37,4,,2
905231701,'29',2249,,6505,37,4,,2,69,,6508,37,4,,2,30,,6503,37,4,,2,70,,6506,37,4,,2,30,,6504,37,4,,2,70,,6507,37,4,,2,30,,6509,37,4,,2
1200000101,'1',1545,,7148,41,,,1,72,,7149,41,,,1,31,,7150,41,,,1,71,,7151,41,,,1
1200000200,'1',546,,7154,15,,,1,55,,7153,37,,,1,15,,7158,37,,,1,16,,7159,37,,,1,17,,7160,37,,,1,55,,7162,37,,,1,16,,7163,37,,,1,17,,7152,37,,,1,15,,7165,37,,,1,55,,7157,37,,,1,14,,7155,37,,,1,14,,7161,37,,,1,15,,7166,37,,,1,59,,7164,37,,,1,18,,7167,37,,,1,29,,7169,37,,,1,69,,7171,37,,,1,30,,7156,37,,,1,70,,7172,37,,,1,30,,7168,37,,,1,70,,7170,37,,,1,31,,7174,37,,,1,70,,7175,37,,,1,29,,7173,37,,,1,70,,7177,37,,,1,18,,7179,37,,,1,71,,7180,37,,,1,16,,7181,37,,,1,12,,7178,37,,,1,14,,7182,37,,,1,55,,7183,37,,,1,16,,7185,37,,,1,16,,7176,37,,,1,12,,7188,37,,,1,55,,7189,37,,,1,17,,7192,37,,,1,14,,7193,37,,,1,15,,7187,37,,,1,69,,7186,37,,,1,29,,7184,37,,,1,70,,7190,37,,,1,30,,7196,37,,,1,70,,7197,37,,,1,30,,7199,37,,,1,69,,7200,37,,,1,32,,7194,37,,,1,70,,7191,37,,,1,32,,7198,37,,,1,66,,7201,37,,,1,30,,7195,37,0,14,1
1200000200,'2',724,,7205,37,,,1,30,,7204,37,,,1,71,,7208,37,,,1,30,,7202,37,,,1,70,,7207,37,,,1,30,,7206,37,,,1,71,,7210,37,,,1,30,,7209,37,,,1,70,,7203,37,,,1,31,,7212,37,,,1,70,,7214,37,,,1,30,,7211,37,,,1,70,,7216,37,,,1,30,,7217,37,,,1,70,,7213,37,,,1,30,,7215,37,,,1,70,,7219,37,,,1,30,,7221,37,,,1,70,,7218,37,,,1,30,,7223,37,,,1,70,,7224,37,,,1,29,,7220,37,,,1,69,,7222,37,,,1,28,,7228,37,,,1,70,,7227,37,,,1,31,,7225,37,,,1,69,,7229,37,,,1,29,,7231,37,,,1,70,,7230,37,,,1,30,,7233,37,,,1,70,,7226,37,,,1,30,,7232,37,,,1,70,,7234,37,,,1
1200000200,'3',724,,7235,37,,,1,30,,7236,37,,,1,71,,7237,37,,,1,30,,7238,37,,,1,70,,7239,37,,,1,30,,7243,37,,,1,71,,7241,37,,,1,30,,7245,37,,,1,70,,7242,37,,,1,31,,7240,37,,,1,70,,7244,37,,,1,30,,7247,37,,,1,70,,7246,37,,,1,30,,7248,37,,,1,70,,7250,37,,,1,30,,7252,37,,,1,70,,7255,37,,,1,30,,7257,37,,,1,70,,7249,37,,,1,30,,7251,37,,,1,70,,7253,37,,,1,29,,7256,37,,,1,69,,7258,37,,,1,28,,7260,37,,,1,70,,7259,37,,,1,31,,7254,37,,,1,69,,7261,37,,,1
1200000400,'1',656,,7629,39,,,1,56,,7630,39,,,1
