2201,'14',1638,,5902,4,0,14,2
2301,'14',1637,,5979,4,,,2,1,,5978,4,0,14,2
3400,'1',622,,6032,37,,,2,117,,6033,39,,,2,79,,6031,37,,,2,795,,6037,37,,,2,102,,6034,39,,,2,26,,6035,39,,,2,92,,6036,39,,,2
3401,'14',1637,,6048,4,,,2
3501,'1',558,,6049,33,,,2,99,,6050,35,,,2,84,,6051,35,,,2,96,,6052,35,,,2,83,,6053,35,,,2,39,,6054,35,,,2,85,,6055,35,,,2,85,,6056,35,,,2,86,,6057,35,,,2,85,,6058,35,,,2,45,,6059,35,,,2,85,,6060,35,,,2,85,,6061,35,,,2,100,,6062,35,,,2,44,,6064,35,,,2,80,,6065,35,,,2,82,,6066,35,,,2,82,,6067,35,,,2,34,,6063,35,,,2,77,,6068,35,,,2,26,,6069,35,,,2,71,,6070,35,,,2,27,,6071,35,,,2,78,,6072,35,,,2,30,,6073,35,,,2,68,,6074,35,,,2,25,,6075,35,,,2
3501,'2',721,,6076,35,,,2,30,,6077,35,,,2,70,,6078,35,,,2,30,,6079,35,,,2,72,,6080,35,,,2,33,,6081,35,,,2,88,,6082,35,,,2,85,,6083,35,,,2,87,,6084,35,,,2,87,,6085,35,,,2,49,,6086,35,,,2,85,,6088,35,,,2,86,,6089,35,,,2,85,,6090,35,,,2,45,,6091,35,,,2,81,,6092,35,,,2,83,,6087,35,,,2,38,,6093,35,,,2,78,,6094,35,,,2,85,,6095,35,,,2,30,,6096,35,,,2,68,,6097,35,,,2,28,,6098,35,,,2,70,,6099,35,,,2,30,,6100,35,,,2,68,,6101,35,,,2,25,,6102,35,,,2
3501,'3',851,,6103,35,,,2,72,,6104,35,,,2,33,,6105,35,,,2,88,,6106,35,,,2,85,,6107,35,,,2,87,,6108,35,,,2,87,,6109,35,,,2,49,,6110,35,,,2,85,,6111,35,,,2,86,,6112,35,,,2,85,,6114,35,,,2,45,,6115,35,,,2,81,,6116,35,,,2,83,,6117,35,,,2,38,,6118,35,,,2,78,,6119,35,,,2,85,,6113,35,,,2
3600,'1',630,,6120,33,,,2
3600,'13',906,,6121,33,,,2
20001,'1',602,,6248,9,0,14,2,24,,6249,9,0,14,2,816,,6250,9,,,2,74,,6251,9,,,2
20001,'2',633,,6252,9,,,2,19,,6253,9,0,14,2,51,,6254,9,,,2
1200000201,'14',1633,,7317,6,,,1
2000003400,'2',733,,7742,37,,,2,85,,7743,39,,,2,86,,7744,39,,,2,45,,7745,39,,,2,87,,7746,39,,,2,86,,7747,39,,,2,85,,7748,39,,,2,48,,7749,39,,,2,171,,7750,39,,,2,83,,7751,39,,,2,47,,7752,39,,,2,83,,7753,39,,,2,90,,7754,39,,,2,82,,7755,39,,,2,41,,7756,39,,,2
2000003400,'3',818,,7757,37,,,2,86,,7758,39,,,2,45,,7759,39,,,2,87,,7760,39,,,2,86,,7761,39,,,2,85,,7762,39,,,2,48,,7763,39,,,2,171,,7764,39,,,2,83,,7765,39,,,2,47,,7766,39,,,2,83,,7767,39,,,2,90,,7768,39,,,2,82,,7769,39,,,2,41,,7770,39,,,2
