5003700,'1',703,,6395,58,,,2,36,,6394,58,,,2
5004200,'11',708,,6399,25,,,2
905231701,'27',2256,,6491,47,4,,2,69,,6494,47,4,,2,30,,6489,47,4,,2,70,,6492,47,4,,2,30,,6490,47,4,,2,70,,6493,47,4,,2,30,,6495,47,4,,2
905231701,'28',2256,,6498,47,4,,2,69,,6501,47,4,,2,30,,6496,47,4,,2,70,,6499,47,4,,2,30,,6497,47,4,,2,70,,6500,47,4,,2,30,,6502,47,4,,2
905231701,'29',2256,,6505,47,4,,2,69,,6508,47,4,,2,30,,6503,47,4,,2,70,,6506,47,4,,2,30,,6504,47,4,,2,70,,6507,47,4,,2,30,,6509,47,4,,2
1200000101,'1',1557,,7023,51,,,1,72,,7024,51,,,1,71,,7025,51,,,1,31,,7026,51,,,1
1200000200,'1',555,,7029,25,,,1,55,,7028,47,,,1,15,,7033,47,,,1,16,,7034,47,,,1,59,,7035,47,,,1,16,,7037,47,,,1,16,,7038,47,,,1,17,,7027,47,,,1,55,,7040,47,,,1,15,,7032,47,,,1,14,,7030,47,,,1,14,,7036,47,,,1,55,,7041,47,,,1,16,,7039,47,,,1,18,,7042,47,,,1,69,,7044,47,,,1,29,,7046,47,,,1,70,,7031,47,,,1,30,,7047,47,,,1,70,,7043,47,,,1,30,,7045,47,,,1,71,,7049,47,,,1,30,,7050,47,,,1,69,,7048,47,,,1,31,,7052,47,,,1,18,,7054,47,,,1,72,,7055,47,,,1,17,,7056,47,,,1,12,,7053,47,,,1,54,,7057,47,,,1,15,,7058,47,,,1,16,,7060,47,,,1,16,,7051,47,,,1,52,,7063,47,,,1,15,,7064,47,,,1,16,,7067,47,,,1,13,,7068,47,,,1,55,,7062,47,,,1,28,,7061,47,,,1,69,,7059,47,,,1,29,,7065,47,,,1,70,,7071,47,,,1,30,,7072,47,,,1,70,,7074,47,,,1,29,,7075,47,,,1,72,,7069,47,,,1,29,,7066,47,,,1,72,,7073,47,,,1,26,,7076,47,,,1,70,,7070,47,0,14,1
1200000200,'2',733,,7080,47,,,1,70,,7079,47,,,1,31,,7083,47,,,1,70,,7077,47,,,1,30,,7082,47,,,1,70,,7081,47,,,1,31,,7085,47,,,1,70,,7084,47,,,1,31,,7078,47,,,1,72,,7087,47,,,1,30,,7089,47,,,1,70,,7086,47,,,1,30,,7091,47,,,1,71,,7092,47,,,1,30,,7088,47,,,1,69,,7090,47,,,1,30,,7094,47,,,1,70,,7096,47,,,1,30,,7093,47,,,1,70,,7098,47,,,1,29,,7099,47,,,1,69,,7095,47,,,1,27,,7097,47,,,1,68,,7103,47,,,1,30,,7102,47,,,1,71,,7100,47,,,1,29,,7104,47,,,1,69,,7106,47,,,1,30,,7105,47,,,1,70,,7108,47,,,1,30,,7101,47,,,1,70,,7107,47,,,1,30,,7109,47,,,1
1200000200,'3',733,,7110,47,,,1,70,,7111,47,,,1,31,,7112,47,,,1,70,,7113,47,,,1,30,,7114,47,,,1,70,,7118,47,,,1,31,,7116,47,,,1,70,,7120,47,,,1,31,,7117,47,,,1,72,,7115,47,,,1,30,,7119,47,,,1,70,,7122,47,,,1,30,,7121,47,,,1,71,,7123,47,,,1,30,,7125,47,,,1,69,,7127,47,,,1,30,,7130,47,,,1,70,,7132,47,,,1,30,,7124,47,,,1,70,,7126,47,,,1,29,,7128,47,,,1,69,,7131,47,,,1,27,,7133,47,,,1,68,,7135,47,,,1,30,,7134,47,,,1,71,,7129,47,,,1,29,,7136,47,,,1
1200000400,'1',708,,7504,49,,,1,16,,7505,49,,,1
