13100,'15',743,,6233,61,,,2
5004200,'11',653,,6399,11,,,2
905231701,'27',2246,,6491,33,4,,2,69,,6494,33,4,,2,30,,6489,33,4,,2,70,,6492,33,4,,2,30,,6490,33,4,,2,70,,6493,33,4,,2,30,,6495,33,4,,2
905231701,'28',2246,,6498,33,4,,2,69,,6501,33,4,,2,30,,6496,33,4,,2,70,,6499,33,4,,2,30,,6497,33,4,,2,70,,6500,33,4,,2,30,,6502,33,4,,2
905231701,'29',2246,,6505,33,4,,2,69,,6508,33,4,,2,30,,6503,33,4,,2,70,,6506,33,4,,2,30,,6504,33,4,,2,70,,6507,33,4,,2,30,,6509,33,4,,2
1200000101,'1',1542,,7148,37,,,1,72,,7149,37,,,1,31,,7150,37,,,1,71,,7151,37,,,1
1200000200,'1',544,,7154,11,,,1,15,,7153,33,,,1,55,,7158,33,,,1,15,,7159,33,,,1,17,,7160,33,,,1,55,,7162,33,,,1,16,,7163,33,,,1,17,,7152,33,,,1,15,,7165,33,,,1,55,,7157,33,,,1,14,,7155,33,,,1,14,,7161,33,,,1,15,,7166,33,,,1,59,,7164,33,,,1,19,,7167,33,,,1,29,,7169,33,,,1,69,,7171,33,,,1,30,,7156,33,,,1,70,,7172,33,,,1,30,,7168,33,,,1,70,,7170,33,,,1,31,,7174,33,,,1,70,,7175,33,,,1,29,,7173,33,,,1,70,,7177,33,,,1,18,,7179,33,,,1,71,,7180,33,,,1,15,,7181,33,,,1,12,,7178,33,,,1,14,,7182,33,,,1,55,,7183,33,,,1,16,,7185,33,,,1,15,,7176,33,,,1,13,,7188,33,,,1,55,,7189,33,,,1,17,,7192,33,,,1,14,,7193,33,,,1,15,,7187,33,,,1,69,,7186,33,,,1,30,,7184,33,,,1,69,,7190,33,,,1,30,,7196,33,,,1,70,,7197,33,,,1,30,,7199,33,,,1,69,,7200,33,,,1,32,,7194,33,,,1,70,,7191,33,,,1,32,,7198,33,,,1,66,,7201,33,,,1,30,,7195,33,0,14,1
1200000200,'2',722,,7205,33,,,1,30,,7204,33,,,1,71,,7208,33,,,1,30,,7202,33,,,1,70,,7207,33,,,1,30,,7206,33,,,1,70,,7210,33,,,1,30,,7209,33,,,1,70,,7203,33,,,1,31,,7212,33,,,1,70,,7214,33,,,1,30,,7211,33,,,1,70,,7216,33,,,1,30,,7217,33,,,1,70,,7213,33,,,1,30,,7215,33,,,1,70,,7219,33,,,1,30,,7221,33,,,1,70,,7218,33,,,1,30,,7223,33,,,1,70,,7224,33,,,1,30,,7220,33,,,1,68,,7222,33,,,1,28,,7228,33,,,1,70,,7227,33,,,1,31,,7225,33,,,1,69,,7229,33,,,1,29,,7231,33,,,1,70,,7230,33,,,1,30,,7233,33,,,1,70,,7226,33,,,1,30,,7232,33,,,1,70,,7234,33,,,1
1200000200,'3',722,,7235,33,,,1,30,,7236,33,,,1,71,,7237,33,,,1,30,,7238,33,,,1,70,,7239,33,,,1,30,,7243,33,,,1,70,,7241,33,,,1,30,,7245,33,,,1,70,,7242,33,,,1,31,,7240,33,,,1,70,,7244,33,,,1,30,,7247,33,,,1,70,,7246,33,,,1,30,,7248,33,,,1,70,,7250,33,,,1,30,,7252,33,,,1,70,,7255,33,,,1,30,,7257,33,,,1,70,,7249,33,,,1,30,,7251,33,,,1,70,,7253,33,,,1,30,,7256,33,,,1,68,,7258,33,,,1,28,,7260,33,,,1,70,,7259,33,,,1,31,,7254,33,,,1,69,,7261,33,,,1
1200000400,'1',653,,7629,35,,,1,56,,7630,35,,,1
