2301,'1',624,,5973,8,,,2,30,,5974,8,,,2,150,,5976,8,,,2,41,,5953,8,,,2,72,,5977,8,,,2,23,,5954,8,,,2,81,,5955,8,,,2,30,,5957,8,,,2,70,,5956,8,,,2,30,,5958,8,,,2,71,,5959,8,,,2,30,,5961,8,,,2,70,,5960,8,,,2,30,,5962,8,,,2,71,,5963,8,,,2,31,,5966,8,,,2,91,,5964,8,,,2,67,,5967,8,,,2,35,,5965,8,,,2,102,,5968,8,,,2,67,,5975,8,,,2,37,,5969,8,,,2,102,,5970,8,,,2,90,,5971,8,,,2,114,,5972,8,,,2
2301,'14',1646,,5979,12,,,2
2301,'2',700,,5980,8,,,2,100,,5981,8,,,2,101,,5982,8,,,2,102,,5983,8,,,2,102,,5984,8,,,2,102,,5985,8,,,2,101,,5986,8,,,2,101,,5987,8,,,2,100,,5988,8,,,2,100,,5989,8,,,2,101,,5990,8,,,2,97,,5991,8,,,2
2301,'3',800,,5992,8,,,2,101,,5993,8,,,2,102,,5994,8,,,2,102,,5995,8,,,2,102,,5996,8,,,2,101,,5997,8,,,2,101,,5998,8,,,2,100,,5999,8,,,2,100,,6000,8,,,2,101,,6001,8,,,2,97,,6002,8,,,2
22500,'12',800,,6290,5,,,2
5002301,'1',1655,,6382,18,,,2,65,,6381,18,,,2
5002401,'1',1656,,6385,18,,,2,65,,6386,18,,,2
5004301,'11',1649,,6402,13,,,2,95,,6403,13,,,2,89,,6404,13,,,2
905231701,'27',2302,,6491,55,4,,2,29,,6494,55,4,,2,70,,6489,55,4,,2,30,,6492,55,4,,2,70,,6490,55,4,,2,30,,6493,55,4,,2,70,,6495,55,4,,2
905231701,'28',2302,,6498,55,4,,2,29,,6501,55,4,,2,70,,6496,55,4,,2,30,,6499,55,4,,2,70,,6497,55,4,,2,30,,6500,55,4,,2,70,,6502,55,4,,2
905231701,'29',2302,,6505,55,4,,2,29,,6508,55,4,,2,70,,6503,55,4,,2,30,,6506,55,4,,2,70,,6504,55,4,,2,30,,6507,55,4,,2,70,,6509,55,4,,2
1200000101,'1',1605,,7148,59,,,1,32,,7149,59,,,1,71,,7150,59,,,1,31,,7151,59,,,1
1200000301,'1',611,,7508,8,,,1,28,,7513,8,,,1,75,,7506,21,,,1,20,,7510,21,,,1,75,,7516,21,,,1,29,,7511,21,,,1,65,,7519,21,,,1,25,,7507,21,,,1,29,,7517,21,,,1,67,,7515,21,,,1,33,,7520,21,,,1,73,,7521,21,,,1,70,,7523,21,,,1,33,,7525,21,,,1,72,,7527,21,,,1,29,,7522,21,,,1,70,,7524,21,,,1,28,,7526,21,,,1,70,,7528,21,,,1,36,,7529,21,,,1,20,,7532,18,,,1,62,,7530,18,,,1,18,,7535,18,,,1,19,,7534,18,,,1,51,,7539,18,,,1,14,,7537,18,,,1,14,,7538,18,,,1,16,,7541,18,,,1,54,,7533,18,,,1,12,,7536,18,,,1,15,,7531,18,,,1,69,,7540,18,,,1,24,,7544,21,,,1,24,,7542,21,,,1,71,,7543,21,,,1,30,,7545,21,,,1,70,,7546,21,,,1,33,,7549,21,,,1,72,,7547,8,,,1,30,,7550,8,,,1,68,,7548,8,,,1,30,,7551,8,,,1,79,,7552,8,,,1
1200000301,'2',750,,7553,21,,,1,70,,7556,21,,,1,31,,7559,21,,,1,71,,7562,21,,,1,31,,7554,21,,,1,72,,7557,21,,,1,31,,7560,21,,,1,71,,7563,21,,,1,31,,7555,21,,,1,71,,7558,21,,,1,71,,7561,21,,,1,31,,7564,21,,,1,71,,7565,21,,,1,30,,7568,21,,,1,70,,7574,21,,,1,30,,7571,21,,,1,70,,7566,21,,,1,31,,7569,21,,,1,71,,7575,21,,,1,27,,7572,21,,,1,28,,7567,21,,,1,69,,7570,21,,,1,27,,7576,21,,,1,67,,7573,21,,,1,35,,7577,8,,,1,100,,7578,8,,,1,96,,7579,8,,,1,99,,7580,8,,,1,78,,7581,8,,,1,102,,7582,8,,,1
1200000301,'27',2225,,7584,11,,,1,30,,7587,11,,,1,70,,7589,11,,,1,83,,7585,11,,,1,28,,7588,11,,,1,70,,7583,11,,,1,30,,7586,11,,,1
1200000301,'28',2225,,7591,11,,,1,30,,7594,11,,,1,70,,7596,11,,,1,83,,7592,11,,,1,28,,7595,11,,,1,70,,7590,11,,,1,30,,7593,11,,,1
1200000301,'29',2225,,7598,11,,,1,30,,7601,11,,,1,70,,7603,11,,,1,83,,7599,11,,,1,28,,7602,11,,,1,70,,7597,11,,,1,30,,7600,11,,,1
1200000301,'3',820,,7604,21,,,1,31,,7606,21,,,1,71,,7612,21,,,1,31,,7609,21,,,1,72,,7605,21,,,1,31,,7607,21,,,1,71,,7613,21,,,1,31,,7610,21,,,1,71,,7614,21,,,1,71,,7608,21,,,1,31,,7616,21,,,1,71,,7611,21,,,1,30,,7615,21,,,1,70,,7618,21,,,1,30,,7617,21,,,1,70,,7621,21,,,1,31,,7623,21,,,1,71,,7619,21,,,1,27,,7627,21,,,1,28,,7622,21,,,1,69,,7624,21,,,1,27,,7620,21,,,1,67,,7628,21,,,1,35,,7625,8,,,1,161,,7626,8,,,1
