11500,'12',843,,6227,27,,,2
12500,'12',843,,6229,24,,,2
12600,'12',848,,6230,18,,,2
12700,'12',849,,6231,15,,,2
13500,'12',843,,6234,22,,,2
13600,'12',843,,6235,20,,,2
13800,'12',843,,6237,25,,,2
15500,'12',843,,6239,31,,,2
15600,'12',843,,6240,32,,,2
22500,'12',848,,6290,42,4,,2
23500,'12',846,,6295,83,4,,2
24500,'12',846,,6298,26,4,,2
24600,'12',843,,6299,25,4,,2
32500,'12',843,,6304,62,,,2
34500,'12',843,,6305,50,,,2
35500,'12',846,,6308,71,,,2
37500,'12',846,,6309,40,4,,2
38500,'12',846,,6317,45,4,,2
