2300,'1',551,,5924,5,0,14,2,194,,5919,5,0,14,2,79,,5927,5,0,14,2,76,,5904,5,0,14,2,36,,5906,5,0,14,2,70,,5905,5,0,14,2,30,,5907,5,0,14,2,70,,5908,5,0,14,2,30,,5909,5,0,14,2,77,,5912,5,0,14,2,30,,5910,5,0,14,2,70,,5913,5,0,14,2,30,,5911,5,0,14,2,71,,5914,5,0,14,2,33,,5915,5,0,14,2,72,,5917,5,0,14,2,118,,5918,5,0,14,2,77,,5916,5,0,14,2,24,,5925,5,0,14,2,73,,5920,5,0,14,2,30,,5926,5,0,14,2,73,,5921,5,0,14,2,102,,5922,5,0,14,2,95,,5923,5,0,14,2
2300,'2',629,,5930,5,0,14,2,100,,5931,5,0,14,2,101,,5932,5,0,14,2,102,,5933,5,0,14,2,102,,5934,5,0,14,2,102,,5935,5,0,14,2,101,,5936,5,0,14,2,108,,5937,5,0,14,2,100,,5938,5,0,14,2,100,,5939,5,0,14,2,101,,5940,5,0,14,2,88,,5941,5,0,14,2
2300,'3',729,,5942,5,0,14,2,101,,5943,5,0,14,2,102,,5944,5,0,14,2,102,,5945,5,0,14,2,102,,5946,5,0,14,2,101,,5947,5,0,14,2,108,,5948,5,0,14,2,100,,5949,5,0,14,2,100,,5950,5,0,14,2,101,,5951,5,0,14,2,88,,5952,5,0,14,2
2301,'1',1513,,5966,53,,,2,91,,5964,53,,,2,614,,5972,53,,,2
2301,'2',1227,,5985,53,,,2,600,,5991,53,,,2
2301,'3',1227,,5996,53,,,2,600,,6002,53,,,2
23100,'15',706,,6293,17,,,2
23500,'12',754,,6295,28,,,2
5002300,'1',615,,6378,5,,,2,25,,6379,5,,,2,69,,6380,5,,,2
5002301,'1',1741,,6381,63,,,2
