11901,'88',1627,,4855,6,,,2
12501,'83',1614,,4857,17,,,2
12701,'83',1614,,4861,17,,,2
12901,'88',1628,,4863,6,,,2
1200000100,'71',619,,5065,1,0,34 35 6 31,1,15,,5067,1,0,34 35 6 31,1,15,,5068,1,0,34 35 6 31,1,52,,5061,82,0,34 35 6 31,1,33,,5062,82,0,34 35 6 31,1,23,,5063,82,0,34 35 6 31,1,68,,5066,82,0,16 1 17,1,29,,5064,82,0,34 35 6 31,1
1200000201,'71',540,,5210,1,0,29,1,60,,5212,1,0,29,1,17,,5215,1,0,29,1,19,,5201,31,0,29,1,22,,5220,1,0,29,1,53,,5205,43,0,29,1,17,,5204,43,0,29,1,21,,5208,43,0,29,1,10,,5214,43,0,29,1,54,,5203,43,0,29,1,13,,5213,43,0,29,1,19,,5207,43,0,29,1,57,,5218,43,0,29,1,15,,5202,43,0,29,1,14,,5221,43,0,29,1,13,,5206,43,0,29,1,12,,5223,43,0,29,1,52,,5216,43,0,29,1,12,,5224,43,0,29,1,15,,5209,43,0,29,1,12,,5225,43,0,29,1,57,,5217,43,0,29,1,19,,5219,43,0,29,1,14,,5226,43,0,29,1,15,,5222,43,0,29,1,55,,5228,43,0,29,1,15,,5229,43,0,29,1,15,,5230,43,0,29,1,18,,5232,43,0,29,1,55,,5233,43,0,29,1,15,,5235,43,0,29,1,14,,5236,43,0,29,1,15,,5237,43,0,29,1,56,,5227,43,0,29,1,15,,5239,43,0,29,1,15,,5240,43,0,29,1,16,,5241,43,0,29,1,54,,5231,43,0,29,1,16,,5238,43,0,29,1,19,,5234,43,0,29,1,68,,5242,43,0,29,1,20,,5243,43,0,29,1,16,,5244,43,0,29,1,55,,5245,43,0,29,1,6,,5253,31,0,29,1,14,,5246,43,0,29,1,9,,5247,43,0,29,1,10,,5249,43,0,29,1,11,,5251,43,0,29,1,55,,5254,43,0,29,1,13,,5255,43,0,29,1,9,,5256,43,0,29,1,13,,5259,43,0,29,1,57,,5260,43,0,29,1,9,,5257,43,0,29,1,12,,5258,43,0,29,1,13,,5250,43,0,29,1,12,,5248,43,0,29,1,54,,5261,43,0,29,1,14,,5252,43,0,29,1,20,,5262,43,0,29,1,69,,5263,43,0,29,1,32,,5265,43,0,29,1,75,,5267,43,0,29,1,27,,5269,43,0,29,1,71,,5264,43,0,29,1,27,,5266,43,0,29,1,71,,5268,43,0,29,1,46,,5270,43,0,29,1
1200000201,'72',638,,5275,1,0,29,1,70,,5281,1,0,29,1,21,,5272,43,0,29,1,71,,5271,43,0,29,1,30,,5273,43,0,29,1,72,,5279,43,0,29,1,32,,5284,43,0,29,1,72,,5277,43,0,29,1,31,,5276,43,0,29,1,69,,5282,43,0,29,1,30,,5283,43,0,29,1,71,,5285,43,0,29,1,30,,5274,43,0,29,1,71,,5280,43,0,29,1,30,,5278,43,0,29,1,70,,5286,43,0,29,1,32,,5287,43,0,29,1,69,,5289,43,0,29,1,33,,5288,43,0,29,1,70,,5291,43,0,29,1,29,,5292,43,0,29,1,72,,5293,43,0,29,1,31,,5294,43,0,29,1,66,,5295,43,0,29,1,28,,5290,43,0,29,1,69,,5297,43,0,29,1,25,,5296,43,0,29,1,79,,5300,43,0,29,1,29,,5302,43,0,29,1,71,,5298,43,0,29,1,27,,5304,43,0,29,1,68,,5305,43,0,29,1,29,,5301,43,0,29,1,70,,5303,43,0,29,1,29,,5299,43,0,29,1,69,,5306,43,0,29,1,49,,5307,43,0,29,1
1200000201,'73',638,,5309,1,0,29,1,70,,5313,1,0,29,1,30,,5316,1,0,29,1,70,,5319,1,0,29,1,22,,5308,43,0,29,1,72,,5311,43,0,29,1,32,,5315,43,0,29,1,72,,5318,43,0,29,1,31,,5310,43,0,29,1,69,,5314,43,0,29,1,30,,5317,43,0,29,1,71,,5320,43,0,29,1,30,,5321,43,0,29,1,71,,5312,43,0,29,1,30,,5322,43,0,29,1,70,,5324,43,0,29,1,32,,5323,43,0,29,1,69,,5326,43,0,29,1,33,,5325,43,0,29,1,70,,5328,43,0,29,1,29,,5329,43,0,29,1,72,,5330,43,0,29,1,31,,5331,43,0,29,1,66,,5333,43,0,29,1,28,,5327,43,0,29,1,69,,5336,43,0,29,1,25,,5334,43,0,29,1,79,,5338,43,0,29,1,29,,5332,43,0,29,1,71,,5337,43,0,29,1,27,,5335,43,0,29,1
1200000201,'81',721,,5339,31,0,29,1,16,,5340,31,0,29,1,820,,5341,43,0,29,1
1200000201,'89',1640,,5345,43,0,29,1,14,,5346,43,0,29,1
1200000401,'71',1459,,5573,1,0,31,1,70,,5574,1,0,31,1,198,,5572,43,0,31,1,24,,5571,43,0,31,1,62,,5575,43,0,31,1
