1100,'71',609,,4342,8,,,1,25,,4339,80,,,1,75,,4343,80,,,1,30,,4340,80,,,1,74,,4344,80,,,1,30,,4341,80,,,1,58,,4345,80,,,1,29,,4350,80,,,1,74,,4346,80,,,1,30,,4351,80,,,1,75,,4347,80,,,1,30,,4352,80,,,1,73,,4348,80,,,1,30,,4353,80,,,1,77,,4349,80,,,1,30,,4354,80,,,1,88,,4358,80,,,1,71,,4355,80,,,1,36,,4359,80,,,1,71,,4356,80,,,1,42,,4360,81,,,1,62,,4357,80,,,1,22,,4363,80,,,1,66,,4361,80,,,1,34,,4364,80,,,1,68,,4362,80,,,1,30,,4365,80,,,1,100,,4366,80,,,1,100,,4367,80,,,1,100,,4368,80,,,1,100,,4369,80,,,1
1100,'72',739,,4370,80,,,1,102,,4371,80,,,1,99,,4372,80,,,1,102,,4373,80,,,1,100,,4374,80,,,1,100,,4375,80,,,1,101,,4376,80,,,1,99,,4377,80,,,1,100,,4378,80,,,1,100,,4379,80,,,1,99,,4380,80,,,1,99,,4381,80,,,1,98,,4384,80,,,1,100,,4382,80,,,1,100,,4383,80,,,1,100,,4386,80,,,1,100,,4385,80,,,1
1100,'73',940,,4387,80,,,1,102,,4388,80,,,1,100,,4389,80,,,1,100,,4390,80,,,1,101,,4391,80,,,1,99,,4392,80,,,1,100,,4393,80,,,1,100,,4394,80,,,1,99,,4395,80,,,1,99,,4396,80,,,1
1301,'71',659,,4409,30,,,2,83,,4410,30,,,2,73,,4408,30,,,2,813,,4413,30,,,2,14,,4411,30,,,2,74,,4414,30,,,2,30,,4412,30,,,2
1301,'88',1643,,4415,16,,,2
1500,'71',608,,4416,36,,,2,29,,4417,36,,,2,69,,4421,36,,,2,32,,4420,35,,,2,69,,4418,35,,,2,41,,4422,36,0,10 11,2,111,,4419,35,0,12 13,2,155,,4423,35,0,12 13,2,116,,4424,35,0,12 13,2,70,,4425,35,0,12 13,2,117,,4427,35,0,12 13,2,116,,4428,35,,,2,20,,4429,4,,,2,77,,4426,35,,,2,77,,4431,36,,,2,27,,4430,35,,,2,100,,4432,35,0,12 13,2,111,,4433,35,0,12 13,2,103,,4434,35,0,12 13,2
1500,'87',847,,4435,25,0,10 11,2
13100,'84',728,,4864,41,,,2
20001,'71',550,,4888,8,0,14,2,60,,4889,8,0,14,2,7,,4890,8,0,14,2,8,,4891,8,0,14,2,801,,4892,8,,,2,29,,4893,8,,,2,76,,4894,8,0,14,2,308,,4895,8,0,14,2
20001,'72',613,,4896,8,,,2,20,,4897,8,0,14,2,16,,4898,8,,,2
21001,'71',530,,4909,8,,,2,27,,4910,8,,,2,55,,4911,8,,,2,13,,4912,8,,,2,325,,4913,8,,,2,162,,4914,8,,,2,894,,4915,8,,,2
21001,'72',556,,4916,8,,,2,69,,4917,8,,,2,30,,4918,8,,,2,70,,4919,8,,,2
21001,'73',625,,4920,8,,,2,30,,4921,8,,,2,70,,4922,8,,,2
35001,'71',1542,,4952,8,,,2
38001,'71',525,,4962,8,,,2,88,,4963,8,,,2,19,,4964,8,,,2
1200000101,'71',1528,,5070,24,,,1,31,,5071,24,,,1,70,,5069,24,,,1,75,,5072,24,,,1
2000001500,'72',745,,5607,36,,,2,102,,5608,35,,,2,103,,5609,35,,,2,100,,5610,35,,,2,102,,5611,35,,,2,100,,5612,35,,,2,190,,5613,36,,,2,99,,5614,35,,,2,95,,5615,35,,,2,107,,5616,35,,,2,98,,5617,35,,,2
2000001500,'73',847,,5618,36,,,2,103,,5619,35,,,2,100,,5620,35,,,2,102,,5621,35,,,2,100,,5622,35,,,2,190,,5623,36,,,2,99,,5624,35,,,2,95,,5625,35,,,2,107,,5626,35,,,2,98,,5627,35,,,2
