3400,'71',619,,4634,32,0,14,2,115,,4635,34,0,14,2,77,,4636,32,0,14,2,38,,4633,34,0,24 1 15,2,676,,4637,23,0,14,2,82,,4638,32,0,14,2,49,,4639,34,0,14,2,81,,4640,34,0,14,2,89,,4641,34,0,14,2
22100,'84',728,,4923,30,,,2
22200,'84',728,,4925,26,,,2
23100,'84',735,,4931,63,,,2
23200,'84',726,,4933,22,,,2
35500,'82',819,,4955,32,,,2
5003701,'71',1604,,5050,14,,,2,110,,5049,14,,,2
5003701,'81',1827,,5051,14,,,2
5003801,'71',1648,,5053,14,,,2,91,,5052,14,,,2
1200000100,'71',628,,5061,47,0,34 35 6 31,1,30,,5062,47,0,34 35 6 31,1,60,,5063,47,0,34 35 6 31,1,30,,5066,47,0,16 1 17,1,70,,5064,47,0,34 35 6 31,1
1200000201,'71',606,,5201,2,0,29,1,35,,5205,14,0,29,1,15,,5204,14,0,29,1,59,,5208,14,0,29,1,10,,5214,14,0,29,1,15,,5203,14,0,29,1,15,,5213,14,0,29,1,59,,5207,14,0,29,1,18,,5218,14,0,29,1,15,,5202,14,0,29,1,54,,5221,14,0,29,1,14,,5206,14,0,29,1,12,,5223,14,0,29,1,12,,5216,14,0,29,1,12,,5224,14,0,29,1,55,,5209,14,0,29,1,12,,5225,14,0,29,1,17,,5217,14,0,29,1,18,,5219,14,0,29,1,54,,5226,14,0,29,1,15,,5222,14,0,29,1,15,,5228,14,0,29,1,15,,5229,14,0,29,1,55,,5230,14,0,29,1,17,,5232,14,0,29,1,15,,5233,14,0,29,1,15,,5235,14,0,29,1,55,,5236,14,0,29,1,15,,5237,14,0,29,1,16,,5227,14,0,29,1,15,,5239,14,0,29,1,55,,5240,14,0,29,1,15,,5241,14,0,29,1,14,,5231,14,0,29,1,15,,5238,14,0,29,1,57,,5234,14,0,29,1,27,,5242,14,0,29,1,19,,5243,14,0,29,1,58,,5244,14,0,29,1,16,,5245,14,0,29,1,6,,5253,2,0,29,1,14,,5246,14,0,29,1,49,,5247,14,0,29,1,13,,5249,14,0,29,1,12,,5251,14,0,29,1,15,,5254,14,0,29,1,13,,5255,14,0,29,1,49,,5256,14,0,29,1,13,,5259,14,0,29,1,17,,5260,14,0,29,1,9,,5257,14,0,29,1,12,,5258,14,0,29,1,53,,5250,14,0,29,1,12,,5248,14,0,29,1,14,,5261,14,0,29,1,14,,5252,14,0,29,1,60,,5262,14,0,29,1,30,,5263,14,0,29,1,72,,5265,14,0,29,1,35,,5267,14,0,29,1,69,,5269,14,0,29,1,31,,5264,14,0,29,1,67,,5266,14,0,29,1,31,,5268,14,0,29,1,86,,5270,14,0,29,1
1200000201,'72',703,,5272,14,0,29,1,31,,5271,14,0,29,1,70,,5273,14,0,29,1,31,,5279,14,0,29,1,70,,5284,14,0,29,1,32,,5277,14,0,29,1,72,,5276,14,0,29,1,29,,5282,14,0,29,1,70,,5283,14,0,29,1,31,,5285,14,0,29,1,69,,5274,14,0,29,1,31,,5280,14,0,29,1,70,,5278,14,0,29,1,30,,5286,14,0,29,1,72,,5287,14,0,29,1,29,,5289,14,0,29,1,73,,5288,14,0,29,1,29,,5291,14,0,29,1,69,,5292,14,0,29,1,33,,5293,14,0,29,1,71,,5294,14,0,29,1,27,,5295,14,0,29,1,68,,5290,14,0,29,1,30,,5297,14,0,29,1,66,,5296,14,0,29,1,39,,5300,14,0,29,1,69,,5302,14,0,29,1,31,,5298,14,0,29,1,67,,5304,14,0,29,1,28,,5305,14,0,29,1,70,,5301,14,0,29,1,30,,5303,14,0,29,1,69,,5299,14,0,29,1,29,,5306,14,0,29,1,90,,5307,14,0,29,1
1200000201,'73',804,,5308,14,0,29,1,31,,5311,14,0,29,1,70,,5315,14,0,29,1,32,,5318,14,0,29,1,72,,5310,14,0,29,1,29,,5314,14,0,29,1,70,,5317,14,0,29,1,31,,5320,14,0,29,1,69,,5321,14,0,29,1,31,,5312,14,0,29,1,70,,5322,14,0,29,1,30,,5324,14,0,29,1,72,,5323,14,0,29,1,29,,5326,14,0,29,1,73,,5325,14,0,29,1,29,,5328,14,0,29,1,69,,5329,14,0,29,1,33,,5330,14,0,29,1,71,,5331,14,0,29,1,27,,5333,14,0,29,1,68,,5327,14,0,29,1,30,,5336,14,0,29,1,66,,5334,14,0,29,1,39,,5338,14,0,29,1,69,,5332,14,0,29,1,31,,5337,14,0,29,1,67,,5335,14,0,29,1
1200000201,'81',649,,5339,2,0,29,1,55,,5340,2,0,29,1,819,,5341,14,0,29,1
1200000201,'89',1605,,5345,14,0,29,1,15,,5346,14,0,29,1
1200000401,'71',1654,,5572,14,0,31,1,68,,5571,14,0,31,1,22,,5575,14,0,31,1
2000003400,'72',728,,5682,32,,,2,85,,5683,34,,,2,45,,5684,34,,,2,85,,5685,34,,,2,85,,5686,34,,,2,86,,5687,34,,,2,45,,5688,34,,,2,85,,5689,34,,,2,174,,5690,34,,,2,41,,5691,34,,,2,92,,5692,34,,,2,78,,5693,34,,,2,93,,5694,34,,,2,78,,5695,34,,,2,47,,5696,34,,,2
2000003400,'73',813,,5697,32,,,2,45,,5698,34,,,2,85,,5699,34,,,2,85,,5700,34,,,2,86,,5701,34,,,2,45,,5702,34,,,2,85,,5703,34,,,2,174,,5704,34,,,2,41,,5705,34,,,2,92,,5706,34,,,2,78,,5707,34,,,2,93,,5708,34,,,2,78,,5709,34,,,2,47,,5710,34,,,2
