35500,'12',825,,6308,48,,,2
1200000100,'1',637,,7016,55,,,1,70,,7017,55,,,1,21,,7018,55,,,1,30,,7021,55,0,16 1 17,1,70,,7019,55,,,1
1200000201,'1',614,,7137,10,,,1,37,,7140,22,,,1,55,,7139,22,,,1,20,,7144,22,,,1,23,,7146,22,,,1,60,,7148,22,,,1,20,,7151,22,,,1,15,,7152,22,,,1,56,,7138,22,,,1,14,,7155,22,,,1,14,,7143,22,,,1,11,,7141,22,,,1,12,,7150,22,,,1,52,,7156,22,,,1,14,,7153,22,,,1,17,,7157,22,,,1,70,,7159,22,,,1,29,,7161,22,,,1,70,,7142,22,,,1,32,,7162,22,,,1,70,,7158,22,,,1,30,,7160,22,,,1,71,,7164,22,,,1,30,,7165,22,,,1,69,,7163,22,,,1,38,,7167,22,,,1,67,,7169,22,,,1,18,,7172,22,,,1,17,,7170,22,,,1,57,,7171,22,,,1,12,,7168,22,,,1,11,,7173,22,,,1,13,,7174,22,,,1,14,,7176,22,,,1,54,,7166,22,,,1,9,,7179,22,,,1,13,,7180,22,,,1,13,,7183,22,,,1,12,,7184,22,,,1,53,,7178,22,,,1,24,,7177,22,,,1,26,,7175,22,,,1,59,,7185,22,,,1,30,,7186,22,,,1,72,,7181,22,,,1,35,,7188,22,,,1,68,,7190,22,,,1,31,,7187,22,,,1,67,,7182,22,,,1,31,,7189,22,,,1,86,,7191,22,,,1
1200000201,'14',1647,,7192,16,,,1
1200000201,'2',645,,7196,10,,,1,79,,7193,22,,,1,30,,7201,22,,,1,71,,7199,22,,,1,31,,7197,22,,,1,71,,7203,22,,,1,31,,7194,22,,,1,71,,7202,22,,,1,71,,7200,22,,,1,32,,7205,22,,,1,70,,7204,22,,,1,31,,7195,22,,,1,72,,7207,22,,,1,31,,7209,22,,,1,70,,7206,22,,,1,30,,7211,22,,,1,71,,7212,22,,,1,30,,7208,22,,,1,69,,7210,22,,,1,31,,7214,22,,,1,72,,7216,22,,,1,29,,7213,22,,,1,67,,7218,22,,,1,29,,7219,22,,,1,25,,7215,22,,,1,65,,7217,22,,,1,28,,7223,22,,,1,69,,7222,22,,,1,31,,7220,22,,,1,67,,7224,22,,,1,28,,7226,22,,,1,70,,7225,22,,,1,30,,7228,22,,,1,70,,7221,22,,,1,29,,7227,22,,,1,89,,7229,22,,,1
1200000201,'27',2232,,7230,15,,,1,70,,7233,15,,,1,29,,7231,15,,,1,83,,7234,15,,,1,28,,7236,15,,,1,70,,7232,15,,,1,30,,7235,15,,,1
1200000201,'28',2231,,7237,15,,,1,70,,7240,15,,,1,30,,7238,15,,,1,83,,7241,15,,,1,28,,7243,15,,,1,70,,7239,15,,,1,30,,7242,15,,,1
1200000201,'29',2231,,7244,15,,,1,70,,7247,15,,,1,30,,7245,15,,,1,83,,7248,15,,,1,28,,7250,15,,,1,70,,7246,15,,,1,30,,7249,15,,,1
1200000201,'3',825,,7252,22,,,1,31,,7254,22,,,1,71,,7256,22,,,1,31,,7258,22,,,1,71,,7259,22,,,1,71,,7263,22,,,1,32,,7261,22,,,1,70,,7265,22,,,1,31,,7262,22,,,1,72,,7260,22,,,1,31,,7264,22,,,1,70,,7267,22,,,1,30,,7266,22,,,1,71,,7268,22,,,1,30,,7270,22,,,1,69,,7272,22,,,1,31,,7275,22,,,1,72,,7277,22,,,1,29,,7269,22,,,1,67,,7271,22,,,1,29,,7273,22,,,1,25,,7276,22,,,1,65,,7278,22,,,1,28,,7280,22,,,1,69,,7279,22,,,1,31,,7274,22,,,1,67,,7281,22,,,1
1200000401,'1',1708,,7510,22,,,1,23,,7508,22,,,1
