22100,'15',729,,6288,31,,,2
22200,'15',729,,6289,27,,,2
23100,'15',736,,6293,64,,,2
5003701,'1',1715,,6396,15,,,2
5003801,'1',1649,,6398,15,,,2,91,,6397,15,,,2
1200000100,'1',629,,7141,48,,,1,30,,7142,48,,,1,60,,7143,48,,,1,30,,7146,48,0,16 1 17,1,70,,7144,48,,,1
1200000201,'1',607,,7262,3,,,1,36,,7265,15,,,1,15,,7264,15,,,1,59,,7269,15,,,1,23,,7271,15,,,1,60,,7273,15,,,1,20,,7276,15,,,1,16,,7277,15,,,1,16,,7263,15,,,1,54,,7280,15,,,1,14,,7268,15,,,1,11,,7266,15,,,1,12,,7275,15,,,1,12,,7281,15,,,1,54,,7278,15,,,1,17,,7282,15,,,1,30,,7284,15,,,1,69,,7286,15,,,1,30,,7267,15,,,1,72,,7287,15,,,1,30,,7283,15,,,1,70,,7285,15,,,1,31,,7289,15,,,1,70,,7290,15,,,1,29,,7288,15,,,1,77,,7292,15,,,1,67,,7294,15,,,1,18,,7297,15,,,1,17,,7295,15,,,1,17,,7296,15,,,1,52,,7293,15,,,1,12,,7298,15,,,1,13,,7299,15,,,1,14,,7301,15,,,1,14,,7291,15,,,1,49,,7304,15,,,1,13,,7305,15,,,1,13,,7308,15,,,1,12,,7309,15,,,1,13,,7303,15,,,1,64,,7302,15,,,1,26,,7300,15,,,1,59,,7310,15,,,1,30,,7311,15,,,1,72,,7306,15,,,1,35,,7313,15,,,1,69,,7315,15,,,1,31,,7312,15,,,1,68,,7307,15,,,1,31,,7314,15,,,1,86,,7316,15,,,1
1200000201,'14',1637,,7317,9,,,1
1200000201,'2',638,,7321,3,,,1,79,,7318,15,,,1,30,,7326,15,,,1,70,,7324,15,,,1,31,,7322,15,,,1,71,,7328,15,,,1,31,,7319,15,,,1,71,,7327,15,,,1,31,,7325,15,,,1,71,,7330,15,,,1,30,,7329,15,,,1,71,,7320,15,,,1,32,,7332,15,,,1,71,,7334,15,,,1,30,,7331,15,,,1,70,,7336,15,,,1,31,,7337,15,,,1,70,,7333,15,,,1,29,,7335,15,,,1,71,,7339,15,,,1,72,,7341,15,,,1,30,,7338,15,,,1,28,,7343,15,,,1,69,,7344,15,,,1,26,,7340,15,,,1,65,,7342,15,,,1,28,,7348,15,,,1,69,,7347,15,,,1,31,,7345,15,,,1,67,,7349,15,,,1,28,,7351,15,,,1,70,,7350,15,,,1,30,,7353,15,,,1,70,,7346,15,,,1,29,,7352,15,,,1,89,,7354,15,,,1
1200000201,'27',2225,,7355,8,,,1,30,,7358,8,,,1,70,,7356,8,,,1,83,,7359,8,,,1,28,,7361,8,,,1,70,,7357,8,,,1,30,,7360,8,,,1
1200000201,'28',2225,,7362,8,,,1,30,,7365,8,,,1,70,,7363,8,,,1,83,,7366,8,,,1,28,,7368,8,,,1,70,,7364,8,,,1,30,,7367,8,,,1
1200000201,'29',2225,,7369,8,,,1,30,,7372,8,,,1,70,,7370,8,,,1,83,,7373,8,,,1,28,,7375,8,,,1,70,,7371,8,,,1,30,,7374,8,,,1
1200000201,'3',817,,7377,15,,,1,31,,7379,15,,,1,71,,7381,15,,,1,31,,7383,15,,,1,71,,7384,15,,,1,31,,7388,15,,,1,71,,7386,15,,,1,30,,7390,15,,,1,71,,7387,15,,,1,32,,7385,15,,,1,71,,7389,15,,,1,30,,7392,15,,,1,70,,7391,15,,,1,31,,7393,15,,,1,70,,7395,15,,,1,29,,7397,15,,,1,71,,7400,15,,,1,72,,7402,15,,,1,30,,7394,15,,,1,28,,7396,15,,,1,69,,7398,15,,,1,26,,7401,15,,,1,65,,7403,15,,,1,28,,7405,15,,,1,69,,7404,15,,,1,31,,7399,15,,,1,67,,7406,15,,,1
1200000401,'1',1659,,7635,15,,,1,64,,7633,15,,,1
