905231701,'27',2316,,6491,85,4,,2,29,,6494,85,4,,2,70,,6489,85,4,,2,30,,6492,85,4,,2,70,,6490,85,4,,2,30,,6493,85,4,,2,70,,6495,85,4,,2
905231701,'28',2316,,6498,85,4,,2,29,,6501,85,4,,2,70,,6496,85,4,,2,30,,6499,85,4,,2,70,,6497,85,4,,2,30,,6500,85,4,,2,70,,6502,85,4,,2
905231701,'29',2316,,6505,85,4,,2,29,,6508,85,4,,2,70,,6503,85,4,,2,30,,6506,85,4,,2,70,,6504,85,4,,2,30,,6507,85,4,,2,70,,6509,85,4,,2
1200000101,'1',1624,,7148,89,,,1,32,,7149,89,,,1,71,,7150,89,,,1,30,,7151,89,,,1
1200000301,'1',626,,7508,38,,,1,28,,7513,38,,,1,77,,7506,51,,,1,20,,7510,51,,,1,75,,7516,51,,,1,29,,7511,51,,,1,65,,7519,51,,,1,25,,7507,51,,,1,69,,7517,51,,,1,27,,7515,51,,,1,73,,7520,51,,,1,33,,7521,51,,,1,70,,7523,51,,,1,34,,7525,51,,,1,72,,7527,51,,,1,28,,7522,51,,,1,70,,7524,51,,,1,28,,7526,51,,,1,71,,7528,51,,,1,36,,7529,51,,,1,60,,7532,48,,,1,23,,7530,48,,,1,18,,7535,48,,,1,59,,7534,48,,,1,11,,7539,48,,,1,13,,7537,48,,,1,14,,7538,48,,,1,56,,7541,48,,,1,14,,7533,48,,,1,12,,7536,48,,,1,15,,7531,48,,,1,68,,7540,48,,,1,24,,7544,51,,,1,64,,7542,51,,,1,30,,7543,51,,,1,70,,7545,51,,,1,29,,7546,51,,,1,73,,7549,51,,,1,31,,7547,38,,,1,70,,7550,38,,,1,28,,7548,38,,,1,70,,7551,38,,,1,39,,7552,38,,,1
1200000301,'2',805,,7553,51,,,1,30,,7556,51,,,1,71,,7559,51,,,1,32,,7562,51,,,1,71,,7554,51,,,1,32,,7557,51,,,1,71,,7560,51,,,1,32,,7563,51,,,1,71,,7555,51,,,1,31,,7558,51,,,1,71,,7561,51,,,1,31,,7564,51,,,1,71,,7565,51,,,1,30,,7568,51,,,1,70,,7574,51,,,1,30,,7571,51,,,1,70,,7566,51,,,1,31,,7569,51,,,1,71,,7575,51,,,1,27,,7572,51,,,1,68,,7567,51,,,1,28,,7570,51,,,1,67,,7576,51,,,1,26,,7573,51,,,1,75,,7577,38,,,1,100,,7578,38,,,1,96,,7579,38,,,1,98,,7580,38,,,1,38,,7581,38,,,1,102,,7582,38,,,1
1200000301,'27',2239,,7584,41,,,1,70,,7587,41,,,1,30,,7589,41,,,1,83,,7585,41,,,1,28,,7588,41,,,1,70,,7583,41,,,1,30,,7586,41,,,1
1200000301,'28',2239,,7591,41,,,1,70,,7594,41,,,1,30,,7596,41,,,1,83,,7592,41,,,1,28,,7595,41,,,1,70,,7590,41,,,1,30,,7593,41,,,1
1200000301,'29',2239,,7598,41,,,1,70,,7601,41,,,1,30,,7603,41,,,1,83,,7599,41,,,1,28,,7602,41,,,1,70,,7597,41,,,1,30,,7600,41,,,1
1200000301,'3',835,,7604,51,,,1,71,,7606,51,,,1,32,,7612,51,,,1,71,,7609,51,,,1,32,,7605,51,,,1,71,,7607,51,,,1,32,,7613,51,,,1,71,,7610,51,,,1,31,,7614,51,,,1,71,,7608,51,,,1,31,,7616,51,,,1,71,,7611,51,,,1,30,,7615,51,,,1,70,,7618,51,,,1,30,,7617,51,,,1,70,,7621,51,,,1,31,,7623,51,,,1,71,,7619,51,,,1,27,,7627,51,,,1,68,,7622,51,,,1,28,,7624,51,,,1,67,,7620,51,,,1,26,,7628,51,,,1,75,,7625,38,,,1,121,,7626,38,,,1
2000002200,'1',606,,7709,7,0,18 19 20,2
