3101,'51',615,,2860,40,,,2,30,,2861,40,,,2,79,,2859,66,,,2,24,,2866,66,,,2,95,,2862,66,,,2,16,,2867,40,,,2,94,,2868,66,,,2,85,,2863,66,,,2,87,,2864,66,,,2,96,,2869,66,,,2,87,,2865,66,,,2,45,,2870,66,,,2,86,,2873,66,,,2,88,,2874,66,,,2,86,,2871,66,,,2,42,,2876,66,,,2,56,,2872,66,,,2,35,,2877,66,,,2,65,,2880,66,,,2,26,,2878,66,,,2,76,,2875,66,,,2,28,,2879,66,,,2
3600,'51',625,,2968,29,,,2,179,,2969,29,,,2,50,,2971,29,,,2,166,,2972,29,,,2,100,,2973,29,,,2,100,,2970,29,,,2,102,,2974,29,,,2,99,,2975,29,,,2,100,,2976,29,,,2,300,,2977,29,,,2,98,,2978,29,,,2,92,,2979,29,,,2,96,,2980,29,,,2,104,,2981,29,,,2,98,,2982,29,,,2
3600,'52',738,,2983,29,,,2,101,,2984,29,,,2,100,,2985,29,,,2,100,,2986,29,,,2,101,,2987,29,,,2,107,,2988,29,,,2,101,,2989,29,,,2,101,,2990,29,,,2,101,,2991,29,,,2,98,,2992,29,,,2,93,,2993,29,,,2,93,,2994,29,,,2,97,,2995,29,,,2,113,,2996,29,,,2,96,,2997,29,,,2,99,,2998,29,,,2,92,,2999,29,,,2
3600,'53',839,,3000,29,,,2,100,,3001,29,,,2,100,,3002,29,,,2,101,,3003,29,,,2,107,,3004,29,,,2,101,,3005,29,,,2,101,,3006,29,,,2,101,,3007,29,,,2,98,,3008,29,,,2,93,,3009,29,,,2,93,,3010,29,,,2,97,,3011,29,,,2
3600,'54',738,,3015,29,,,2,101,,3016,29,,,2,100,,3017,29,,,2,100,,3012,29,,,2,101,,3013,29,,,2,107,,3014,29,,,2,101,,3018,29,,,2,101,,3019,29,,,2,101,,3020,29,,,2,98,,3021,29,,,2,93,,3022,29,,,2,93,,3023,29,,,2,97,,3024,29,,,2,113,,3025,29,,,2,96,,3026,29,,,2,99,,3027,29,,,2,92,,3028,29,,,2
5003600,'51',700,,3386,29,,,2,24,,3385,29,,,2
5003601,'51',1622,,3389,41,,,2,84,,3387,41,,,2,24,,3388,41,,,2
2000003101,'52',724,,4208,40,,,2,101,,4209,66,,,2,101,,4210,66,,,2,100,,4211,66,,,2,100,,4212,66,,,2,100,,4213,66,,,2,100,,4214,66,,,2,199,,4215,66,,,2,102,,4216,66,,,2,102,,4217,66,,,2,98,,4218,66,,,2
2000003101,'53',825,,4220,40,,,2,100,,4221,66,,,2,101,,4222,66,,,2,100,,4223,66,,,2,100,,4224,66,,,2,100,,4225,66,,,2,199,,4226,66,,,2,102,,4227,66,,,2,102,,4228,66,,,2,98,,4229,66,,,2
2000003101,'54',724,,4231,40,,,2,101,,4232,66,,,2,101,,4233,66,,,2,100,,4234,66,,,2,100,,4235,66,,,2,100,,4236,66,,,2,100,,4237,66,,,2,199,,4238,66,,,2,102,,4239,66,,,2,102,,4240,66,,,2,98,,4241,66,,,2
