11100,'15',752,,6226,74,,,2
13100,'15',747,,6233,66,,,2
5004200,'11',658,,6399,16,,,2
905231701,'27',2250,,6491,38,4,,2,69,,6494,38,4,,2,30,,6489,38,4,,2,70,,6492,38,4,,2,30,,6490,38,4,,2,70,,6493,38,4,,2,30,,6495,38,4,,2
905231701,'28',2250,,6498,38,4,,2,69,,6501,38,4,,2,30,,6496,38,4,,2,70,,6499,38,4,,2,30,,6497,38,4,,2,70,,6500,38,4,,2,30,,6502,38,4,,2
905231701,'29',2250,,6505,38,4,,2,69,,6508,38,4,,2,30,,6503,38,4,,2,70,,6506,38,4,,2,30,,6504,38,4,,2,70,,6507,38,4,,2,30,,6509,38,4,,2
1200000101,'1',1547,,7148,42,,,1,72,,7149,42,,,1,31,,7150,42,,,1,71,,7151,42,,,1
1200000200,'1',547,,7154,16,,,1,55,,7153,38,,,1,15,,7158,38,,,1,16,,7159,38,,,1,18,,7160,38,,,1,55,,7162,38,,,1,16,,7163,38,,,1,17,,7152,38,,,1,15,,7165,38,,,1,55,,7157,38,,,1,14,,7155,38,,,1,14,,7161,38,,,1,15,,7166,38,,,1,58,,7164,38,,,1,18,,7167,38,,,1,29,,7169,38,,,1,69,,7171,38,,,1,30,,7156,38,,,1,70,,7172,38,,,1,30,,7168,38,,,1,70,,7170,38,,,1,31,,7174,38,,,1,70,,7175,38,,,1,29,,7173,38,,,1,70,,7177,38,,,1,18,,7179,38,,,1,71,,7180,38,,,1,17,,7181,38,,,1,12,,7178,38,,,1,14,,7182,38,,,1,55,,7183,38,,,1,16,,7185,38,,,1,15,,7176,38,,,1,13,,7188,38,,,1,55,,7189,38,,,1,17,,7192,38,,,1,13,,7193,38,,,1,15,,7187,38,,,1,69,,7186,38,,,1,29,,7184,38,,,1,70,,7190,38,,,1,30,,7196,38,,,1,70,,7197,38,,,1,30,,7199,38,,,1,69,,7200,38,,,1,32,,7194,38,,,1,70,,7191,38,,,1,32,,7198,38,,,1,66,,7201,38,,,1,30,,7195,38,0,14,1
1200000200,'2',725,,7205,38,,,1,30,,7204,38,,,1,71,,7208,38,,,1,30,,7202,38,,,1,70,,7207,38,,,1,30,,7206,38,,,1,71,,7210,38,,,1,30,,7209,38,,,1,70,,7203,38,,,1,31,,7212,38,,,1,70,,7214,38,,,1,30,,7211,38,,,1,70,,7216,38,,,1,31,,7217,38,,,1,70,,7213,38,,,1,29,,7215,38,,,1,70,,7219,38,,,1,30,,7221,38,,,1,70,,7218,38,,,1,30,,7223,38,,,1,70,,7224,38,,,1,29,,7220,38,,,1,69,,7222,38,,,1,28,,7228,38,,,1,70,,7227,38,,,1,31,,7225,38,,,1,69,,7229,38,,,1,29,,7231,38,,,1,70,,7230,38,,,1,30,,7233,38,,,1,70,,7226,38,,,1,30,,7232,38,,,1,70,,7234,38,,,1
1200000200,'3',725,,7235,38,,,1,30,,7236,38,,,1,71,,7237,38,,,1,30,,7238,38,,,1,70,,7239,38,,,1,30,,7243,38,,,1,71,,7241,38,,,1,30,,7245,38,,,1,70,,7242,38,,,1,31,,7240,38,,,1,70,,7244,38,,,1,30,,7247,38,,,1,70,,7246,38,,,1,31,,7248,38,,,1,70,,7250,38,,,1,29,,7252,38,,,1,70,,7255,38,,,1,30,,7257,38,,,1,70,,7249,38,,,1,30,,7251,38,,,1,70,,7253,38,,,1,29,,7256,38,,,1,69,,7258,38,,,1,28,,7260,38,,,1,70,,7259,38,,,1,31,,7254,38,,,1,69,,7261,38,,,1
1200000400,'1',658,,7629,40,,,1,56,,7630,40,,,1
2000000201,'1',707,,7658,32,4,,2,30,,7659,32,4,,2,70,,7660,32,4,,2,800,,7661,32,4,,2,30,,7662,32,4,,2,70,,7663,32,4,,2,30,,7664,32,4,,2,68,,7665,32,4,,2
2000000201,'12',835,,7666,32,4,,2
