3101,'1',609,,6012,40,,,2,30,,6014,40,,,2,67,,6013,72,,,2,32,,6011,72,,,2,104,,6015,72,,,2,105,,6016,72,,,2,99,,6017,72,,,2,100,,6018,72,,,2,106,,6019,72,,,2,102,,6020,72,,,2,101,,6021,72,,,2,100,,6022,72,,,2,97,,6023,72,,,2,71,,6026,72,,,2,31,,6027,72,,,2,71,,6024,72,,,2,33,,6028,72,,,2,64,,6025,72,,,2,36,,6029,72,,,2
3800,'1',811,,6171,41,,,2,103,,6172,41,,,2,99,,6173,41,,,2,102,,6174,41,,,2,115,,6175,41,,,2,102,,6176,41,,,2,102,,6177,41,,,2,106,,6178,41,,,2,119,,6179,41,,,2,72,,6180,41,,,2,174,,6181,41,,,2,96,,6182,41,,,2,56,,6183,41,,,2,100,,6184,41,,,2,98,,6185,41,,,2
3800,'2',739,,6186,41,,,2,101,,6187,41,,,2,103,,6188,41,,,2,101,,6189,41,,,2,102,,6190,41,,,2,156,,6191,41,,,2,102,,6192,41,,,2,101,,6193,41,,,2,100,,6194,41,,,2,102,,6195,41,,,2,99,,6196,41,,,2,94,,6197,41,,,2,56,,6198,41,,,2,100,,6199,41,,,2,97,,6200,41,,,2,101,,6201,41,,,2
3800,'3',840,,6202,41,,,2,103,,6203,41,,,2,101,,6204,41,,,2,102,,6205,41,,,2,156,,6206,41,,,2,102,,6207,41,,,2,101,,6208,41,,,2,100,,6209,41,,,2,102,,6210,41,,,2,99,,6211,41,,,2,94,,6212,41,,,2,56,,6213,41,,,2
3900,'1',639,,6215,24,,,2,80,,6216,24,,,2,31,,6214,24,,,2
31100,'15',745,,6300,50,,,2
35100,'15',728,,6307,37,,,2
35500,'12',818,,6308,37,,,2
38000,'1',1653,,6312,12,,,2,87,,6310,12,,,2,86,,6311,12,,,2
38100,'15',732,,6316,42,,,2
38500,'12',824,,6317,29,,,2
5003801,'1',1726,,6398,72,,,2,89,,6397,72,,,2
2000003101,'2',712,,7719,41,,,2,102,,7720,73,,,2,101,,7721,73,,,2,101,,7722,73,,,2,101,,7723,73,,,2,101,,7724,73,,,2,101,,7725,73,,,2,215,,7726,73,,,2,101,,7727,73,,,2,101,,7728,73,,,2,96,,7729,73,,,2
2000003101,'3',814,,7731,41,,,2,101,,7732,73,,,2,101,,7733,73,,,2,101,,7734,73,,,2,101,,7735,73,,,2,101,,7736,73,,,2,215,,7737,73,,,2,101,,7738,73,,,2,101,,7739,73,,,2,96,,7740,73,,,2
