905231701,'27',2310,,6491,69,4,,2,29,,6494,69,4,,2,70,,6489,69,4,,2,30,,6492,69,4,,2,70,,6490,69,4,,2,30,,6493,69,4,,2,70,,6495,69,4,,2
905231701,'28',2310,,6498,69,4,,2,29,,6501,69,4,,2,70,,6496,69,4,,2,30,,6499,69,4,,2,70,,6497,69,4,,2,30,,6500,69,4,,2,70,,6502,69,4,,2
905231701,'29',2310,,6505,69,4,,2,29,,6508,69,4,,2,70,,6503,69,4,,2,30,,6506,69,4,,2,70,,6504,69,4,,2,30,,6507,69,4,,2,70,,6509,69,4,,2
1200000101,'1',1617,,7023,73,,,1,32,,7024,73,,,1,71,,7025,73,,,1,30,,7026,73,,,1
1200000301,'1',619,,7383,22,,,1,28,,7388,22,,,1,77,,7381,35,,,1,20,,7385,35,,,1,75,,7391,35,,,1,29,,7386,35,,,1,65,,7394,35,,,1,25,,7382,35,,,1,69,,7392,35,,,1,27,,7390,35,,,1,73,,7395,35,,,1,33,,7396,35,,,1,70,,7398,35,,,1,34,,7400,35,,,1,72,,7402,35,,,1,28,,7397,35,,,1,70,,7399,35,,,1,28,,7401,35,,,1,71,,7403,35,,,1,36,,7404,35,,,1,60,,7407,32,,,1,23,,7405,32,,,1,18,,7410,32,,,1,59,,7409,32,,,1,11,,7414,32,,,1,13,,7412,32,,,1,14,,7413,32,,,1,56,,7416,32,,,1,14,,7408,32,,,1,12,,7411,32,,,1,15,,7406,32,,,1,68,,7415,32,,,1,24,,7419,35,,,1,64,,7417,35,,,1,31,,7418,35,,,1,70,,7420,35,,,1,29,,7421,35,,,1,73,,7424,35,,,1,31,,7422,22,,,1,70,,7425,22,,,1,28,,7423,22,,,1,70,,7426,22,,,1,39,,7427,22,,,1
1200000301,'2',759,,7428,35,,,1,70,,7431,35,,,1,71,,7434,35,,,1,32,,7437,35,,,1,71,,7429,35,,,1,32,,7432,35,,,1,71,,7435,35,,,1,31,,7438,35,,,1,71,,7430,35,,,1,31,,7433,35,,,1,71,,7436,35,,,1,31,,7439,35,,,1,71,,7440,35,,,1,30,,7443,35,,,1,70,,7449,35,,,1,30,,7446,35,,,1,70,,7441,35,,,1,31,,7444,35,,,1,71,,7450,35,,,1,27,,7447,35,,,1,68,,7442,35,,,1,28,,7445,35,,,1,67,,7451,35,,,1,27,,7448,35,,,1,75,,7452,22,,,1,100,,7453,22,,,1,96,,7454,22,,,1,98,,7455,22,,,1,38,,7456,22,,,1,102,,7457,22,,,1
1200000301,'27',2233,,7459,25,,,1,70,,7462,25,,,1,30,,7464,25,,,1,83,,7460,25,,,1,28,,7463,25,,,1,70,,7458,25,,,1,30,,7461,25,,,1
1200000301,'28',2233,,7466,25,,,1,70,,7469,25,,,1,30,,7471,25,,,1,83,,7467,25,,,1,28,,7470,25,,,1,70,,7465,25,,,1,30,,7468,25,,,1
1200000301,'29',2233,,7473,25,,,1,70,,7476,25,,,1,30,,7478,25,,,1,83,,7474,25,,,1,28,,7477,25,,,1,70,,7472,25,,,1,30,,7475,25,,,1
1200000301,'3',829,,7479,35,,,1,71,,7481,35,,,1,32,,7487,35,,,1,71,,7484,35,,,1,32,,7480,35,,,1,71,,7482,35,,,1,31,,7488,35,,,1,71,,7485,35,,,1,31,,7489,35,,,1,71,,7483,35,,,1,31,,7491,35,,,1,71,,7486,35,,,1,30,,7490,35,,,1,70,,7493,35,,,1,30,,7492,35,,,1,70,,7496,35,,,1,31,,7498,35,,,1,71,,7494,35,,,1,27,,7502,35,,,1,68,,7497,35,,,1,28,,7499,35,,,1,67,,7495,35,,,1,27,,7503,35,,,1,75,,7500,22,,,1,121,,7501,22,,,1
