2201,'14',1637,,5902,3,0,14,2
2301,'14',1636,,5979,3,,,2,1,,5978,3,0,14,2
3400,'1',622,,6032,36,,,2,116,,6033,38,,,2,79,,6031,36,,,2,795,,6037,36,,,2,102,,6034,38,,,2,26,,6035,38,,,2,92,,6036,38,,,2
3401,'14',1636,,6048,3,,,2
3501,'1',558,,6049,32,,,2,98,,6050,34,,,2,84,,6051,34,,,2,96,,6052,34,,,2,83,,6053,34,,,2,39,,6054,34,,,2,85,,6055,34,,,2,85,,6056,34,,,2,86,,6057,34,,,2,45,,6058,34,,,2,85,,6059,34,,,2,85,,6060,34,,,2,85,,6061,34,,,2,100,,6062,34,,,2,44,,6064,34,,,2,80,,6065,34,,,2,82,,6066,34,,,2,82,,6067,34,,,2,34,,6063,34,,,2,78,,6068,34,,,2,26,,6069,34,,,2,71,,6070,34,,,2,27,,6071,34,,,2,78,,6072,34,,,2,30,,6073,34,,,2,68,,6074,34,,,2,25,,6075,34,,,2
3501,'2',720,,6076,34,,,2,30,,6077,34,,,2,70,,6078,34,,,2,30,,6079,34,,,2,72,,6080,34,,,2,33,,6081,34,,,2,88,,6082,34,,,2,85,,6083,34,,,2,87,,6084,34,,,2,87,,6085,34,,,2,49,,6086,34,,,2,85,,6088,34,,,2,86,,6089,34,,,2,85,,6090,34,,,2,45,,6091,34,,,2,81,,6092,34,,,2,83,,6087,34,,,2,39,,6093,34,,,2,78,,6094,34,,,2,85,,6095,34,,,2,30,,6096,34,,,2,68,,6097,34,,,2,28,,6098,34,,,2,70,,6099,34,,,2,30,,6100,34,,,2,68,,6101,34,,,2,25,,6102,34,,,2
3501,'3',850,,6103,34,,,2,72,,6104,34,,,2,33,,6105,34,,,2,88,,6106,34,,,2,85,,6107,34,,,2,87,,6108,34,,,2,87,,6109,34,,,2,49,,6110,34,,,2,85,,6111,34,,,2,86,,6112,34,,,2,85,,6114,34,,,2,45,,6115,34,,,2,81,,6116,34,,,2,83,,6117,34,,,2,39,,6118,34,,,2,78,,6119,34,,,2,85,,6113,34,,,2
3600,'1',630,,6120,32,,,2
3600,'13',905,,6121,32,,,2
20001,'1',602,,6248,8,0,14,2,24,,6249,8,0,14,2,816,,6250,8,,,2,74,,6251,8,,,2
20001,'2',633,,6252,8,,,2,19,,6253,8,0,14,2,51,,6254,8,,,2
1200000201,'14',1632,,7192,5,,,1
2000003400,'2',732,,7617,36,,,2,85,,7618,38,,,2,86,,7619,38,,,2,45,,7620,38,,,2,87,,7621,38,,,2,86,,7622,38,,,2,85,,7623,38,,,2,48,,7624,38,,,2,171,,7625,38,,,2,83,,7626,38,,,2,47,,7627,38,,,2,83,,7628,38,,,2,90,,7629,38,,,2,82,,7630,38,,,2,41,,7631,38,,,2
2000003400,'3',817,,7632,36,,,2,86,,7633,38,,,2,45,,7634,38,,,2,87,,7635,38,,,2,86,,7636,38,,,2,85,,7637,38,,,2,48,,7638,38,,,2,171,,7639,38,,,2,83,,7640,38,,,2,47,,7641,38,,,2,83,,7642,38,,,2,90,,7643,38,,,2,82,,7644,38,,,2,41,,7645,38,,,2
