905231701,'27',2317,,6491,86,4,,2,29,,6494,86,4,,2,70,,6489,86,4,,2,30,,6492,86,4,,2,70,,6490,86,4,,2,30,,6493,86,4,,2,70,,6495,86,4,,2
905231701,'28',2317,,6498,86,4,,2,29,,6501,86,4,,2,70,,6496,86,4,,2,30,,6499,86,4,,2,70,,6497,86,4,,2,30,,6500,86,4,,2,70,,6502,86,4,,2
905231701,'29',2317,,6505,86,4,,2,29,,6508,86,4,,2,70,,6503,86,4,,2,30,,6506,86,4,,2,70,,6504,86,4,,2,30,,6507,86,4,,2,70,,6509,86,4,,2
1200000101,'1',1625,,7023,90,,,1,32,,7024,90,,,1,71,,7025,90,,,1,29,,7026,90,,,1
1200000301,'1',626,,7383,39,,,1,28,,7388,39,,,1,77,,7381,52,,,1,20,,7385,52,,,1,75,,7391,52,,,1,29,,7386,52,,,1,65,,7394,52,,,1,25,,7382,52,,,1,69,,7392,52,,,1,27,,7390,52,,,1,73,,7395,52,,,1,33,,7396,52,,,1,70,,7398,52,,,1,34,,7400,52,,,1,72,,7402,52,,,1,28,,7397,52,,,1,70,,7399,52,,,1,28,,7401,52,,,1,72,,7403,52,,,1,36,,7404,52,,,1,60,,7407,49,,,1,23,,7405,49,,,1,18,,7410,49,,,1,59,,7409,49,,,1,11,,7414,49,,,1,12,,7412,49,,,1,14,,7413,49,,,1,56,,7416,49,,,1,14,,7408,49,,,1,12,,7411,49,,,1,15,,7406,49,,,1,68,,7415,49,,,1,24,,7419,52,,,1,64,,7417,52,,,1,31,,7418,52,,,1,70,,7420,52,,,1,29,,7421,52,,,1,73,,7424,52,,,1,31,,7422,39,,,1,70,,7425,39,,,1,28,,7423,39,,,1,70,,7426,39,,,1,39,,7427,39,,,1
1200000301,'2',806,,7428,52,,,1,30,,7431,52,,,1,71,,7434,52,,,1,32,,7437,52,,,1,71,,7429,52,,,1,32,,7432,52,,,1,71,,7435,52,,,1,31,,7438,52,,,1,71,,7430,52,,,1,31,,7433,52,,,1,71,,7436,52,,,1,31,,7439,52,,,1,71,,7440,52,,,1,30,,7443,52,,,1,70,,7449,52,,,1,30,,7446,52,,,1,70,,7441,52,,,1,31,,7444,52,,,1,71,,7450,52,,,1,27,,7447,52,,,1,68,,7442,52,,,1,28,,7445,52,,,1,67,,7451,52,,,1,27,,7448,52,,,1,75,,7452,39,,,1,100,,7453,39,,,1,96,,7454,39,,,1,98,,7455,39,,,1,37,,7456,39,,,1,102,,7457,39,,,1
1200000301,'27',2240,,7459,42,,,1,70,,7462,42,,,1,30,,7464,42,,,1,83,,7460,42,,,1,28,,7463,42,,,1,70,,7458,42,,,1,30,,7461,42,,,1
1200000301,'28',2240,,7466,42,,,1,70,,7469,42,,,1,30,,7471,42,,,1,83,,7467,42,,,1,28,,7470,42,,,1,70,,7465,42,,,1,30,,7468,42,,,1
1200000301,'29',2240,,7473,42,,,1,70,,7476,42,,,1,30,,7478,42,,,1,83,,7474,42,,,1,28,,7477,42,,,1,70,,7472,42,,,1,30,,7475,42,,,1
1200000301,'3',836,,7479,52,,,1,71,,7481,52,,,1,32,,7487,52,,,1,71,,7484,52,,,1,32,,7480,52,,,1,71,,7482,52,,,1,31,,7488,52,,,1,71,,7485,52,,,1,31,,7489,52,,,1,71,,7483,52,,,1,31,,7491,52,,,1,71,,7486,52,,,1,30,,7490,52,,,1,70,,7493,52,,,1,30,,7492,52,,,1,70,,7496,52,,,1,31,,7498,52,,,1,71,,7494,52,,,1,27,,7502,52,,,1,68,,7497,52,,,1,28,,7499,52,,,1,67,,7495,52,,,1,27,,7503,52,,,1,75,,7500,39,,,1,121,,7501,39,,,1
2000002200,'1',607,,7584,8,0,18 19 20,2
