11100,'15',745,,6226,66,,,2
13100,'15',742,,6233,60,,,2
5004200,'11',652,,6399,10,,,2
905231701,'27',2246,,6491,32,4,,2,69,,6494,32,4,,2,30,,6489,32,4,,2,70,,6492,32,4,,2,30,,6490,32,4,,2,70,,6493,32,4,,2,30,,6495,32,4,,2
905231701,'28',2246,,6498,32,4,,2,69,,6501,32,4,,2,30,,6496,32,4,,2,70,,6499,32,4,,2,30,,6497,32,4,,2,70,,6500,32,4,,2,30,,6502,32,4,,2
905231701,'29',2246,,6505,32,4,,2,69,,6508,32,4,,2,30,,6503,32,4,,2,70,,6506,32,4,,2,30,,6504,32,4,,2,70,,6507,32,4,,2,30,,6509,32,4,,2
1200000101,'1',1541,,7148,36,,,1,72,,7149,36,,,1,31,,7150,36,,,1,71,,7151,36,,,1
1200000200,'1',543,,7154,10,,,1,15,,7153,32,,,1,55,,7158,32,,,1,15,,7159,32,,,1,17,,7160,32,,,1,55,,7162,32,,,1,16,,7163,32,,,1,17,,7152,32,,,1,15,,7165,32,,,1,55,,7157,32,,,1,14,,7155,32,,,1,14,,7161,32,,,1,15,,7166,32,,,1,59,,7164,32,,,1,19,,7167,32,,,1,29,,7169,32,,,1,69,,7171,32,,,1,30,,7156,32,,,1,70,,7172,32,,,1,30,,7168,32,,,1,70,,7170,32,,,1,31,,7174,32,,,1,70,,7175,32,,,1,29,,7173,32,,,1,70,,7177,32,,,1,18,,7179,32,,,1,71,,7180,32,,,1,15,,7181,32,,,1,12,,7178,32,,,1,14,,7182,32,,,1,55,,7183,32,,,1,16,,7185,32,,,1,15,,7176,32,,,1,13,,7188,32,,,1,55,,7189,32,,,1,17,,7192,32,,,1,14,,7193,32,,,1,15,,7187,32,,,1,69,,7186,32,,,1,30,,7184,32,,,1,70,,7190,32,,,1,30,,7196,32,,,1,70,,7197,32,,,1,30,,7199,32,,,1,69,,7200,32,,,1,32,,7194,32,,,1,70,,7191,32,,,1,32,,7198,32,,,1,66,,7201,32,,,1,30,,7195,32,0,14,1
1200000200,'2',721,,7205,32,,,1,30,,7204,32,,,1,71,,7208,32,,,1,30,,7202,32,,,1,70,,7207,32,,,1,30,,7206,32,,,1,70,,7210,32,,,1,30,,7209,32,,,1,70,,7203,32,,,1,31,,7212,32,,,1,70,,7214,32,,,1,30,,7211,32,,,1,70,,7216,32,,,1,30,,7217,32,,,1,70,,7213,32,,,1,30,,7215,32,,,1,70,,7219,32,,,1,30,,7221,32,,,1,70,,7218,32,,,1,30,,7223,32,,,1,70,,7224,32,,,1,30,,7220,32,,,1,69,,7222,32,,,1,28,,7228,32,,,1,70,,7227,32,,,1,31,,7225,32,,,1,69,,7229,32,,,1,29,,7231,32,,,1,70,,7230,32,,,1,30,,7233,32,,,1,70,,7226,32,,,1,30,,7232,32,,,1,70,,7234,32,,,1
1200000200,'3',721,,7235,32,,,1,30,,7236,32,,,1,71,,7237,32,,,1,30,,7238,32,,,1,70,,7239,32,,,1,30,,7243,32,,,1,70,,7241,32,,,1,30,,7245,32,,,1,70,,7242,32,,,1,31,,7240,32,,,1,70,,7244,32,,,1,30,,7247,32,,,1,70,,7246,32,,,1,30,,7248,32,,,1,70,,7250,32,,,1,30,,7252,32,,,1,70,,7255,32,,,1,30,,7257,32,,,1,70,,7249,32,,,1,30,,7251,32,,,1,70,,7253,32,,,1,30,,7256,32,,,1,69,,7258,32,,,1,28,,7260,32,,,1,70,,7259,32,,,1,31,,7254,32,,,1,69,,7261,32,,,1
1200000400,'1',652,,7629,34,,,1,56,,7630,34,,,1
