13101,'85',1525,,4865,22,,,2
13800,'82',829,,4870,8,,,2
34500,'82',827,,4949,35,,,2
35500,'82',832,,4955,48,,,2
1200000100,'71',643,,5061,63,0,34 35 6 31,1,70,,5062,63,0,34 35 6 31,1,21,,5063,63,0,34 35 6 31,1,69,,5066,63,0,16 1 17,1,30,,5064,63,0,34 35 6 31,1
1200000201,'71',621,,5201,18,0,29,1,35,,5205,30,0,29,1,55,,5204,30,0,29,1,20,,5208,30,0,29,1,10,,5214,30,0,29,1,14,,5203,30,0,29,1,55,,5213,30,0,29,1,19,,5207,30,0,29,1,17,,5218,30,0,29,1,55,,5202,30,0,29,1,14,,5221,30,0,29,1,14,,5206,30,0,29,1,12,,5223,30,0,29,1,12,,5216,30,0,29,1,52,,5224,30,0,29,1,15,,5209,30,0,29,1,12,,5225,30,0,29,1,17,,5217,30,0,29,1,58,,5219,30,0,29,1,14,,5226,30,0,29,1,15,,5222,30,0,29,1,15,,5228,30,0,29,1,55,,5229,30,0,29,1,15,,5230,30,0,29,1,17,,5232,30,0,29,1,15,,5233,30,0,29,1,55,,5235,30,0,29,1,15,,5236,30,0,29,1,15,,5237,30,0,29,1,16,,5227,30,0,29,1,55,,5239,30,0,29,1,15,,5240,30,0,29,1,15,,5241,30,0,29,1,14,,5231,30,0,29,1,56,,5238,30,0,29,1,18,,5234,30,0,29,1,27,,5242,30,0,29,1,60,,5243,30,0,29,1,18,,5244,30,0,29,1,15,,5245,30,0,29,1,6,,5253,18,0,29,1,54,,5246,30,0,29,1,9,,5247,30,0,29,1,12,,5249,30,0,29,1,11,,5251,30,0,29,1,15,,5254,30,0,29,1,53,,5255,30,0,29,1,9,,5256,30,0,29,1,13,,5259,30,0,29,1,17,,5260,30,0,29,1,9,,5257,30,0,29,1,52,,5258,30,0,29,1,13,,5250,30,0,29,1,12,,5248,30,0,29,1,14,,5261,30,0,29,1,54,,5252,30,0,29,1,20,,5262,30,0,29,1,30,,5263,30,0,29,1,72,,5265,30,0,29,1,35,,5267,30,0,29,1,68,,5269,30,0,29,1,31,,5264,30,0,29,1,67,,5266,30,0,29,1,31,,5268,30,0,29,1,86,,5270,30,0,29,1
1200000201,'72',716,,5272,30,0,29,1,31,,5271,30,0,29,1,70,,5273,30,0,29,1,32,,5279,30,0,29,1,70,,5284,30,0,29,1,32,,5277,30,0,29,1,72,,5276,30,0,29,1,29,,5282,30,0,29,1,70,,5283,30,0,29,1,31,,5285,30,0,29,1,69,,5274,30,0,29,1,31,,5280,30,0,29,1,70,,5278,30,0,29,1,30,,5286,30,0,29,1,72,,5287,30,0,29,1,29,,5289,30,0,29,1,73,,5288,30,0,29,1,29,,5291,30,0,29,1,69,,5292,30,0,29,1,33,,5293,30,0,29,1,71,,5294,30,0,29,1,27,,5295,30,0,29,1,68,,5290,30,0,29,1,30,,5297,30,0,29,1,65,,5296,30,0,29,1,39,,5300,30,0,29,1,69,,5302,30,0,29,1,31,,5298,30,0,29,1,67,,5304,30,0,29,1,28,,5305,30,0,29,1,70,,5301,30,0,29,1,30,,5303,30,0,29,1,69,,5299,30,0,29,1,29,,5306,30,0,29,1,90,,5307,30,0,29,1
1200000201,'73',817,,5308,30,0,29,1,32,,5311,30,0,29,1,70,,5315,30,0,29,1,32,,5318,30,0,29,1,72,,5310,30,0,29,1,29,,5314,30,0,29,1,70,,5317,30,0,29,1,31,,5320,30,0,29,1,69,,5321,30,0,29,1,31,,5312,30,0,29,1,70,,5322,30,0,29,1,30,,5324,30,0,29,1,72,,5323,30,0,29,1,29,,5326,30,0,29,1,73,,5325,30,0,29,1,29,,5328,30,0,29,1,69,,5329,30,0,29,1,33,,5330,30,0,29,1,71,,5331,30,0,29,1,27,,5333,30,0,29,1,68,,5327,30,0,29,1,30,,5336,30,0,29,1,65,,5334,30,0,29,1,39,,5338,30,0,29,1,69,,5332,30,0,29,1,31,,5337,30,0,29,1,67,,5335,30,0,29,1
1200000201,'81',704,,5339,18,0,29,1,15,,5340,18,0,29,1,820,,5341,30,0,29,1
1200000201,'89',1622,,5345,30,0,29,1,15,,5346,30,0,29,1
1200000401,'71',1710,,5572,30,0,31,1,26,,5571,30,0,31,1,22,,5575,30,0,31,1
