905231701,'27',2309,,6491,68,4,,2,29,,6494,68,4,,2,70,,6489,68,4,,2,30,,6492,68,4,,2,70,,6490,68,4,,2,30,,6493,68,4,,2,70,,6495,68,4,,2
905231701,'28',2309,,6498,68,4,,2,29,,6501,68,4,,2,70,,6496,68,4,,2,30,,6499,68,4,,2,70,,6497,68,4,,2,30,,6500,68,4,,2,70,,6502,68,4,,2
905231701,'29',2309,,6505,68,4,,2,29,,6508,68,4,,2,70,,6503,68,4,,2,30,,6506,68,4,,2,70,,6504,68,4,,2,30,,6507,68,4,,2,70,,6509,68,4,,2
1200000101,'1',1616,,7023,72,,,1,32,,7024,72,,,1,71,,7025,72,,,1,30,,7026,72,,,1
1200000301,'1',618,,7383,21,,,1,28,,7388,21,,,1,77,,7381,34,,,1,20,,7385,34,,,1,75,,7391,34,,,1,29,,7386,34,,,1,65,,7394,34,,,1,25,,7382,34,,,1,69,,7392,34,,,1,27,,7390,34,,,1,73,,7395,34,,,1,33,,7396,34,,,1,70,,7398,34,,,1,34,,7400,34,,,1,72,,7402,34,,,1,28,,7397,34,,,1,70,,7399,34,,,1,28,,7401,34,,,1,71,,7403,34,,,1,36,,7404,34,,,1,60,,7407,31,,,1,23,,7405,31,,,1,18,,7410,31,,,1,59,,7409,31,,,1,11,,7414,31,,,1,13,,7412,31,,,1,14,,7413,31,,,1,56,,7416,31,,,1,14,,7408,31,,,1,12,,7411,31,,,1,15,,7406,31,,,1,68,,7415,31,,,1,24,,7419,34,,,1,24,,7417,34,,,1,71,,7418,34,,,1,70,,7420,34,,,1,29,,7421,34,,,1,73,,7424,34,,,1,31,,7422,21,,,1,70,,7425,21,,,1,28,,7423,21,,,1,70,,7426,21,,,1,39,,7427,21,,,1
1200000301,'2',758,,7428,34,,,1,70,,7431,34,,,1,31,,7434,34,,,1,72,,7437,34,,,1,71,,7429,34,,,1,32,,7432,34,,,1,71,,7435,34,,,1,31,,7438,34,,,1,71,,7430,34,,,1,31,,7433,34,,,1,71,,7436,34,,,1,31,,7439,34,,,1,71,,7440,34,,,1,30,,7443,34,,,1,70,,7449,34,,,1,30,,7446,34,,,1,70,,7441,34,,,1,31,,7444,34,,,1,71,,7450,34,,,1,27,,7447,34,,,1,68,,7442,34,,,1,28,,7445,34,,,1,67,,7451,34,,,1,27,,7448,34,,,1,75,,7452,21,,,1,100,,7453,21,,,1,96,,7454,21,,,1,58,,7455,21,,,1,78,,7456,21,,,1,102,,7457,21,,,1
1200000301,'27',2232,,7459,24,,,1,70,,7462,24,,,1,30,,7464,24,,,1,83,,7460,24,,,1,28,,7463,24,,,1,70,,7458,24,,,1,30,,7461,24,,,1
1200000301,'28',2232,,7466,24,,,1,70,,7469,24,,,1,30,,7471,24,,,1,83,,7467,24,,,1,28,,7470,24,,,1,70,,7465,24,,,1,30,,7468,24,,,1
1200000301,'29',2232,,7473,24,,,1,70,,7476,24,,,1,30,,7478,24,,,1,83,,7474,24,,,1,28,,7477,24,,,1,70,,7472,24,,,1,30,,7475,24,,,1
1200000301,'3',828,,7479,34,,,1,31,,7481,34,,,1,72,,7487,34,,,1,71,,7484,34,,,1,32,,7480,34,,,1,71,,7482,34,,,1,31,,7488,34,,,1,71,,7485,34,,,1,31,,7489,34,,,1,71,,7483,34,,,1,31,,7491,34,,,1,71,,7486,34,,,1,30,,7490,34,,,1,70,,7493,34,,,1,30,,7492,34,,,1,70,,7496,34,,,1,31,,7498,34,,,1,71,,7494,34,,,1,27,,7502,34,,,1,68,,7497,34,,,1,28,,7499,34,,,1,67,,7495,34,,,1,27,,7503,34,,,1,75,,7500,21,,,1,121,,7501,21,,,1
