22100,'15',735,,6288,35,,,2
22200,'15',735,,6289,31,,,2
23100,'15',742,,6293,68,,,2
5003701,'1',1720,,6396,19,,,2
5003801,'1',1655,,6398,19,,,2,90,,6397,19,,,2
1200000100,'1',634,,7141,52,,,1,70,,7142,52,,,1,21,,7143,52,,,1,30,,7146,52,0,16 1 17,1,70,,7144,52,,,1
1200000201,'1',611,,7262,7,,,1,37,,7265,19,,,1,55,,7264,19,,,1,20,,7269,19,,,1,23,,7271,19,,,1,60,,7273,19,,,1,20,,7276,19,,,1,15,,7277,19,,,1,16,,7263,19,,,1,54,,7280,19,,,1,14,,7268,19,,,1,11,,7266,19,,,1,12,,7275,19,,,1,52,,7281,19,,,1,14,,7278,19,,,1,17,,7282,19,,,1,70,,7284,19,,,1,29,,7286,19,,,1,70,,7267,19,,,1,32,,7287,19,,,1,70,,7283,19,,,1,30,,7285,19,,,1,71,,7289,19,,,1,30,,7290,19,,,1,69,,7288,19,,,1,38,,7292,19,,,1,67,,7294,19,,,1,18,,7297,19,,,1,17,,7295,19,,,1,17,,7296,19,,,1,52,,7293,19,,,1,11,,7298,19,,,1,13,,7299,19,,,1,14,,7301,19,,,1,54,,7291,19,,,1,9,,7304,19,,,1,13,,7305,19,,,1,13,,7308,19,,,1,12,,7309,19,,,1,53,,7303,19,,,1,24,,7302,19,,,1,26,,7300,19,,,1,59,,7310,19,,,1,30,,7311,19,,,1,72,,7306,19,,,1,35,,7313,19,,,1,68,,7315,19,,,1,31,,7312,19,,,1,67,,7307,19,,,1,31,,7314,19,,,1,86,,7316,19,,,1
1200000201,'14',1643,,7317,13,,,1
1200000201,'2',642,,7321,7,,,1,79,,7318,19,,,1,30,,7326,19,,,1,71,,7324,19,,,1,31,,7322,19,,,1,71,,7328,19,,,1,31,,7319,19,,,1,71,,7327,19,,,1,31,,7325,19,,,1,72,,7330,19,,,1,30,,7329,19,,,1,71,,7320,19,,,1,72,,7332,19,,,1,31,,7334,19,,,1,70,,7331,19,,,1,30,,7336,19,,,1,71,,7337,19,,,1,30,,7333,19,,,1,69,,7335,19,,,1,31,,7339,19,,,1,72,,7341,19,,,1,29,,7338,19,,,1,67,,7343,19,,,1,29,,7344,19,,,1,25,,7340,19,,,1,65,,7342,19,,,1,28,,7348,19,,,1,69,,7347,19,,,1,31,,7345,19,,,1,67,,7349,19,,,1,28,,7351,19,,,1,70,,7350,19,,,1,30,,7353,19,,,1,70,,7346,19,,,1,29,,7352,19,,,1,89,,7354,19,,,1
1200000201,'27',2229,,7355,12,,,1,30,,7358,12,,,1,69,,7356,12,,,1,83,,7359,12,,,1,28,,7361,12,,,1,70,,7357,12,,,1,30,,7360,12,,,1
1200000201,'28',2228,,7362,12,,,1,30,,7365,12,,,1,70,,7363,12,,,1,83,,7366,12,,,1,28,,7368,12,,,1,70,,7364,12,,,1,30,,7367,12,,,1
1200000201,'29',2228,,7369,12,,,1,30,,7372,12,,,1,70,,7370,12,,,1,83,,7373,12,,,1,28,,7375,12,,,1,70,,7371,12,,,1,30,,7374,12,,,1
1200000201,'3',822,,7377,19,,,1,31,,7379,19,,,1,71,,7381,19,,,1,31,,7383,19,,,1,71,,7384,19,,,1,31,,7388,19,,,1,72,,7386,19,,,1,30,,7390,19,,,1,71,,7387,19,,,1,72,,7385,19,,,1,31,,7389,19,,,1,70,,7392,19,,,1,30,,7391,19,,,1,71,,7393,19,,,1,30,,7395,19,,,1,69,,7397,19,,,1,31,,7400,19,,,1,72,,7402,19,,,1,29,,7394,19,,,1,67,,7396,19,,,1,29,,7398,19,,,1,25,,7401,19,,,1,65,,7403,19,,,1,28,,7405,19,,,1,69,,7404,19,,,1,31,,7399,19,,,1,67,,7406,19,,,1
1200000401,'1',1705,,7635,19,,,1,23,,7633,19,,,1
