905231701,'27',2305,,6491,59,4,,2,29,,6494,59,4,,2,70,,6489,59,4,,2,30,,6492,59,4,,2,70,,6490,59,4,,2,30,,6493,59,4,,2,70,,6495,59,4,,2
905231701,'28',2305,,6498,59,4,,2,29,,6501,59,4,,2,70,,6496,59,4,,2,30,,6499,59,4,,2,70,,6497,59,4,,2,30,,6500,59,4,,2,70,,6502,59,4,,2
905231701,'29',2305,,6505,59,4,,2,29,,6508,59,4,,2,70,,6503,59,4,,2,30,,6506,59,4,,2,70,,6504,59,4,,2,30,,6507,59,4,,2,70,,6509,59,4,,2
1200000101,'1',1610,,7148,63,,,1,32,,7149,63,,,1,71,,7150,63,,,1,30,,7151,63,,,1
1200000301,'1',614,,7508,12,,,1,28,,7513,12,,,1,76,,7506,25,,,1,20,,7510,25,,,1,75,,7516,25,,,1,29,,7511,25,,,1,65,,7519,25,,,1,25,,7507,25,,,1,69,,7517,25,,,1,27,,7515,25,,,1,73,,7520,25,,,1,33,,7521,25,,,1,70,,7523,25,,,1,33,,7525,25,,,1,72,,7527,25,,,1,29,,7522,25,,,1,70,,7524,25,,,1,28,,7526,25,,,1,70,,7528,25,,,1,36,,7529,25,,,1,60,,7532,22,,,1,23,,7530,22,,,1,18,,7535,22,,,1,59,,7534,22,,,1,11,,7539,22,,,1,13,,7537,22,,,1,14,,7538,22,,,1,16,,7541,22,,,1,54,,7533,22,,,1,12,,7536,22,,,1,15,,7531,22,,,1,69,,7540,22,,,1,24,,7544,25,,,1,24,,7542,25,,,1,71,,7543,25,,,1,30,,7545,25,,,1,70,,7546,25,,,1,33,,7549,25,,,1,71,,7547,12,,,1,30,,7550,12,,,1,68,,7548,12,,,1,30,,7551,12,,,1,79,,7552,12,,,1
1200000301,'2',754,,7553,25,,,1,70,,7556,25,,,1,31,,7559,25,,,1,71,,7562,25,,,1,31,,7554,25,,,1,72,,7557,25,,,1,71,,7560,25,,,1,31,,7563,25,,,1,71,,7555,25,,,1,31,,7558,25,,,1,71,,7561,25,,,1,31,,7564,25,,,1,71,,7565,25,,,1,30,,7568,25,,,1,70,,7574,25,,,1,30,,7571,25,,,1,70,,7566,25,,,1,31,,7569,25,,,1,71,,7575,25,,,1,27,,7572,25,,,1,68,,7567,25,,,1,29,,7570,25,,,1,27,,7576,25,,,1,67,,7573,25,,,1,75,,7577,12,,,1,100,,7578,12,,,1,56,,7579,12,,,1,98,,7580,12,,,1,78,,7581,12,,,1,102,,7582,12,,,1
1200000301,'27',2228,,7584,15,,,1,30,,7587,15,,,1,70,,7589,15,,,1,83,,7585,15,,,1,28,,7588,15,,,1,70,,7583,15,,,1,30,,7586,15,,,1
1200000301,'28',2228,,7591,15,,,1,30,,7594,15,,,1,70,,7596,15,,,1,83,,7592,15,,,1,28,,7595,15,,,1,70,,7590,15,,,1,30,,7593,15,,,1
1200000301,'29',2228,,7598,15,,,1,30,,7601,15,,,1,70,,7603,15,,,1,83,,7599,15,,,1,28,,7602,15,,,1,70,,7597,15,,,1,30,,7600,15,,,1
1200000301,'3',824,,7604,25,,,1,31,,7606,25,,,1,71,,7612,25,,,1,31,,7609,25,,,1,72,,7605,25,,,1,71,,7607,25,,,1,31,,7613,25,,,1,71,,7610,25,,,1,31,,7614,25,,,1,71,,7608,25,,,1,31,,7616,25,,,1,71,,7611,25,,,1,30,,7615,25,,,1,70,,7618,25,,,1,30,,7617,25,,,1,70,,7621,25,,,1,31,,7623,25,,,1,71,,7619,25,,,1,27,,7627,25,,,1,68,,7622,25,,,1,29,,7624,25,,,1,27,,7620,25,,,1,67,,7628,25,,,1,75,,7625,12,,,1,121,,7626,12,,,1
