5003700,'1',702,,6395,57,,,2,36,,6394,57,,,2
5004200,'11',707,,6399,24,,,2
905231701,'27',2255,,6491,46,4,,2,69,,6494,46,4,,2,30,,6489,46,4,,2,70,,6492,46,4,,2,30,,6490,46,4,,2,70,,6493,46,4,,2,30,,6495,46,4,,2
905231701,'28',2255,,6498,46,4,,2,69,,6501,46,4,,2,30,,6496,46,4,,2,70,,6499,46,4,,2,30,,6497,46,4,,2,70,,6500,46,4,,2,30,,6502,46,4,,2
905231701,'29',2255,,6505,46,4,,2,69,,6508,46,4,,2,30,,6503,46,4,,2,70,,6506,46,4,,2,30,,6504,46,4,,2,70,,6507,46,4,,2,30,,6509,46,4,,2
1200000101,'1',1556,,7023,50,,,1,72,,7024,50,,,1,31,,7025,50,,,1,71,,7026,50,,,1
1200000200,'1',554,,7029,24,,,1,55,,7028,46,,,1,15,,7033,46,,,1,16,,7034,46,,,1,19,,7035,46,,,1,56,,7037,46,,,1,16,,7038,46,,,1,17,,7027,46,,,1,55,,7040,46,,,1,15,,7032,46,,,1,14,,7030,46,,,1,14,,7036,46,,,1,55,,7041,46,,,1,16,,7039,46,,,1,18,,7042,46,,,1,69,,7044,46,,,1,29,,7046,46,,,1,70,,7031,46,,,1,30,,7047,46,,,1,70,,7043,46,,,1,30,,7045,46,,,1,71,,7049,46,,,1,30,,7050,46,,,1,69,,7048,46,,,1,31,,7052,46,,,1,18,,7054,46,,,1,72,,7055,46,,,1,17,,7056,46,,,1,12,,7053,46,,,1,54,,7057,46,,,1,15,,7058,46,,,1,16,,7060,46,,,1,16,,7051,46,,,1,52,,7063,46,,,1,15,,7064,46,,,1,16,,7067,46,,,1,13,,7068,46,,,1,55,,7062,46,,,1,28,,7061,46,,,1,69,,7059,46,,,1,29,,7065,46,,,1,70,,7071,46,,,1,30,,7072,46,,,1,70,,7074,46,,,1,29,,7075,46,,,1,72,,7069,46,,,1,29,,7066,46,,,1,72,,7073,46,,,1,26,,7076,46,,,1,30,,7070,46,0,14,1
1200000200,'2',732,,7080,46,,,1,70,,7079,46,,,1,31,,7083,46,,,1,70,,7077,46,,,1,30,,7082,46,,,1,70,,7081,46,,,1,31,,7085,46,,,1,70,,7084,46,,,1,31,,7078,46,,,1,72,,7087,46,,,1,30,,7089,46,,,1,70,,7086,46,,,1,30,,7091,46,,,1,71,,7092,46,,,1,30,,7088,46,,,1,69,,7090,46,,,1,30,,7094,46,,,1,70,,7096,46,,,1,30,,7093,46,,,1,70,,7098,46,,,1,29,,7099,46,,,1,69,,7095,46,,,1,27,,7097,46,,,1,68,,7103,46,,,1,30,,7102,46,,,1,71,,7100,46,,,1,29,,7104,46,,,1,29,,7106,46,,,1,70,,7105,46,,,1,30,,7108,46,,,1,70,,7101,46,,,1,30,,7107,46,,,1,70,,7109,46,,,1
1200000200,'3',732,,7110,46,,,1,70,,7111,46,,,1,31,,7112,46,,,1,70,,7113,46,,,1,30,,7114,46,,,1,70,,7118,46,,,1,31,,7116,46,,,1,70,,7120,46,,,1,31,,7117,46,,,1,72,,7115,46,,,1,30,,7119,46,,,1,70,,7122,46,,,1,30,,7121,46,,,1,71,,7123,46,,,1,30,,7125,46,,,1,69,,7127,46,,,1,30,,7130,46,,,1,70,,7132,46,,,1,30,,7124,46,,,1,70,,7126,46,,,1,29,,7128,46,,,1,69,,7131,46,,,1,27,,7133,46,,,1,68,,7135,46,,,1,30,,7134,46,,,1,71,,7129,46,,,1,29,,7136,46,,,1
1200000400,'1',707,,7504,48,,,1,16,,7505,48,,,1
