2300,'71',549,,4520,1,,,2,189,6,4525,1,,,2,84,5,4529,1,0,14 1 15,2,33,,4507,1,,,2,76,4,4510,1,,,2,70,45,4508,1,,,2,31,,4511,1,,,2,70,,4509,1,,,2,30,,4512,1,,,2,78,,4515,1,,,2,30,2,4513,1,,,2,70,,4516,1,,,2,30,,4514,1,,,2,72,3,4517,1,,,2,33,6,4518,1,,,2,70,,4528,1,,,2,116,,4530,1,,,2,75,3,4519,1,,,2,28,17,4526,1,,,2,73,,4521,1,,,2,30,,4527,1,,,2,75,,4522,1,,,2,100,,4523,1,,,2,97,5,4524,1,,,2
2300,'72',629,,4531,1,,,2,101,,4532,1,,,2,101,2,4533,1,,,2,101,2,4534,1,,,2,101,,4535,1,,,2,100,,4536,1,,,2,101,,4537,1,,,2,108,2,4538,1,,,2,100,,4539,1,,,2,100,,4540,1,,,2,100,,4541,1,,,2,102,,4542,1,,,2
2300,'73',730,,4543,1,,,2,101,2,4544,1,,,2,101,2,4545,1,,,2,101,,4546,1,,,2,100,,4547,1,,,2,101,,4548,1,,,2,108,2,4549,1,,,2,100,,4550,1,,,2,100,,4551,1,,,2,100,,4552,1,,,2,102,,4553,1,,,2
2301,'71',637,,4569,36,4,,2,70,,4577,36,4,,2,110,,4578,36,4,,2,38,,4555,36,4,,2,72,,4559,36,4,,2,29,,4556,36,4,,2,75,,4560,36,4,,2,71,,4557,36,4,,2,30,,4561,36,4,,2,76,,4558,49,,,2,30,,4562,49,4,,2,71,,4564,49,4,,2,30,,4563,49,4,,2,70,,4565,49,4,,2,30,,4566,49,4,,2,74,,4576,49,,,2,42,,4567,49,,,2,148,,4568,53,4,,2,103,,4570,49,4,,2,31,,4575,49,4,,2,75,,4571,49,4,,2,100,,4572,49,4,,2,92,,4573,49,4,,2,114,,4574,49,,,2
2301,'72',729,,4579,36,4,,2,100,,4580,36,4,,2,101,,4581,36,4,,2,102,,4582,36,4,,2,100,,4583,36,4,,2,106,,4584,49,,,2,102,,4585,49,4,,2,101,,4586,49,4,,2,101,,4587,49,4,,2,100,,4588,49,4,,2,102,,4589,49,4,,2,96,,4590,49,,,2
2301,'73',829,,4591,36,4,,2,101,,4592,36,4,,2,102,,4593,36,4,,2,100,,4594,36,4,,2,106,,4595,49,,,2,102,,4596,49,4,,2,101,,4597,49,4,,2,101,,4598,49,4,,2,100,,4599,49,4,,2,102,,4600,49,4,,2,96,,4601,49,,,2
23100,'84',705,,4931,13,,,2
23101,'85',1545,,4932,60,,,2
23500,'82',753,,4935,24,,,2
23501,'83',1710,,4936,46,,,2
5002300,'71',613,,5028,1,,,2,25,,5027,1,,,2,69,,5029,1,,,2
5002301,'71',1631,,5032,59,4,,2,86,,5031,59,4,,2,24,,5030,59,,,2
