1501,'71',654,,4438,30,,,2,64,,4436,30,,,2,34,,4439,30,,,2,163,,4437,13,,,2,115,,4440,13,,,2,116,,4441,13,,,2,70,,4442,13,,,2,117,,4444,13,,,2,116,,4445,13,,,2,94,,4443,30,,,2,86,,4446,30,,,2,16,,4448,30,,,2,71,,4450,30,,,2,35,,4449,30,,,2,76,,4447,13,,,2,76,,4451,13,,,2,105,,4452,13,,,2,105,,4453,13,,,2,42,,4454,13,,,2
1501,'88',1647,,4455,15,,,2
15601,'83',1619,,4876,14,,,2
20001,'71',551,,4888,11,0,14,2,60,,4889,11,0,14,2,7,,4890,11,0,14,2,9,,4891,11,0,14,2,800,,4892,11,0,36 37,2,30,,4893,11,0,36 37,2,76,,4894,11,0,14,2,307,,4895,11,0,14,2
20001,'72',614,,4896,11,0,36 37,2,20,,4897,11,0,14,2,16,,4898,11,0,36 37,2
21001,'71',531,,4909,11,,,2,27,,4910,11,,,2,55,,4911,11,,,2,13,,4912,11,,,2,325,,4913,11,,,2,162,,4914,11,,,2,894,,4915,11,,,2
21001,'72',557,,4916,11,,,2,69,,4917,11,,,2,30,,4918,11,,,2,70,,4919,11,,,2
21001,'73',626,,4920,11,,,2,30,,4921,11,,,2,70,,4922,11,,,2
35001,'71',1545,,4952,11,,,2
38001,'71',526,,4962,11,,,2,88,,4963,11,,,2,19,,4964,11,,,2
2000001501,'72',758,,5628,13,,,2,142,,5629,13,,,2,103,,5630,13,,,2,108,,5631,13,,,2,94,,5632,13,,,2,109,,5633,13,,,2,142,,5634,13,,,2,99,,5635,13,,,2,103,,5636,13,,,2,98,,5637,13,,,2,98,,5638,13,,,2
2000001501,'73',900,,5639,13,,,2,103,,5640,13,,,2,108,,5641,13,,,2,94,,5642,13,,,2,109,,5643,13,,,2,142,,5644,13,,,2,99,,5645,13,,,2,103,,5646,13,,,2,98,,5647,13,,,2,98,,5648,13,,,2
