3101,'1',605,,6012,34,,,2,30,,6014,34,,,2,67,,6013,66,,,2,32,,6011,66,,,2,104,,6015,66,,,2,105,,6016,66,,,2,99,,6017,66,,,2,100,,6018,66,,,2,106,,6019,66,,,2,102,,6020,66,,,2,101,,6021,66,,,2,100,,6022,66,,,2,97,,6023,66,,,2,71,,6026,66,,,2,31,,6027,66,,,2,71,,6024,66,,,2,33,,6028,66,,,2,64,,6025,66,,,2,36,,6029,66,,,2
3800,'1',807,,6171,35,,,2,103,,6172,35,,,2,99,,6173,35,,,2,102,,6174,35,,,2,115,,6175,35,,,2,102,,6176,35,,,2,102,,6177,35,,,2,106,,6178,35,,,2,119,,6179,35,,,2,72,,6180,35,,,2,174,,6181,35,,,2,56,,6182,35,,,2,96,,6183,35,,,2,100,,6184,35,,,2,98,,6185,35,,,2
3800,'2',735,,6186,35,,,2,101,,6187,35,,,2,103,,6188,35,,,2,101,,6189,35,,,2,102,,6190,35,,,2,116,,6191,35,,,2,142,,6192,35,,,2,101,,6193,35,,,2,100,,6194,35,,,2,102,,6195,35,,,2,99,,6196,35,,,2,54,,6197,35,,,2,96,,6198,35,,,2,100,,6199,35,,,2,97,,6200,35,,,2,101,,6201,35,,,2
3800,'3',836,,6202,35,,,2,103,,6203,35,,,2,101,,6204,35,,,2,102,,6205,35,,,2,116,,6206,35,,,2,142,,6207,35,,,2,101,,6208,35,,,2,100,,6209,35,,,2,102,,6210,35,,,2,99,,6211,35,,,2,54,,6212,35,,,2,96,,6213,35,,,2
3900,'1',633,,6215,10,,,2,80,,6216,10,,,2,31,,6214,10,,,2
31100,'15',738,,6300,41,,,2
38000,'1',1649,,6312,6,,,2,87,,6310,6,,,2,87,,6311,6,,,2
38100,'15',719,,6316,27,,,2
38500,'12',810,,6317,13,,,2
5003801,'1',1722,,6398,66,,,2,89,,6397,66,,,2
2000003101,'2',708,,7594,35,,,2,102,,7595,67,,,2,101,,7596,67,,,2,101,,7597,67,,,2,101,,7598,67,,,2,101,,7599,67,,,2,101,,7600,67,,,2,215,,7601,67,,,2,101,,7602,67,,,2,101,,7603,67,,,2,96,,7604,67,,,2
2000003101,'3',810,,7606,35,,,2,101,,7607,67,,,2,101,,7608,67,,,2,101,,7609,67,,,2,101,,7610,67,,,2,101,,7611,67,,,2,215,,7612,67,,,2,101,,7613,67,,,2,101,,7614,67,,,2,96,,7615,67,,,2
