905211700,'24',1727,,6405,2,4,,2,15,,6412,2,4,,2,60,,6406,2,4,,2,20,,6413,2,4,,2,20,,6407,2,4,,2,60,,6414,2,4,,2,20,,6408,2,4,,2,20,,6415,2,4,,2,60,,6409,2,4,,2,20,,6416,2,4,,2,20,,6410,2,4,,2,60,,6417,2,4,,2,20,,6411,2,4,,2
905211700,'25',1727,,6418,2,4,,2,15,,6425,2,4,,2,60,,6419,2,4,,2,20,,6426,2,4,,2,20,,6420,2,4,,2,60,,6427,2,4,,2,20,,6421,2,4,,2,20,,6428,2,4,,2,60,,6422,2,4,,2,20,,6429,2,4,,2,20,,6423,2,4,,2,60,,6430,2,4,,2,20,,6424,2,4,,2
905211700,'26',1727,,6431,2,4,,2,15,,6438,2,4,,2,60,,6432,2,4,,2,20,,6439,2,4,,2,20,,6433,2,4,,2,60,,6440,2,4,,2,20,,6434,2,4,,2,20,,6441,2,4,,2,60,,6435,2,4,,2,20,,6442,2,4,,2,20,,6436,2,4,,2,60,,6443,2,4,,2,20,,6437,2,4,,2
905211701,'24',1730,3,6444,1,,,2,20,8,6450,1,,,2,60,8,6445,1,,,2,20,8,6451,1,,,2,20,8,6446,1,,,2,60,8,6452,1,,,2,20,8,6447,1,,,2,20,8,6453,1,,,2,60,8,6448,1,,,2,20,8,6454,1,,,2,20,8,6449,1,,,2,150,,6455,1,,,2,30,,6457,1,,,2,80,84,6456,1,,,2,5,59,6458,1,,,2
905211701,'25',1730,3,6459,1,,,2,20,8,6465,1,,,2,60,8,6460,1,,,2,20,8,6466,1,,,2,20,8,6461,1,,,2,60,8,6467,1,,,2,20,8,6462,1,,,2,20,8,6468,1,,,2,60,8,6463,1,,,2,20,8,6469,1,,,2,20,8,6464,1,,,2,150,,6470,1,,,2,30,,6472,1,,,2,80,84,6471,1,,,2,5,59,6473,1,,,2
905211701,'26',1730,3,6474,1,,,2,20,8,6480,1,,,2,60,8,6475,1,,,2,20,8,6481,1,,,2,20,8,6476,1,,,2,60,8,6482,1,,,2,20,8,6477,1,,,2,20,8,6483,1,,,2,60,8,6478,1,,,2,20,8,6484,1,,,2,20,8,6479,1,,,2,150,,6485,1,,,2,30,,6487,1,,,2,80,84,6486,1,,,2,5,59,6488,1,,,2
905251700,'24',1725,,6510,2,4,,2,20,,6511,2,4,,2,60,,6512,2,4,,2,20,,6513,2,4,,2,20,,6514,2,4,,2,60,,6515,2,4,,2,20,,6516,2,4,,2,20,,6517,2,4,,2,60,,6518,2,4,,2,25,,6519,2,4,,2,20,,6520,2,4,,2,60,,6521,2,4,,2,20,,6522,2,4,,2
905251700,'25',1725,,6523,2,4,,2,20,,6524,2,4,,2,60,,6525,2,4,,2,20,,6526,2,4,,2,20,,6527,2,4,,2,60,,6528,2,4,,2,20,,6529,2,4,,2,20,,6530,2,4,,2,60,,6531,2,4,,2,25,,6532,2,4,,2,20,,6533,2,4,,2,60,,6534,2,4,,2,20,,6535,2,4,,2
905251700,'26',1725,,6536,2,4,,2,20,,6537,2,4,,2,60,,6538,2,4,,2,20,,6539,2,4,,2,20,,6540,2,4,,2,60,,6541,2,4,,2,20,,6542,2,4,,2,20,,6543,2,4,,2,60,,6544,2,4,,2,25,,6545,2,4,,2,20,,6546,2,4,,2,60,,6547,2,4,,2,20,,6548,2,4,,2
905251701,'24',1725,,6549,1,,,2,20,,6550,1,,,2,60,,6551,1,,,2,20,,6552,1,,,2,20,,6553,1,,,2,60,,6554,1,,,2,20,,6555,1,,,2,20,,6556,1,,,2,60,,6557,1,,,2,25,,6558,1,,,2,20,,6559,1,,,2,60,,6560,1,,,2,90,70,6561,1,,,2,30,13,6562,1,,,2,80,63,6563,1,,,2
905251701,'25',1725,,6564,1,,,2,20,,6565,1,,,2,60,,6566,1,,,2,20,,6567,1,,,2,20,,6568,1,,,2,60,,6569,1,,,2,20,,6570,1,,,2,20,,6571,1,,,2,60,,6572,1,,,2,25,,6573,1,,,2,20,,6574,1,,,2,60,,6575,1,,,2,90,70,6576,1,,,2,30,13,6577,1,,,2,80,63,6578,1,,,2
905251701,'26',1725,,6579,1,,,2,20,,6580,1,,,2,60,,6581,1,,,2,20,,6582,1,,,2,20,,6583,1,,,2,60,,6584,1,,,2,20,,6585,1,,,2,20,,6586,1,,,2,60,,6587,1,,,2,25,,6588,1,,,2,20,,6589,1,,,2,60,,6590,1,,,2,90,70,6591,1,,,2,30,13,6592,1,,,2,80,63,6593,1,,,2
905291700,'24',1733,,6838,2,4,,2,15,,6841,2,4,,2,55,,6845,2,4,,2,15,,6839,2,4,,2,15,,6842,2,4,,2,15,,6846,2,4,,2,55,,6840,2,4,,2,15,,6843,2,4,,2,15,,6847,2,4,,2,15,,6849,2,4,,2,55,,6844,2,4,,2,15,,6848,2,4,,2,15,,6850,2,4,,2,15,,6852,2,4,,2,65,,6851,2,4,,2,15,,6853,2,4,,2
905291700,'25',1733,,6854,2,4,,2,15,,6857,2,4,,2,55,,6861,2,4,,2,15,,6855,2,4,,2,15,,6858,2,4,,2,15,,6862,2,4,,2,55,,6856,2,4,,2,15,,6859,2,4,,2,15,,6863,2,4,,2,15,,6865,2,4,,2,55,,6860,2,4,,2,15,,6864,2,4,,2,15,,6866,2,4,,2,15,,6868,2,4,,2,65,,6867,2,4,,2,15,,6869,2,4,,2
905291700,'26',1733,,6870,2,4,,2,15,,6873,2,4,,2,55,,6877,2,4,,2,15,,6871,2,4,,2,15,,6874,2,4,,2,15,,6878,2,4,,2,55,,6872,2,4,,2,15,,6875,2,4,,2,15,,6879,2,4,,2,15,,6881,2,4,,2,55,,6876,2,4,,2,15,,6880,2,4,,2,15,,6882,2,4,,2,15,,6884,2,4,,2,65,,6883,2,4,,2,15,,6885,2,4,,2
905291701,'24',1740,7,6886,1,,,2,15,7,6888,1,,,2,55,7,6891,1,,,2,15,7,6887,1,,,2,15,7,6889,1,,,2,15,7,6892,1,,,2,70,7,6890,1,,,2,15,7,6893,1,,,2,15,7,6894,1,,,2,85,7,6895,1,,,2,15,7,6898,1,,,2,145,87,6896,1,,,2,30,102,6899,1,,,2,80,82,6897,1,,,2,5,57,6900,1,,,2
905291701,'25',1740,7,6901,1,,,2,15,7,6903,1,,,2,55,7,6906,1,,,2,15,7,6902,1,,,2,15,7,6904,1,,,2,15,7,6907,1,,,2,70,7,6905,1,,,2,15,7,6908,1,,,2,15,7,6909,1,,,2,85,7,6910,1,,,2,15,7,6913,1,,,2,145,87,6911,1,,,2,30,102,6914,1,,,2,80,82,6912,1,,,2,5,57,6915,1,,,2
905291701,'26',1740,7,6916,1,,,2,15,7,6918,1,,,2,55,7,6921,1,,,2,15,7,6917,1,,,2,15,7,6919,1,,,2,15,7,6922,1,,,2,70,7,6920,1,,,2,15,7,6923,1,,,2,15,7,6924,1,,,2,85,7,6925,1,,,2,15,7,6928,1,,,2,145,87,6926,1,,,2,30,102,6929,1,,,2,80,82,6927,1,,,2,5,57,6930,1,,,2
905311700,'24',1735,,6931,2,4,,2,20,,6936,2,4,,2,60,,6932,2,4,,2,20,,6937,2,4,,2,20,,6933,2,4,,2,60,,6938,2,4,,2,20,,6934,2,4,,2,20,,6939,2,4,,2,60,,6935,2,4,,2,20,,6940,2,4,,2,20,,6942,2,4,,2,60,,6941,2,4,,2,20,,6943,2,4,,2
905311700,'25',1735,,6944,2,4,,2,20,,6949,2,4,,2,60,,6945,2,4,,2,20,,6950,2,4,,2,20,,6946,2,4,,2,60,,6951,2,4,,2,20,,6947,2,4,,2,20,,6952,2,4,,2,60,,6948,2,4,,2,20,,6953,2,4,,2,20,,6955,2,4,,2,60,,6954,2,4,,2,20,,6956,2,4,,2
905311700,'26',1735,,6957,2,4,,2,20,,6962,2,4,,2,60,,6958,2,4,,2,20,,6963,2,4,,2,20,,6959,2,4,,2,60,,6964,2,4,,2,20,,6960,2,4,,2,20,,6965,2,4,,2,60,,6961,2,4,,2,20,,6966,2,4,,2,20,,6968,2,4,,2,60,,6967,2,4,,2,20,,6969,2,4,,2
905311701,'24',1740,5,6970,1,,,2,60,45,6975,1,,,2,20,5,6971,1,,,2,20,5,6976,1,,,2,60,45,6972,1,,,2,20,5,6977,1,,,2,20,5,6973,1,,,2,60,45,6978,1,,,2,20,5,6974,1,,,2,20,5,6979,1,,,2,60,45,6980,1,,,2,100,,6983,1,,,2,30,95,6981,1,,,2,80,82,6984,1,,,2,5,57,6982,1,,,2
905311701,'25',1740,5,6985,1,,,2,60,45,6990,1,,,2,20,5,6986,1,,,2,20,5,6991,1,,,2,60,45,6987,1,,,2,20,5,6992,1,,,2,20,5,6988,1,,,2,60,45,6993,1,,,2,20,5,6989,1,,,2,20,5,6994,1,,,2,60,45,6995,1,,,2,100,,6998,1,,,2,30,95,6996,1,,,2,80,82,6999,1,,,2,5,57,6997,1,,,2
905311701,'26',1740,5,7000,1,,,2,60,45,7005,1,,,2,20,5,7001,1,,,2,20,5,7006,1,,,2,60,45,7002,1,,,2,20,5,7007,1,,,2,20,5,7003,1,,,2,60,45,7008,1,,,2,20,5,7004,1,,,2,20,5,7009,1,,,2,60,45,7010,1,,,2,100,,7013,1,,,2,30,95,7011,1,,,2,80,82,7014,1,,,2,5,57,7012,1,,,2
