34500,'12',814,,6305,18,,,2
35500,'12',824,,6308,47,,,2
1200000100,'1',636,,7016,54,,,1,70,,7017,54,,,1,21,,7018,54,,,1,30,,7021,54,0,16 1 17,1,70,,7019,54,,,1
1200000201,'1',613,,7137,9,,,1,37,,7140,21,,,1,55,,7139,21,,,1,20,,7144,21,,,1,23,,7146,21,,,1,60,,7148,21,,,1,20,,7151,21,,,1,15,,7152,21,,,1,16,,7138,21,,,1,54,,7155,21,,,1,14,,7143,21,,,1,11,,7141,21,,,1,12,,7150,21,,,1,52,,7156,21,,,1,14,,7153,21,,,1,17,,7157,21,,,1,70,,7159,21,,,1,29,,7161,21,,,1,70,,7142,21,,,1,32,,7162,21,,,1,70,,7158,21,,,1,30,,7160,21,,,1,71,,7164,21,,,1,30,,7165,21,,,1,69,,7163,21,,,1,38,,7167,21,,,1,67,,7169,21,,,1,18,,7172,21,,,1,17,,7170,21,,,1,57,,7171,21,,,1,12,,7168,21,,,1,11,,7173,21,,,1,13,,7174,21,,,1,14,,7176,21,,,1,54,,7166,21,,,1,9,,7179,21,,,1,13,,7180,21,,,1,13,,7183,21,,,1,12,,7184,21,,,1,53,,7178,21,,,1,24,,7177,21,,,1,26,,7175,21,,,1,59,,7185,21,,,1,30,,7186,21,,,1,72,,7181,21,,,1,35,,7188,21,,,1,68,,7190,21,,,1,31,,7187,21,,,1,67,,7182,21,,,1,31,,7189,21,,,1,86,,7191,21,,,1
1200000201,'14',1646,,7192,15,,,1
1200000201,'2',644,,7196,9,,,1,79,,7193,21,,,1,30,,7201,21,,,1,71,,7199,21,,,1,31,,7197,21,,,1,71,,7203,21,,,1,31,,7194,21,,,1,71,,7202,21,,,1,31,,7200,21,,,1,72,,7205,21,,,1,70,,7204,21,,,1,31,,7195,21,,,1,72,,7207,21,,,1,31,,7209,21,,,1,70,,7206,21,,,1,30,,7211,21,,,1,71,,7212,21,,,1,30,,7208,21,,,1,69,,7210,21,,,1,31,,7214,21,,,1,72,,7216,21,,,1,29,,7213,21,,,1,67,,7218,21,,,1,29,,7219,21,,,1,25,,7215,21,,,1,65,,7217,21,,,1,28,,7223,21,,,1,69,,7222,21,,,1,31,,7220,21,,,1,67,,7224,21,,,1,28,,7226,21,,,1,70,,7225,21,,,1,30,,7228,21,,,1,70,,7221,21,,,1,29,,7227,21,,,1,89,,7229,21,,,1
1200000201,'27',2231,,7230,14,,,1,70,,7233,14,,,1,29,,7231,14,,,1,83,,7234,14,,,1,28,,7236,14,,,1,70,,7232,14,,,1,30,,7235,14,,,1
1200000201,'28',2230,,7237,14,,,1,70,,7240,14,,,1,30,,7238,14,,,1,83,,7241,14,,,1,28,,7243,14,,,1,70,,7239,14,,,1,30,,7242,14,,,1
1200000201,'29',2230,,7244,14,,,1,70,,7247,14,,,1,30,,7245,14,,,1,83,,7248,14,,,1,28,,7250,14,,,1,70,,7246,14,,,1,30,,7249,14,,,1
1200000201,'3',824,,7252,21,,,1,31,,7254,21,,,1,71,,7256,21,,,1,31,,7258,21,,,1,71,,7259,21,,,1,31,,7263,21,,,1,72,,7261,21,,,1,70,,7265,21,,,1,31,,7262,21,,,1,72,,7260,21,,,1,31,,7264,21,,,1,70,,7267,21,,,1,30,,7266,21,,,1,71,,7268,21,,,1,30,,7270,21,,,1,69,,7272,21,,,1,31,,7275,21,,,1,72,,7277,21,,,1,29,,7269,21,,,1,67,,7271,21,,,1,29,,7273,21,,,1,25,,7276,21,,,1,65,,7278,21,,,1,28,,7280,21,,,1,69,,7279,21,,,1,31,,7274,21,,,1,67,,7281,21,,,1
1200000401,'1',1707,,7510,21,,,1,23,,7508,21,,,1
