34500,'12',830,,6305,38,,,2
35500,'12',834,,6308,59,,,2
1200000100,'1',647,,7016,66,,,1,71,,7017,66,,,1,21,,7018,66,,,1,69,,7021,66,0,16 1 17,1,30,,7019,66,,,1
1200000201,'1',623,,7137,21,,,1,79,,7140,33,,,1,15,,7139,33,,,1,20,,7144,33,,,1,22,,7146,33,,,1,60,,7148,33,,,1,20,,7151,33,,,1,15,,7152,33,,,1,56,,7138,33,,,1,13,,7155,33,,,1,14,,7143,33,,,1,11,,7141,33,,,1,52,,7150,33,,,1,12,,7156,33,,,1,14,,7153,33,,,1,17,,7157,33,,,1,70,,7159,33,,,1,29,,7161,33,,,1,70,,7142,33,,,1,32,,7162,33,,,1,70,,7158,33,,,1,30,,7160,33,,,1,71,,7164,33,,,1,30,,7165,33,,,1,70,,7163,33,,,1,39,,7167,33,,,1,67,,7169,33,,,1,18,,7172,33,,,1,17,,7170,33,,,1,57,,7171,33,,,1,12,,7168,33,,,1,11,,7173,33,,,1,12,,7174,33,,,1,54,,7176,33,,,1,13,,7166,33,,,1,9,,7179,33,,,1,13,,7180,33,,,1,13,,7183,33,,,1,52,,7184,33,,,1,13,,7178,33,,,1,24,,7177,33,,,1,66,,7175,33,,,1,19,,7185,33,,,1,29,,7186,33,,,1,72,,7181,33,,,1,75,,7188,33,,,1,28,,7190,33,,,1,31,,7187,33,,,1,67,,7182,33,,,1,31,,7189,33,,,1,86,,7191,33,,,1
1200000201,'14',1658,,7192,27,,,1
1200000201,'2',654,,7196,21,,,1,79,,7193,33,,,1,70,,7201,33,,,1,31,,7199,33,,,1,71,,7197,33,,,1,31,,7203,33,,,1,72,,7194,33,,,1,31,,7202,33,,,1,71,,7200,33,,,1,32,,7205,33,,,1,70,,7204,33,,,1,31,,7195,33,,,1,72,,7207,33,,,1,31,,7209,33,,,1,70,,7206,33,,,1,30,,7211,33,,,1,71,,7212,33,,,1,30,,7208,33,,,1,69,,7210,33,,,1,31,,7214,33,,,1,72,,7216,33,,,1,29,,7213,33,,,1,66,,7218,33,,,1,29,,7219,33,,,1,65,,7215,33,,,1,25,,7217,33,,,1,67,,7223,33,,,1,29,,7222,33,,,1,71,,7220,33,,,1,27,,7224,33,,,1,28,,7226,33,,,1,69,,7225,33,,,1,30,,7228,33,,,1,70,,7221,33,,,1,29,,7227,33,,,1,89,,7229,33,,,1
1200000201,'27',2240,,7230,26,,,1,70,,7233,26,,,1,29,,7231,26,,,1,83,,7234,26,,,1,28,,7236,26,,,1,70,,7232,26,,,1,30,,7235,26,,,1
1200000201,'28',2238,,7237,26,,,1,70,,7240,26,,,1,30,,7238,26,,,1,83,,7241,26,,,1,28,,7243,26,,,1,70,,7239,26,,,1,30,,7242,26,,,1
1200000201,'29',2238,,7244,26,,,1,70,,7247,26,,,1,30,,7245,26,,,1,83,,7248,26,,,1,28,,7250,26,,,1,70,,7246,26,,,1,30,,7249,26,,,1
1200000201,'3',834,,7252,33,,,1,71,,7254,33,,,1,31,,7256,33,,,1,71,,7258,33,,,1,32,,7259,33,,,1,71,,7263,33,,,1,32,,7261,33,,,1,70,,7265,33,,,1,31,,7262,33,,,1,72,,7260,33,,,1,31,,7264,33,,,1,70,,7267,33,,,1,30,,7266,33,,,1,71,,7268,33,,,1,30,,7270,33,,,1,69,,7272,33,,,1,31,,7275,33,,,1,72,,7277,33,,,1,29,,7269,33,,,1,66,,7271,33,,,1,29,,7273,33,,,1,65,,7276,33,,,1,25,,7278,33,,,1,67,,7280,33,,,1,29,,7279,33,,,1,71,,7274,33,,,1,27,,7281,33,,,1
1200000401,'1',1719,,7510,33,,,1,22,,7508,33,,,1
