5003701,'1',1721,,6396,20,,,2
5003801,'1',1656,,6398,20,,,2,90,,6397,20,,,2
1200000100,'1',636,,7141,53,,,1,70,,7142,53,,,1,21,,7143,53,,,1,30,,7146,53,0,16 1 17,1,70,,7144,53,,,1
1200000201,'1',613,,7262,8,,,1,37,,7265,20,,,1,55,,7264,20,,,1,20,,7269,20,,,1,23,,7271,20,,,1,60,,7273,20,,,1,20,,7276,20,,,1,15,,7277,20,,,1,16,,7263,20,,,1,54,,7280,20,,,1,14,,7268,20,,,1,11,,7266,20,,,1,12,,7275,20,,,1,52,,7281,20,,,1,14,,7278,20,,,1,17,,7282,20,,,1,70,,7284,20,,,1,29,,7286,20,,,1,70,,7267,20,,,1,32,,7287,20,,,1,70,,7283,20,,,1,30,,7285,20,,,1,71,,7289,20,,,1,30,,7290,20,,,1,69,,7288,20,,,1,38,,7292,20,,,1,67,,7294,20,,,1,18,,7297,20,,,1,17,,7295,20,,,1,57,,7296,20,,,1,12,,7293,20,,,1,11,,7298,20,,,1,13,,7299,20,,,1,14,,7301,20,,,1,54,,7291,20,,,1,9,,7304,20,,,1,13,,7305,20,,,1,13,,7308,20,,,1,12,,7309,20,,,1,53,,7303,20,,,1,24,,7302,20,,,1,26,,7300,20,,,1,59,,7310,20,,,1,30,,7311,20,,,1,72,,7306,20,,,1,35,,7313,20,,,1,68,,7315,20,,,1,31,,7312,20,,,1,67,,7307,20,,,1,31,,7314,20,,,1,86,,7316,20,,,1
1200000201,'14',1646,,7317,14,,,1
1200000201,'2',644,,7321,8,,,1,79,,7318,20,,,1,30,,7326,20,,,1,71,,7324,20,,,1,31,,7322,20,,,1,71,,7328,20,,,1,31,,7319,20,,,1,71,,7327,20,,,1,31,,7325,20,,,1,72,,7330,20,,,1,70,,7329,20,,,1,31,,7320,20,,,1,72,,7332,20,,,1,31,,7334,20,,,1,70,,7331,20,,,1,30,,7336,20,,,1,71,,7337,20,,,1,30,,7333,20,,,1,69,,7335,20,,,1,31,,7339,20,,,1,72,,7341,20,,,1,29,,7338,20,,,1,67,,7343,20,,,1,29,,7344,20,,,1,25,,7340,20,,,1,65,,7342,20,,,1,28,,7348,20,,,1,69,,7347,20,,,1,31,,7345,20,,,1,67,,7349,20,,,1,28,,7351,20,,,1,70,,7350,20,,,1,30,,7353,20,,,1,70,,7346,20,,,1,29,,7352,20,,,1,89,,7354,20,,,1
1200000201,'27',2231,,7355,13,,,1,70,,7358,13,,,1,29,,7356,13,,,1,83,,7359,13,,,1,28,,7361,13,,,1,70,,7357,13,,,1,30,,7360,13,,,1
1200000201,'28',2230,,7362,13,,,1,70,,7365,13,,,1,30,,7363,13,,,1,83,,7366,13,,,1,28,,7368,13,,,1,70,,7364,13,,,1,30,,7367,13,,,1
1200000201,'29',2230,,7369,13,,,1,70,,7372,13,,,1,30,,7370,13,,,1,83,,7373,13,,,1,28,,7375,13,,,1,70,,7371,13,,,1,30,,7374,13,,,1
1200000201,'3',824,,7377,20,,,1,31,,7379,20,,,1,71,,7381,20,,,1,31,,7383,20,,,1,71,,7384,20,,,1,31,,7388,20,,,1,72,,7386,20,,,1,70,,7390,20,,,1,31,,7387,20,,,1,72,,7385,20,,,1,31,,7389,20,,,1,70,,7392,20,,,1,30,,7391,20,,,1,71,,7393,20,,,1,30,,7395,20,,,1,69,,7397,20,,,1,31,,7400,20,,,1,72,,7402,20,,,1,29,,7394,20,,,1,67,,7396,20,,,1,29,,7398,20,,,1,25,,7401,20,,,1,65,,7403,20,,,1,28,,7405,20,,,1,69,,7404,20,,,1,31,,7399,20,,,1,67,,7406,20,,,1
1200000401,'1',1707,,7635,20,,,1,23,,7633,20,,,1
