20000,'1',841,,6243,5,,,2,70,,6242,5,,,2
5002300,'1',704,,6378,64,4,,2,34,,6379,64,4,,2,69,,6380,64,4,,2
5002301,'1',1612,,6382,5,,,2,28,,6381,5,,,2
5002400,'1',738,,6384,40,4,,2,67,,6383,40,4,,2
5002401,'1',1613,,6385,5,,,2,29,,6386,5,,,2
5003400,'1',710,,6388,42,4,,2,24,,6387,42,4,,2
5003401,'1',1609,,6389,5,,,2
5003600,'1',733,,6390,30,4,,2
5003601,'1',1608,,6393,5,,,2,25,,6392,5,,,2
5003700,'1',734,,6395,70,4,,2,77,,6394,70,4,,2
5003701,'1',1637,,6396,5,,,2
5003801,'1',1609,,6398,5,,,2,97,,6397,5,,,2
1200000201,'1',622,,7140,5,,,1,15,,7139,5,,,1,19,,7144,5,,,1,62,,7146,5,,,1,19,,7148,5,,,1,19,,7151,5,,,1,56,,7152,5,,,1,16,,7138,5,,,1,14,,7155,5,,,1,15,,7143,5,,,1,51,,7141,5,,,1,12,,7150,5,,,1,13,,7156,5,,,1,14,,7153,5,,,1,57,,7157,5,,,1,30,,7159,5,,,1,69,,7161,5,,,1,30,,7142,5,,,1,70,,7162,5,,,1,30,,7158,5,,,1,70,,7160,5,,,1,31,,7164,5,,,1,70,,7165,5,,,1,29,,7163,5,,,1,71,,7167,5,,,1,21,,7169,5,,,1,16,,7172,5,,,1,15,,7170,5,,,1,57,,7171,5,,,1,12,,7168,5,,,1,14,,7173,5,,,1,15,,7174,5,,,1,57,,7176,5,,,1,16,,7166,5,,,1,11,,7179,5,,,1,15,,7180,5,,,1,55,,7183,5,,,1,13,,7184,5,,,1,14,,7178,5,,,1,67,,7177,5,,,1,26,,7175,5,,,1,19,,7185,5,,,1,70,,7186,5,,,1,32,,7181,5,,,1,76,,7188,5,,,1,30,,7190,5,,,1,71,,7187,5,,,1,28,,7182,5,,,1,71,,7189,5,,,1,86,,7191,5,,,1
1200000201,'2',659,,7193,5,,,1,70,,7201,5,,,1,30,,7199,5,,,1,71,,7197,5,,,1,71,,7203,5,,,1,30,,7194,5,,,1,70,,7202,5,,,1,31,,7200,5,,,1,71,,7205,5,,,1,30,,7204,5,,,1,71,,7195,5,,,1,32,,7207,5,,,1,70,,7209,5,,,1,30,,7206,5,,,1,70,,7211,5,,,1,31,,7212,5,,,1,70,,7208,5,,,1,29,,7210,5,,,1,70,,7214,5,,,1,32,,7216,5,,,1,70,,7213,5,,,1,30,,7218,5,,,1,69,,7219,5,,,1,27,,7215,5,,,1,25,,7217,5,,,1,68,,7223,5,,,1,29,,7222,5,,,1,71,,7220,5,,,1,27,,7224,5,,,1,68,,7226,5,,,1,31,,7225,5,,,1,70,,7228,5,,,1,30,,7221,5,,,1,69,,7227,5,,,1,89,,7229,5,,,1
1200000201,'3',759,,7252,5,,,1,71,,7254,5,,,1,71,,7256,5,,,1,30,,7258,5,,,1,70,,7259,5,,,1,31,,7263,5,,,1,71,,7261,5,,,1,30,,7265,5,,,1,71,,7262,5,,,1,32,,7260,5,,,1,70,,7264,5,,,1,30,,7267,5,,,1,70,,7266,5,,,1,31,,7268,5,,,1,70,,7270,5,,,1,29,,7272,5,,,1,70,,7275,5,,,1,32,,7277,5,,,1,70,,7269,5,,,1,30,,7271,5,,,1,69,,7273,5,,,1,27,,7276,5,,,1,25,,7278,5,,,1,68,,7280,5,,,1,29,,7279,5,,,1,71,,7274,5,,,1,27,,7281,5,,,1
1200000301,'1',649,,7381,5,,,1,59,,7385,5,,,1,13,,7387,5,4,,1,20,,7391,5,,,1,3,,7384,5,4,,1,56,,7393,5,4,,1,9,,7386,5,,,1,12,,7389,5,4,,1,14,,7394,5,,,1,66,,7382,5,,,1,30,,7392,5,,,1,27,,7390,5,,,1,73,,7395,5,,,1,73,,7396,5,,,1,30,,7398,5,,,1,70,,7400,5,,,1,32,,7402,5,,,1,70,,7397,5,,,1,30,,7399,5,,,1,68,,7401,5,,,1,30,,7403,5,,,1,69,,7404,5,,,1,19,,7407,5,,,1,18,,7405,5,,,1,15,,7410,5,,,1,59,,7409,5,,,1,13,,7414,5,,,1,16,,7412,5,,,1,57,,7413,5,,,1,18,,7416,5,,,1,17,,7408,5,,,1,15,,7411,5,,,1,56,,7406,5,,,1,33,,7415,5,,,1,63,,7419,5,,,1,24,,7417,5,,,1,31,,7418,5,,,1,70,,7420,5,,,1,30,,7421,5,,,1,74,,7424,5,,,1
1200000301,'2',728,,7428,5,,,1,30,,7431,5,,,1,71,,7434,5,,,1,71,,7437,5,,,1,30,,7429,5,,,1,71,,7432,5,,,1,30,,7435,5,,,1,71,,7438,5,,,1,31,,7430,5,,,1,71,,7433,5,,,1,31,,7436,5,,,1,70,,7439,5,,,1,31,,7440,5,,,1,70,,7443,5,,,1,30,,7449,5,,,1,70,,7446,5,,,1,30,,7441,5,,,1,70,,7444,5,,,1,31,,7450,5,,,1,68,,7447,5,,,1,30,,7442,5,,,1,69,,7445,5,,,1,28,,7451,5,,,1,27,,7448,5,,,1
1200000301,'3',758,,7479,5,,,1,71,,7481,5,,,1,71,,7487,5,,,1,30,,7484,5,,,1,71,,7480,5,,,1,30,,7482,5,,,1,71,,7488,5,,,1,31,,7485,5,,,1,71,,7489,5,,,1,31,,7483,5,,,1,70,,7491,5,,,1,31,,7486,5,,,1,70,,7490,5,,,1,30,,7493,5,,,1,70,,7492,5,,,1,30,,7496,5,,,1,70,,7498,5,,,1,31,,7494,5,,,1,68,,7502,5,,,1,30,,7497,5,,,1,69,,7499,5,,,1,28,,7495,5,,,1,27,,7503,5,,,1
1200000401,'1',740,,7506,5,4,,1,19,,7507,5,4,,1,860,,7510,5,,,1,27,,7508,5,,,1
