1100,'71',606,,4342,2,,,1,25,,4339,74,,,1,74,,4343,74,,,1,30,,4340,74,,,1,74,,4344,74,,,1,30,,4341,74,,,1,18,,4345,74,,,1,69,,4350,74,,,1,74,,4346,74,,,1,30,,4351,74,,,1,75,,4347,74,,,1,30,,4352,74,,,1,73,,4348,74,,,1,30,,4353,74,,,1,77,,4349,74,,,1,30,,4354,74,,,1,88,,4358,74,,,1,71,,4355,74,,,1,36,,4359,74,,,1,71,,4356,74,,,1,42,,4360,75,,,1,62,,4357,74,,,1,22,,4363,74,,,1,66,,4361,74,,,1,35,,4364,74,,,1,68,,4362,74,,,1,30,,4365,74,,,1,100,,4366,74,,,1,100,,4367,74,,,1,100,,4368,74,,,1,100,,4369,74,,,1
1100,'72',735,,4370,74,,,1,102,,4371,74,,,1,99,,4372,74,,,1,102,,4373,74,,,1,100,,4374,74,,,1,100,,4375,74,,,1,101,,4376,74,,,1,99,,4377,74,,,1,100,,4378,74,,,1,100,,4379,74,,,1,99,,4380,74,,,1,99,,4381,74,,,1,99,,4384,74,,,1,100,,4382,74,,,1,100,,4383,74,,,1,100,,4386,74,,,1,100,,4385,74,,,1
1100,'73',936,,4387,74,,,1,102,,4388,74,,,1,100,,4389,74,,,1,100,,4390,74,,,1,101,,4391,74,,,1,99,,4392,74,,,1,100,,4393,74,,,1,100,,4394,74,,,1,99,,4395,74,,,1,99,,4396,74,,,1
15801,'88',1629,,4878,6,,,2
20001,'71',549,,4888,5,0,14,2,60,,4889,5,0,14,2,7,,4890,5,0,14,2,8,,4891,5,0,14,2,801,,4892,5,,,2,29,,4893,5,,,2,76,,4894,5,0,14,2,308,,4895,5,0,14,2
20001,'72',612,,4896,5,,,2,20,,4897,5,0,14,2,16,,4898,5,,,2
21001,'71',529,,4909,5,,,2,27,,4910,5,,,2,55,,4911,5,,,2,13,,4912,5,,,2,325,,4913,5,,,2,162,,4914,5,,,2,894,,4915,5,,,2
21001,'72',555,,4916,5,,,2,69,,4917,5,,,2,30,,4918,5,,,2,70,,4919,5,,,2
21001,'73',624,,4920,5,,,2,30,,4921,5,,,2,70,,4922,5,,,2
35001,'71',1541,,4952,5,,,2
38001,'71',524,,4962,5,,,2,88,,4963,5,,,2,19,,4964,5,,,2
1200000101,'71',1526,,5070,21,,,1,31,,5071,21,,,1,69,,5069,21,,,1,76,,5072,21,,,1
