1301,'1',631,,5816,7,,,2,77,,5818,7,,,2,93,,5817,7,,,2,805,,5819,7,,,2,17,,5820,7,,,2,80,,5822,7,,,2,30,,5821,7,,,2
1500,'1',620,,5823,52,,,2,30,,5825,52,,,2,70,,5827,52,,,2,31,,5826,55,,,2,70,,5829,55,,,2
1600,'1',1543,,5851,36,,,2,68,,5854,21,,,2,33,,5850,39,,,2,77,,5852,39,,,2,25,,5855,39,,,2
1200000201,'1',551,,7145,16,,,1,60,,7147,16,,,1,17,,7149,16,,,1,19,,7137,46,,,1,62,,7154,16,,,1,18,,7140,58,,,1,17,,7139,58,,,1,61,,7144,58,,,1,20,,7146,58,,,1,19,,7148,58,,,1,60,,7151,58,,,1,15,,7152,58,,,1,16,,7138,58,,,1,12,,7155,58,,,1,54,,7143,58,,,1,11,,7141,58,,,1,12,,7150,58,,,1,12,,7156,58,,,1,14,,7153,58,,,1,57,,7157,58,,,1,31,,7159,58,,,1,69,,7161,58,,,1,30,,7142,58,,,1,73,,7162,58,,,1,29,,7158,58,,,1,70,,7160,58,,,1,31,,7164,58,,,1,72,,7165,58,,,1,30,,7163,58,,,1,82,,7167,58,,,1,26,,7169,58,,,1,56,,7172,58,,,1,16,,7170,58,,,1,17,,7171,58,,,1,11,,7168,58,,,1,50,,7173,58,,,1,12,,7174,58,,,1,14,,7176,58,,,1,13,,7166,58,,,1,9,,7179,58,,,1,53,,7180,58,,,1,13,,7183,58,,,1,12,,7184,58,,,1,13,,7178,58,,,1,64,,7177,58,,,1,26,,7175,58,,,1,19,,7185,58,,,1,68,,7186,58,,,1,32,,7181,58,,,1,74,,7188,58,,,1,26,,7190,58,,,1,71,,7187,58,,,1,26,,7182,58,,,1,71,,7189,58,,,1,86,,7191,58,,,1
1200000201,'14',1724,,7192,52,,,1
1200000201,'2',649,,7198,16,,,1,68,,7196,46,,,1,39,,7193,58,,,1,70,,7201,58,,,1,31,,7199,58,,,1,72,,7197,58,,,1,72,,7203,58,,,1,31,,7194,58,,,1,71,,7202,58,,,1,32,,7200,58,,,1,72,,7205,58,,,1,31,,7204,58,,,1,71,,7195,58,,,1,32,,7207,58,,,1,71,,7209,58,,,1,30,,7206,58,,,1,70,,7211,58,,,1,31,,7212,58,,,1,70,,7208,58,,,1,30,,7210,58,,,1,71,,7214,58,,,1,31,,7216,58,,,1,67,,7213,58,,,1,25,,7218,58,,,1,68,,7219,58,,,1,25,,7215,58,,,1,25,,7217,58,,,1,67,,7223,58,,,1,29,,7222,58,,,1,71,,7220,58,,,1,27,,7224,58,,,1,68,,7226,58,,,1,29,,7225,58,,,1,70,,7228,58,,,1,29,,7221,58,,,1,68,,7227,58,,,1,89,,7229,58,,,1
1200000201,'27',2300,,7230,51,,,1,30,,7233,51,,,1,28,,7231,51,,,1,83,,7234,51,,,1,68,,7236,51,,,1,30,,7232,51,,,1,70,,7235,51,,,1
1200000201,'28',2300,,7237,51,,,1,30,,7240,51,,,1,29,,7238,51,,,1,82,,7241,51,,,1,68,,7243,51,,,1,30,,7239,51,,,1,70,,7242,51,,,1
1200000201,'29',2300,,7244,51,,,1,30,,7247,51,,,1,29,,7245,51,,,1,82,,7248,51,,,1,68,,7250,51,,,1,30,,7246,51,,,1,70,,7249,51,,,1
1200000201,'3',649,,7251,16,,,1,68,,7253,16,,,1,32,,7255,16,,,1,70,,7257,16,,,1,38,,7252,58,,,1,72,,7254,58,,,1,72,,7256,58,,,1,30,,7258,58,,,1,72,,7259,58,,,1,32,,7263,58,,,1,72,,7261,58,,,1,31,,7265,58,,,1,71,,7262,58,,,1,32,,7260,58,,,1,71,,7264,58,,,1,30,,7267,58,,,1,70,,7266,58,,,1,31,,7268,58,,,1,70,,7270,58,,,1,30,,7272,58,,,1,71,,7275,58,,,1,31,,7277,58,,,1,67,,7269,58,,,1,25,,7271,58,,,1,68,,7273,58,,,1,25,,7276,58,,,1,25,,7278,58,,,1,67,,7280,58,,,1,29,,7279,58,,,1,71,,7274,58,,,1,27,,7281,58,,,1
