13101,'85',1523,,4865,19,,,2
32500,'82',827,,4947,42,,,2
34500,'82',824,,4949,32,,,2
35500,'82',829,,4955,45,,,2
1200000100,'71',640,,5061,60,0,34 35 6 31,1,70,,5062,60,0,34 35 6 31,1,21,,5063,60,0,34 35 6 31,1,69,,5066,60,0,16 1 17,1,30,,5064,60,0,34 35 6 31,1
1200000201,'71',618,,5201,15,0,29,1,35,,5205,27,0,29,1,55,,5204,27,0,29,1,20,,5208,27,0,29,1,10,,5214,27,0,29,1,14,,5203,27,0,29,1,55,,5213,27,0,29,1,19,,5207,27,0,29,1,17,,5218,27,0,29,1,15,,5202,27,0,29,1,54,,5221,27,0,29,1,14,,5206,27,0,29,1,12,,5223,27,0,29,1,12,,5216,27,0,29,1,52,,5224,27,0,29,1,15,,5209,27,0,29,1,12,,5225,27,0,29,1,17,,5217,27,0,29,1,58,,5219,27,0,29,1,14,,5226,27,0,29,1,15,,5222,27,0,29,1,15,,5228,27,0,29,1,55,,5229,27,0,29,1,15,,5230,27,0,29,1,17,,5232,27,0,29,1,15,,5233,27,0,29,1,55,,5235,27,0,29,1,15,,5236,27,0,29,1,15,,5237,27,0,29,1,16,,5227,27,0,29,1,55,,5239,27,0,29,1,15,,5240,27,0,29,1,15,,5241,27,0,29,1,14,,5231,27,0,29,1,56,,5238,27,0,29,1,18,,5234,27,0,29,1,27,,5242,27,0,29,1,60,,5243,27,0,29,1,18,,5244,27,0,29,1,15,,5245,27,0,29,1,6,,5253,15,0,29,1,54,,5246,27,0,29,1,9,,5247,27,0,29,1,12,,5249,27,0,29,1,11,,5251,27,0,29,1,15,,5254,27,0,29,1,53,,5255,27,0,29,1,9,,5256,27,0,29,1,13,,5259,27,0,29,1,17,,5260,27,0,29,1,9,,5257,27,0,29,1,52,,5258,27,0,29,1,13,,5250,27,0,29,1,12,,5248,27,0,29,1,14,,5261,27,0,29,1,14,,5252,27,0,29,1,60,,5262,27,0,29,1,30,,5263,27,0,29,1,72,,5265,27,0,29,1,35,,5267,27,0,29,1,68,,5269,27,0,29,1,31,,5264,27,0,29,1,67,,5266,27,0,29,1,31,,5268,27,0,29,1,86,,5270,27,0,29,1
1200000201,'72',713,,5272,27,0,29,1,31,,5271,27,0,29,1,70,,5273,27,0,29,1,32,,5279,27,0,29,1,70,,5284,27,0,29,1,32,,5277,27,0,29,1,72,,5276,27,0,29,1,29,,5282,27,0,29,1,70,,5283,27,0,29,1,31,,5285,27,0,29,1,69,,5274,27,0,29,1,31,,5280,27,0,29,1,70,,5278,27,0,29,1,30,,5286,27,0,29,1,72,,5287,27,0,29,1,29,,5289,27,0,29,1,73,,5288,27,0,29,1,29,,5291,27,0,29,1,69,,5292,27,0,29,1,33,,5293,27,0,29,1,71,,5294,27,0,29,1,27,,5295,27,0,29,1,68,,5290,27,0,29,1,30,,5297,27,0,29,1,65,,5296,27,0,29,1,39,,5300,27,0,29,1,69,,5302,27,0,29,1,31,,5298,27,0,29,1,67,,5304,27,0,29,1,28,,5305,27,0,29,1,70,,5301,27,0,29,1,30,,5303,27,0,29,1,69,,5299,27,0,29,1,29,,5306,27,0,29,1,90,,5307,27,0,29,1
1200000201,'73',814,,5308,27,0,29,1,32,,5311,27,0,29,1,70,,5315,27,0,29,1,32,,5318,27,0,29,1,72,,5310,27,0,29,1,29,,5314,27,0,29,1,70,,5317,27,0,29,1,31,,5320,27,0,29,1,69,,5321,27,0,29,1,31,,5312,27,0,29,1,70,,5322,27,0,29,1,30,,5324,27,0,29,1,72,,5323,27,0,29,1,29,,5326,27,0,29,1,73,,5325,27,0,29,1,29,,5328,27,0,29,1,69,,5329,27,0,29,1,33,,5330,27,0,29,1,71,,5331,27,0,29,1,27,,5333,27,0,29,1,68,,5327,27,0,29,1,30,,5336,27,0,29,1,65,,5334,27,0,29,1,39,,5338,27,0,29,1,69,,5332,27,0,29,1,31,,5337,27,0,29,1,67,,5335,27,0,29,1
1200000201,'81',701,,5339,15,0,29,1,15,,5340,15,0,29,1,820,,5341,27,0,29,1
1200000201,'89',1619,,5345,27,0,29,1,15,,5346,27,0,29,1
1200000401,'71',1707,,5572,27,0,31,1,26,,5571,27,0,31,1,22,,5575,27,0,31,1
