1300,'71',640,,4398,29,,,2,70,,4400,29,,,2,20,,4399,29,,,2,83,,4401,29,,,2,41,,4397,29,,,2,750,,4402,29,,,2,98,,4405,29,,,2,13,,4403,29,,,2,40,,4406,29,,,2,66,,4404,29,,,2
1300,'87',857,,4407,24,,,2
1500,'71',854,,4422,41,0,10 11,2
1500,'87',853,,4435,30,0,10 11,2
11900,'87',855,,4854,40,,,2
12900,'87',850,,4862,21,,,2
13900,'87',854,,4872,14,,,2
15800,'87',847,,4877,21,,,2
22500,'82',841,,4927,33,4,,2
23500,'82',839,,4935,74,4,,2
24500,'82',839,,4941,17,4,,2
24600,'82',836,,4943,16,4,,2
37500,'82',839,,4957,31,4,,2
38500,'82',839,,4967,36,4,,2
1001101,'71',606,,4973,22,0,29 1 38 1 31 1 39 6 7,1,32,,4970,22,0,29 1 38 1 31 1 39 6 7,1,70,,4974,22,0,29 1 38 1 31 1 39 6 7,1,33,,4971,22,0,29 1 38 1 31 1 39 6 7,1,64,,4976,22,0,29 1 38 1 31 1 39 6 7,1,41,,4972,22,0,29 1 38 1 31 1 39 6 7,1,83,,4978,22,0,29 1 38 1 31 1 39 6 7,1,30,,4975,22,0,29 1 38 1 31 1 39 6 7,1,75,,4979,22,0,29 1 38 1 31 1 39 6 7,1,70,,4982,22,0,29 1 38 1 31 1 39 6 7,1,35,,4980,22,0,29 1 38 1 31 1 39 6 7,1,70,,4983,22,0,29 1 38 1 31 1 39 6 7,1,33,,4981,22,0,29 1 38 1 31 1 39 6 7,1,70,,4984,22,0,29 1 38 1 31 1 39 6 7,1,37,,4986,22,0,29 1 38 1 31 1 39 6 7,1,70,,4985,22,0,29 1 38 1 31 1 39 6 7,1,88,,4987,22,0,29 1 38 1 31 1 39 6 7,1,31,,4989,22,0,29 1 38 1 31 1 39 6 7,1,84,,4988,22,0,29 1 38 1 31 1 39 6 7,1,26,,4990,22,0,29 1 38 1 31 1 39 6 7,1,63,,4993,22,0,29 1 38 1 31 1 39 6 7,1,27,,4991,22,0,29 1 38 1 31 1 39 6 7,1,74,,4994,22,0,29 1 38 1 31 1 39 6 7,1,29,,4992,22,0,29 1 38 1 31 1 39 6 7,1,71,,4995,22,0,29 1 38 1 31 1 39 6 7,1,100,,4996,22,0,29 1 38 1 31 1 39 6 7,1,99,,4997,22,0,29 1 38 1 31 1 39 6 7,1,100,,4998,22,0,29 1 38 1 31 1 39 6 7,1
1001101,'72',808,,5000,22,0,29 1 38 1 31 1 39 6 7,1,102,,5001,22,0,29 1 38 1 31 1 39 6 7,1,101,,5002,22,0,29 1 38 1 31 1 39 6 7,1,100,,5004,22,0,29 1 38 1 31 1 39 6 7,1,98,,5005,22,0,29 1 38 1 31 1 39 6 7,1,100,,5006,22,0,29 1 38 1 31 1 39 6 7,1,102,,5007,22,0,29 1 38 1 31 1 39 6 7,1,100,,5008,22,0,29 1 38 1 31 1 39 6 7,1,99,,5009,22,0,29 1 38 1 31 1 39 6 7,1,100,,5010,22,0,29 1 38 1 31 1 39 6 7,1,100,,5011,22,0,29 1 38 1 31 1 39 6 7,1,100,,5012,22,0,29 1 38 1 31 1 39 6 7,1,99,,5013,22,0,29 1 38 1 31 1 39 6 7,1,100,,5014,22,0,29 1 38 1 31 1 39 6 7,1,100,,5015,22,0,29 1 38 1 31 1 39 6 7,1
1001101,'73',1011,,5018,22,0,29 1 38 1 31 1 39 6 7,1,100,,5019,22,0,29 1 38 1 31 1 39 6 7,1,98,,5020,22,0,29 1 38 1 31 1 39 6 7,1,100,,5021,22,0,29 1 38 1 31 1 39 6 7,1,102,,5022,22,0,29 1 38 1 31 1 39 6 7,1,100,,5023,22,0,29 1 38 1 31 1 39 6 7,1,99,,5024,22,0,29 1 38 1 31 1 39 6 7,1,100,,5025,22,0,29 1 38 1 31 1 39 6 7,1,100,,5026,22,0,29 1 38 1 31 1 39 6 7,1
