3701,'71',558,,4746,40,0,9,2,188,,4749,47,0,32 1 33,2,102,,4748,47,0,9,2,102,,4747,47,0,9,2,98,,4750,47,0,9,2,102,,4751,47,0,9,2,153,,4752,47,0,9,2,102,,4753,47,0,9,2,102,,4754,47,0,9,2,115,,4755,47,0,9,2,113,,4756,47,0,9,2,100,,4757,47,0,9,2,100,,4758,47,0,9,2,97,,4759,47,0,9,2,97,,4760,47,0,9,2,101,,4761,47,0,9,2,102,,4762,47,0,9,2,25,,4763,47,0,9,2
3701,'72',718,,4764,47,0,9,2,100,,4765,47,0,9,2,102,,4766,47,0,9,2,100,,4767,47,0,9,2,100,,4768,47,0,9,2,112,,4769,47,0,9,2,100,,4770,47,0,9,2,100,,4771,47,0,9,2,102,,4772,47,0,9,2,100,,4773,47,0,9,2,98,,4774,47,0,9,2,100,,4775,47,0,9,2,100,,4776,47,0,9,2,97,,4779,47,0,9,2,100,,4780,47,0,9,2,101,,4781,47,0,9,2,98,,4777,47,0,9,2,25,,4778,47,0,9,2
3701,'73',818,,4782,47,0,9,2,102,,4783,47,0,9,2,100,,4784,47,0,9,2,100,,4785,47,0,9,2,112,,4786,47,0,9,2,100,,4787,47,0,9,2,100,,4788,47,0,9,2,102,,4789,47,0,9,2,100,,4790,47,0,9,2,98,,4791,47,0,9,2,100,,4792,47,0,9,2,109,,4793,47,0,9,2
3800,'71',814,,4794,48,,,2,105,,4795,48,,,2,98,,4796,48,,,2,102,,4797,48,,,2,113,,4798,48,,,2,102,,4799,48,,,2,102,,4800,48,,,2,109,,4801,55,,,2,155,,4802,48,,,2,55,,4803,48,,,2,152,,4804,48,,,2,97,,4805,48,,,2,96,,4806,48,,,2,101,,4807,48,,,2,99,,4808,48,,,2
3800,'72',748,,4809,48,,,2,100,,4810,48,,,2,102,,4811,48,,,2,100,,4812,48,,,2,101,,4813,48,,,2,151,,4814,48,,,2,100,,4815,48,,,2,102,,4816,48,,,2,100,,4817,48,,,2,100,,4818,48,,,2,98,,4819,48,,,2,100,,4820,48,,,2,98,,4822,48,,,2,59,,4823,48,,,2,99,,4824,48,,,2,100,,4821,48,,,2
3800,'73',848,,4825,48,,,2,102,,4826,48,,,2,100,,4827,48,,,2,101,,4828,48,,,2,151,,4829,48,,,2,100,,4830,48,,,2,102,,4831,48,,,2,100,,4832,48,,,2,100,,4833,48,,,2,98,,4834,48,,,2,100,,4835,48,,,2,107,,4836,48,,,2
24100,'84',737,,4937,16,4,,2
24200,'84',735,,4939,18,4,,2
31100,'84',753,,4945,57,,,2
38100,'84',738,,4965,49,,,2
5003700,'71',637,,5046,58,,,2,18,,5047,51,,,2,74,,5048,51,,,2
5003701,'71',1653,,5050,80,,,2,106,,5049,80,,,2
5003701,'81',1912,,5051,80,,,2
5003801,'71',1730,,5053,79,,,2,89,,5052,79,,,2
