3701,'71',721,,4749,6,,,2,105,,4748,6,0,9,2,102,,4747,6,0,9,2,98,,4750,6,0,9,2,102,,4751,6,0,9,2,113,,4752,6,0,9,2,102,,4753,6,0,9,2,102,,4754,6,0,9,2,155,,4755,6,0,9,2,113,,4756,6,0,9,2,100,,4757,6,0,9,2,101,,4758,6,0,9,2,97,,4759,6,0,9,2,97,,4760,6,0,9,2,101,,4761,6,0,9,2,102,,4762,6,0,9,2,28,,4763,6,0,9,2
3701,'72',656,,4764,6,0,9,2,100,,4765,6,0,9,2,102,,4766,6,0,9,2,100,,4767,6,0,9,2,100,,4768,6,0,9,2,152,,4769,6,0,9,2,100,,4770,6,0,9,2,100,,4771,6,0,9,2,102,,4772,6,0,9,2,100,,4773,6,0,9,2,98,,4774,6,0,9,2,100,,4775,6,0,9,2,100,,4776,6,0,9,2,97,,4779,6,0,9,2,100,,4780,6,0,9,2,101,,4781,6,0,9,2,98,,4777,6,0,9,2,28,,4778,6,0,9,2
3701,'73',756,,4782,6,0,9,2,102,,4783,6,0,9,2,100,,4784,6,0,9,2,100,,4785,6,0,9,2,152,,4786,6,0,9,2,100,,4787,6,0,9,2,100,,4788,6,0,9,2,102,,4789,6,0,9,2,100,,4790,6,0,9,2,98,,4791,6,0,9,2,100,,4792,6,0,9,2,109,,4793,6,0,9,2
3800,'71',751,,4794,6,,,2,106,,4795,6,,,2,98,,4796,6,,,2,102,,4797,6,,,2,153,,4798,6,,,2,102,,4799,6,,,2,102,,4800,6,,,2,107,,4801,13,,,2,117,,4802,6,,,2,96,,4803,6,,,2,112,,4804,6,,,2,97,,4805,6,,,2,96,,4806,6,,,2,101,,4807,6,,,2,99,,4808,6,,,2
3800,'72',726,,4809,6,,,2,100,,4810,6,,,2,102,,4811,6,,,2,100,,4812,6,,,2,101,,4813,6,,,2,111,,4814,6,,,2,100,,4815,6,,,2,102,,4816,6,,,2,100,,4817,6,,,2,100,,4818,6,,,2,98,,4819,6,,,2,100,,4820,6,,,2,98,,4822,6,,,2,99,,4823,6,,,2,99,,4824,6,,,2,100,,4821,6,,,2
3800,'73',826,,4825,6,,,2,102,,4826,6,,,2,100,,4827,6,,,2,101,,4828,6,,,2,111,,4829,6,,,2,100,,4830,6,,,2,102,,4831,6,,,2,100,,4832,6,,,2,100,,4833,6,,,2,98,,4834,6,,,2,100,,4835,6,,,2,107,,4836,6,,,2
31101,'85',1520,,4946,13,,,2
37501,'83',1642,,4958,7,,,2
38001,'71',536,,4962,12,,,2,89,,4963,12,,,2,22,,4964,12,,,2
38101,'85',1520,,4966,13,,,2
38501,'83',1641,,4968,7,,,2
5003700,'71',607,,5046,6,,,2,23,,5047,6,,,2,74,,5048,6,,,2
5003701,'71',1620,,5050,26,,,2,107,,5049,26,,,2
5003701,'81',1840,,5051,26,,,2
5003801,'71',1700,,5053,26,,,2,50,,5052,26,,,2
