3400,'71',716,,4635,2,0,14,2,112,,4633,2,0,24 1 15,2,810,,4639,2,0,14,2,82,,4640,2,0,14,2,89,,4641,2,0,14,2
3701,'71',556,,4746,38,0,9,2,188,,4749,45,0,32 1 33,2,102,,4748,45,0,9,2,102,,4747,45,0,9,2,98,,4750,45,0,9,2,102,,4751,45,0,9,2,153,,4752,45,0,9,2,102,,4753,45,0,9,2,102,,4754,45,0,9,2,116,,4755,45,0,9,2,112,,4756,45,0,9,2,100,,4757,45,0,9,2,100,,4758,45,0,9,2,97,,4759,45,0,9,2,97,,4760,45,0,9,2,101,,4761,45,0,9,2,102,,4762,45,0,9,2,25,,4763,45,0,9,2
3701,'72',716,,4764,45,0,9,2,100,,4765,45,0,9,2,102,,4766,45,0,9,2,100,,4767,45,0,9,2,100,,4768,45,0,9,2,112,,4769,45,0,9,2,100,,4770,45,0,9,2,100,,4771,45,0,9,2,102,,4772,45,0,9,2,100,,4773,45,0,9,2,98,,4774,45,0,9,2,100,,4775,45,0,9,2,100,,4776,45,0,9,2,97,,4779,45,0,9,2,100,,4780,45,0,9,2,101,,4781,45,0,9,2,98,,4777,45,0,9,2,25,,4778,45,0,9,2
3701,'73',816,,4782,45,0,9,2,102,,4783,45,0,9,2,100,,4784,45,0,9,2,100,,4785,45,0,9,2,112,,4786,45,0,9,2,100,,4787,45,0,9,2,100,,4788,45,0,9,2,102,,4789,45,0,9,2,100,,4790,45,0,9,2,98,,4791,45,0,9,2,100,,4792,45,0,9,2,109,,4793,45,0,9,2
3800,'71',812,,4794,46,,,2,105,,4795,46,,,2,98,,4796,46,,,2,102,,4797,46,,,2,113,,4798,46,,,2,102,,4799,46,,,2,102,,4800,46,,,2,109,,4801,53,,,2,115,,4802,46,,,2,95,,4803,46,,,2,152,,4804,46,,,2,97,,4805,46,,,2,56,,4806,46,,,2,101,,4807,46,,,2,99,,4808,46,,,2
3800,'72',746,,4809,46,,,2,100,,4810,46,,,2,102,,4811,46,,,2,100,,4812,46,,,2,101,,4813,46,,,2,151,,4814,46,,,2,100,,4815,46,,,2,102,,4816,46,,,2,100,,4817,46,,,2,100,,4818,46,,,2,98,,4819,46,,,2,100,,4820,46,,,2,58,,4822,46,,,2,99,,4823,46,,,2,99,,4824,46,,,2,100,,4821,46,,,2
3800,'73',846,,4825,46,,,2,102,,4826,46,,,2,100,,4827,46,,,2,101,,4828,46,,,2,151,,4829,46,,,2,100,,4830,46,,,2,102,,4831,46,,,2,100,,4832,46,,,2,100,,4833,46,,,2,98,,4834,46,,,2,100,,4835,46,,,2,107,,4836,46,,,2
24100,'84',736,,4937,14,4,,2
24200,'84',733,,4939,16,4,,2
31100,'84',751,,4945,55,,,2
38100,'84',736,,4965,47,,,2
5003700,'71',635,,5046,56,,,2,19,,5047,49,,,2,74,,5048,49,,,2
5003701,'71',1652,,5050,78,,,2,106,,5049,78,,,2
5003701,'81',1911,,5051,78,,,2
5003801,'71',1728,,5053,77,,,2,89,,5052,77,,,2
2000003400,'72',757,,5683,2,,,2,85,,5684,2,,,2,85,,5685,2,,,2,85,,5686,2,,,2,46,,5687,2,,,2,85,,5688,2,,,2,85,,5689,2,,,2,174,,5690,2,,,2,41,,5691,2,,,2,92,,5692,2,,,2,78,,5693,2,,,2,93,,5694,2,,,2,38,,5695,2,,,2,87,,5696,2,,,2
2000003400,'73',842,,5698,2,,,2,85,,5699,2,,,2,85,,5700,2,,,2,46,,5701,2,,,2,85,,5702,2,,,2,85,,5703,2,,,2,174,,5704,2,,,2,41,,5705,2,,,2,92,,5706,2,,,2,78,,5707,2,,,2,93,,5708,2,,,2,38,,5709,2,,,2,87,,5710,2,,,2
