3101,'1',632,,6013,16,,,2,72,,6011,16,,,2,104,,6015,16,,,2,105,,6016,16,,,2,99,,6017,16,,,2,100,,6018,16,,,2,106,,6019,16,,,2,102,,6020,16,,,2,101,,6021,16,,,2,100,,6022,16,,,2,97,,6023,16,,,2,31,,6026,16,,,2,71,,6027,16,,,2,31,,6024,16,,,2,73,,6028,16,,,2,24,,6025,16,,,2,76,,6029,16,,,2,290,,6030,16,0,8,2
3701,'1',542,,6122,9,0,9,2,81,,6123,16,0,9,2,103,,6124,16,,,2,105,,6125,16,0,9,2,104,,6126,16,0,9,2,97,,6127,16,0,9,2,102,,6128,16,0,9,2,115,,6129,16,0,9,2,102,,6130,16,0,9,2,102,,6131,16,0,9,2,154,,6132,16,0,9,2,142,,6133,16,0,9,2,72,,6134,16,0,9,2,101,,6135,16,0,9,2,96,,6136,16,0,9,2,96,,6137,16,0,9,2,100,,6138,16,0,9,2,100,,6139,16,0,9,2,28,,6140,16,0,9,2
3701,'2',658,,6141,16,0,9,2,100,,6142,16,0,9,2,142,,6143,16,0,9,2,102,,6144,16,0,9,2,102,,6145,16,0,9,2,116,,6146,16,0,9,2,103,,6147,16,0,9,2,100,,6148,16,0,9,2,101,,6149,16,0,9,2,100,,6150,16,0,9,2,101,,6151,16,0,9,2,95,,6152,16,0,9,2,97,,6153,16,0,9,2,96,,6154,16,0,9,2,100,,6155,16,0,9,2,101,,6156,16,0,9,2,98,,6157,16,0,9,2,28,,6158,16,0,9,2
3701,'3',758,,6159,16,0,9,2,142,,6160,16,0,9,2,102,,6161,16,0,9,2,102,,6162,16,0,9,2,116,,6163,16,0,9,2,103,,6164,16,0,9,2,100,,6165,16,0,9,2,101,,6166,16,0,9,2,100,,6167,16,0,9,2,101,,6168,16,0,9,2,95,,6169,16,0,9,2,97,,6170,16,0,9,2
3901,'1',1640,,6219,24,,,2,87,,6217,24,,,2,87,,6218,24,,,2
38001,'1',622,,6314,17,,,2,31,,6315,17,,,2
5003700,'1',634,,6395,16,,,2,76,,6394,16,,,2
5003701,'1',1735,,6396,38,,,2
2000003101,'2',740,,7595,16,,,2,101,,7596,16,,,2,101,,7597,16,,,2,101,,7598,16,,,2,101,,7599,16,,,2,101,,7600,16,,,2,255,,7601,16,,,2,101,,7602,16,,,2,101,,7603,16,,,2,56,,7604,16,,,2,90,,7605,16,0,8,2
2000003101,'3',841,,7607,16,,,2,101,,7608,16,,,2,101,,7609,16,,,2,101,,7610,16,,,2,101,,7611,16,,,2,255,,7612,16,,,2,101,,7613,16,,,2,101,,7614,16,,,2,56,,7615,16,,,2,90,,7616,16,0,8,2
