2300,'1',611,,5924,50,0,14,2,196,,5919,50,0,14,2,40,,5927,50,0,14,2,73,,5904,50,0,14,2,36,,5906,50,0,14,2,70,,5905,50,0,14,2,30,,5907,50,0,14,2,70,,5908,50,0,14,2,30,,5909,50,0,14,2,70,,5912,36,0,14,2,30,,5910,36,0,14,2,70,,5913,36,0,14,2,30,,5911,36,0,14,2,71,,5914,36,0,14,2,73,,5915,36,0,14,2,33,,5917,36,0,14,2,119,,5918,36,0,14,2,77,,5916,36,0,14,2,24,,5925,36,0,14,2,71,,5920,36,0,14,2,30,,5926,36,0,14,2,73,,5921,36,0,14,2,102,,5922,36,0,14,2,95,,5923,36,0,14,2
2300,'13',846,,5928,14,,,2
2300,'2',649,,5930,50,0,14,2,100,,5931,50,0,14,2,101,,5932,50,0,14,2,102,,5933,50,0,14,2,102,,5934,50,0,14,2,102,,5935,50,0,14,2,101,,5936,50,0,14,2,101,,5937,36,0,14,2,100,,5938,36,0,14,2,100,,5939,36,0,14,2,101,,5940,36,0,14,2,88,,5941,36,0,14,2
2300,'3',749,,5942,50,0,14,2,101,,5943,50,0,14,2,102,,5944,50,0,14,2,102,,5945,50,0,14,2,102,,5946,50,0,14,2,101,,5947,50,0,14,2,101,,5948,36,0,14,2,100,,5949,36,0,14,2,100,,5950,36,0,14,2,101,,5951,36,0,14,2,88,,5952,36,0,14,2
22100,'15',720,,6288,23,,,2
22200,'15',722,,6289,20,,,2
23100,'15',729,,6293,57,,,2
5002300,'1',639,,6378,50,,,2,67,,6379,50,,,2,30,,6380,50,,,2
5002400,'1',706,,6384,26,,,2,28,,6383,26,,,2
5004300,'11',659,,6400,3,,,2,160,,6401,3,,,2
1200000100,'1',558,,7015,41,0,14,1,64,,7016,41,,,1,30,,7017,41,,,1,60,,7018,41,,,1,30,,7021,41,0,16 1 17,1,70,,7019,41,,,1
1200000300,'1',620,,7282,41,,,1,16,,7285,41,,,1,14,,7287,41,,,1,51,,7290,41,,,1,10,,7284,41,,,1,16,,7292,41,,,1,14,,7288,41,,,1,15,,7293,41,,,1,54,,7295,41,,,1,16,,7283,41,,,1,15,,7286,41,,,1,15,,7291,41,,,1,70,,7289,41,,,1,32,,7294,41,,,1,73,,7296,41,,,1,70,,7298,41,,,1,30,,7300,41,,,1,72,,7302,41,,,1,30,,7297,41,,,1,70,,7299,41,,,1,28,,7301,41,,,1,70,,7303,41,,,1,29,,7304,41,,,1,74,,7305,41,,,1,31,,7308,43,,,1,67,,7309,43,,,1,28,,7310,43,,,1,72,,7307,43,,,1,31,,7306,43,,,1,73,,7311,43,,,1,24,,7314,41,,,1,27,,7312,41,,,1,61,,7316,41,,,1,30,,7317,41,,,1,72,,7315,41,,,1,33,,7322,41,,,1,66,,7313,41,,,1,27,,7318,41,,,1,70,,7319,41,,,1,30,,7323,41,,,1,66,,7320,41,,,1,30,,7324,41,,,1,68,,7321,41,,,1
1200000300,'2',658,,7325,41,,,1,70,,7328,41,,,1,30,,7331,41,,,1,71,,7334,41,,,1,30,,7326,41,,,1,71,,7329,41,,,1,70,,7332,41,,,1,31,,7335,41,,,1,71,,7327,41,,,1,30,,7330,41,,,1,71,,7333,41,,,1,30,,7336,41,,,1,71,,7337,41,,,1,30,,7341,41,,,1,70,,7347,41,,,1,30,,7344,41,,,1,70,,7338,41,,,1,30,,7342,41,,,1,69,,7348,41,,,1,30,,7345,41,,,1,70,,7339,41,,,1,30,,7343,41,,,1,69,,7349,41,,,1,30,,7346,41,,,1,19,,7340,41,,,1,94,,7350,41,,,1,100,,7351,41,,,1,96,,7352,41,,,1,99,,7353,41,,,1,177,,7354,41,,,1
1200000300,'3',728,,7355,41,,,1,30,,7357,41,,,1,71,,7363,41,,,1,30,,7360,41,,,1,71,,7356,41,,,1,70,,7358,41,,,1,31,,7364,41,,,1,71,,7361,41,,,1,30,,7365,41,,,1,71,,7359,41,,,1,30,,7367,41,,,1,71,,7362,41,,,1,30,,7366,41,,,1,70,,7369,41,,,1,30,,7368,41,,,1,70,,7373,41,,,1,30,,7376,41,,,1,69,,7370,41,,,1,30,,7379,41,,,1,70,,7374,41,,,1,30,,7377,41,,,1,69,,7371,41,,,1,30,,7380,41,,,1,19,,7375,41,,,1,94,,7372,41,,,1,157,,7378,41,,,1
