3101,'51',650,,2859,5,,,2,64,,2866,5,,,2,95,,2862,5,,,2,110,,2868,5,,,2,85,,2863,5,,,2,47,,2864,5,,,2,96,,2869,5,,,2,87,,2865,5,,,2,85,,2870,5,,,2,86,,2873,5,,,2,48,,2874,5,,,2,86,,2871,5,,,2,80,,2876,5,,,2,16,,2872,5,,,2,78,,2877,5,,,2,25,,2880,5,,,2,66,,2878,5,,,2,36,,2875,5,,,2,68,,2879,5,,,2,251,,2881,5,0,8,2
3501,'51',544,,2901,3,,,2,96,,2902,5,,,2,70,,2903,5,,,2,110,,2904,5,,,2,80,,2905,5,,,2,40,,2906,5,,,2,97,,2908,5,,,2,102,,2907,5,,,2,98,,2909,5,,,2,101,,2911,5,,,2,102,,2910,5,,,2,113,,2912,5,,,2,73,,2913,5,,,2,76,,2914,5,,,2,34,,2915,5,,,2,104,,2916,5,,,2,90,,2917,5,,,2,92,,2918,5,,,2,98,,2919,5,,,2,108,,2920,5,,,2,93,,2921,5,,,2
3501,'52',655,,2922,5,,,2,100,,2923,5,,,2,101,,2924,5,,,2,100,,2925,5,,,2,100,,2926,5,,,2,101,,2927,5,,,2,146,,2928,5,,,2,102,,2929,5,,,2,101,,2930,5,,,2,100,,2931,5,,,2,52,,2932,5,,,2,97,,2933,5,,,2,96,,2934,5,,,2,150,,2935,5,,,2,58,,2936,5,,,2,98,,2937,5,,,2,98,,2938,5,,,2
3501,'53',856,,2939,5,,,2,100,,2940,5,,,2,100,,2941,5,,,2,101,,2942,5,,,2,146,,2943,5,,,2,102,,2944,5,,,2,101,,2945,5,,,2,100,,2946,5,,,2,52,,2947,5,,,2,97,,2948,5,,,2,96,,2949,5,,,2,103,,2950,5,,,2
3501,'54',655,,2955,5,,,2,100,,2956,5,,,2,101,,2957,5,,,2,100,,2951,5,,,2,100,,2952,5,,,2,101,,2953,5,,,2,146,,2954,5,,,2,102,,2958,5,,,2,101,,2959,5,,,2,100,,2960,5,,,2,52,,2961,5,,,2,97,,2962,5,,,2,96,,2963,5,,,2,150,,2964,5,,,2,58,,2965,5,,,2,98,,2966,5,,,2,98,,2967,5,,,2
22901,'68',1627,,3254,2,,,2
35100,'64',706,,3277,2,,,2
35101,'65',1532,,3278,26,,,2
35500,'62',759,,3279,2,,,2
35501,'63',1645,,3280,36,,,2
2000003101,'52',750,,4209,5,,,2,101,,4210,5,,,2,100,,4211,5,,,2,100,,4212,5,,,2,100,,4213,5,,,2,100,,4214,5,,,2,199,,4215,5,,,2,102,,4216,5,,,2,102,,4217,5,,,2,98,,4218,5,,,2,98,,4219,5,0,8,2
2000003101,'53',850,,4221,5,,,2,101,,4222,5,,,2,100,,4223,5,,,2,100,,4224,5,,,2,100,,4225,5,,,2,199,,4226,5,,,2,102,,4227,5,,,2,102,,4228,5,,,2,98,,4229,5,,,2,98,,4230,5,0,8,2
2000003101,'54',750,,4232,5,,,2,101,,4233,5,,,2,100,,4234,5,,,2,100,,4235,5,,,2,100,,4236,5,,,2,100,,4237,5,,,2,199,,4238,5,,,2,102,,4239,5,,,2,102,,4240,5,,,2,98,,4241,5,,,2,98,,4242,5,0,8,2
