3101,'1',606,,6012,35,,,2,30,,6014,35,,,2,67,,6013,67,,,2,32,,6011,67,,,2,104,,6015,67,,,2,105,,6016,67,,,2,99,,6017,67,,,2,100,,6018,67,,,2,106,,6019,67,,,2,102,,6020,67,,,2,101,,6021,67,,,2,100,,6022,67,,,2,97,,6023,67,,,2,71,,6026,67,,,2,31,,6027,67,,,2,71,,6024,67,,,2,33,,6028,67,,,2,64,,6025,67,,,2,36,,6029,67,,,2
3800,'1',808,,6171,36,,,2,103,,6172,36,,,2,99,,6173,36,,,2,102,,6174,36,,,2,115,,6175,36,,,2,102,,6176,36,,,2,102,,6177,36,,,2,106,,6178,36,,,2,119,,6179,36,,,2,72,,6180,36,,,2,174,,6181,36,,,2,56,,6182,36,,,2,96,,6183,36,,,2,100,,6184,36,,,2,98,,6185,36,,,2
3800,'2',736,,6186,36,,,2,101,,6187,36,,,2,103,,6188,36,,,2,101,,6189,36,,,2,102,,6190,36,,,2,116,,6191,36,,,2,142,,6192,36,,,2,101,,6193,36,,,2,100,,6194,36,,,2,102,,6195,36,,,2,99,,6196,36,,,2,54,,6197,36,,,2,96,,6198,36,,,2,100,,6199,36,,,2,97,,6200,36,,,2,101,,6201,36,,,2
3800,'3',837,,6202,36,,,2,103,,6203,36,,,2,101,,6204,36,,,2,102,,6205,36,,,2,116,,6206,36,,,2,142,,6207,36,,,2,101,,6208,36,,,2,100,,6209,36,,,2,102,,6210,36,,,2,99,,6211,36,,,2,54,,6212,36,,,2,96,,6213,36,,,2
3900,'1',633,,6215,11,,,2,80,,6216,11,,,2,31,,6214,11,,,2
31100,'15',739,,6300,42,,,2
38000,'1',1650,,6312,7,,,2,87,,6310,7,,,2,86,,6311,7,,,2
38100,'15',720,,6316,28,,,2
38500,'12',811,,6317,14,,,2
5003801,'1',1723,,6398,67,,,2,89,,6397,67,,,2
2000003101,'2',709,,7594,36,,,2,102,,7595,68,,,2,101,,7596,68,,,2,101,,7597,68,,,2,101,,7598,68,,,2,101,,7599,68,,,2,101,,7600,68,,,2,215,,7601,68,,,2,101,,7602,68,,,2,101,,7603,68,,,2,96,,7604,68,,,2
2000003101,'3',811,,7606,36,,,2,101,,7607,68,,,2,101,,7608,68,,,2,101,,7609,68,,,2,101,,7610,68,,,2,101,,7611,68,,,2,215,,7612,68,,,2,101,,7613,68,,,2,101,,7614,68,,,2,96,,7615,68,,,2
