1100,'1',610,,5753,9,,,1,25,,5748,81,,,1,75,,5754,81,,,1,30,,5749,81,,,1,74,,5755,81,,,1,30,,5750,81,,,1,58,,5751,81,,,1,29,,5756,81,,,1,74,,5752,81,,,1,30,,5757,81,,,1,75,,5758,81,,,1,30,,5761,81,,,1,73,,5759,81,,,1,30,,5762,81,,,1,77,,5760,81,,,1,30,,5763,81,,,1,88,,5764,81,,,1,71,,5766,81,,,1,36,,5765,81,,,1,72,,5767,81,,,1,41,,5770,81,,,1,62,,5768,81,,,1,22,,5772,81,,,1,66,,5771,81,,,1,34,,5773,81,,,1,68,,5769,81,,,1,30,,5774,81,,,1,100,,5775,81,,,1,100,,5776,81,,,1,100,,5777,81,,,1,100,,5778,81,,,1
1100,'2',740,,5779,81,,,1,102,,5780,81,,,1,99,,5781,81,,,1,102,,5782,81,,,1,100,,5783,81,,,1,100,,5784,81,,,1,101,,5785,81,,,1,99,,5786,81,,,1,100,,5787,81,,,1,100,,5788,81,,,1,99,,5789,81,,,1,99,,5790,81,,,1,98,,5792,81,,,1,100,,5793,81,,,1,100,,5791,81,,,1,100,,5795,81,,,1,100,,5794,81,,,1
1100,'3',941,,5796,81,,,1,102,,5797,81,,,1,100,,5798,81,,,1,100,,5799,81,,,1,101,,5800,81,,,1,99,,5801,81,,,1,100,,5802,81,,,1,100,,5803,81,,,1,99,,5804,81,,,1,99,,5805,81,,,1
1500,'1',609,,5823,36,,,2,29,,5825,36,,,2,69,,5827,36,,,2,30,,5826,39,,,2,71,,5829,39,,,2,41,,5828,39,0,10 11,2,109,,5824,36,0,12 13,2,100,,5830,36,0,12 13,2,100,,5831,36,0,12 13,2,143,,5832,35,0,12 13,2
1500,'16',848,,5833,24,0,10 11,2
1600,'1',1357,,5848,20,0,12 13,2,96,,5849,20,0,12 13,2,76,,5851,20,,,2,25,,5854,5,,,2,75,,5850,23,,,2,80,,5852,23,,,2,25,,5855,23,,,2,99,,5853,23,0,12 13,2,102,,5856,20,0,12 13,2,110,,5857,20,0,12 13,2
13500,'12',835,,6234,12,,,2
15500,'12',836,,6239,21,,,2
15600,'12',833,,6240,22,,,2
1200000101,'1',1528,,7148,25,,,1,72,,7149,25,,,1,30,,7150,25,,,1,72,,7151,25,,,1
2000001500,'2',753,,7667,36,,,2,101,,7668,35,,,2,100,,7669,35,,,2,94,,7670,35,,,2,109,,7671,35,,,2,101,,7672,35,,,2,201,,7673,36,,,2,141,,7674,35,,,2,55,,7675,35,,,2,145,,7676,35,,,2,53,,7677,35,,,2
2000001500,'3',854,,7678,36,,,2,100,,7679,35,,,2,94,,7680,35,,,2,109,,7681,35,,,2,101,,7682,35,,,2,201,,7683,36,,,2,141,,7684,35,,,2,55,,7685,35,,,2,145,,7686,35,,,2,53,,7687,35,,,2
