1500,'71',546,,4416,1,0,29,2,68,,4417,1,0,29,2,29,,4421,1,0,29,2,180,11,4422,1,0,10 11,2,820,5,4431,1,0,29,2
1501,'71',712,,4438,56,,,2,24,,4436,56,,,2,74,,4439,56,,,2,123,,4437,39,,,2,115,,4440,39,,,2,156,,4441,39,,,2,30,,4442,39,,,2,117,,4444,39,,,2,156,,4445,39,,,2,94,,4443,56,,,2,49,,4446,56,,,2,55,,4448,56,,,2,29,,4450,56,,,2,75,,4449,56,,,2,36,,4447,39,,,2,76,,4451,39,,,2,105,,4452,39,,,2,105,,4453,39,,,2,82,,4454,39,,,2
1501,'88',1707,,4455,41,,,2
13100,'84',701,,4864,1,,,2
13101,'85',1603,,4865,78,,,2
15600,'82',812,55,4875,1,,,2
15601,'83',1638,,4876,31,4,,2
15801,'88',1653,,4878,29,,,2
2000001500,'72',723,,5607,1,,,2,696,,5613,1,,,2
2000001500,'73',824,,5618,1,,,2,595,,5623,1,,,2
2000001501,'72',816,,5628,39,,,2,102,,5629,39,,,2,103,,5630,39,,,2,108,,5631,39,,,2,94,,5632,39,,,2,109,,5633,39,,,2,182,,5634,39,,,2,99,,5635,39,,,2,103,,5636,39,,,2,98,,5637,39,,,2,98,,5638,39,,,2
2000001501,'73',918,,5639,39,,,2,103,,5640,39,,,2,108,,5641,39,,,2,94,,5642,39,,,2,109,,5643,39,,,2,182,,5644,39,,,2,99,,5645,39,,,2,103,,5646,39,,,2,98,,5647,39,,,2,98,,5648,39,,,2
