1300,'1',646,,5808,39,,,2,86,,5806,39,,,2,84,,5807,39,,,2,793,,5809,39,,,2,107,,5811,39,,,2,14,,5810,39,,,2,71,,5813,39,,,2,32,,5812,39,,,2
1300,'16',859,,5815,39,,,2,43,,5814,34,,,2
1501,'1',1523,,5837,4,,,2,77,,5840,4,,,2,21,,5842,4,,,2,81,,5838,4,0,41,2,30,,5841,4,,,2
1601,'1',636,,5859,4,,,2,23,,5861,4,,,2,71,,5860,4,,,2,174,,5858,4,0,41,2
905231701,'27',2222,,6491,4,4,,2,30,,6494,4,4,,2,70,,6489,4,4,,2,30,,6492,4,4,,2,70,,6490,4,4,,2,30,,6493,4,4,,2,70,,6495,4,4,,2
905231701,'28',2222,,6498,4,4,,2,30,,6501,4,4,,2,70,,6496,4,4,,2,30,,6499,4,4,,2,70,,6497,4,4,,2,30,,6500,4,4,,2,70,,6502,4,4,,2
905231701,'29',2222,,6505,4,4,,2,30,,6508,4,4,,2,70,,6503,4,4,,2,30,,6506,4,4,,2,70,,6504,4,4,,2,30,,6507,4,4,,2,70,,6509,4,4,,2
1200000200,'1',534,,7153,4,,,1,14,,7158,4,,,1,55,,7159,4,,,1,15,,7160,4,,,1,15,,7162,4,,,1,14,,7163,4,,,1,57,,7152,4,,,1,15,,7165,4,,,1,15,,7157,4,,,1,15,,7155,4,,,1,54,,7161,4,,,1,15,,7166,4,,,1,18,,7164,4,,,1,21,,7167,4,,,1,70,,7169,4,,,1,29,,7171,4,,,1,70,,7156,4,,,1,30,,7172,4,,,1,69,,7168,4,,,1,29,,7170,4,,,1,72,,7174,4,,,1,30,,7175,4,,,1,69,,7173,4,,,1,30,,7177,4,,,1,58,,7179,4,,,1,30,,7180,4,,,1,15,,7181,4,,,1,52,,7178,4,,,1,13,,7182,4,,,1,13,,7183,4,,,1,14,,7185,4,,,1,55,,7176,4,,,1,15,,7188,4,,,1,16,,7189,4,,,1,17,,7192,4,,,1,57,,7193,4,,,1,16,,7187,4,,,1,30,,7186,4,,,1,70,,7184,4,,,1,30,,7190,4,,,1,70,,7196,4,,,1,30,,7197,4,,,1,70,,7199,4,,,1,30,,7200,4,,,1,72,,7194,4,,,1,72,,7191,4,,,1,32,,7198,4,,,1,27,,7201,4,,,1,70,,7195,4,0,14,1
1200000200,'2',656,,7205,4,,,1,70,,7204,4,,,1,30,,7208,4,,,1,70,,7202,4,,,1,30,,7207,4,,,1,70,,7206,4,,,1,30,,7210,4,,,1,70,,7209,4,,,1,30,,7203,4,,,1,70,,7212,4,,,1,30,,7214,4,,,1,69,,7211,4,,,1,30,,7216,4,,,1,70,,7217,4,,,1,31,,7213,4,,,1,70,,7215,4,,,1,30,,7219,4,,,1,70,,7221,4,,,1,30,,7218,4,,,1,70,,7223,4,,,1,30,,7224,4,,,1,71,,7220,4,,,1,30,,7222,4,,,1,69,,7228,4,,,1,30,,7227,4,,,1,71,,7225,4,,,1,30,,7229,4,,,1,69,,7231,4,,,1,30,,7230,4,,,1,70,,7233,4,,,1,30,,7226,4,,,1,70,,7232,4,,,1,30,,7234,4,,,1
1200000200,'3',656,,7235,4,,,1,70,,7236,4,,,1,30,,7237,4,,,1,70,,7238,4,,,1,30,,7239,4,,,1,70,,7243,4,,,1,30,,7241,4,,,1,70,,7245,4,,,1,30,,7242,4,,,1,70,,7240,4,,,1,30,,7244,4,,,1,69,,7247,4,,,1,30,,7246,4,,,1,70,,7248,4,,,1,31,,7250,4,,,1,70,,7252,4,,,1,30,,7255,4,,,1,70,,7257,4,,,1,30,,7249,4,,,1,70,,7251,4,,,1,30,,7253,4,,,1,71,,7256,4,,,1,30,,7258,4,,,1,69,,7260,4,,,1,30,,7259,4,,,1,71,,7254,4,,,1,30,,7261,4,,,1
