1501,'1',1209,4,5834,1,0,41,2,103,4,5835,1,0,41,2,95,,5836,1,0,41,2,36,,5839,1,0,41,2,92,,5837,18,,,2,80,,5840,18,,,2,21,,5842,18,,,2,77,,5838,18,0,41,2,29,,5841,18,,,2,78,6,5844,1,0,41,2,33,,5845,1,0,41,2,102,13,5846,1,0,41,2,153,50,5843,1,0,41,2,41,,5847,1,0,41,2
1601,'1',646,,5859,18,,,2,64,,5861,18,,,2,31,,5860,18,,,2,174,,5858,18,0,41,2,95,,5862,1,0,41,2,99,4,5863,1,0,41,2
5004200,'11',644,,6399,1,,,2
905231701,'27',2238,,6491,23,4,,2,70,,6494,23,4,,2,30,,6489,23,4,,2,70,,6492,23,4,,2,30,,6490,23,4,,2,70,,6493,23,4,,2,30,,6495,23,4,,2
905231701,'28',2238,,6498,23,4,,2,70,,6501,23,4,,2,30,,6496,23,4,,2,70,,6499,23,4,,2,30,,6497,23,4,,2,70,,6500,23,4,,2,30,,6502,23,4,,2
905231701,'29',2238,,6505,23,4,,2,70,,6508,23,4,,2,30,,6503,23,4,,2,70,,6506,23,4,,2,30,,6504,23,4,,2,70,,6507,23,4,,2,30,,6509,23,4,,2
1200000200,'1',535,,7029,1,,,1,15,,7028,23,,,1,55,,7033,23,,,1,15,,7034,23,,,1,16,,7035,23,,,1,15,,7037,23,,,1,55,,7038,23,,,1,17,,7027,23,,,1,15,,7040,23,,,1,16,,7032,23,,,1,54,,7030,23,,,1,14,,7036,23,,,1,15,,7041,23,,,1,19,,7039,23,,,1,59,,7042,23,,,1,29,,7044,23,,,1,69,,7046,23,,,1,30,,7031,23,,,1,70,,7047,23,,,1,30,,7043,23,,,1,70,,7045,23,,,1,31,,7049,23,,,1,70,,7050,23,,,1,29,,7048,23,,,1,70,,7052,23,,,1,18,,7054,23,,,1,70,,7055,23,,,1,15,,7056,23,,,1,12,,7053,23,,,1,14,,7057,23,,,1,15,,7058,23,,,1,55,,7060,23,,,1,15,,7051,23,,,1,14,,7063,23,,,1,15,,7064,23,,,1,57,,7067,23,,,1,15,,7068,23,,,1,15,,7062,23,,,1,70,,7061,23,,,1,30,,7059,23,,,1,70,,7065,23,,,1,30,,7071,23,,,1,70,,7072,23,,,1,30,,7074,23,,,1,69,,7075,23,,,1,32,,7069,23,,,1,70,,7066,23,,,1,32,,7073,23,,,1,67,,7076,23,,,1,30,,7070,23,0,14,1
1200000200,'2',713,,7080,23,,,1,30,,7079,23,,,1,70,,7083,23,,,1,30,,7077,23,,,1,70,,7082,23,,,1,30,,7081,23,,,1,70,,7085,23,,,1,30,,7084,23,,,1,70,,7078,23,,,1,30,,7087,23,,,1,70,,7089,23,,,1,30,,7086,23,,,1,70,,7091,23,,,1,30,,7092,23,,,1,70,,7088,23,,,1,30,,7090,23,,,1,70,,7094,23,,,1,30,,7096,23,,,1,70,,7093,23,,,1,30,,7098,23,,,1,70,,7099,23,,,1,31,,7095,23,,,1,69,,7097,23,,,1,29,,7103,23,,,1,70,,7102,23,,,1,31,,7100,23,,,1,69,,7104,23,,,1,29,,7106,23,,,1,70,,7105,23,,,1,30,,7108,23,,,1,70,,7101,23,,,1,30,,7107,23,,,1,70,,7109,23,,,1
1200000200,'3',713,,7110,23,,,1,30,,7111,23,,,1,70,,7112,23,,,1,30,,7113,23,,,1,70,,7114,23,,,1,30,,7118,23,,,1,70,,7116,23,,,1,30,,7120,23,,,1,70,,7117,23,,,1,30,,7115,23,,,1,70,,7119,23,,,1,30,,7122,23,,,1,70,,7121,23,,,1,30,,7123,23,,,1,70,,7125,23,,,1,30,,7127,23,,,1,70,,7130,23,,,1,30,,7132,23,,,1,70,,7124,23,,,1,30,,7126,23,,,1,70,,7128,23,,,1,31,,7131,23,,,1,69,,7133,23,,,1,29,,7135,23,,,1,70,,7134,23,,,1,31,,7129,23,,,1,69,,7136,23,,,1
1200000400,'1',643,,7504,25,,,1,15,,7505,25,,,1
2000001501,'2',758,,7563,1,,,2,101,,7564,1,,,2,100,,7565,1,,,2,142,48,7566,1,,,2,101,,7567,1,,,2,101,,7568,1,,,2,201,,7569,1,,,2,101,,7570,1,,,2,103,8,7571,1,,,2,97,,7572,1,,,2,53,,7573,1,,,2
2000001501,'3',859,,7574,1,,,2,100,,7575,1,,,2,142,48,7576,1,,,2,101,,7577,1,,,2,101,,7578,1,,,2,201,,7579,1,,,2,101,,7580,1,,,2,103,8,7581,1,,,2,97,,7582,1,,,2,53,,7583,1,,,2
