1300,'71',631,,4398,18,,,2,70,,4400,18,,,2,20,,4399,18,,,2,83,,4401,18,,,2,41,,4397,18,,,2,710,,4402,18,,,2,98,,4405,18,,,2,54,,4403,18,,,2,40,,4406,18,,,2,66,,4404,18,,,2
1300,'87',848,,4407,13,,,2
1501,'71',650,,4438,23,,,2,64,,4436,23,,,2,33,,4439,23,,,2,165,,4437,6,,,2,115,,4440,6,,,2,116,,4441,6,,,2,70,,4442,6,,,2,117,,4444,6,,,2,115,,4445,6,,,2,94,,4443,23,,,2,85,,4446,23,,,2,16,,4448,23,,,2,71,,4450,23,,,2,36,,4449,23,,,2,77,,4447,6,,,2,76,,4451,6,,,2,105,,4452,6,,,2,105,,4453,6,,,2,42,,4454,6,,,2
1501,'88',1642,,4455,8,,,2
13101,'85',1536,,4865,42,,,2
20000,'71',917,,4882,19,,,2,28,,4879,19,,,2,66,,4881,19,,,2,29,,4880,19,,,2,689,,4883,7,,,2,273,,4884,7,,,2,134,,4886,7,,,2,218,,4885,7,,,2
20000,'72',2351,,4887,7,,,2
21000,'71',1118,,4899,23,,,2,36,,4900,23,,,2,246,,4902,23,,,2,39,,4901,23,,,2,277,,4903,23,,,2,18,,4907,23,,,2,68,,4905,23,,,2,27,,4904,23,,,2,81,,4906,23,,,2,132,,4908,23,,,2
35000,'71',910,,4951,6,,,2
38000,'71',1708,,4961,20,,,2,42,,4960,20,,,2,79,,4959,20,,,2
1001101,'71',601,,4973,17,0,29 1 38 1 31 1 39 6 7,1,31,,4970,17,0,29 1 38 1 31 1 39 6 7,1,70,,4974,17,0,29 1 38 1 31 1 39 6 7,1,32,,4971,17,0,29 1 38 1 31 1 39 6 7,1,24,,4976,17,0,29 1 38 1 31 1 39 6 7,1,81,,4972,17,0,29 1 38 1 31 1 39 6 7,1,66,,4977,17,0,12 13,1,18,,4978,17,0,29 1 38 1 31 1 39 6 7,1,30,,4975,17,0,29 1 38 1 31 1 39 6 7,1,75,,4979,17,0,29 1 38 1 31 1 39 6 7,1,30,,4982,17,0,29 1 38 1 31 1 39 6 7,1,75,,4980,17,0,29 1 38 1 31 1 39 6 7,1,70,,4983,17,0,29 1 38 1 31 1 39 6 7,1,33,,4981,17,0,29 1 38 1 31 1 39 6 7,1,70,,4984,17,0,29 1 38 1 31 1 39 6 7,1,37,,4986,17,0,29 1 38 1 31 1 39 6 7,1,70,,4985,17,0,29 1 38 1 31 1 39 6 7,1,88,,4987,17,0,29 1 38 1 31 1 39 6 7,1,31,,4989,17,0,29 1 38 1 31 1 39 6 7,1,84,,4988,17,0,29 1 38 1 31 1 39 6 7,1,26,,4990,17,0,29 1 38 1 31 1 39 6 7,1,63,,4993,17,0,29 1 38 1 31 1 39 6 7,1,27,,4991,17,0,29 1 38 1 31 1 39 6 7,1,74,,4994,17,0,29 1 38 1 31 1 39 6 7,1,29,,4992,17,0,29 1 38 1 31 1 39 6 7,1,71,,4995,17,0,29 1 38 1 31 1 39 6 7,1,100,,4996,17,0,29 1 38 1 31 1 39 6 7,1,100,,4997,17,0,29 1 38 1 31 1 39 6 7,1,100,,4998,17,0,29 1 38 1 31 1 39 6 7,1,100,,4999,17,0,12 13,1
1001101,'72',803,,5000,17,0,29 1 38 1 31 1 39 6 7,1,101,,5001,17,0,29 1 38 1 31 1 39 6 7,1,101,,5002,17,0,29 1 38 1 31 1 39 6 7,1,100,,5004,17,0,29 1 38 1 31 1 39 6 7,1,98,,5005,17,0,29 1 38 1 31 1 39 6 7,1,100,,5006,17,0,29 1 38 1 31 1 39 6 7,1,102,,5007,17,0,29 1 38 1 31 1 39 6 7,1,100,,5008,17,0,29 1 38 1 31 1 39 6 7,1,99,,5009,17,0,29 1 38 1 31 1 39 6 7,1,100,,5010,17,0,29 1 38 1 31 1 39 6 7,1,100,,5011,17,0,29 1 38 1 31 1 39 6 7,1,100,,5012,17,0,29 1 38 1 31 1 39 6 7,1,100,,5013,17,0,29 1 38 1 31 1 39 6 7,1,100,,5014,17,0,29 1 38 1 31 1 39 6 7,1,100,,5015,17,0,29 1 38 1 31 1 39 6 7,1,100,,5016,17,0,12 13,1
1001101,'73',1005,,5018,17,0,29 1 38 1 31 1 39 6 7,1,100,,5019,17,0,29 1 38 1 31 1 39 6 7,1,98,,5020,17,0,29 1 38 1 31 1 39 6 7,1,100,,5021,17,0,29 1 38 1 31 1 39 6 7,1,102,,5022,17,0,29 1 38 1 31 1 39 6 7,1,100,,5023,17,0,29 1 38 1 31 1 39 6 7,1,99,,5024,17,0,29 1 38 1 31 1 39 6 7,1,100,,5025,17,0,29 1 38 1 31 1 39 6 7,1,100,,5026,17,0,29 1 38 1 31 1 39 6 7,1
1200000100,'71',652,,5061,75,0,34 35 6 31,1,71,,5062,75,0,34 35 6 31,1,22,,5063,75,0,34 35 6 31,1,69,,5066,75,0,16 1 17,1,29,,5064,75,0,34 35 6 31,1
2000001501,'72',755,,5628,6,,,2,102,,5629,6,,,2,143,,5630,6,,,2,108,,5631,6,,,2,94,,5632,6,,,2,108,,5633,6,,,2,142,,5634,6,,,2,99,,5635,6,,,2,103,,5636,6,,,2,99,,5637,6,,,2,98,,5638,6,,,2
2000001501,'73',857,,5639,6,,,2,143,,5640,6,,,2,108,,5641,6,,,2,94,,5642,6,,,2,108,,5643,6,,,2,142,,5644,6,,,2,99,,5645,6,,,2,103,,5646,6,,,2,99,,5647,6,,,2,98,,5648,6,,,2
