3101,'51',649,,2859,4,,,2,64,,2866,4,,,2,95,,2862,4,,,2,110,,2868,4,,,2,85,,2863,4,,,2,47,,2864,4,,,2,96,,2869,4,,,2,87,,2865,4,,,2,85,,2870,4,,,2,86,,2873,4,,,2,48,,2874,4,,,2,86,,2871,4,,,2,80,,2876,4,,,2,16,,2872,4,,,2,78,,2877,4,,,2,25,,2880,4,,,2,66,,2878,4,,,2,36,,2875,4,,,2,68,,2879,4,,,2,251,,2881,4,0,8,2
3501,'51',543,,2901,2,,,2,96,,2902,4,,,2,70,,2903,4,,,2,110,,2904,4,,,2,40,,2905,4,,,2,80,,2906,4,,,2,97,,2908,4,,,2,102,,2907,4,,,2,98,,2909,4,,,2,101,,2911,4,,,2,102,,2910,4,,,2,113,,2912,4,,,2,73,,2913,4,,,2,76,,2914,4,,,2,34,,2915,4,,,2,104,,2916,4,,,2,90,,2917,4,,,2,92,,2918,4,,,2,98,,2919,4,,,2,108,,2920,4,,,2,93,,2921,4,,,2
3501,'52',654,,2922,4,,,2,100,,2923,4,,,2,101,,2924,4,,,2,100,,2925,4,,,2,100,,2926,4,,,2,101,,2927,4,,,2,146,,2928,4,,,2,102,,2929,4,,,2,101,,2930,4,,,2,100,,2931,4,,,2,52,,2932,4,,,2,97,,2933,4,,,2,96,,2934,4,,,2,150,,2935,4,,,2,58,,2936,4,,,2,98,,2937,4,,,2,98,,2938,4,,,2
3501,'53',855,,2939,4,,,2,100,,2940,4,,,2,100,,2941,4,,,2,101,,2942,4,,,2,146,,2943,4,,,2,102,,2944,4,,,2,101,,2945,4,,,2,100,,2946,4,,,2,52,,2947,4,,,2,97,,2948,4,,,2,96,,2949,4,,,2,103,,2950,4,,,2
3501,'54',654,,2955,4,,,2,100,,2956,4,,,2,101,,2957,4,,,2,100,,2951,4,,,2,100,,2952,4,,,2,101,,2953,4,,,2,146,,2954,4,,,2,102,,2958,4,,,2,101,,2959,4,,,2,100,,2960,4,,,2,52,,2961,4,,,2,97,,2962,4,,,2,96,,2963,4,,,2,150,,2964,4,,,2,58,,2965,4,,,2,98,,2966,4,,,2,98,,2967,4,,,2
22900,'67',854,,3253,17,,,2
35100,'64',706,,3277,1,,,2
35101,'65',1531,,3278,25,,,2
35500,'62',759,6,3279,1,,,2
35501,'63',1644,,3280,35,,,2
2000003101,'52',749,,4209,4,,,2,101,,4210,4,,,2,100,,4211,4,,,2,100,,4212,4,,,2,100,,4213,4,,,2,100,,4214,4,,,2,199,,4215,4,,,2,102,,4216,4,,,2,102,,4217,4,,,2,98,,4218,4,,,2,98,,4219,4,0,8,2
2000003101,'53',849,,4221,4,,,2,101,,4222,4,,,2,100,,4223,4,,,2,100,,4224,4,,,2,100,,4225,4,,,2,199,,4226,4,,,2,102,,4227,4,,,2,102,,4228,4,,,2,98,,4229,4,,,2,98,,4230,4,0,8,2
2000003101,'54',749,,4232,4,,,2,101,,4233,4,,,2,100,,4234,4,,,2,100,,4235,4,,,2,100,,4236,4,,,2,100,,4237,4,,,2,199,,4238,4,,,2,102,,4239,4,,,2,102,,4240,4,,,2,98,,4241,4,,,2,98,,4242,4,0,8,2
