22100,'15',734,,6288,34,,,2
22200,'15',734,,6289,30,,,2
23100,'15',741,,6293,67,,,2
5003701,'1',1719,,6396,18,,,2
5003801,'1',1654,,6398,18,,,2,90,,6397,18,,,2
1200000100,'1',633,,7016,51,,,1,70,,7017,51,,,1,21,,7018,51,,,1,30,,7021,51,0,16 1 17,1,70,,7019,51,,,1
1200000201,'1',611,,7137,6,,,1,36,,7140,18,,,1,55,,7139,18,,,1,20,,7144,18,,,1,23,,7146,18,,,1,60,,7148,18,,,1,20,,7151,18,,,1,15,,7152,18,,,1,16,,7138,18,,,1,54,,7155,18,,,1,14,,7143,18,,,1,11,,7141,18,,,1,12,,7150,18,,,1,12,,7156,18,,,1,54,,7153,18,,,1,17,,7157,18,,,1,70,,7159,18,,,1,29,,7161,18,,,1,30,,7142,18,,,1,72,,7162,18,,,1,70,,7158,18,,,1,30,,7160,18,,,1,71,,7164,18,,,1,30,,7165,18,,,1,69,,7163,18,,,1,38,,7167,18,,,1,67,,7169,18,,,1,18,,7172,18,,,1,17,,7170,18,,,1,17,,7171,18,,,1,52,,7168,18,,,1,11,,7173,18,,,1,13,,7174,18,,,1,14,,7176,18,,,1,54,,7166,18,,,1,9,,7179,18,,,1,13,,7180,18,,,1,13,,7183,18,,,1,12,,7184,18,,,1,53,,7178,18,,,1,24,,7177,18,,,1,26,,7175,18,,,1,59,,7185,18,,,1,30,,7186,18,,,1,72,,7181,18,,,1,35,,7188,18,,,1,69,,7190,18,,,1,31,,7187,18,,,1,67,,7182,18,,,1,31,,7189,18,,,1,86,,7191,18,,,1
1200000201,'14',1643,,7192,12,,,1
1200000201,'2',642,,7196,6,,,1,79,,7193,18,,,1,30,,7201,18,,,1,70,,7199,18,,,1,31,,7197,18,,,1,71,,7203,18,,,1,31,,7194,18,,,1,71,,7202,18,,,1,31,,7200,18,,,1,72,,7205,18,,,1,30,,7204,18,,,1,71,,7195,18,,,1,72,,7207,18,,,1,31,,7209,18,,,1,70,,7206,18,,,1,30,,7211,18,,,1,71,,7212,18,,,1,30,,7208,18,,,1,69,,7210,18,,,1,31,,7214,18,,,1,72,,7216,18,,,1,29,,7213,18,,,1,68,,7218,18,,,1,29,,7219,18,,,1,25,,7215,18,,,1,65,,7217,18,,,1,28,,7223,18,,,1,69,,7222,18,,,1,31,,7220,18,,,1,67,,7224,18,,,1,28,,7226,18,,,1,70,,7225,18,,,1,30,,7228,18,,,1,70,,7221,18,,,1,29,,7227,18,,,1,89,,7229,18,,,1
1200000201,'27',2229,,7230,11,,,1,30,,7233,11,,,1,69,,7231,11,,,1,83,,7234,11,,,1,28,,7236,11,,,1,70,,7232,11,,,1,30,,7235,11,,,1
1200000201,'28',2228,,7237,11,,,1,30,,7240,11,,,1,70,,7238,11,,,1,83,,7241,11,,,1,28,,7243,11,,,1,70,,7239,11,,,1,30,,7242,11,,,1
1200000201,'29',2228,,7244,11,,,1,30,,7247,11,,,1,70,,7245,11,,,1,83,,7248,11,,,1,28,,7250,11,,,1,70,,7246,11,,,1,30,,7249,11,,,1
1200000201,'3',821,,7252,18,,,1,31,,7254,18,,,1,71,,7256,18,,,1,31,,7258,18,,,1,71,,7259,18,,,1,31,,7263,18,,,1,72,,7261,18,,,1,30,,7265,18,,,1,71,,7262,18,,,1,72,,7260,18,,,1,31,,7264,18,,,1,70,,7267,18,,,1,30,,7266,18,,,1,71,,7268,18,,,1,30,,7270,18,,,1,69,,7272,18,,,1,31,,7275,18,,,1,72,,7277,18,,,1,29,,7269,18,,,1,68,,7271,18,,,1,29,,7273,18,,,1,25,,7276,18,,,1,65,,7278,18,,,1,28,,7280,18,,,1,69,,7279,18,,,1,31,,7274,18,,,1,67,,7281,18,,,1
1200000401,'1',1704,,7510,18,,,1,23,,7508,18,,,1
