1301,'1',630,,5816,6,,,2,77,,5818,6,,,2,93,,5817,6,,,2,805,,5819,6,,,2,17,,5820,6,,,2,80,,5822,6,,,2,30,,5821,6,,,2
1500,'1',619,,5823,51,,,2,30,,5825,51,,,2,70,,5827,51,,,2,31,,5826,54,,,2,70,,5829,54,,,2
1600,'1',1542,,5851,35,,,2,68,,5854,20,,,2,33,,5850,38,,,2,77,,5852,38,,,2,25,,5855,38,,,2
1200000201,'1',550,,7145,15,,,1,60,,7147,15,,,1,17,,7149,15,,,1,19,,7137,45,,,1,62,,7154,15,,,1,18,,7140,57,,,1,17,,7139,57,,,1,61,,7144,57,,,1,20,,7146,57,,,1,19,,7148,57,,,1,60,,7151,57,,,1,15,,7152,57,,,1,16,,7138,57,,,1,12,,7155,57,,,1,54,,7143,57,,,1,11,,7141,57,,,1,12,,7150,57,,,1,12,,7156,57,,,1,14,,7153,57,,,1,57,,7157,57,,,1,31,,7159,57,,,1,69,,7161,57,,,1,30,,7142,57,,,1,73,,7162,57,,,1,29,,7158,57,,,1,70,,7160,57,,,1,31,,7164,57,,,1,72,,7165,57,,,1,30,,7163,57,,,1,82,,7167,57,,,1,26,,7169,57,,,1,56,,7172,57,,,1,16,,7170,57,,,1,17,,7171,57,,,1,11,,7168,57,,,1,10,,7173,57,,,1,52,,7174,57,,,1,14,,7176,57,,,1,13,,7166,57,,,1,9,,7179,57,,,1,53,,7180,57,,,1,13,,7183,57,,,1,12,,7184,57,,,1,13,,7178,57,,,1,64,,7177,57,,,1,26,,7175,57,,,1,19,,7185,57,,,1,68,,7186,57,,,1,32,,7181,57,,,1,75,,7188,57,,,1,26,,7190,57,,,1,71,,7187,57,,,1,26,,7182,57,,,1,71,,7189,57,,,1,86,,7191,57,,,1
1200000201,'14',1723,,7192,51,,,1
1200000201,'2',648,,7198,15,,,1,68,,7196,45,,,1,39,,7193,57,,,1,70,,7201,57,,,1,31,,7199,57,,,1,72,,7197,57,,,1,72,,7203,57,,,1,31,,7194,57,,,1,71,,7202,57,,,1,32,,7200,57,,,1,72,,7205,57,,,1,31,,7204,57,,,1,71,,7195,57,,,1,32,,7207,57,,,1,71,,7209,57,,,1,30,,7206,57,,,1,70,,7211,57,,,1,31,,7212,57,,,1,70,,7208,57,,,1,30,,7210,57,,,1,71,,7214,57,,,1,31,,7216,57,,,1,67,,7213,57,,,1,25,,7218,57,,,1,68,,7219,57,,,1,25,,7215,57,,,1,25,,7217,57,,,1,67,,7223,57,,,1,29,,7222,57,,,1,71,,7220,57,,,1,27,,7224,57,,,1,68,,7226,57,,,1,29,,7225,57,,,1,70,,7228,57,,,1,29,,7221,57,,,1,68,,7227,57,,,1,89,,7229,57,,,1
1200000201,'27',2300,,7230,50,,,1,30,,7233,50,,,1,28,,7231,50,,,1,83,,7234,50,,,1,68,,7236,50,,,1,30,,7232,50,,,1,70,,7235,50,,,1
1200000201,'28',2259,,7237,50,,,1,70,,7240,50,,,1,29,,7238,50,,,1,82,,7241,50,,,1,68,,7243,50,,,1,30,,7239,50,,,1,70,,7242,50,,,1
1200000201,'29',2259,,7244,50,,,1,70,,7247,50,,,1,29,,7245,50,,,1,82,,7248,50,,,1,68,,7250,50,,,1,30,,7246,50,,,1,70,,7249,50,,,1
1200000201,'3',648,,7251,15,,,1,68,,7253,15,,,1,32,,7255,15,,,1,70,,7257,15,,,1,38,,7252,57,,,1,72,,7254,57,,,1,72,,7256,57,,,1,30,,7258,57,,,1,72,,7259,57,,,1,32,,7263,57,,,1,72,,7261,57,,,1,31,,7265,57,,,1,71,,7262,57,,,1,32,,7260,57,,,1,71,,7264,57,,,1,30,,7267,57,,,1,70,,7266,57,,,1,31,,7268,57,,,1,70,,7270,57,,,1,30,,7272,57,,,1,71,,7275,57,,,1,31,,7277,57,,,1,67,,7269,57,,,1,25,,7271,57,,,1,68,,7273,57,,,1,25,,7276,57,,,1,25,,7278,57,,,1,67,,7280,57,,,1,29,,7279,57,,,1,71,,7274,57,,,1,27,,7281,57,,,1
