3101,'1',605,,6012,33,,,2,30,,6014,33,,,2,67,,6013,65,,,2,32,,6011,65,,,2,104,,6015,65,,,2,105,,6016,65,,,2,99,,6017,65,,,2,100,,6018,65,,,2,106,,6019,65,,,2,102,,6020,65,,,2,101,,6021,65,,,2,100,,6022,65,,,2,97,,6023,65,,,2,71,,6026,65,,,2,31,,6027,65,,,2,71,,6024,65,,,2,33,,6028,65,,,2,64,,6025,65,,,2,36,,6029,65,,,2
3800,'1',807,,6171,34,,,2,103,,6172,34,,,2,99,,6173,34,,,2,102,,6174,34,,,2,115,,6175,34,,,2,102,,6176,34,,,2,102,,6177,34,,,2,106,,6178,34,,,2,119,,6179,34,,,2,72,,6180,34,,,2,174,,6181,34,,,2,56,,6182,34,,,2,96,,6183,34,,,2,100,,6184,34,,,2,98,,6185,34,,,2
3800,'2',735,,6186,34,,,2,101,,6187,34,,,2,103,,6188,34,,,2,101,,6189,34,,,2,102,,6190,34,,,2,116,,6191,34,,,2,142,,6192,34,,,2,101,,6193,34,,,2,100,,6194,34,,,2,102,,6195,34,,,2,99,,6196,34,,,2,54,,6197,34,,,2,96,,6198,34,,,2,100,,6199,34,,,2,97,,6200,34,,,2,101,,6201,34,,,2
3800,'3',836,,6202,34,,,2,103,,6203,34,,,2,101,,6204,34,,,2,102,,6205,34,,,2,116,,6206,34,,,2,142,,6207,34,,,2,101,,6208,34,,,2,100,,6209,34,,,2,102,,6210,34,,,2,99,,6211,34,,,2,54,,6212,34,,,2,96,,6213,34,,,2
31100,'15',738,,6300,40,,,2
38100,'15',719,,6316,26,,,2
38500,'12',810,,6317,12,,,2
5003801,'1',1722,,6398,65,,,2,89,,6397,65,,,2
2000003101,'2',708,,7719,34,,,2,102,,7720,66,,,2,101,,7721,66,,,2,101,,7722,66,,,2,101,,7723,66,,,2,101,,7724,66,,,2,101,,7725,66,,,2,215,,7726,66,,,2,101,,7727,66,,,2,101,,7728,66,,,2,96,,7729,66,,,2
2000003101,'3',810,,7731,34,,,2,101,,7732,66,,,2,101,,7733,66,,,2,101,,7734,66,,,2,101,,7735,66,,,2,101,,7736,66,,,2,215,,7737,66,,,2,101,,7738,66,,,2,101,,7739,66,,,2,96,,7740,66,,,2
