3101,'1',615,,6012,50,4,,2,32,,6014,50,4,,2,68,,6013,82,4,,2,32,,6011,82,4,,2,101,,6015,82,4,,2,105,,6016,82,4,,2,99,,6017,82,4,,2,100,,6018,82,4,,2,106,,6019,82,4,,2,142,,6020,82,4,,2,101,,6021,82,4,,2,101,,6022,82,4,,2,57,,6023,82,4,,2,71,,6026,82,4,,2,70,,6027,82,4,,2,31,,6024,82,4,,2,73,,6028,82,4,,2,24,,6025,82,4,,2,76,,6029,82,4,,2
3701,'1',600,,6122,41,4,,2,43,,6123,48,4,,2,105,,6124,48,,,2,101,,6125,48,4,,2,104,,6126,48,4,,2,97,,6127,48,4,,2,102,,6128,48,4,,2,155,,6129,48,4,,2,102,,6130,48,4,,2,102,,6131,48,4,,2,115,,6132,48,4,,2,181,,6133,48,4,,2,32,,6134,48,4,,2,100,,6135,48,4,,2,96,,6136,48,4,,2,96,,6137,48,4,,2,100,,6138,48,4,,2,100,,6139,48,4,,2,25,,6140,48,4,,2
3701,'2',715,,6141,48,4,,2,100,,6142,48,4,,2,102,,6143,48,4,,2,102,,6144,48,4,,2,102,,6145,48,4,,2,116,,6146,48,4,,2,103,,6147,48,4,,2,100,,6148,48,4,,2,101,,6149,48,4,,2,100,,6150,48,4,,2,101,,6151,48,4,,2,95,,6152,48,4,,2,97,,6153,48,4,,2,96,,6154,48,4,,2,100,,6155,48,4,,2,101,,6156,48,4,,2,98,,6157,48,4,,2,25,,6158,48,4,,2
3701,'3',815,,6159,48,4,,2,102,,6160,48,4,,2,102,,6161,48,4,,2,102,,6162,48,4,,2,116,,6163,48,4,,2,103,,6164,48,4,,2,100,,6165,48,4,,2,101,,6166,48,4,,2,100,,6167,48,4,,2,101,,6168,48,4,,2,95,,6169,48,4,,2,97,,6170,48,4,,2
3800,'1',818,,6171,49,4,,2,102,,6172,49,4,,2,99,,6173,49,4,,2,102,,6174,49,4,,2,115,,6175,49,4,,2,102,,6176,49,4,,2,102,,6177,49,4,,2,107,,6178,49,4,,2,159,,6179,49,4,,2,31,,6180,49,4,,2,174,,6181,49,4,,2,96,,6182,49,4,,2,96,,6183,49,4,,2,100,,6184,49,4,,2,98,,6185,49,4,,2
3800,'2',745,,6186,49,4,,2,101,,6187,49,4,,2,103,,6188,49,4,,2,101,,6189,49,4,,2,102,,6190,49,4,,2,156,,6191,49,4,,2,102,,6192,49,4,,2,101,,6193,49,4,,2,100,,6194,49,4,,2,102,,6195,49,4,,2,99,,6196,49,4,,2,94,,6197,49,4,,2,96,,6198,49,4,,2,100,,6199,49,4,,2,57,,6200,49,4,,2,141,,6201,49,4,,2
3800,'3',846,,6202,49,4,,2,103,,6203,49,4,,2,101,,6204,49,4,,2,102,,6205,49,4,,2,156,,6206,49,4,,2,102,,6207,49,4,,2,101,,6208,49,4,,2,100,,6209,49,4,,2,102,,6210,49,4,,2,99,,6211,49,4,,2,94,,6212,49,4,,2,96,,6213,49,4,,2
3900,'1',651,,6215,34,4,,2,80,,6216,34,4,,2,71,,6214,34,4,,2
5003700,'1',656,,6395,52,,,2,76,,6394,52,,,2
5004200,'11',701,,6399,19,,,2
905231701,'27',2252,,6491,41,4,,2,69,,6494,41,4,,2,30,,6489,41,4,,2,70,,6492,41,4,,2,30,,6490,41,4,,2,70,,6493,41,4,,2,30,,6495,41,4,,2
905231701,'28',2252,,6498,41,4,,2,69,,6501,41,4,,2,30,,6496,41,4,,2,70,,6499,41,4,,2,30,,6497,41,4,,2,70,,6500,41,4,,2,30,,6502,41,4,,2
905231701,'29',2252,,6505,41,4,,2,69,,6508,41,4,,2,30,,6503,41,4,,2,70,,6506,41,4,,2,30,,6504,41,4,,2,70,,6507,41,4,,2,30,,6509,41,4,,2
1200000101,'1',1550,,7148,45,,,1,72,,7149,45,,,1,31,,7150,45,,,1,71,,7151,45,,,1
1200000200,'1',550,,7154,19,,,1,55,,7153,41,,,1,15,,7158,41,,,1,16,,7159,41,,,1,18,,7160,41,,,1,55,,7162,41,,,1,16,,7163,41,,,1,17,,7152,41,,,1,15,,7165,41,,,1,55,,7157,41,,,1,14,,7155,41,,,1,14,,7161,41,,,1,15,,7166,41,,,1,58,,7164,41,,,1,18,,7167,41,,,1,69,,7169,41,,,1,29,,7171,41,,,1,30,,7156,41,,,1,70,,7172,41,,,1,30,,7168,41,,,1,70,,7170,41,,,1,71,,7174,41,,,1,30,,7175,41,,,1,29,,7173,41,,,1,70,,7177,41,,,1,18,,7179,41,,,1,71,,7180,41,,,1,17,,7181,41,,,1,12,,7178,41,,,1,54,,7182,41,,,1,15,,7183,41,,,1,16,,7185,41,,,1,16,,7176,41,,,1,52,,7188,41,,,1,15,,7189,41,,,1,17,,7192,41,,,1,13,,7193,41,,,1,55,,7187,41,,,1,29,,7186,41,,,1,29,,7184,41,,,1,69,,7190,41,,,1,30,,7196,41,,,1,70,,7197,41,,,1,30,,7199,41,,,1,69,,7200,41,,,1,32,,7194,41,,,1,70,,7191,41,,,1,72,,7198,41,,,1,26,,7201,41,,,1,30,,7195,41,0,14,1
1200000200,'2',728,,7205,41,,,1,30,,7204,41,,,1,71,,7208,41,,,1,30,,7202,41,,,1,70,,7207,41,,,1,30,,7206,41,,,1,71,,7210,41,,,1,70,,7209,41,,,1,30,,7203,41,,,1,71,,7212,41,,,1,30,,7214,41,,,1,70,,7211,41,,,1,30,,7216,41,,,1,71,,7217,41,,,1,30,,7213,41,,,1,69,,7215,41,,,1,30,,7219,41,,,1,70,,7221,41,,,1,30,,7218,41,,,1,70,,7223,41,,,1,30,,7224,41,,,1,69,,7220,41,,,1,28,,7222,41,,,1,28,,7228,41,,,1,70,,7227,41,,,1,31,,7225,41,,,1,69,,7229,41,,,1,29,,7231,41,,,1,70,,7230,41,,,1,30,,7233,41,,,1,70,,7226,41,,,1,30,,7232,41,,,1,70,,7234,41,,,1
1200000200,'3',728,,7235,41,,,1,30,,7236,41,,,1,71,,7237,41,,,1,30,,7238,41,,,1,70,,7239,41,,,1,30,,7243,41,,,1,71,,7241,41,,,1,70,,7245,41,,,1,30,,7242,41,,,1,71,,7240,41,,,1,30,,7244,41,,,1,70,,7247,41,,,1,30,,7246,41,,,1,71,,7248,41,,,1,30,,7250,41,,,1,69,,7252,41,,,1,30,,7255,41,,,1,70,,7257,41,,,1,30,,7249,41,,,1,70,,7251,41,,,1,30,,7253,41,,,1,69,,7256,41,,,1,28,,7258,41,,,1,28,,7260,41,,,1,70,,7259,41,,,1,31,,7254,41,,,1,69,,7261,41,,,1
1200000400,'1',701,,7629,43,,,1,16,,7630,43,,,1
2000003101,'2',718,,7719,51,4,,2,102,,7720,83,4,,2,101,,7721,83,4,,2,101,,7722,83,4,,2,101,,7723,83,4,,2,101,,7724,83,4,,2,101,,7725,83,4,,2,215,,7726,83,4,,2,101,,7727,83,4,,2,101,,7728,83,4,,2,96,,7729,83,4,,2
2000003101,'3',820,,7731,51,4,,2,101,,7732,83,4,,2,101,,7733,83,4,,2,101,,7734,83,4,,2,101,,7735,83,4,,2,101,,7736,83,4,,2,215,,7737,83,4,,2,101,,7738,83,4,,2,101,,7739,83,4,,2,96,,7740,83,4,,2
