905231701,'27',2318,,6491,88,4,,2,29,,6494,88,4,,2,70,,6489,88,4,,2,30,,6492,88,4,,2,70,,6490,88,4,,2,30,,6493,88,4,,2,70,,6495,88,4,,2
905231701,'28',2318,,6498,88,4,,2,29,,6501,88,4,,2,70,,6496,88,4,,2,30,,6499,88,4,,2,70,,6497,88,4,,2,30,,6500,88,4,,2,70,,6502,88,4,,2
905231701,'29',2318,,6505,88,4,,2,29,,6508,88,4,,2,70,,6503,88,4,,2,30,,6506,88,4,,2,70,,6504,88,4,,2,30,,6507,88,4,,2,70,,6509,88,4,,2
1200000101,'1',1626,,7148,92,,,1,32,,7149,92,,,1,71,,7150,92,,,1,30,,7151,92,,,1
1200000301,'1',627,,7508,41,,,1,28,,7513,41,,,1,77,,7506,54,,,1,20,,7510,54,,,1,75,,7516,54,,,1,29,,7511,54,,,1,65,,7519,54,,,1,25,,7507,54,,,1,69,,7517,54,,,1,27,,7515,54,,,1,73,,7520,54,,,1,33,,7521,54,,,1,70,,7523,54,,,1,34,,7525,54,,,1,72,,7527,54,,,1,28,,7522,54,,,1,70,,7524,54,,,1,28,,7526,54,,,1,72,,7528,54,,,1,36,,7529,54,,,1,60,,7532,51,,,1,23,,7530,51,,,1,18,,7535,51,,,1,59,,7534,51,,,1,11,,7539,51,,,1,12,,7537,51,,,1,14,,7538,51,,,1,56,,7541,51,,,1,14,,7533,51,,,1,12,,7536,51,,,1,15,,7531,51,,,1,68,,7540,51,,,1,24,,7544,54,,,1,64,,7542,54,,,1,31,,7543,54,,,1,70,,7545,54,,,1,29,,7546,54,,,1,73,,7549,54,,,1,31,,7547,41,,,1,70,,7550,41,,,1,28,,7548,41,,,1,70,,7551,41,,,1,39,,7552,41,,,1
1200000301,'2',807,,7553,54,,,1,30,,7556,54,,,1,71,,7559,54,,,1,32,,7562,54,,,1,71,,7554,54,,,1,32,,7557,54,,,1,71,,7560,54,,,1,31,,7563,54,,,1,71,,7555,54,,,1,31,,7558,54,,,1,71,,7561,54,,,1,31,,7564,54,,,1,71,,7565,54,,,1,30,,7568,54,,,1,70,,7574,54,,,1,30,,7571,54,,,1,70,,7566,54,,,1,31,,7569,54,,,1,71,,7575,54,,,1,27,,7572,54,,,1,68,,7567,54,,,1,28,,7570,54,,,1,67,,7576,54,,,1,27,,7573,54,,,1,75,,7577,41,,,1,100,,7578,41,,,1,96,,7579,41,,,1,98,,7580,41,,,1,37,,7581,41,,,1,102,,7582,41,,,1
1200000301,'27',2241,,7584,44,,,1,70,,7587,44,,,1,30,,7589,44,,,1,83,,7585,44,,,1,28,,7588,44,,,1,70,,7583,44,,,1,30,,7586,44,,,1
1200000301,'28',2241,,7591,44,,,1,70,,7594,44,,,1,30,,7596,44,,,1,83,,7592,44,,,1,28,,7595,44,,,1,70,,7590,44,,,1,30,,7593,44,,,1
1200000301,'29',2241,,7598,44,,,1,70,,7601,44,,,1,30,,7603,44,,,1,83,,7599,44,,,1,28,,7602,44,,,1,70,,7597,44,,,1,30,,7600,44,,,1
1200000301,'3',837,,7604,54,,,1,71,,7606,54,,,1,32,,7612,54,,,1,71,,7609,54,,,1,32,,7605,54,,,1,71,,7607,54,,,1,31,,7613,54,,,1,71,,7610,54,,,1,31,,7614,54,,,1,71,,7608,54,,,1,31,,7616,54,,,1,71,,7611,54,,,1,30,,7615,54,,,1,70,,7618,54,,,1,30,,7617,54,,,1,70,,7621,54,,,1,31,,7623,54,,,1,71,,7619,54,,,1,27,,7627,54,,,1,68,,7622,54,,,1,28,,7624,54,,,1,67,,7620,54,,,1,27,,7628,54,,,1,75,,7625,41,,,1,121,,7626,41,,,1
2000002200,'1',608,,7709,10,0,18 19 20,2
