'51',5002300,71840,4,'',2,3360,4,'',2,6940,4,'',2
'51',5002400,71840,4,'',2,3360,4,'',2,6940,4,'',2
'51',5003400,72140,4,'',2
'51',5003600,72140,4,'',2,2860,4,'',2
'51',5003700,70240,4,'',2,1900,4,'',2,3560,4,'',2,7140,4,'',2,2880,4,'',2
'51',1200000200,62020,4,'',1,1500,4,'',1,1700,4,'',1,5820,4,'',1,1860,4,'',1,1900,4,'',1,5700,4,'',1,940,4,'',1,500,4,'',1,1300,4,'',1,1180,4,'',1,1300,4,'',1,5500,4,'',1,1800,4,'',1,1500,4,'',1,5500,4,'',1,1720,4,'',1,1500,4,'',1,1400,4,'',1,5500,4,'',1,1500,4,'',1,1500,4,'',1,1600,4,'',1,5500,4,'',1,1500,4,'',1,1500,4,'',1,1500,4,'',1,5500,4,'',1,1500,4,'',1,1400,4,'',1,1500,4,'',1,5500,4,'',1,1500,4,'',1,1660,4,'',1,2000,4,'',1,5500,4,'',1,1500,4,'',1,1500,4,'',1,1500,4,'',1,5500,4,'',1,1500,4,'',1,1500,4,'',1,1500,4,'',1,5000,4,'',1,600,4,'',1,1340,4,'',1,1300,4,'',1,1400,4,'',1,5400,4,'',1,1700,4,'',1,1680,4,'',1,1700,4,'',1,6000,4,'',1,2800,4,'',1,7000,4,'',1,3000,4,'',1,7000,4,'',1,2900,4,'',1,6900,4,'',1,3000,4,'',1,7500,4,'',1,2500,4,'',1
'52',1200000200,74220,4,'',1,7000,4,'',1,3000,4,'',1,7100,4,'',1,3000,4,'',1,7120,4,'',1,3000,4,'',1,7000,4,'',1,3000,4,'',1,7000,4,'',1,3000,4,'',1,7100,4,'',1,3100,4,'',1,7000,4,'',1,3100,4,'',1,7000,4,'',1,2900,4,'',1,7000,4,'',1,2900,4,'',1,6900,4,'',1,2980,4,'',1,6800,4,'',1,3000,4,'',1,7000,4,'',1,2900,4,'',1,7000,4,'',1,3000,4,'',1,7000,4,'',1,3000,4,'',1,6900,4,'',1,3000,4,'',1,7000,4,'',1,3000,4,'',1
'53',1200000200,74220,4,'',1,7000,4,'',1,3000,4,'',1,7100,4,'',1,3000,4,'',1,7120,4,'',1,3000,4,'',1,7000,4,'',1,3000,4,'',1,7000,4,'',1,3000,4,'',1,7100,4,'',1,3100,4,'',1,7000,4,'',1,3100,4,'',1,7000,4,'',1,2900,4,'',1,7000,4,'',1,2900,4,'',1,6900,4,'',1,2980,4,'',1,6800,4,'',1,3000,4,'',1,7000,4,'',1,2900,4,'',1,7000,4,'',1,3000,4,'',1
'51',1200000300,62920,4,'',1,1700,4,'',1,5620,4,'',1,1100,4,'',1,1100,4,'',1,1660,4,'',1,1600,4,'',1,5500,4,'',1,1440,4,'',1,1300,4,'',1,1780,4,'',1,5400,4,'',1,1500,4,'',1,1500,4,'',1,1500,4,'',1,6020,4,'',1,2000,4,'',1,2000,4,'',1,6000,4,'',1,2000,4,'',1,2000,4,'',1,6000,4,'',1,2000,4,'',1,2000,4,'',1,6000,4,'',1,2000,4,'',1,2000,4,'',1,6000,4,'',1,2060,4,'',1,1800,4,'',1,6600,4,'',1,3000,4,'',1,6800,4,'',1,3000,4,'',1,7140,4,'',1,2900,4,'',1,7100,4,'',1,2180,4,'',1,6900,4,'',1,2300,4,'',1,7000,4,'',1,3100,4,'',1,7100,4,'',1
'52',1200000300,65920,4,'',1,7000,4,'',1,3000,4,'',1,7000,4,'',1,7100,4,'',1,3000,4,'',1,7000,4,'',1,3020,4,'',1,7100,4,'',1,3000,4,'',1,7100,4,'',1,3000,4,'',1,6900,4,'',1,3100,4,'',1,7100,4,'',1,3100,4,'',1,7000,4,'',1,2900,4,'',1,7000,4,'',1,3000,4,'',1,6800,4,'',1,2900,4,'',1,7000,4,'',1,2880,4,'',1
'53',1200000300,72920,4,'',1,3000,4,'',1,7000,4,'',1,7100,4,'',1,3000,4,'',1,7000,4,'',1,3020,4,'',1,7100,4,'',1,3000,4,'',1,7100,4,'',1,3000,4,'',1,6900,4,'',1,3100,4,'',1,7100,4,'',1,3100,4,'',1,7000,4,'',1,2900,4,'',1,7000,4,'',1,3000,4,'',1,6800,4,'',1,2900,4,'',1,7000,4,'',1,2880,4,'',1
'51',1200000400,72040,4,'',2,1760,4,'',2,1800,4,'',2
