1300,'1',630,,5808,17,,,2,85,,5806,17,,,2,44,,5807,17,,,2,793,,5809,17,,,2,148,,5811,17,,,2,14,,5810,17,,,2,32,,5813,17,,,2,72,,5812,17,,,2
1300,'16',841,,5815,17,,,2,3,,5814,12,,,2
1501,'1',1212,,5834,5,0,41,2,103,,5835,5,0,41,2,95,,5836,5,0,41,2,36,,5839,5,0,41,2,92,,5837,22,,,2,81,,5840,22,,,2,21,,5842,22,,,2,77,,5838,22,0,41,2,28,,5841,22,,,2,78,,5844,5,0,41,2,33,,5845,5,0,41,2,102,,5846,5,0,41,2,153,,5843,5,0,41,2,41,,5847,5,0,41,2
1601,'1',650,,5859,22,,,2,64,,5861,22,,,2,31,,5860,22,,,2,173,,5858,22,0,41,2,95,,5862,5,0,41,2,99,,5863,5,0,41,2
20000,'1',919,,6243,18,,,2,28,,6242,18,,,2,1189,,6244,6,,,2,218,,6245,6,,,2
20000,'2',1908,,6246,6,,,2,445,,6247,6,,,2
21000,'1',1115,,6255,24,,,2,33,,6256,24,,,2,585,,6258,24,,,2,69,,6260,24,,,2,28,,6259,24,,,2,80,,6257,24,,,2,132,,6261,24,,,2
21000,'2',1250,,6262,24,,,2,71,,6263,24,,,2,31,,6264,24,,,2,71,,6265,24,,,2,496,,6266,24,,,2,93,,6267,24,,,2
21000,'3',1219,,6269,24,,,2,133,,6268,24,,,2,172,,6270,24,,,2,100,,6271,24,,,2
35000,'13',910,,6306,5,,,2
38000,'1',1705,,6312,19,,,2,46,,6310,19,,,2,86,,6311,19,,,2
1001101,'1',601,,6326,16,,,1,31,,6323,16,,,1,70,,6327,16,,,1,32,,6324,16,,,1,24,,6320,16,,,1,81,,6325,16,,,1,66,,6321,16,0,12 13,1,18,,6328,16,,,1,30,,6329,16,,,1,75,,6333,16,,,1,30,,6330,16,,,1,75,,6334,16,,,1,70,,6331,16,,,1,33,,6335,16,,,1,70,,6332,16,,,1,37,,6336,16,,,1,70,,6338,16,,,1,88,,6337,16,,,1,30,,6339,16,,,1,85,,6341,16,,,1,26,,6340,16,,,1,63,,6344,16,,,1,27,,6342,16,,,1,74,,6345,16,,,1,29,,6343,16,,,1,71,,6346,16,,,1,100,,6347,16,,,1,100,,6348,16,,,1,100,,6349,16,,,1,100,,6350,16,0,12 13,1
1001101,'2',803,,6352,16,,,1,101,,6353,16,,,1,101,,6354,16,,,1,100,,6355,16,,,1,98,,6359,16,,,1,100,,6360,16,,,1,101,,6358,16,,,1,100,,6356,16,,,1,100,,6357,16,,,1,100,,6361,16,,,1,100,,6362,16,,,1,100,,6363,16,,,1,100,,6364,16,,,1,100,,6365,16,,,1,100,,6366,16,,,1,100,,6367,16,0,12 13,1
1001101,'3',1005,,6369,16,,,1,100,,6372,16,,,1,98,,6373,16,,,1,100,,6370,16,,,1,101,,6371,16,,,1,100,,6374,16,,,1,100,,6375,16,,,1,100,,6376,16,,,1,100,,6377,16,,,1
1200000100,'1',654,,7141,74,,,1,72,,7142,74,,,1,21,,7143,74,,,1,69,,7146,74,0,16 1 17,1,30,,7144,74,,,1
2000001501,'2',801,,7688,5,,,2,101,,7689,5,,,2,100,,7690,5,,,2,102,,7691,5,,,2,101,,7692,5,,,2,101,,7693,5,,,2,201,,7694,5,,,2,101,,7695,5,,,2,103,,7696,5,,,2,97,,7697,5,,,2,93,,7698,5,,,2
2000001501,'3',902,,7699,5,,,2,100,,7700,5,,,2,102,,7701,5,,,2,101,,7702,5,,,2,101,,7703,5,,,2,201,,7704,5,,,2,101,,7705,5,,,2,103,,7706,5,,,2,97,,7707,5,,,2,93,,7708,5,,,2
