2301,'1',624,,5973,9,,,2,30,,5974,9,,,2,150,,5976,9,,,2,41,,5953,9,,,2,72,,5977,9,,,2,23,,5954,9,,,2,81,,5955,9,,,2,30,,5957,9,,,2,70,,5956,9,,,2,30,,5958,9,,,2,71,,5959,9,,,2,30,,5961,9,,,2,70,,5960,9,,,2,30,,5962,9,,,2,71,,5963,9,,,2,31,,5966,9,,,2,91,,5964,9,,,2,68,,5967,9,,,2,35,,5965,9,,,2,102,,5968,9,,,2,66,,5975,9,,,2,37,,5969,9,,,2,102,,5970,9,,,2,90,,5971,9,,,2,114,,5972,9,,,2
2301,'14',1647,,5979,13,,,2
2301,'2',701,,5980,9,,,2,100,,5981,9,,,2,101,,5982,9,,,2,102,,5983,9,,,2,102,,5984,9,,,2,102,,5985,9,,,2,101,,5986,9,,,2,101,,5987,9,,,2,100,,5988,9,,,2,100,,5989,9,,,2,101,,5990,9,,,2,97,,5991,9,,,2
2301,'3',801,,5992,9,,,2,101,,5993,9,,,2,102,,5994,9,,,2,102,,5995,9,,,2,102,,5996,9,,,2,101,,5997,9,,,2,101,,5998,9,,,2,100,,5999,9,,,2,100,,6000,9,,,2,101,,6001,9,,,2,97,,6002,9,,,2
2401,'1',1552,,6009,2,,,2,58,,6005,2,,,2,149,,6010,2,,,2,59,,6006,2,,,2,27,,6007,2,,,2,64,,6008,2,,,2
6501,'1',1700,,6223,2,,,2,18,,6225,2,,,2,41,,6224,2,,,2
22500,'12',801,,6290,6,,,2
5002301,'1',1656,,6382,19,,,2,65,,6381,19,,,2
5002401,'1',1657,,6385,19,,,2,65,,6386,19,,,2
905231701,'27',2302,,6491,56,4,,2,29,,6494,56,4,,2,70,,6489,56,4,,2,30,,6492,56,4,,2,70,,6490,56,4,,2,30,,6493,56,4,,2,70,,6495,56,4,,2
905231701,'28',2302,,6498,56,4,,2,29,,6501,56,4,,2,70,,6496,56,4,,2,30,,6499,56,4,,2,70,,6497,56,4,,2,30,,6500,56,4,,2,70,,6502,56,4,,2
905231701,'29',2302,,6505,56,4,,2,29,,6508,56,4,,2,70,,6503,56,4,,2,30,,6506,56,4,,2,70,,6504,56,4,,2,30,,6507,56,4,,2,70,,6509,56,4,,2
1200000101,'1',1606,,7023,60,,,1,32,,7024,60,,,1,71,,7025,60,,,1,31,,7026,60,,,1
1200000301,'1',611,,7383,9,,,1,28,,7388,9,,,1,76,,7381,22,,,1,20,,7385,22,,,1,75,,7391,22,,,1,29,,7386,22,,,1,65,,7394,22,,,1,25,,7382,22,,,1,29,,7392,22,,,1,67,,7390,22,,,1,33,,7395,22,,,1,73,,7396,22,,,1,70,,7398,22,,,1,33,,7400,22,,,1,72,,7402,22,,,1,29,,7397,22,,,1,70,,7399,22,,,1,28,,7401,22,,,1,70,,7403,22,,,1,36,,7404,22,,,1,20,,7407,19,,,1,62,,7405,19,,,1,18,,7410,19,,,1,19,,7409,19,,,1,51,,7414,19,,,1,14,,7412,19,,,1,14,,7413,19,,,1,16,,7416,19,,,1,54,,7408,19,,,1,12,,7411,19,,,1,15,,7406,19,,,1,69,,7415,19,,,1,24,,7419,22,,,1,24,,7417,22,,,1,71,,7418,22,,,1,30,,7420,22,,,1,70,,7421,22,,,1,33,,7424,22,,,1,71,,7422,9,,,1,30,,7425,9,,,1,68,,7423,9,,,1,30,,7426,9,,,1,79,,7427,9,,,1
1200000301,'2',751,,7428,22,,,1,70,,7431,22,,,1,31,,7434,22,,,1,71,,7437,22,,,1,31,,7429,22,,,1,72,,7432,22,,,1,31,,7435,22,,,1,71,,7438,22,,,1,31,,7430,22,,,1,71,,7433,22,,,1,71,,7436,22,,,1,31,,7439,22,,,1,71,,7440,22,,,1,30,,7443,22,,,1,70,,7449,22,,,1,30,,7446,22,,,1,70,,7441,22,,,1,31,,7444,22,,,1,71,,7450,22,,,1,27,,7447,22,,,1,68,,7442,22,,,1,29,,7445,22,,,1,27,,7451,22,,,1,67,,7448,22,,,1,35,,7452,9,,,1,100,,7453,9,,,1,96,,7454,9,,,1,98,,7455,9,,,1,78,,7456,9,,,1,102,,7457,9,,,1
1200000301,'27',2225,,7459,12,,,1,30,,7462,12,,,1,70,,7464,12,,,1,83,,7460,12,,,1,28,,7463,12,,,1,70,,7458,12,,,1,30,,7461,12,,,1
1200000301,'28',2225,,7466,12,,,1,30,,7469,12,,,1,70,,7471,12,,,1,83,,7467,12,,,1,28,,7470,12,,,1,70,,7465,12,,,1,30,,7468,12,,,1
1200000301,'29',2225,,7473,12,,,1,30,,7476,12,,,1,70,,7478,12,,,1,83,,7474,12,,,1,28,,7477,12,,,1,70,,7472,12,,,1,30,,7475,12,,,1
1200000301,'3',821,,7479,22,,,1,31,,7481,22,,,1,71,,7487,22,,,1,31,,7484,22,,,1,72,,7480,22,,,1,31,,7482,22,,,1,71,,7488,22,,,1,31,,7485,22,,,1,71,,7489,22,,,1,71,,7483,22,,,1,31,,7491,22,,,1,71,,7486,22,,,1,30,,7490,22,,,1,70,,7493,22,,,1,30,,7492,22,,,1,70,,7496,22,,,1,31,,7498,22,,,1,71,,7494,22,,,1,27,,7502,22,,,1,68,,7497,22,,,1,29,,7499,22,,,1,27,,7495,22,,,1,67,,7503,22,,,1,35,,7500,9,,,1,161,,7501,9,,,1
2000002200,'1',656,,7585,2,,,2,90,,7587,2,,,2
2000002201,'1',1547,,7589,2,,,2,83,,7590,2,,,2,88,,7591,2,,,2,84,,7592,2,,,2,40,,7593,2,0,21 22,2
