13101,'85',1522,,4865,17,,,2
32500,'82',825,,4947,40,,,2
34500,'82',823,,4949,30,,,2
35500,'82',828,,4955,43,,,2
1200000100,'71',638,,5061,58,0,34 35 6 31,1,70,,5062,58,0,34 35 6 31,1,21,,5063,58,0,34 35 6 31,1,30,,5066,58,0,16 1 17,1,70,,5064,58,0,34 35 6 31,1
1200000201,'71',616,,5201,13,0,29,1,35,,5205,25,0,29,1,55,,5204,25,0,29,1,20,,5208,25,0,29,1,10,,5214,25,0,29,1,15,,5203,25,0,29,1,55,,5213,25,0,29,1,19,,5207,25,0,29,1,17,,5218,25,0,29,1,15,,5202,25,0,29,1,54,,5221,25,0,29,1,14,,5206,25,0,29,1,12,,5223,25,0,29,1,12,,5216,25,0,29,1,52,,5224,25,0,29,1,15,,5209,25,0,29,1,12,,5225,25,0,29,1,17,,5217,25,0,29,1,58,,5219,25,0,29,1,14,,5226,25,0,29,1,15,,5222,25,0,29,1,15,,5228,25,0,29,1,55,,5229,25,0,29,1,15,,5230,25,0,29,1,17,,5232,25,0,29,1,15,,5233,25,0,29,1,55,,5235,25,0,29,1,15,,5236,25,0,29,1,15,,5237,25,0,29,1,16,,5227,25,0,29,1,55,,5239,25,0,29,1,15,,5240,25,0,29,1,15,,5241,25,0,29,1,14,,5231,25,0,29,1,55,,5238,25,0,29,1,18,,5234,25,0,29,1,27,,5242,25,0,29,1,60,,5243,25,0,29,1,18,,5244,25,0,29,1,15,,5245,25,0,29,1,6,,5253,13,0,29,1,54,,5246,25,0,29,1,9,,5247,25,0,29,1,12,,5249,25,0,29,1,12,,5251,25,0,29,1,15,,5254,25,0,29,1,53,,5255,25,0,29,1,9,,5256,25,0,29,1,13,,5259,25,0,29,1,17,,5260,25,0,29,1,9,,5257,25,0,29,1,52,,5258,25,0,29,1,13,,5250,25,0,29,1,12,,5248,25,0,29,1,14,,5261,25,0,29,1,14,,5252,25,0,29,1,60,,5262,25,0,29,1,30,,5263,25,0,29,1,72,,5265,25,0,29,1,35,,5267,25,0,29,1,68,,5269,25,0,29,1,31,,5264,25,0,29,1,67,,5266,25,0,29,1,31,,5268,25,0,29,1,86,,5270,25,0,29,1
1200000201,'72',712,,5272,25,0,29,1,31,,5271,25,0,29,1,70,,5273,25,0,29,1,32,,5279,25,0,29,1,70,,5284,25,0,29,1,32,,5277,25,0,29,1,72,,5276,25,0,29,1,29,,5282,25,0,29,1,70,,5283,25,0,29,1,31,,5285,25,0,29,1,69,,5274,25,0,29,1,31,,5280,25,0,29,1,70,,5278,25,0,29,1,30,,5286,25,0,29,1,72,,5287,25,0,29,1,29,,5289,25,0,29,1,73,,5288,25,0,29,1,29,,5291,25,0,29,1,69,,5292,25,0,29,1,33,,5293,25,0,29,1,71,,5294,25,0,29,1,27,,5295,25,0,29,1,68,,5290,25,0,29,1,30,,5297,25,0,29,1,65,,5296,25,0,29,1,39,,5300,25,0,29,1,69,,5302,25,0,29,1,31,,5298,25,0,29,1,67,,5304,25,0,29,1,28,,5305,25,0,29,1,70,,5301,25,0,29,1,30,,5303,25,0,29,1,69,,5299,25,0,29,1,29,,5306,25,0,29,1,90,,5307,25,0,29,1
1200000201,'73',813,,5308,25,0,29,1,32,,5311,25,0,29,1,70,,5315,25,0,29,1,32,,5318,25,0,29,1,72,,5310,25,0,29,1,29,,5314,25,0,29,1,70,,5317,25,0,29,1,31,,5320,25,0,29,1,69,,5321,25,0,29,1,31,,5312,25,0,29,1,70,,5322,25,0,29,1,30,,5324,25,0,29,1,72,,5323,25,0,29,1,29,,5326,25,0,29,1,73,,5325,25,0,29,1,29,,5328,25,0,29,1,69,,5329,25,0,29,1,33,,5330,25,0,29,1,71,,5331,25,0,29,1,27,,5333,25,0,29,1,68,,5327,25,0,29,1,30,,5336,25,0,29,1,65,,5334,25,0,29,1,39,,5338,25,0,29,1,69,,5332,25,0,29,1,31,,5337,25,0,29,1,67,,5335,25,0,29,1
1200000201,'81',659,,5339,13,0,29,1,55,,5340,13,0,29,1,820,,5341,25,0,29,1
1200000201,'89',1617,,5345,25,0,29,1,15,,5346,25,0,29,1
1200000401,'71',1705,,5572,25,0,31,1,27,,5571,25,0,31,1,22,,5575,25,0,31,1
