2301,'1',623,,5973,7,,,2,30,,5974,7,,,2,150,,5976,7,,,2,41,,5953,7,,,2,72,,5977,7,,,2,23,,5954,7,,,2,81,,5955,7,,,2,30,,5957,7,,,2,70,,5956,7,,,2,30,,5958,7,,,2,71,,5959,7,,,2,30,,5961,7,,,2,70,,5960,7,,,2,30,,5962,7,,,2,71,,5963,7,,,2,31,,5966,7,,,2,91,,5964,7,,,2,67,,5967,7,,,2,35,,5965,7,,,2,102,,5968,7,,,2,67,,5975,7,,,2,37,,5969,7,,,2,102,,5970,7,,,2,90,,5971,7,,,2,114,,5972,7,,,2
2301,'14',1645,,5979,11,,,2
2301,'2',659,,5980,7,,,2,100,,5981,7,,,2,141,,5982,7,,,2,102,,5983,7,,,2,102,,5984,7,,,2,102,,5985,7,,,2,101,,5986,7,,,2,101,,5987,7,,,2,100,,5988,7,,,2,100,,5989,7,,,2,101,,5990,7,,,2,97,,5991,7,,,2
2301,'3',759,,5992,7,,,2,141,,5993,7,,,2,102,,5994,7,,,2,102,,5995,7,,,2,102,,5996,7,,,2,101,,5997,7,,,2,101,,5998,7,,,2,100,,5999,7,,,2,100,,6000,7,,,2,101,,6001,7,,,2,97,,6002,7,,,2
22500,'12',759,,6290,4,,,2
5002301,'1',1653,,6382,17,,,2,66,,6381,17,,,2
5002401,'1',1654,,6385,17,,,2,66,,6386,17,,,2
5004301,'11',1648,,6402,12,,,2,95,,6403,12,,,2,89,,6404,12,,,2
905231701,'27',2301,,6491,54,4,,2,29,,6494,54,4,,2,70,,6489,54,4,,2,30,,6492,54,4,,2,70,,6490,54,4,,2,30,,6493,54,4,,2,70,,6495,54,4,,2
905231701,'28',2301,,6498,54,4,,2,29,,6501,54,4,,2,70,,6496,54,4,,2,30,,6499,54,4,,2,70,,6497,54,4,,2,30,,6500,54,4,,2,70,,6502,54,4,,2
905231701,'29',2301,,6505,54,4,,2,29,,6508,54,4,,2,70,,6503,54,4,,2,30,,6506,54,4,,2,70,,6504,54,4,,2,30,,6507,54,4,,2,70,,6509,54,4,,2
1200000101,'1',1604,,7148,58,,,1,32,,7149,58,,,1,71,,7150,58,,,1,31,,7151,58,,,1
1200000301,'1',610,,7508,7,,,1,28,,7513,7,,,1,75,,7506,20,,,1,20,,7510,20,,,1,75,,7516,20,,,1,29,,7511,20,,,1,65,,7519,20,,,1,25,,7507,20,,,1,29,,7517,20,,,1,67,,7515,20,,,1,33,,7520,20,,,1,73,,7521,20,,,1,30,,7523,20,,,1,73,,7525,20,,,1,72,,7527,20,,,1,29,,7522,20,,,1,70,,7524,20,,,1,28,,7526,20,,,1,70,,7528,20,,,1,36,,7529,20,,,1,20,,7532,17,,,1,61,,7530,17,,,1,18,,7535,17,,,1,19,,7534,17,,,1,52,,7539,17,,,1,14,,7537,17,,,1,14,,7538,17,,,1,16,,7541,17,,,1,54,,7533,17,,,1,12,,7536,17,,,1,15,,7531,17,,,1,69,,7540,17,,,1,24,,7544,20,,,1,24,,7542,20,,,1,71,,7543,20,,,1,30,,7545,20,,,1,70,,7546,20,,,1,33,,7549,20,,,1,72,,7547,7,,,1,30,,7550,7,,,1,68,,7548,7,,,1,30,,7551,7,,,1,79,,7552,7,,,1
1200000301,'2',749,,7553,20,,,1,70,,7556,20,,,1,31,,7559,20,,,1,71,,7562,20,,,1,31,,7554,20,,,1,72,,7557,20,,,1,31,,7560,20,,,1,71,,7563,20,,,1,31,,7555,20,,,1,71,,7558,20,,,1,31,,7561,20,,,1,71,,7564,20,,,1,71,,7565,20,,,1,30,,7568,20,,,1,70,,7574,20,,,1,30,,7571,20,,,1,70,,7566,20,,,1,31,,7569,20,,,1,71,,7575,20,,,1,27,,7572,20,,,1,28,,7567,20,,,1,69,,7570,20,,,1,27,,7576,20,,,1,67,,7573,20,,,1,35,,7577,7,,,1,100,,7578,7,,,1,96,,7579,7,,,1,99,,7580,7,,,1,78,,7581,7,,,1,102,,7582,7,,,1
1200000301,'27',2224,,7584,10,,,1,30,,7587,10,,,1,70,,7589,10,,,1,83,,7585,10,,,1,28,,7588,10,,,1,70,,7583,10,,,1,30,,7586,10,,,1
1200000301,'28',2224,,7591,10,,,1,30,,7594,10,,,1,70,,7596,10,,,1,83,,7592,10,,,1,28,,7595,10,,,1,70,,7590,10,,,1,30,,7593,10,,,1
1200000301,'29',2224,,7598,10,,,1,30,,7601,10,,,1,70,,7603,10,,,1,83,,7599,10,,,1,28,,7602,10,,,1,70,,7597,10,,,1,30,,7600,10,,,1
1200000301,'3',819,,7604,20,,,1,31,,7606,20,,,1,71,,7612,20,,,1,31,,7609,20,,,1,72,,7605,20,,,1,31,,7607,20,,,1,71,,7613,20,,,1,31,,7610,20,,,1,71,,7614,20,,,1,31,,7608,20,,,1,71,,7616,20,,,1,71,,7611,20,,,1,30,,7615,20,,,1,70,,7618,20,,,1,30,,7617,20,,,1,70,,7621,20,,,1,31,,7623,20,,,1,71,,7619,20,,,1,27,,7627,20,,,1,28,,7622,20,,,1,69,,7624,20,,,1,27,,7620,20,,,1,67,,7628,20,,,1,35,,7625,7,,,1,161,,7626,7,,,1
