13800,'82',835,,4870,15,,,2
34500,'82',833,,4949,40,,,2
35500,'82',837,,4955,53,,,2
1200000100,'71',647,,5061,68,0,34 35 6 31,1,71,,5062,68,0,34 35 6 31,1,21,,5063,68,0,34 35 6 31,1,69,,5066,68,0,16 1 17,1,30,,5064,68,0,34 35 6 31,1
1200000201,'71',626,,5201,23,0,29,1,75,,5205,35,0,29,1,15,,5204,35,0,29,1,20,,5208,35,0,29,1,10,,5214,35,0,29,1,54,,5203,35,0,29,1,15,,5213,35,0,29,1,19,,5207,35,0,29,1,17,,5218,35,0,29,1,55,,5202,35,0,29,1,14,,5221,35,0,29,1,14,,5206,35,0,29,1,12,,5223,35,0,29,1,12,,5216,35,0,29,1,52,,5224,35,0,29,1,15,,5209,35,0,29,1,12,,5225,35,0,29,1,17,,5217,35,0,29,1,58,,5219,35,0,29,1,14,,5226,35,0,29,1,15,,5222,35,0,29,1,15,,5228,35,0,29,1,55,,5229,35,0,29,1,15,,5230,35,0,29,1,17,,5232,35,0,29,1,15,,5233,35,0,29,1,55,,5235,35,0,29,1,15,,5236,35,0,29,1,15,,5237,35,0,29,1,16,,5227,35,0,29,1,55,,5239,35,0,29,1,15,,5240,35,0,29,1,15,,5241,35,0,29,1,14,,5231,35,0,29,1,56,,5238,35,0,29,1,18,,5234,35,0,29,1,27,,5242,35,0,29,1,60,,5243,35,0,29,1,18,,5244,35,0,29,1,15,,5245,35,0,29,1,6,,5253,23,0,29,1,54,,5246,35,0,29,1,9,,5247,35,0,29,1,12,,5249,35,0,29,1,11,,5251,35,0,29,1,15,,5254,35,0,29,1,53,,5255,35,0,29,1,9,,5256,35,0,29,1,13,,5259,35,0,29,1,17,,5260,35,0,29,1,49,,5257,35,0,29,1,12,,5258,35,0,29,1,13,,5250,35,0,29,1,12,,5248,35,0,29,1,14,,5261,35,0,29,1,54,,5252,35,0,29,1,20,,5262,35,0,29,1,29,,5263,35,0,29,1,72,,5265,35,0,29,1,75,,5267,35,0,29,1,28,,5269,35,0,29,1,71,,5264,35,0,29,1,27,,5266,35,0,29,1,31,,5268,35,0,29,1,86,,5270,35,0,29,1
1200000201,'72',720,,5272,35,0,29,1,31,,5271,35,0,29,1,70,,5273,35,0,29,1,32,,5279,35,0,29,1,71,,5284,35,0,29,1,32,,5277,35,0,29,1,71,,5276,35,0,29,1,29,,5282,35,0,29,1,70,,5283,35,0,29,1,31,,5285,35,0,29,1,70,,5274,35,0,29,1,31,,5280,35,0,29,1,70,,5278,35,0,29,1,30,,5286,35,0,29,1,72,,5287,35,0,29,1,29,,5289,35,0,29,1,73,,5288,35,0,29,1,69,,5291,35,0,29,1,29,,5292,35,0,29,1,73,,5293,35,0,29,1,31,,5294,35,0,29,1,67,,5295,35,0,29,1,28,,5290,35,0,29,1,29,,5297,35,0,29,1,65,,5296,35,0,29,1,79,,5300,35,0,29,1,29,,5302,35,0,29,1,71,,5298,35,0,29,1,27,,5304,35,0,29,1,28,,5305,35,0,29,1,69,,5301,35,0,29,1,30,,5303,35,0,29,1,69,,5299,35,0,29,1,29,,5306,35,0,29,1,90,,5307,35,0,29,1
1200000201,'73',821,,5308,35,0,29,1,32,,5311,35,0,29,1,71,,5315,35,0,29,1,32,,5318,35,0,29,1,71,,5310,35,0,29,1,29,,5314,35,0,29,1,70,,5317,35,0,29,1,31,,5320,35,0,29,1,70,,5321,35,0,29,1,31,,5312,35,0,29,1,70,,5322,35,0,29,1,30,,5324,35,0,29,1,72,,5323,35,0,29,1,29,,5326,35,0,29,1,73,,5325,35,0,29,1,69,,5328,35,0,29,1,29,,5329,35,0,29,1,73,,5330,35,0,29,1,31,,5331,35,0,29,1,67,,5333,35,0,29,1,28,,5327,35,0,29,1,29,,5336,35,0,29,1,65,,5334,35,0,29,1,79,,5338,35,0,29,1,29,,5332,35,0,29,1,71,,5337,35,0,29,1,27,,5335,35,0,29,1
1200000201,'81',709,,5339,23,0,29,1,15,,5340,23,0,29,1,820,,5341,35,0,29,1
1200000201,'89',1627,,5345,35,0,29,1,15,,5346,35,0,29,1
1200000401,'71',1715,,5572,35,0,31,1,26,,5571,35,0,31,1,62,,5575,35,0,31,1
