1100,'1',611,,5753,10,,,1,25,,5748,82,,,1,75,,5754,82,,,1,30,,5749,82,,,1,74,,5755,82,,,1,30,,5750,82,,,1,58,,5751,82,,,1,29,,5756,82,,,1,74,,5752,82,,,1,30,,5757,82,,,1,75,,5758,82,,,1,30,,5761,82,,,1,73,,5759,82,,,1,30,,5762,82,,,1,77,,5760,82,,,1,30,,5763,82,,,1,88,,5764,82,,,1,71,,5766,82,,,1,36,,5765,82,,,1,72,,5767,82,,,1,41,,5770,82,,,1,62,,5768,82,,,1,22,,5772,82,,,1,66,,5771,82,,,1,34,,5773,82,,,1,68,,5769,82,,,1,30,,5774,82,,,1,100,,5775,82,,,1,100,,5776,82,,,1,99,,5777,82,,,1,100,,5778,82,,,1
1100,'2',741,,5779,82,,,1,102,,5780,82,,,1,99,,5781,82,,,1,102,,5782,82,,,1,100,,5783,82,,,1,100,,5784,82,,,1,101,,5785,82,,,1,99,,5786,82,,,1,100,,5787,82,,,1,100,,5788,82,,,1,99,,5789,82,,,1,99,,5790,82,,,1,98,,5792,82,,,1,100,,5793,82,,,1,100,,5791,82,,,1,100,,5795,82,,,1,100,,5794,82,,,1
1100,'3',942,,5796,82,,,1,102,,5797,82,,,1,100,,5798,82,,,1,100,,5799,82,,,1,101,,5800,82,,,1,99,,5801,82,,,1,100,,5802,82,,,1,100,,5803,82,,,1,99,,5804,82,,,1,99,,5805,82,,,1
1500,'1',610,,5823,37,,,2,29,,5825,37,,,2,69,,5827,37,,,2,30,,5826,40,,,2,71,,5829,40,,,2,41,,5828,40,0,10 11,2,109,,5824,37,0,12 13,2,100,,5830,37,0,12 13,2,100,,5831,37,0,12 13,2,143,,5832,36,0,12 13,2
1500,'16',849,,5833,25,0,10 11,2
1600,'1',1358,,5848,21,0,12 13,2,96,,5849,21,0,12 13,2,76,,5851,21,,,2,25,,5854,6,,,2,75,,5850,24,,,2,80,,5852,24,,,2,25,,5855,24,,,2,99,,5853,24,0,12 13,2,102,,5856,21,0,12 13,2,110,,5857,21,0,12 13,2
13500,'12',835,,6234,13,,,2
15500,'12',836,,6239,22,,,2
15600,'12',834,,6240,23,,,2
1200000101,'1',1529,,7023,26,,,1,71,,7024,26,,,1,30,,7025,26,,,1,73,,7026,26,,,1
2000001500,'2',754,,7542,37,,,2,101,,7543,36,,,2,100,,7544,36,,,2,94,,7545,36,,,2,109,,7546,36,,,2,101,,7547,36,,,2,241,,7548,37,,,2,101,,7549,36,,,2,55,,7550,36,,,2,145,,7551,36,,,2,53,,7552,36,,,2
2000001500,'3',855,,7553,37,,,2,100,,7554,36,,,2,94,,7555,36,,,2,109,,7556,36,,,2,101,,7557,36,,,2,241,,7558,37,,,2,101,,7559,36,,,2,55,,7560,36,,,2,145,,7561,36,,,2,53,,7562,36,,,2
