3101,'1',610,,6012,41,,,2,30,,6014,41,,,2,68,,6013,73,,,2,32,,6011,73,,,2,103,,6015,73,,,2,105,,6016,73,,,2,99,,6017,73,,,2,100,,6018,73,,,2,106,,6019,73,,,2,102,,6020,73,,,2,101,,6021,73,,,2,100,,6022,73,,,2,97,,6023,73,,,2,71,,6026,73,,,2,31,,6027,73,,,2,71,,6024,73,,,2,33,,6028,73,,,2,64,,6025,73,,,2,36,,6029,73,,,2
3701,'1',555,,6122,34,0,9,2,81,,6123,41,0,9,2,105,,6124,41,,,2,103,,6125,41,0,9,2,104,,6126,41,0,9,2,97,,6127,41,0,9,2,102,,6128,41,0,9,2,155,,6129,41,0,9,2,102,,6130,41,0,9,2,102,,6131,41,0,9,2,114,,6132,41,0,9,2,182,,6133,41,0,9,2,32,,6134,41,0,9,2,100,,6135,41,0,9,2,96,,6136,41,0,9,2,96,,6137,41,0,9,2,100,,6138,41,0,9,2,100,,6139,41,0,9,2,25,,6140,41,0,9,2
3701,'2',710,,6141,41,0,9,2,100,,6142,41,0,9,2,102,,6143,41,0,9,2,102,,6144,41,0,9,2,102,,6145,41,0,9,2,116,,6146,41,0,9,2,103,,6147,41,0,9,2,100,,6148,41,0,9,2,101,,6149,41,0,9,2,100,,6150,41,0,9,2,101,,6151,41,0,9,2,95,,6152,41,0,9,2,97,,6153,41,0,9,2,96,,6154,41,0,9,2,100,,6155,41,0,9,2,101,,6156,41,0,9,2,98,,6157,41,0,9,2,25,,6158,41,0,9,2
3701,'3',810,,6159,41,0,9,2,102,,6160,41,0,9,2,102,,6161,41,0,9,2,102,,6162,41,0,9,2,116,,6163,41,0,9,2,103,,6164,41,0,9,2,100,,6165,41,0,9,2,101,,6166,41,0,9,2,100,,6167,41,0,9,2,101,,6168,41,0,9,2,95,,6169,41,0,9,2,97,,6170,41,0,9,2
3800,'1',812,,6171,42,,,2,103,,6172,42,,,2,99,,6173,42,,,2,102,,6174,42,,,2,115,,6175,42,,,2,102,,6176,42,,,2,102,,6177,42,,,2,106,,6178,42,,,2,159,,6179,42,,,2,32,,6180,42,,,2,174,,6181,42,,,2,96,,6182,42,,,2,56,,6183,42,,,2,100,,6184,42,,,2,98,,6185,42,,,2
3800,'2',740,,6186,42,,,2,101,,6187,42,,,2,103,,6188,42,,,2,101,,6189,42,,,2,102,,6190,42,,,2,156,,6191,42,,,2,102,,6192,42,,,2,101,,6193,42,,,2,100,,6194,42,,,2,102,,6195,42,,,2,99,,6196,42,,,2,94,,6197,42,,,2,56,,6198,42,,,2,100,,6199,42,,,2,97,,6200,42,,,2,101,,6201,42,,,2
3800,'3',841,,6202,42,,,2,103,,6203,42,,,2,101,,6204,42,,,2,102,,6205,42,,,2,156,,6206,42,,,2,102,,6207,42,,,2,101,,6208,42,,,2,100,,6209,42,,,2,102,,6210,42,,,2,99,,6211,42,,,2,94,,6212,42,,,2,56,,6213,42,,,2
3900,'1',644,,6215,25,,,2,80,,6216,25,,,2,31,,6214,25,,,2
31100,'15',747,,6300,51,,,2
35100,'15',729,,6307,38,,,2
35500,'12',819,,6308,38,,,2
37500,'12',825,,6309,25,,,2
38000,'1',1654,,6312,13,,,2,87,,6310,13,,,2,86,,6311,13,,,2
38100,'15',733,,6316,43,,,2
38500,'12',825,,6317,30,,,2
5003700,'1',649,,6395,45,,,2,76,,6394,45,,,2
5003701,'1',1754,,6396,74,,,2
5003801,'1',1727,,6398,73,,,2,89,,6397,73,,,2
2000003101,'2',713,,7594,42,,,2,102,,7595,74,,,2,101,,7596,74,,,2,101,,7597,74,,,2,101,,7598,74,,,2,101,,7599,74,,,2,101,,7600,74,,,2,215,,7601,74,,,2,101,,7602,74,,,2,101,,7603,74,,,2,96,,7604,74,,,2
2000003101,'3',815,,7606,42,,,2,101,,7607,74,,,2,101,,7608,74,,,2,101,,7609,74,,,2,101,,7610,74,,,2,101,,7611,74,,,2,215,,7612,74,,,2,101,,7613,74,,,2,101,,7614,74,,,2,96,,7615,74,,,2
