905231701,'27',2307,,6491,64,4,,2,29,,6494,64,4,,2,70,,6489,64,4,,2,30,,6492,64,4,,2,70,,6490,64,4,,2,30,,6493,64,4,,2,70,,6495,64,4,,2
905231701,'28',2307,,6498,64,4,,2,29,,6501,64,4,,2,70,,6496,64,4,,2,30,,6499,64,4,,2,70,,6497,64,4,,2,30,,6500,64,4,,2,70,,6502,64,4,,2
905231701,'29',2307,,6505,64,4,,2,29,,6508,64,4,,2,70,,6503,64,4,,2,30,,6506,64,4,,2,70,,6504,64,4,,2,30,,6507,64,4,,2,70,,6509,64,4,,2
1200000101,'1',1614,,7023,68,,,1,32,,7024,68,,,1,71,,7025,68,,,1,30,,7026,68,,,1
1200000301,'1',616,,7383,17,,,1,28,,7388,17,,,1,77,,7381,30,,,1,20,,7385,30,,,1,75,,7391,30,,,1,29,,7386,30,,,1,65,,7394,30,,,1,25,,7382,30,,,1,69,,7392,30,,,1,27,,7390,30,,,1,73,,7395,30,,,1,33,,7396,30,,,1,70,,7398,30,,,1,34,,7400,30,,,1,72,,7402,30,,,1,28,,7397,30,,,1,70,,7399,30,,,1,28,,7401,30,,,1,71,,7403,30,,,1,36,,7404,30,,,1,60,,7407,27,,,1,23,,7405,27,,,1,18,,7410,27,,,1,59,,7409,27,,,1,11,,7414,27,,,1,13,,7412,27,,,1,14,,7413,27,,,1,56,,7416,27,,,1,14,,7408,27,,,1,12,,7411,27,,,1,15,,7406,27,,,1,68,,7415,27,,,1,24,,7419,30,,,1,24,,7417,30,,,1,71,,7418,30,,,1,30,,7420,30,,,1,69,,7421,30,,,1,73,,7424,30,,,1,31,,7422,17,,,1,70,,7425,17,,,1,28,,7423,17,,,1,30,,7426,17,,,1,79,,7427,17,,,1
1200000301,'2',756,,7428,30,,,1,70,,7431,30,,,1,31,,7434,30,,,1,72,,7437,30,,,1,71,,7429,30,,,1,32,,7432,30,,,1,71,,7435,30,,,1,31,,7438,30,,,1,71,,7430,30,,,1,31,,7433,30,,,1,71,,7436,30,,,1,31,,7439,30,,,1,71,,7440,30,,,1,30,,7443,30,,,1,70,,7449,30,,,1,30,,7446,30,,,1,70,,7441,30,,,1,31,,7444,30,,,1,71,,7450,30,,,1,27,,7447,30,,,1,68,,7442,30,,,1,28,,7445,30,,,1,67,,7451,30,,,1,27,,7448,30,,,1,75,,7452,17,,,1,100,,7453,17,,,1,56,,7454,17,,,1,98,,7455,17,,,1,78,,7456,17,,,1,102,,7457,17,,,1
1200000301,'27',2230,,7459,20,,,1,70,,7462,20,,,1,30,,7464,20,,,1,83,,7460,20,,,1,28,,7463,20,,,1,70,,7458,20,,,1,30,,7461,20,,,1
1200000301,'28',2230,,7466,20,,,1,70,,7469,20,,,1,30,,7471,20,,,1,83,,7467,20,,,1,28,,7470,20,,,1,70,,7465,20,,,1,30,,7468,20,,,1
1200000301,'29',2230,,7473,20,,,1,70,,7476,20,,,1,30,,7478,20,,,1,83,,7474,20,,,1,28,,7477,20,,,1,70,,7472,20,,,1,30,,7475,20,,,1
1200000301,'3',826,,7479,30,,,1,31,,7481,30,,,1,72,,7487,30,,,1,71,,7484,30,,,1,32,,7480,30,,,1,71,,7482,30,,,1,31,,7488,30,,,1,71,,7485,30,,,1,31,,7489,30,,,1,71,,7483,30,,,1,31,,7491,30,,,1,71,,7486,30,,,1,30,,7490,30,,,1,70,,7493,30,,,1,30,,7492,30,,,1,70,,7496,30,,,1,31,,7498,30,,,1,71,,7494,30,,,1,27,,7502,30,,,1,68,,7497,30,,,1,28,,7499,30,,,1,67,,7495,30,,,1,27,,7503,30,,,1,75,,7500,17,,,1,121,,7501,17,,,1
