1301,'51',648,,2636,,,2,82,,2637,,,2,73,,2635,,,2,807,,2640,,,2,15,,2639,,,2,80,,2641,,,2,30,,2638,,,2
11501,'63',1614,,3170,,,2
12501,'63',1609,,3174,,,2
12601,'63',1617,,3176,,,2
12701,'63',1608,,3178,,,2
13601,'63',1615,,3185,,,2
13801,'63',1610,,3188,,,2
15601,'63',1611,,3193,,,2
22501,'63',1617,,3252,,,2
23501,'63',1612,,3260,,,2
24501,'63',1613,,3266,,,2
24601,'63',1613,,3268,,,2
32501,'63',1609,,3272,,,2
34501,'63',1610,,3274,,,2
35501,'63',1614,,3280,,,2
37501,'63',1618,,3282,,,2
38501,'63',1617,,3292,,,2
