905231701,'27',2312,,6491,74,4,,2,29,,6494,74,4,,2,70,,6489,74,4,,2,30,,6492,74,4,,2,70,,6490,74,4,,2,30,,6493,74,4,,2,70,,6495,74,4,,2
905231701,'28',2312,,6498,74,4,,2,29,,6501,74,4,,2,70,,6496,74,4,,2,30,,6499,74,4,,2,70,,6497,74,4,,2,30,,6500,74,4,,2,70,,6502,74,4,,2
905231701,'29',2312,,6505,74,4,,2,29,,6508,74,4,,2,70,,6503,74,4,,2,30,,6506,74,4,,2,70,,6504,74,4,,2,30,,6507,74,4,,2,70,,6509,74,4,,2
1200000101,'1',1619,,7023,78,,,1,32,,7024,78,,,1,71,,7025,78,,,1,30,,7026,78,,,1
1200000301,'1',621,,7383,27,,,1,28,,7388,27,,,1,77,,7381,40,,,1,20,,7385,40,,,1,75,,7391,40,,,1,29,,7386,40,,,1,65,,7394,40,,,1,25,,7382,40,,,1,69,,7392,40,,,1,27,,7390,40,,,1,73,,7395,40,,,1,33,,7396,40,,,1,70,,7398,40,,,1,34,,7400,40,,,1,72,,7402,40,,,1,28,,7397,40,,,1,70,,7399,40,,,1,28,,7401,40,,,1,71,,7403,40,,,1,36,,7404,40,,,1,60,,7407,37,,,1,23,,7405,37,,,1,18,,7410,37,,,1,59,,7409,37,,,1,11,,7414,37,,,1,13,,7412,37,,,1,14,,7413,37,,,1,56,,7416,37,,,1,14,,7408,37,,,1,12,,7411,37,,,1,15,,7406,37,,,1,68,,7415,37,,,1,24,,7419,40,,,1,64,,7417,40,,,1,31,,7418,40,,,1,70,,7420,40,,,1,29,,7421,40,,,1,73,,7424,40,,,1,31,,7422,27,,,1,70,,7425,27,,,1,28,,7423,27,,,1,70,,7426,27,,,1,39,,7427,27,,,1
1200000301,'2',801,,7428,40,,,1,30,,7431,40,,,1,71,,7434,40,,,1,32,,7437,40,,,1,71,,7429,40,,,1,32,,7432,40,,,1,71,,7435,40,,,1,31,,7438,40,,,1,71,,7430,40,,,1,31,,7433,40,,,1,71,,7436,40,,,1,31,,7439,40,,,1,71,,7440,40,,,1,30,,7443,40,,,1,70,,7449,40,,,1,30,,7446,40,,,1,70,,7441,40,,,1,31,,7444,40,,,1,71,,7450,40,,,1,27,,7447,40,,,1,68,,7442,40,,,1,28,,7445,40,,,1,67,,7451,40,,,1,27,,7448,40,,,1,75,,7452,27,,,1,100,,7453,27,,,1,96,,7454,27,,,1,98,,7455,27,,,1,38,,7456,27,,,1,102,,7457,27,,,1
1200000301,'27',2235,,7459,30,,,1,70,,7462,30,,,1,30,,7464,30,,,1,83,,7460,30,,,1,28,,7463,30,,,1,70,,7458,30,,,1,30,,7461,30,,,1
1200000301,'28',2235,,7466,30,,,1,70,,7469,30,,,1,30,,7471,30,,,1,83,,7467,30,,,1,28,,7470,30,,,1,70,,7465,30,,,1,30,,7468,30,,,1
1200000301,'29',2235,,7473,30,,,1,70,,7476,30,,,1,30,,7478,30,,,1,83,,7474,30,,,1,28,,7477,30,,,1,70,,7472,30,,,1,30,,7475,30,,,1
1200000301,'3',831,,7479,40,,,1,71,,7481,40,,,1,32,,7487,40,,,1,71,,7484,40,,,1,32,,7480,40,,,1,71,,7482,40,,,1,31,,7488,40,,,1,71,,7485,40,,,1,31,,7489,40,,,1,71,,7483,40,,,1,31,,7491,40,,,1,71,,7486,40,,,1,30,,7490,40,,,1,70,,7493,40,,,1,30,,7492,40,,,1,70,,7496,40,,,1,31,,7498,40,,,1,71,,7494,40,,,1,27,,7502,40,,,1,68,,7497,40,,,1,28,,7499,40,,,1,67,,7495,40,,,1,27,,7503,40,,,1,75,,7500,27,,,1,121,,7501,27,,,1
