2200,'1',615,,5864,39,0,14,2,28,,5873,77,0,14,2,63,,5865,39,0,14,2,30,,5877,39,0,14,2,66,,5879,77,0,14,2,43,,5878,39,0,14,2,87,,5874,39,0,14,2,109,,5866,39,0,14,2,100,,5867,39,0,14,2,100,,5868,39,0,14,2,100,,5870,39,0,14,2,102,,5871,39,0,14,2,103,,5880,25,0,14,2,65,,5872,25,0,14,2,113,,5869,25,0,14,2,29,,5875,25,0,14,2,100,,5876,25,0,14,2
2200,'13',847,,5881,22,,,2
2300,'1',611,,5924,51,0,14,2,196,,5919,51,0,14,2,40,,5927,51,0,14,2,73,,5904,51,0,14,2,36,,5906,51,0,14,2,70,,5905,51,0,14,2,30,,5907,51,0,14,2,70,,5908,51,0,14,2,30,,5909,51,0,14,2,70,,5912,37,0,14,2,30,,5910,37,0,14,2,70,,5913,37,0,14,2,30,,5911,37,0,14,2,71,,5914,37,0,14,2,73,,5915,37,0,14,2,33,,5917,37,0,14,2,119,,5918,37,0,14,2,77,,5916,37,0,14,2,24,,5925,37,0,14,2,71,,5920,37,0,14,2,30,,5926,37,0,14,2,73,,5921,37,0,14,2,102,,5922,37,0,14,2,95,,5923,37,0,14,2
2300,'13',846,,5928,15,,,2
2300,'2',649,,5930,51,0,14,2,100,,5931,51,0,14,2,101,,5932,51,0,14,2,102,,5933,51,0,14,2,102,,5934,51,0,14,2,102,,5935,51,0,14,2,101,,5936,51,0,14,2,101,,5937,37,0,14,2,100,,5938,37,0,14,2,100,,5939,37,0,14,2,101,,5940,37,0,14,2,88,,5941,37,0,14,2
2300,'3',749,,5942,51,0,14,2,101,,5943,51,0,14,2,102,,5944,51,0,14,2,102,,5945,51,0,14,2,102,,5946,51,0,14,2,101,,5947,51,0,14,2,101,,5948,37,0,14,2,100,,5949,37,0,14,2,100,,5950,37,0,14,2,101,,5951,37,0,14,2,88,,5952,37,0,14,2
22100,'15',720,,6288,24,,,2
22200,'15',722,,6289,21,,,2
23100,'15',729,,6293,58,,,2
23200,'15',716,,6294,16,,,2
5002300,'1',640,,6378,51,,,2,66,,6379,51,,,2,30,,6380,51,,,2
5002400,'1',706,,6384,27,,,2,28,,6383,27,,,2
5004300,'11',659,,6400,4,,,2,160,,6401,4,,,2
1200000100,'1',558,,7015,42,0,14,1,64,,7016,42,,,1,30,,7017,42,,,1,60,,7018,42,,,1,30,,7021,42,0,16 1 17,1,70,,7019,42,,,1
1200000300,'1',621,,7282,42,,,1,16,,7285,42,,,1,14,,7287,42,,,1,50,,7290,42,,,1,10,,7284,42,,,1,16,,7292,42,,,1,14,,7288,42,,,1,15,,7293,42,,,1,55,,7295,42,,,1,16,,7283,42,,,1,14,,7286,42,,,1,15,,7291,42,,,1,70,,7289,42,,,1,32,,7294,42,,,1,73,,7296,42,,,1,70,,7298,42,,,1,30,,7300,42,,,1,72,,7302,42,,,1,30,,7297,42,,,1,70,,7299,42,,,1,28,,7301,42,,,1,70,,7303,42,,,1,29,,7304,42,,,1,74,,7305,42,,,1,31,,7308,44,,,1,67,,7309,44,,,1,28,,7310,44,,,1,72,,7307,44,,,1,31,,7306,44,,,1,73,,7311,44,,,1,24,,7314,42,,,1,27,,7312,42,,,1,61,,7316,42,,,1,30,,7317,42,,,1,72,,7315,42,,,1,33,,7322,42,,,1,66,,7313,42,,,1,27,,7318,42,,,1,70,,7319,42,,,1,30,,7323,42,,,1,66,,7320,42,,,1,30,,7324,42,,,1,68,,7321,42,,,1
1200000300,'2',658,,7325,42,,,1,70,,7328,42,,,1,30,,7331,42,,,1,71,,7334,42,,,1,30,,7326,42,,,1,71,,7329,42,,,1,70,,7332,42,,,1,31,,7335,42,,,1,71,,7327,42,,,1,30,,7330,42,,,1,71,,7333,42,,,1,30,,7336,42,,,1,71,,7337,42,,,1,30,,7341,42,,,1,70,,7347,42,,,1,30,,7344,42,,,1,70,,7338,42,,,1,30,,7342,42,,,1,69,,7348,42,,,1,30,,7345,42,,,1,70,,7339,42,,,1,30,,7343,42,,,1,69,,7349,42,,,1,30,,7346,42,,,1,19,,7340,42,,,1,94,,7350,42,,,1,100,,7351,42,,,1,96,,7352,42,,,1,99,,7353,42,,,1,177,,7354,42,,,1
1200000300,'3',728,,7355,42,,,1,30,,7357,42,,,1,71,,7363,42,,,1,30,,7360,42,,,1,71,,7356,42,,,1,70,,7358,42,,,1,31,,7364,42,,,1,71,,7361,42,,,1,30,,7365,42,,,1,71,,7359,42,,,1,30,,7367,42,,,1,71,,7362,42,,,1,30,,7366,42,,,1,70,,7369,42,,,1,30,,7368,42,,,1,70,,7373,42,,,1,30,,7376,42,,,1,69,,7370,42,,,1,30,,7379,42,,,1,70,,7374,42,,,1,30,,7377,42,,,1,69,,7371,42,,,1,30,,7380,42,,,1,19,,7375,42,,,1,94,,7372,42,,,1,157,,7378,42,,,1
