905231701,'27',2307,,6491,62,4,,2,29,,6494,62,4,,2,70,,6489,62,4,,2,30,,6492,62,4,,2,70,,6490,62,4,,2,30,,6493,62,4,,2,70,,6495,62,4,,2
905231701,'28',2307,,6498,62,4,,2,29,,6501,62,4,,2,70,,6496,62,4,,2,30,,6499,62,4,,2,70,,6497,62,4,,2,30,,6500,62,4,,2,70,,6502,62,4,,2
905231701,'29',2307,,6505,62,4,,2,29,,6508,62,4,,2,70,,6503,62,4,,2,30,,6506,62,4,,2,70,,6504,62,4,,2,30,,6507,62,4,,2,70,,6509,62,4,,2
1200000101,'1',1613,,7148,66,,,1,32,,7149,66,,,1,71,,7150,66,,,1,30,,7151,66,,,1
1200000301,'1',616,,7508,15,,,1,28,,7513,15,,,1,77,,7506,28,,,1,20,,7510,28,,,1,75,,7516,28,,,1,29,,7511,28,,,1,65,,7519,28,,,1,25,,7507,28,,,1,69,,7517,28,,,1,27,,7515,28,,,1,73,,7520,28,,,1,33,,7521,28,,,1,70,,7523,28,,,1,33,,7525,28,,,1,72,,7527,28,,,1,29,,7522,28,,,1,70,,7524,28,,,1,28,,7526,28,,,1,70,,7528,28,,,1,36,,7529,28,,,1,60,,7532,25,,,1,23,,7530,25,,,1,18,,7535,25,,,1,59,,7534,25,,,1,11,,7539,25,,,1,13,,7537,25,,,1,14,,7538,25,,,1,16,,7541,25,,,1,54,,7533,25,,,1,12,,7536,25,,,1,15,,7531,25,,,1,69,,7540,25,,,1,24,,7544,28,,,1,24,,7542,28,,,1,71,,7543,28,,,1,30,,7545,28,,,1,69,,7546,28,,,1,73,,7549,28,,,1,31,,7547,15,,,1,70,,7550,15,,,1,28,,7548,15,,,1,30,,7551,15,,,1,79,,7552,15,,,1
1200000301,'2',756,,7553,28,,,1,70,,7556,28,,,1,31,,7559,28,,,1,72,,7562,28,,,1,71,,7554,28,,,1,32,,7557,28,,,1,71,,7560,28,,,1,31,,7563,28,,,1,71,,7555,28,,,1,31,,7558,28,,,1,71,,7561,28,,,1,31,,7564,28,,,1,71,,7565,28,,,1,30,,7568,28,,,1,70,,7574,28,,,1,30,,7571,28,,,1,70,,7566,28,,,1,31,,7569,28,,,1,71,,7575,28,,,1,27,,7572,28,,,1,68,,7567,28,,,1,28,,7570,28,,,1,67,,7576,28,,,1,27,,7573,28,,,1,75,,7577,15,,,1,100,,7578,15,,,1,56,,7579,15,,,1,98,,7580,15,,,1,78,,7581,15,,,1,102,,7582,15,,,1
1200000301,'27',2230,,7584,18,,,1,70,,7587,18,,,1,30,,7589,18,,,1,83,,7585,18,,,1,28,,7588,18,,,1,70,,7583,18,,,1,30,,7586,18,,,1
1200000301,'28',2230,,7591,18,,,1,70,,7594,18,,,1,30,,7596,18,,,1,83,,7592,18,,,1,28,,7595,18,,,1,70,,7590,18,,,1,30,,7593,18,,,1
1200000301,'29',2230,,7598,18,,,1,70,,7601,18,,,1,30,,7603,18,,,1,83,,7599,18,,,1,28,,7602,18,,,1,70,,7597,18,,,1,30,,7600,18,,,1
1200000301,'3',826,,7604,28,,,1,31,,7606,28,,,1,72,,7612,28,,,1,71,,7609,28,,,1,32,,7605,28,,,1,71,,7607,28,,,1,31,,7613,28,,,1,71,,7610,28,,,1,31,,7614,28,,,1,71,,7608,28,,,1,31,,7616,28,,,1,71,,7611,28,,,1,30,,7615,28,,,1,70,,7618,28,,,1,30,,7617,28,,,1,70,,7621,28,,,1,31,,7623,28,,,1,71,,7619,28,,,1,27,,7627,28,,,1,68,,7622,28,,,1,28,,7624,28,,,1,67,,7620,28,,,1,27,,7628,28,,,1,75,,7625,15,,,1,121,,7626,15,,,1
