3101,'1',624,,6013,4,,,2,32,,6011,4,,,2,144,,6015,4,,,2,105,,6016,4,,,2,99,,6017,4,,,2,100,,6018,4,,,2,106,,6019,4,,,2,102,,6020,4,,,2,101,,6021,4,,,2,100,,6022,4,,,2,97,,6023,4,,,2,31,,6026,4,,,2,71,,6027,4,,,2,31,,6024,4,,,2,73,,6028,4,,,2,24,,6025,4,,,2,76,,6029,4,,,2,290,,6030,4,0,8,2
3701,'1',615,,6123,4,0,9,2,103,,6124,4,,,2,105,,6125,4,0,9,2,104,,6126,4,0,9,2,97,,6127,4,0,9,2,102,,6128,4,0,9,2,115,,6129,4,0,9,2,102,,6130,4,0,9,2,102,,6131,4,0,9,2,114,,6132,4,0,9,2,182,,6133,4,0,9,2,72,,6134,4,0,9,2,101,,6135,4,0,9,2,96,,6136,4,0,9,2,96,,6137,4,0,9,2,100,,6138,4,0,9,2,100,,6139,4,0,9,2,28,,6140,4,0,9,2
3701,'2',650,,6141,4,0,9,2,100,,6142,4,0,9,2,102,,6143,4,0,9,2,102,,6144,4,0,9,2,102,,6145,4,0,9,2,156,,6146,4,0,9,2,103,,6147,4,0,9,2,100,,6148,4,0,9,2,101,,6149,4,0,9,2,100,,6150,4,0,9,2,101,,6151,4,0,9,2,95,,6152,4,0,9,2,97,,6153,4,0,9,2,96,,6154,4,0,9,2,100,,6155,4,0,9,2,101,,6156,4,0,9,2,98,,6157,4,0,9,2,28,,6158,4,0,9,2
3701,'3',750,,6159,4,0,9,2,102,,6160,4,0,9,2,102,,6161,4,0,9,2,102,,6162,4,0,9,2,156,,6163,4,0,9,2,103,,6164,4,0,9,2,100,,6165,4,0,9,2,101,,6166,4,0,9,2,100,,6167,4,0,9,2,101,,6168,4,0,9,2,95,,6169,4,0,9,2,97,,6170,4,0,9,2
3800,'1',750,,6171,4,,,2,104,,6172,4,,,2,99,,6173,4,,,2,102,,6174,4,,,2,155,,6175,4,,,2,102,,6176,4,,,2,102,,6177,4,,,2,105,,6178,4,,,2,120,,6179,4,,,2,73,,6180,4,,,2,134,,6181,4,,,2,96,,6182,4,,,2,96,,6183,4,,,2,100,,6184,4,,,2,98,,6185,4,,,2
3800,'2',720,,6186,4,,,2,101,,6187,4,,,2,103,,6188,4,,,2,101,,6189,4,,,2,102,,6190,4,,,2,116,,6191,4,,,2,102,,6192,4,,,2,101,,6193,4,,,2,100,,6194,4,,,2,102,,6195,4,,,2,99,,6196,4,,,2,94,,6197,4,,,2,96,,6198,4,,,2,100,,6199,4,,,2,97,,6200,4,,,2,101,,6201,4,,,2
3800,'3',821,,6202,4,,,2,103,,6203,4,,,2,101,,6204,4,,,2,102,,6205,4,,,2,116,,6206,4,,,2,102,,6207,4,,,2,101,,6208,4,,,2,100,,6209,4,,,2,102,,6210,4,,,2,99,,6211,4,,,2,94,,6212,4,,,2,96,,6213,4,,,2
3901,'1',1625,,6219,4,,,2,87,,6217,4,,,2,47,,6218,4,,,2
5003700,'1',625,,6395,4,,,2,76,,6394,4,,,2
5003701,'1',1723,,6396,24,,,2
5003801,'1',1659,,6398,24,,,2,89,,6397,24,,,2
2000003101,'2',733,,7720,4,,,2,101,,7721,4,,,2,101,,7722,4,,,2,101,,7723,4,,,2,101,,7724,4,,,2,101,,7725,4,,,2,215,,7726,4,,,2,101,,7727,4,,,2,101,,7728,4,,,2,96,,7729,4,,,2,90,,7730,4,0,8,2
2000003101,'3',834,,7732,4,,,2,101,,7733,4,,,2,101,,7734,4,,,2,101,,7735,4,,,2,101,,7736,4,,,2,215,,7737,4,,,2,101,,7738,4,,,2,101,,7739,4,,,2,96,,7740,4,,,2,90,,7741,4,0,8,2
