2200,'1',615,,5864,41,0,14,2,28,,5873,79,0,14,2,63,,5865,41,0,14,2,30,,5877,41,0,14,2,66,,5879,79,0,14,2,43,,5878,41,0,14,2,87,,5874,41,0,14,2,109,,5866,41,0,14,2,100,,5867,41,0,14,2,100,,5868,41,0,14,2,100,,5870,41,0,14,2,102,,5871,41,0,14,2,103,,5880,27,0,14,2,65,,5872,27,0,14,2,113,,5869,27,0,14,2,29,,5875,27,0,14,2,100,,5876,27,0,14,2
2200,'13',847,,5881,24,,,2
2300,'1',612,,5924,53,0,14,2,196,,5919,53,0,14,2,40,,5927,53,0,14,2,73,,5904,53,0,14,2,36,,5906,53,0,14,2,70,,5905,53,0,14,2,30,,5907,53,0,14,2,70,,5908,53,0,14,2,30,,5909,53,0,14,2,70,,5912,39,0,14,2,30,,5910,39,0,14,2,70,,5913,39,0,14,2,30,,5911,39,0,14,2,71,,5914,39,0,14,2,73,,5915,39,0,14,2,33,,5917,39,0,14,2,119,,5918,39,0,14,2,77,,5916,39,0,14,2,24,,5925,39,0,14,2,71,,5920,39,0,14,2,30,,5926,39,0,14,2,73,,5921,39,0,14,2,102,,5922,39,0,14,2,95,,5923,39,0,14,2
2300,'13',847,,5928,17,,,2
2300,'2',650,,5930,53,0,14,2,100,,5931,53,0,14,2,101,,5932,53,0,14,2,102,,5933,53,0,14,2,102,,5934,53,0,14,2,102,,5935,53,0,14,2,101,,5936,53,0,14,2,101,,5937,39,0,14,2,100,,5938,39,0,14,2,100,,5939,39,0,14,2,141,,5940,39,0,14,2,48,,5941,39,0,14,2
2300,'3',750,,5942,53,0,14,2,101,,5943,53,0,14,2,102,,5944,53,0,14,2,102,,5945,53,0,14,2,102,,5946,53,0,14,2,101,,5947,53,0,14,2,101,,5948,39,0,14,2,100,,5949,39,0,14,2,100,,5950,39,0,14,2,141,,5951,39,0,14,2,48,,5952,39,0,14,2
22100,'15',722,,6288,26,,,2
22200,'15',723,,6289,23,,,2
23100,'15',730,,6293,60,,,2
23200,'15',717,,6294,18,,,2
32500,'12',803,,6304,14,,,2
5002300,'1',641,,6378,53,,,2,67,,6379,53,,,2,30,,6380,53,,,2
5002400,'1',708,,6384,29,,,2,28,,6383,29,,,2
5004300,'11',701,,6400,6,,,2,119,,6401,6,,,2
1200000100,'1',559,,7140,44,0,14,1,64,,7141,44,,,1,30,,7142,44,,,1,60,,7143,44,,,1,30,,7146,44,0,16 1 17,1,70,,7144,44,,,1
1200000300,'1',622,,7407,44,,,1,16,,7410,44,,,1,14,,7412,44,,,1,51,,7415,44,,,1,10,,7409,44,,,1,16,,7417,44,,,1,14,,7413,44,,,1,15,,7418,44,,,1,54,,7420,44,,,1,16,,7408,44,,,1,14,,7411,44,,,1,15,,7416,44,,,1,70,,7414,44,,,1,32,,7419,44,,,1,73,,7421,44,,,1,70,,7423,44,,,1,30,,7425,44,,,1,72,,7427,44,,,1,30,,7422,44,,,1,70,,7424,44,,,1,28,,7426,44,,,1,70,,7428,44,,,1,29,,7429,44,,,1,74,,7430,44,,,1,31,,7433,46,,,1,67,,7434,46,,,1,28,,7435,46,,,1,72,,7432,46,,,1,31,,7431,46,,,1,73,,7436,46,,,1,24,,7439,44,,,1,27,,7437,44,,,1,61,,7441,44,,,1,30,,7442,44,,,1,72,,7440,44,,,1,33,,7447,44,,,1,66,,7438,44,,,1,27,,7443,44,,,1,70,,7444,44,,,1,30,,7448,44,,,1,66,,7445,44,,,1,30,,7449,44,,,1,68,,7446,44,,,1
1200000300,'2',659,,7450,44,,,1,70,,7453,44,,,1,30,,7456,44,,,1,71,,7459,44,,,1,70,,7451,44,,,1,31,,7454,44,,,1,70,,7457,44,,,1,31,,7460,44,,,1,71,,7452,44,,,1,30,,7455,44,,,1,71,,7458,44,,,1,30,,7461,44,,,1,71,,7462,44,,,1,30,,7466,44,,,1,70,,7472,44,,,1,30,,7469,44,,,1,70,,7463,44,,,1,30,,7467,44,,,1,69,,7473,44,,,1,30,,7470,44,,,1,70,,7464,44,,,1,30,,7468,44,,,1,69,,7474,44,,,1,30,,7471,44,,,1,19,,7465,44,,,1,94,,7475,44,,,1,100,,7476,44,,,1,96,,7477,44,,,1,99,,7478,44,,,1,177,,7479,44,,,1
1200000300,'3',729,,7480,44,,,1,30,,7482,44,,,1,71,,7488,44,,,1,70,,7485,44,,,1,31,,7481,44,,,1,70,,7483,44,,,1,31,,7489,44,,,1,71,,7486,44,,,1,30,,7490,44,,,1,71,,7484,44,,,1,30,,7492,44,,,1,71,,7487,44,,,1,30,,7491,44,,,1,70,,7494,44,,,1,30,,7493,44,,,1,70,,7498,44,,,1,30,,7501,44,,,1,69,,7495,44,,,1,30,,7504,44,,,1,70,,7499,44,,,1,30,,7502,44,,,1,69,,7496,44,,,1,30,,7505,44,,,1,19,,7500,44,,,1,94,,7497,44,,,1,157,,7503,44,,,1
