905231701,'27',2312,,6491,76,4,,2,29,,6494,76,4,,2,70,,6489,76,4,,2,30,,6492,76,4,,2,70,,6490,76,4,,2,30,,6493,76,4,,2,70,,6495,76,4,,2
905231701,'28',2312,,6498,76,4,,2,29,,6501,76,4,,2,70,,6496,76,4,,2,30,,6499,76,4,,2,70,,6497,76,4,,2,30,,6500,76,4,,2,70,,6502,76,4,,2
905231701,'29',2312,,6505,76,4,,2,29,,6508,76,4,,2,70,,6503,76,4,,2,30,,6506,76,4,,2,70,,6504,76,4,,2,30,,6507,76,4,,2,70,,6509,76,4,,2
1200000101,'1',1619,,7023,80,,,1,32,,7024,80,,,1,71,,7025,80,,,1,30,,7026,80,,,1
1200000301,'1',621,,7383,29,,,1,28,,7388,29,,,1,77,,7381,42,,,1,20,,7385,42,,,1,75,,7391,42,,,1,29,,7386,42,,,1,65,,7394,42,,,1,25,,7382,42,,,1,69,,7392,42,,,1,27,,7390,42,,,1,73,,7395,42,,,1,33,,7396,42,,,1,70,,7398,42,,,1,34,,7400,42,,,1,72,,7402,42,,,1,28,,7397,42,,,1,70,,7399,42,,,1,28,,7401,42,,,1,71,,7403,42,,,1,36,,7404,42,,,1,60,,7407,39,,,1,23,,7405,39,,,1,18,,7410,39,,,1,59,,7409,39,,,1,11,,7414,39,,,1,13,,7412,39,,,1,14,,7413,39,,,1,56,,7416,39,,,1,14,,7408,39,,,1,12,,7411,39,,,1,15,,7406,39,,,1,68,,7415,39,,,1,24,,7419,42,,,1,64,,7417,42,,,1,31,,7418,42,,,1,70,,7420,42,,,1,29,,7421,42,,,1,73,,7424,42,,,1,31,,7422,29,,,1,70,,7425,29,,,1,28,,7423,29,,,1,70,,7426,29,,,1,39,,7427,29,,,1
1200000301,'2',801,,7428,42,,,1,30,,7431,42,,,1,71,,7434,42,,,1,32,,7437,42,,,1,71,,7429,42,,,1,32,,7432,42,,,1,71,,7435,42,,,1,31,,7438,42,,,1,71,,7430,42,,,1,31,,7433,42,,,1,71,,7436,42,,,1,31,,7439,42,,,1,71,,7440,42,,,1,30,,7443,42,,,1,70,,7449,42,,,1,30,,7446,42,,,1,70,,7441,42,,,1,31,,7444,42,,,1,71,,7450,42,,,1,27,,7447,42,,,1,68,,7442,42,,,1,28,,7445,42,,,1,67,,7451,42,,,1,27,,7448,42,,,1,75,,7452,29,,,1,100,,7453,29,,,1,96,,7454,29,,,1,98,,7455,29,,,1,38,,7456,29,,,1,102,,7457,29,,,1
1200000301,'27',2235,,7459,32,,,1,70,,7462,32,,,1,30,,7464,32,,,1,83,,7460,32,,,1,28,,7463,32,,,1,70,,7458,32,,,1,30,,7461,32,,,1
1200000301,'28',2235,,7466,32,,,1,70,,7469,32,,,1,30,,7471,32,,,1,83,,7467,32,,,1,28,,7470,32,,,1,70,,7465,32,,,1,30,,7468,32,,,1
1200000301,'29',2235,,7473,32,,,1,70,,7476,32,,,1,30,,7478,32,,,1,83,,7474,32,,,1,28,,7477,32,,,1,70,,7472,32,,,1,30,,7475,32,,,1
1200000301,'3',831,,7479,42,,,1,71,,7481,42,,,1,32,,7487,42,,,1,71,,7484,42,,,1,32,,7480,42,,,1,71,,7482,42,,,1,31,,7488,42,,,1,71,,7485,42,,,1,31,,7489,42,,,1,71,,7483,42,,,1,31,,7491,42,,,1,71,,7486,42,,,1,30,,7490,42,,,1,70,,7493,42,,,1,30,,7492,42,,,1,70,,7496,42,,,1,31,,7498,42,,,1,71,,7494,42,,,1,27,,7502,42,,,1,68,,7497,42,,,1,28,,7499,42,,,1,67,,7495,42,,,1,27,,7503,42,,,1,75,,7500,29,,,1,121,,7501,29,,,1
