1100,'51',617,,2552,22,,,1,25,,2549,94,,,1,75,,2553,94,,,1,30,,2550,94,,,1,74,,2554,94,,,1,30,,2551,94,,,1,58,,2557,94,,,1,29,,2555,94,,,1,74,,2558,94,,,1,30,,2556,94,,,1,75,,2559,94,,,1,30,,2564,94,,,1,74,,2560,94,,,1,30,,2565,94,,,1,77,,2561,94,,,1,30,,2566,94,,,1,88,,2562,94,,,1,71,,2567,94,,,1,36,,2563,94,,,1,73,,2568,94,,,1,81,,2570,95,,,1,21,,2569,94,,,1,21,,2573,94,,,1,66,,2571,94,,,1,34,,2574,94,,,1,68,,2572,94,,,1,30,,2575,94,,,1,100,,2576,94,,,1,100,,2577,94,,,1,99,,2578,94,,,1,100,,2579,94,,,1
1100,'52',747,,2580,94,,,1,102,,2581,94,,,1,99,,2582,94,,,1,102,,2583,94,,,1,100,,2584,94,,,1,100,,2585,94,,,1,102,,2586,94,,,1,99,,2587,94,,,1,100,,2588,94,,,1,99,,2589,94,,,1,99,,2590,94,,,1,99,,2591,94,,,1,98,,2594,94,,,1,100,,2592,94,,,1,100,,2593,94,,,1,100,,2596,94,,,1,100,,2595,94,,,1
1100,'53',948,,2597,94,,,1,102,,2598,94,,,1,100,,2599,94,,,1,100,,2600,94,,,1,102,,2601,94,,,1,99,,2602,94,,,1,100,,2603,94,,,1,99,,2604,94,,,1,99,,2605,94,,,1,99,,2606,94,,,1
1100,'54',747,,2610,94,,,1,102,,2611,94,,,1,99,,2612,94,,,1,102,,2607,94,,,1,100,,2608,94,,,1,100,,2609,94,,,1,102,,2613,94,,,1,99,,2614,94,,,1,100,,2615,94,,,1,99,,2616,94,,,1,99,,2617,94,,,1,99,,2618,94,,,1,98,,2619,94,,,1,100,,2620,94,,,1,100,,2622,94,,,1,100,,2623,94,,,1,100,,2621,94,,,1
1300,'51',643,,2625,36,,,2,70,,2627,36,,,2,20,,2626,36,,,2,83,,2628,36,,,2,41,,2624,36,,,2,751,,2631,36,,,2,97,,2632,36,,,2,13,,2629,36,,,2,40,,2633,36,,,2,66,,2630,36,,,2
1300,'67',900,,2634,31,,,2
1001101,'51',614,,3293,59,,,1,29,,3297,93,,,1,73,,3294,93,,,1,32,,3298,93,,,1,73,,3295,93,,,1,22,,3299,93,,,1,81,,3296,93,,,1,82,,3301,93,,,1,30,,3302,93,,,1,75,,3304,93,,,1,30,,3306,93,,,1,75,,3305,93,,,1,30,,3307,93,,,1,73,,3303,93,,,1,30,,3308,93,,,1,78,,3310,93,,,1,30,,3309,93,,,1,88,,3311,93,,,1,72,,3313,93,,,1,89,,3312,93,,,1,22,,3314,93,,,1,21,,3317,93,,,1,67,,3315,93,,,1,33,,3318,93,,,1,69,,3316,93,,,1,31,,3319,93,,,1,100,,3320,93,,,1,99,,3321,93,,,1,100,,3322,93,,,1
1001101,'52',745,,3327,59,,,1,99,,3324,93,,,1,103,,3325,93,,,1,101,,3326,93,,,1,99,,3328,93,,,1,100,,3329,93,,,1,100,,3330,93,,,1,101,,3331,93,,,1,100,,3332,93,,,1,99,,3333,93,,,1,102,,3334,93,,,1,97,,3335,93,,,1,100,,3336,93,,,1,99,,3337,93,,,1,100,,3338,93,,,1,100,,3339,93,,,1
1001101,'53',947,,3341,59,,,1,101,,3342,93,,,1,99,,3343,93,,,1,100,,3344,93,,,1,100,,3345,93,,,1,101,,3346,93,,,1,100,,3347,93,,,1,99,,3348,93,,,1,102,,3349,93,,,1,97,,3350,93,,,1
1001101,'54',745,,3352,59,,,1,99,,3351,93,,,1,103,,3353,93,,,1,101,,3354,93,,,1,99,,3355,93,,,1,100,,3356,93,,,1,100,,3357,93,,,1,101,,3358,93,,,1,100,,3359,93,,,1,99,,3360,93,,,1,102,,3361,93,,,1,97,,3362,93,,,1,100,,3363,93,,,1,99,,3364,93,,,1,100,,3365,93,,,1,100,,3366,93,,,1
