3701,'71',717,,4749,1,,,2,105,5,4748,1,0,9,2,102,17,4747,1,0,9,2,98,2,4750,1,0,9,2,102,2,4751,1,0,9,2,113,2,4752,1,0,9,2,102,2,4753,1,0,9,2,102,2,4754,1,0,9,2,115,8,4755,1,0,9,2,153,6,4756,1,0,9,2,100,51,4757,1,0,9,2,101,,4758,1,0,9,2,97,,4759,1,0,9,2,97,,4760,1,0,9,2,101,,4761,1,0,9,2,102,4,4762,1,0,9,2,28,,4763,1,0,9,2
3701,'72',653,,4764,1,0,9,2,100,2,4765,1,0,9,2,102,4,4766,1,0,9,2,100,2,4767,1,0,9,2,100,2,4768,1,0,9,2,152,53,4769,1,0,9,2,100,2,4770,1,0,9,2,100,2,4771,1,0,9,2,102,2,4772,1,0,9,2,100,2,4773,1,0,9,2,98,,4774,1,0,9,2,100,2,4775,1,0,9,2,100,2,4776,1,0,9,2,97,,4779,1,0,9,2,100,2,4780,1,0,9,2,101,4,4781,1,0,9,2,98,2,4777,1,0,9,2,28,,4778,1,0,9,2
3701,'73',753,,4782,1,0,9,2,102,4,4783,1,0,9,2,100,2,4784,1,0,9,2,100,,4785,1,0,9,2,152,53,4786,1,0,9,2,100,2,4787,1,0,9,2,100,2,4788,1,0,9,2,102,2,4789,1,0,9,2,100,2,4790,1,0,9,2,98,,4791,1,0,9,2,100,2,4792,1,0,9,2,109,11,4793,1,0,9,2
3800,'71',747,10,4794,1,,,2,106,2,4795,1,,,2,98,,4796,1,,,2,102,2,4797,1,,,2,153,53,4798,1,,,2,102,2,4799,1,,,2,102,,4800,1,,,2,107,,4801,8,,,2,117,8,4802,1,,,2,96,15,4803,1,,,2,112,4,4804,1,,,2,97,,4805,1,,,2,96,,4806,1,,,2,101,4,4807,1,,,2,99,2,4808,1,,,2
3800,'72',723,2,4809,1,,,2,100,2,4810,1,,,2,102,2,4811,1,,,2,100,2,4812,1,,,2,101,3,4813,1,,,2,111,2,4814,1,,,2,100,,4815,1,,,2,102,4,4816,1,,,2,100,2,4817,1,,,2,100,2,4818,1,,,2,98,2,4819,1,,,2,100,2,4820,1,,,2,98,,4822,1,,,2,99,2,4823,1,,,2,99,,4824,1,,,2,100,3,4821,1,,,2
3800,'73',823,2,4825,1,,,2,102,2,4826,1,,,2,100,2,4827,1,,,2,101,3,4828,1,,,2,111,2,4829,1,,,2,100,2,4830,1,,,2,102,4,4831,1,,,2,100,2,4832,1,,,2,100,2,4833,1,,,2,98,2,4834,1,,,2,100,2,4835,1,,,2,107,,4836,1,,,2
24101,'85',1512,,4938,8,,,2
24201,'85',1512,,4940,8,,,2
31101,'85',1516,,4946,8,,,2
38101,'85',1516,,4966,8,,,2
5003700,'71',603,2,5046,1,,,2,23,,5047,1,,,2,74,,5048,1,,,2
5003701,'71',1613,,5050,21,,,2,108,,5049,21,,,2
5003701,'81',1834,,5051,21,,,2
5003801,'71',1656,,5053,21,,,2,90,,5052,21,,,2
