1300,'1',646,,5808,38,,,2,86,,5806,38,,,2,84,,5807,38,,,2,792,,5809,38,,,2,108,,5811,38,,,2,14,,5810,38,,,2,71,,5813,38,,,2,32,,5812,38,,,2
1300,'16',859,,5815,38,,,2,43,,5814,33,,,2
1501,'1',1523,,5837,3,,,2,77,,5840,3,,,2,21,,5842,3,,,2,81,,5838,3,0,41,2,30,,5841,3,,,2
1601,'1',636,,5859,3,,,2,23,,5861,3,,,2,71,,5860,3,,,2,174,,5858,3,0,41,2
905231701,'27',2222,,6491,3,4,,2,30,,6494,3,4,,2,70,,6489,3,4,,2,30,,6492,3,4,,2,70,,6490,3,4,,2,30,,6493,3,4,,2,70,,6495,3,4,,2
905231701,'28',2222,,6498,3,4,,2,30,,6501,3,4,,2,70,,6496,3,4,,2,30,,6499,3,4,,2,70,,6497,3,4,,2,30,,6500,3,4,,2,70,,6502,3,4,,2
905231701,'29',2222,,6505,3,4,,2,30,,6508,3,4,,2,70,,6503,3,4,,2,30,,6506,3,4,,2,70,,6504,3,4,,2,30,,6507,3,4,,2,70,,6509,3,4,,2
1200000200,'1',533,,7028,3,,,1,14,,7033,3,,,1,55,,7034,3,,,1,16,,7035,3,,,1,15,,7037,3,,,1,14,,7038,3,,,1,57,,7027,3,,,1,15,,7040,3,,,1,15,,7032,3,,,1,15,,7030,3,,,1,54,,7036,3,,,1,15,,7041,3,,,1,18,,7039,3,,,1,21,,7042,3,,,1,70,,7044,3,,,1,29,,7046,3,,,1,70,,7031,3,,,1,30,,7047,3,,,1,69,,7043,3,,,1,29,,7045,3,,,1,72,,7049,3,,,1,30,,7050,3,,,1,69,,7048,3,,,1,30,,7052,3,,,1,58,,7054,3,,,1,30,,7055,3,,,1,15,,7056,3,,,1,52,,7053,3,,,1,13,,7057,3,,,1,13,,7058,3,,,1,14,,7060,3,,,1,54,,7051,3,,,1,16,,7063,3,,,1,16,,7064,3,,,1,17,,7067,3,,,1,57,,7068,3,,,1,16,,7062,3,,,1,30,,7061,3,,,1,70,,7059,3,,,1,30,,7065,3,,,1,70,,7071,3,,,1,30,,7072,3,,,1,70,,7074,3,,,1,30,,7075,3,,,1,72,,7069,3,,,1,31,,7066,3,,,1,72,,7073,3,,,1,27,,7076,3,,,1,70,,7070,3,0,14,1
1200000200,'2',656,,7080,3,,,1,70,,7079,3,,,1,30,,7083,3,,,1,70,,7077,3,,,1,30,,7082,3,,,1,70,,7081,3,,,1,30,,7085,3,,,1,70,,7084,3,,,1,30,,7078,3,,,1,70,,7087,3,,,1,30,,7089,3,,,1,69,,7086,3,,,1,30,,7091,3,,,1,70,,7092,3,,,1,31,,7088,3,,,1,70,,7090,3,,,1,30,,7094,3,,,1,70,,7096,3,,,1,30,,7093,3,,,1,70,,7098,3,,,1,30,,7099,3,,,1,71,,7095,3,,,1,30,,7097,3,,,1,69,,7103,3,,,1,30,,7102,3,,,1,71,,7100,3,,,1,30,,7104,3,,,1,69,,7106,3,,,1,30,,7105,3,,,1,70,,7108,3,,,1,30,,7101,3,,,1,70,,7107,3,,,1,30,,7109,3,,,1
1200000200,'3',656,,7110,3,,,1,70,,7111,3,,,1,30,,7112,3,,,1,70,,7113,3,,,1,30,,7114,3,,,1,70,,7118,3,,,1,30,,7116,3,,,1,70,,7120,3,,,1,30,,7117,3,,,1,70,,7115,3,,,1,30,,7119,3,,,1,69,,7122,3,,,1,30,,7121,3,,,1,70,,7123,3,,,1,31,,7125,3,,,1,70,,7127,3,,,1,30,,7130,3,,,1,70,,7132,3,,,1,30,,7124,3,,,1,70,,7126,3,,,1,30,,7128,3,,,1,71,,7131,3,,,1,30,,7133,3,,,1,69,,7135,3,,,1,30,,7134,3,,,1,71,,7129,3,,,1,30,,7136,3,,,1
