20001,'1',1451,,6250,13,4,,2,74,,6251,13,4,,2
20001,'2',641,,6252,13,4,,2,70,,6254,13,4,,2
5002300,'1',653,,6378,56,4,,2,72,,6379,56,4,,2,29,,6380,56,4,,2
5002400,'1',725,,6384,32,4,,2,27,,6383,32,4,,2
5003400,'1',658,,6388,34,4,,2,63,,6387,34,4,,2
5003600,'1',720,,6390,22,4,,2,27,,6391,22,4,,2
5003700,'1',721,,6395,62,4,,2,37,,6394,62,4,,2
5004200,'11',726,,6399,29,4,,2
5004300,'11',714,,6400,9,4,,2,115,,6401,9,4,,2
1200000200,'1',604,,7154,29,4,,1,15,,7153,51,4,,1,19,,7158,51,4,,1,20,,7159,51,4,,1,59,,7160,51,4,,1,19,,7162,51,4,,1,16,,7163,51,4,,1,56,,7152,51,4,,1,15,,7165,51,4,,1,15,,7157,51,4,,1,12,,7155,51,4,,1,52,,7161,51,4,,1,13,,7166,51,4,,1,14,,7164,51,4,,1,17,,7167,51,4,,1,69,,7169,51,4,,1,29,,7171,51,4,,1,70,,7156,51,4,,1,30,,7172,51,4,,1,70,,7168,51,4,,1,30,,7170,51,4,,1,71,,7174,51,4,,1,30,,7175,51,4,,1,69,,7173,51,4,,1,31,,7177,51,4,,1,58,,7179,51,4,,1,32,,7180,51,4,,1,17,,7181,51,4,,1,52,,7178,51,4,,1,14,,7182,51,4,,1,15,,7183,51,4,,1,17,,7185,51,4,,1,56,,7176,51,4,,1,12,,7188,51,4,,1,15,,7189,51,4,,1,15,,7192,51,4,,1,53,,7193,51,4,,1,15,,7187,51,4,,1,28,,7186,51,4,,1,67,,7184,51,4,,1,29,,7190,51,4,,1,70,,7196,51,4,,1,30,,7197,51,4,,1,70,,7199,51,4,,1,29,,7200,51,4,,1,72,,7194,51,4,,1,29,,7191,51,4,,1,72,,7198,51,4,,1,26,,7201,51,4,,1
1200000200,'2',741,,7205,51,4,,1,70,,7204,51,4,,1,31,,7208,51,4,,1,70,,7202,51,4,,1,30,,7207,51,4,,1,72,,7206,51,4,,1,31,,7210,51,4,,1,70,,7209,51,4,,1,31,,7203,51,4,,1,72,,7212,51,4,,1,30,,7214,51,4,,1,70,,7211,51,4,,1,30,,7216,51,4,,1,71,,7217,51,4,,1,30,,7213,51,4,,1,69,,7215,51,4,,1,30,,7219,51,4,,1,70,,7221,51,4,,1,30,,7218,51,4,,1,70,,7223,51,4,,1,29,,7224,51,4,,1,68,,7220,51,4,,1,26,,7222,51,4,,1,68,,7228,51,4,,1,30,,7227,51,4,,1,71,,7225,51,4,,1,29,,7229,51,4,,1,69,,7231,51,4,,1,30,,7230,51,4,,1,70,,7233,51,4,,1,30,,7226,51,4,,1,70,,7232,51,4,,1,30,,7234,51,4,,1
1200000200,'3',741,,7235,51,4,,1,70,,7236,51,4,,1,31,,7237,51,4,,1,70,,7238,51,4,,1,30,,7239,51,4,,1,72,,7243,51,4,,1,31,,7241,51,4,,1,70,,7245,51,4,,1,31,,7242,51,4,,1,72,,7240,51,4,,1,30,,7244,51,4,,1,70,,7247,51,4,,1,30,,7246,51,4,,1,71,,7248,51,4,,1,30,,7250,51,4,,1,69,,7252,51,4,,1,30,,7255,51,4,,1,70,,7257,51,4,,1,30,,7249,51,4,,1,70,,7251,51,4,,1,29,,7253,51,4,,1,68,,7256,51,4,,1,26,,7258,51,4,,1,68,,7260,51,4,,1,30,,7259,51,4,,1,71,,7254,51,4,,1,29,,7261,51,4,,1
1200000300,'1',631,,7407,47,4,,1,18,,7410,47,4,,1,58,,7412,47,4,,1,13,,7415,47,4,,1,10,,7409,47,4,,1,16,,7417,47,4,,1,13,,7413,47,4,,1,55,,7418,47,4,,1,14,,7420,47,4,,1,15,,7408,47,4,,1,16,,7411,49,4,,1,54,,7416,49,4,,1,27,,7414,49,4,,1,72,,7419,49,4,,1,33,,7421,49,4,,1,70,,7423,49,4,,1,30,,7425,49,4,,1,72,,7427,49,4,,1,30,,7422,49,4,,1,70,,7424,49,4,,1,28,,7426,49,4,,1,70,,7428,49,4,,1,29,,7429,49,4,,1,74,,7430,49,4,,1,31,,7433,51,4,,1,68,,7434,51,4,,1,28,,7435,51,4,,1,72,,7432,51,4,,1,30,,7431,51,4,,1,73,,7436,51,4,,1,24,,7439,49,4,,1,65,,7437,49,4,,1,21,,7441,49,4,,1,70,,7442,49,4,,1,32,,7440,49,4,,1,73,,7447,49,4,,1
1200000300,'2',711,,7450,49,4,,1,30,,7453,49,4,,1,70,,7456,49,4,,1,31,,7459,49,4,,1,70,,7451,49,4,,1,31,,7454,49,4,,1,70,,7457,49,4,,1,31,,7460,49,4,,1,71,,7452,49,4,,1,31,,7455,49,4,,1,71,,7458,49,4,,1,30,,7461,49,4,,1,71,,7462,49,4,,1,30,,7466,49,4,,1,70,,7472,49,4,,1,30,,7469,49,4,,1,70,,7463,49,4,,1,30,,7467,49,4,,1,69,,7473,49,4,,1,28,,7470,49,4,,1,70,,7464,49,4,,1,30,,7468,49,4,,1,69,,7474,49,4,,1,30,,7471,49,4,,1
1200000300,'3',741,,7480,49,4,,1,70,,7482,49,4,,1,31,,7488,49,4,,1,70,,7485,49,4,,1,31,,7481,49,4,,1,70,,7483,49,4,,1,31,,7489,49,4,,1,71,,7486,49,4,,1,31,,7490,49,4,,1,71,,7484,49,4,,1,30,,7492,49,4,,1,71,,7487,49,4,,1,30,,7491,49,4,,1,70,,7494,49,4,,1,30,,7493,49,4,,1,70,,7498,49,4,,1,30,,7501,49,4,,1,69,,7495,49,4,,1,28,,7504,49,4,,1,70,,7499,49,4,,1,30,,7502,49,4,,1,69,,7496,49,4,,1,30,,7505,49,4,,1
1200000400,'1',726,,7629,53,4,,1,19,,7630,53,4,,1
