905231701,'27',2312,,6491,75,4,,2,29,,6494,75,4,,2,70,,6489,75,4,,2,30,,6492,75,4,,2,70,,6490,75,4,,2,30,,6493,75,4,,2,70,,6495,75,4,,2
905231701,'28',2312,,6498,75,4,,2,29,,6501,75,4,,2,70,,6496,75,4,,2,30,,6499,75,4,,2,70,,6497,75,4,,2,30,,6500,75,4,,2,70,,6502,75,4,,2
905231701,'29',2312,,6505,75,4,,2,29,,6508,75,4,,2,70,,6503,75,4,,2,30,,6506,75,4,,2,70,,6504,75,4,,2,30,,6507,75,4,,2,70,,6509,75,4,,2
1200000101,'1',1619,,7023,79,,,1,32,,7024,79,,,1,71,,7025,79,,,1,30,,7026,79,,,1
1200000301,'1',621,,7383,28,,,1,28,,7388,28,,,1,77,,7381,41,,,1,20,,7385,41,,,1,75,,7391,41,,,1,29,,7386,41,,,1,65,,7394,41,,,1,25,,7382,41,,,1,69,,7392,41,,,1,27,,7390,41,,,1,73,,7395,41,,,1,33,,7396,41,,,1,70,,7398,41,,,1,34,,7400,41,,,1,72,,7402,41,,,1,28,,7397,41,,,1,70,,7399,41,,,1,28,,7401,41,,,1,71,,7403,41,,,1,36,,7404,41,,,1,60,,7407,38,,,1,23,,7405,38,,,1,18,,7410,38,,,1,59,,7409,38,,,1,11,,7414,38,,,1,13,,7412,38,,,1,14,,7413,38,,,1,56,,7416,38,,,1,14,,7408,38,,,1,12,,7411,38,,,1,15,,7406,38,,,1,68,,7415,38,,,1,24,,7419,41,,,1,64,,7417,41,,,1,31,,7418,41,,,1,70,,7420,41,,,1,29,,7421,41,,,1,73,,7424,41,,,1,31,,7422,28,,,1,70,,7425,28,,,1,28,,7423,28,,,1,70,,7426,28,,,1,39,,7427,28,,,1
1200000301,'2',801,,7428,41,,,1,30,,7431,41,,,1,71,,7434,41,,,1,32,,7437,41,,,1,71,,7429,41,,,1,32,,7432,41,,,1,71,,7435,41,,,1,31,,7438,41,,,1,71,,7430,41,,,1,31,,7433,41,,,1,71,,7436,41,,,1,31,,7439,41,,,1,71,,7440,41,,,1,30,,7443,41,,,1,70,,7449,41,,,1,30,,7446,41,,,1,70,,7441,41,,,1,31,,7444,41,,,1,71,,7450,41,,,1,27,,7447,41,,,1,68,,7442,41,,,1,28,,7445,41,,,1,67,,7451,41,,,1,27,,7448,41,,,1,75,,7452,28,,,1,100,,7453,28,,,1,96,,7454,28,,,1,98,,7455,28,,,1,38,,7456,28,,,1,102,,7457,28,,,1
1200000301,'27',2235,,7459,31,,,1,70,,7462,31,,,1,30,,7464,31,,,1,83,,7460,31,,,1,28,,7463,31,,,1,70,,7458,31,,,1,30,,7461,31,,,1
1200000301,'28',2235,,7466,31,,,1,70,,7469,31,,,1,30,,7471,31,,,1,83,,7467,31,,,1,28,,7470,31,,,1,70,,7465,31,,,1,30,,7468,31,,,1
1200000301,'29',2235,,7473,31,,,1,70,,7476,31,,,1,30,,7478,31,,,1,83,,7474,31,,,1,28,,7477,31,,,1,70,,7472,31,,,1,30,,7475,31,,,1
1200000301,'3',831,,7479,41,,,1,71,,7481,41,,,1,32,,7487,41,,,1,71,,7484,41,,,1,32,,7480,41,,,1,71,,7482,41,,,1,31,,7488,41,,,1,71,,7485,41,,,1,31,,7489,41,,,1,71,,7483,41,,,1,31,,7491,41,,,1,71,,7486,41,,,1,30,,7490,41,,,1,70,,7493,41,,,1,30,,7492,41,,,1,70,,7496,41,,,1,31,,7498,41,,,1,71,,7494,41,,,1,27,,7502,41,,,1,68,,7497,41,,,1,28,,7499,41,,,1,67,,7495,41,,,1,27,,7503,41,,,1,75,,7500,28,,,1,121,,7501,28,,,1
