22101,'85',1518,,4924,14,,,2
22201,'85',1519,,4926,14,,,2
23101,'85',1518,,4932,14,,,2
23201,'85',1518,,4934,14,,,2
5003700,'71',643,,5046,66,4,,2,60,,5047,59,,,2,34,,5048,59,,,2
5004200,'81',708,,5054,26,,,2
1200000101,'71',1554,,5070,52,,,1,72,,5071,52,,,1,31,,5069,52,,,1,71,,5072,52,,,1
1200000200,'71',554,,5075,26,0,36 37,1,55,,5074,48,0,36 37,1,15,,5078,48,0,36 37,1,8,,5082,26,0,36 37,1,8,,5080,48,0,36 37,1,17,,5081,48,0,36 37,1,56,,5077,48,0,36 37,1,16,,5085,48,0,36 37,1,17,,5073,48,0,36 37,1,55,,5087,48,0,36 37,1,15,,5076,48,0,36 37,1,14,,5089,48,0,36 37,1,14,,5083,48,0,36 37,1,15,,5090,48,0,36 37,1,58,,5079,48,0,36 37,1,13,,5091,48,0,36 37,1,17,,5084,48,0,36 37,1,57,,5086,48,0,36 37,1,14,,5092,48,0,36 37,1,15,,5088,48,0,36 37,1,15,,5094,48,0,36 37,1,55,,5095,48,0,36 37,1,15,,5096,48,0,36 37,1,15,,5098,48,0,36 37,1,15,,5099,48,0,36 37,1,55,,5101,48,0,36 37,1,15,,5102,48,0,36 37,1,15,,5103,48,0,36 37,1,16,,5093,48,0,36 37,1,55,,5105,48,0,36 37,1,15,,5106,48,0,36 37,1,15,,5107,48,0,36 37,1,14,,5097,48,0,36 37,1,55,,5104,48,0,36 37,1,15,,5100,48,0,36 37,1,22,,5108,48,0,36 37,1,12,,5109,48,0,36 37,1,56,,5110,48,0,36 37,1,15,,5111,48,0,36 37,1,16,,5112,48,0,36 37,1,12,,5113,48,0,36 37,1,54,,5115,48,0,36 37,1,15,,5117,48,0,36 37,1,15,,5119,48,0,36 37,1,9,,5121,35,0,36 37,1,8,,5120,48,0,36 37,1,52,,5122,48,0,36 37,1,15,,5125,48,0,36 37,1,16,,5126,48,0,36 37,1,14,,5123,48,0,36 37,1,54,,5124,48,0,36 37,1,14,,5116,48,0,36 37,1,15,,5114,48,0,36 37,1,15,,5128,48,0,36 37,1,55,,5118,48,0,36 37,1,30,,5129,48,0,36 37,1,70,,5127,48,0,36 37,1,30,,5133,48,0,36 37,1,70,,5135,48,0,36 37,1,29,,5136,48,0,36 37,1,72,,5130,48,0,36 37,1,30,,5132,48,0,36 37,1,72,,5134,48,0,36 37,1,26,,5137,48,0,36 37,1,70,,5131,48,0,14,1
1200000200,'72',733,,5139,48,0,36 37,1,70,,5142,48,0,36 37,1,30,,5143,48,0,36 37,1,70,,5144,48,0,36 37,1,30,,5138,48,0,36 37,1,70,,5141,48,0,36 37,1,30,,5140,48,0,36 37,1,70,,5145,48,0,36 37,1,30,,5146,48,0,36 37,1,71,,5148,48,0,36 37,1,29,,5147,48,0,36 37,1,71,,5150,48,0,36 37,1,30,,5151,48,0,36 37,1,71,,5152,48,0,36 37,1,30,,5153,48,0,36 37,1,69,,5154,48,0,36 37,1,30,,5149,48,0,36 37,1,70,,5156,48,0,36 37,1,30,,5155,48,0,36 37,1,70,,5159,48,0,36 37,1,30,,5158,48,0,36 37,1,71,,5161,48,0,36 37,1,27,,5162,48,0,36 37,1,69,,5163,48,0,36 37,1,30,,5165,48,0,36 37,1,71,,5157,48,0,36 37,1,29,,5167,48,0,36 37,1,69,,5168,48,0,36 37,1,30,,5164,48,0,36 37,1,70,,5166,48,0,36 37,1,30,,5160,48,0,36 37,1,70,,5169,48,0,36 37,1,30,,5170,48,0,36 37,1
1200000200,'73',733,,5171,48,0,36 37,1,70,,5173,48,0,36 37,1,30,,5174,48,0,36 37,1,70,,5175,48,0,36 37,1,30,,5176,48,0,36 37,1,70,,5172,48,0,36 37,1,30,,5177,48,0,36 37,1,70,,5179,48,0,36 37,1,30,,5178,48,0,36 37,1,71,,5181,48,0,36 37,1,29,,5180,48,0,36 37,1,71,,5183,48,0,36 37,1,30,,5184,48,0,36 37,1,71,,5185,48,0,36 37,1,30,,5186,48,0,36 37,1,69,,5188,48,0,36 37,1,30,,5182,48,0,36 37,1,70,,5191,48,0,36 37,1,30,,5189,48,0,36 37,1,70,,5193,48,0,36 37,1,30,,5192,48,0,36 37,1,71,,5195,48,0,36 37,1,27,,5196,48,0,36 37,1,69,,5197,48,0,36 37,1,30,,5187,48,0,36 37,1,71,,5194,48,0,36 37,1,29,,5190,48,0,36 37,1
1200000200,'89',648,,5198,26,0,36 37,1,62,,5200,26,0,36 37,1,47,,5199,17,0,36 37,1
1200000400,'71',705,,5565,50,,,1,16,,5566,50,,,1,16,,5567,50,,,1,16,,5564,50,,,1
