2200,'71',616,,4456,42,,,2,28,,4471,80,,,2,63,,4457,42,,,2,30,,4472,42,,,2,66,,4474,80,,,2,43,,4473,42,0,14 1 15,2,87,,4458,42,,,2,75,,4460,42,,,2,32,,4459,42,,,2,72,,4461,42,,,2,30,,4465,42,,,2,70,,4462,42,,,2,31,,4466,42,,,2,70,,4463,42,,,2,30,,4475,42,,,2,70,,4464,42,,,2,29,,4476,42,,,2,74,,4469,42,,,2,31,,4467,28,,,2,65,,4470,28,,,2,108,,4468,28,,,2,34,,4477,28,,,2,100,,4478,28,,,2
2200,'87',848,,4479,25,0,14 1 15,2
2300,'71',612,,4520,54,,,2,191,,4525,54,,,2,45,,4529,54,0,14 1 15,2,70,,4507,54,,,2,36,,4510,54,,,2,70,,4508,54,,,2,31,,4511,54,,,2,70,,4509,54,,,2,30,,4512,54,,,2,71,,4515,40,,,2,30,,4513,40,,,2,70,,4516,40,,,2,30,,4514,40,,,2,72,,4517,40,,,2,74,,4518,40,,,2,31,,4528,40,,,2,117,,4530,40,,,2,75,,4519,40,,,2,28,,4526,40,,,2,70,,4521,40,,,2,30,,4527,40,,,2,75,,4522,40,,,2,100,,4523,40,,,2,97,,4524,40,,,2
2300,'72',652,,4531,54,,,2,101,,4532,54,,,2,101,,4533,54,,,2,101,,4534,54,,,2,101,,4535,54,,,2,100,,4536,54,,,2,101,,4537,54,,,2,101,,4538,40,,,2,100,,4539,40,,,2,100,,4540,40,,,2,100,,4541,40,,,2,142,,4542,40,,,2
2300,'73',753,,4543,54,,,2,101,,4544,54,,,2,101,,4545,54,,,2,101,,4546,54,,,2,100,,4547,54,,,2,101,,4548,54,,,2,101,,4549,40,,,2,100,,4550,40,,,2,100,,4551,40,,,2,100,,4552,40,,,2,142,,4553,40,,,2
2300,'87',847,,4554,18,0,14 1 15,2
22100,'84',722,,4923,27,,,2
22200,'84',724,,4925,24,,,2
23100,'84',731,,4931,61,,,2
23200,'84',720,,4933,19,,,2
32500,'82',804,,4947,15,,,2
5002300,'71',641,,5028,54,,,2,67,,5027,54,,,2,30,,5029,54,,,2
5002400,'71',708,,5034,30,,,2,28,,5033,30,,,2
5004300,'81',701,,5055,7,,,2,119,,5056,7,,,2
1200000100,'71',559,,5060,45,0,14,1,65,,5061,45,,,1,30,,5062,45,,,1,60,,5063,45,,,1,30,,5066,45,0,16 1 17,1,70,,5064,45,,,1
1200000300,'71',622,,5347,45,,,1,16,,5350,45,,,1,15,,5352,45,,,1,50,,5354,45,,,1,10,,5349,45,,,1,10,,5356,45,,,1,10,,5359,45,,,1,10,,5353,45,,,1,15,,5361,45,,,1,55,,5363,45,,,1,16,,5348,45,,,1,13,,5351,45,,,1,15,,5357,45,,,1,55,,5360,45,,,1,15,,5358,45,,,1,15,,5355,45,,,1,60,,5362,45,,,1,20,,5364,45,,,1,20,,5366,45,,,1,60,,5368,45,,,1,20,,5369,45,,,1,20,,5371,45,,,1,62,,5373,45,,,1,20,,5365,45,,,1,20,,5367,45,,,1,60,,5374,45,,,1,18,,5370,45,,,1,20,,5372,45,,,1,59,,5376,45,,,1,20,,5378,45,,,1,19,,5380,45,,,1,65,,5375,45,,,1,31,,5383,47,,,1,68,,5377,47,,,1,29,,5379,47,,,1,73,,5384,47,,,1,28,,5382,47,,,1,73,,5381,47,,,1,21,,5385,45,,,1,30,,5386,45,,,1,61,,5388,45,,,1,30,,5390,45,,,1,72,,5391,45,,,1,33,,5395,45,,,1,66,,5389,45,,,1,27,,5387,45,,,1,70,,5392,45,,,1,30,,5396,45,,,1,66,,5393,45,,,1,30,,5397,45,,,1,68,,5394,45,,,1
1200000300,'72',647,,5398,45,,,1,70,,5399,45,,,1,30,,5404,45,,,1,70,,5408,45,,,1,32,,5402,45,,,1,71,,5401,45,,,1,28,,5406,45,,,1,70,,5407,45,,,1,31,,5409,45,,,1,69,,5400,45,,,1,31,,5405,45,,,1,70,,5403,45,,,1,29,,5410,45,,,1,72,,5411,45,,,1,29,,5413,45,,,1,73,,5412,45,,,1,29,,5415,45,,,1,69,,5416,45,,,1,30,,5417,45,,,1,71,,5418,45,,,1,29,,5419,45,,,1,69,,5414,45,,,1,31,,5421,45,,,1,69,,5420,45,,,1,33,,5422,45,,,1,94,,5423,45,,,1,100,,5424,45,,,1,96,,5425,45,,,1,99,,5426,45,,,1,177,,5427,45,,,1
1200000300,'73',717,,5428,45,,,1,30,,5430,45,,,1,70,,5433,45,,,1,32,,5435,45,,,1,71,,5429,45,,,1,28,,5432,45,,,1,70,,5434,45,,,1,31,,5436,45,,,1,69,,5437,45,,,1,31,,5431,45,,,1,70,,5438,45,,,1,29,,5440,45,,,1,72,,5439,45,,,1,29,,5442,45,,,1,73,,5441,45,,,1,29,,5444,45,,,1,69,,5445,45,,,1,30,,5446,45,,,1,71,,5447,45,,,1,29,,5448,45,,,1,69,,5443,45,,,1,31,,5450,45,,,1,69,,5449,45,,,1,33,,5451,45,,,1,94,,5452,45,,,1,157,,5453,45,,,1
