1300,'1',641,,5808,28,,,2,85,,5806,28,,,2,84,,5807,28,,,2,792,,5809,28,,,2,108,,5811,28,,,2,14,,5810,28,,,2,32,,5813,28,,,2,72,,5812,28,,,2
1300,'16',853,,5815,28,,,2,3,,5814,23,,,2
1501,'1',1533,,5837,17,,,2,79,,5840,17,,,2,21,,5842,17,,,2,78,,5838,17,0,41,2,29,,5841,17,,,2
1601,'1',644,,5859,17,,,2,64,,5861,17,,,2,31,,5860,17,,,2,174,,5858,17,0,41,2
11900,'16',854,,6228,39,,,2
12900,'16',849,,6232,20,,,2
905231701,'27',2237,,6491,22,4,,2,70,,6494,22,4,,2,30,,6489,22,4,,2,70,,6492,22,4,,2,30,,6490,22,4,,2,70,,6493,22,4,,2,30,,6495,22,4,,2
905231701,'28',2237,,6498,22,4,,2,70,,6501,22,4,,2,30,,6496,22,4,,2,70,,6499,22,4,,2,30,,6497,22,4,,2,70,,6500,22,4,,2,30,,6502,22,4,,2
905231701,'29',2237,,6505,22,4,,2,70,,6508,22,4,,2,30,,6503,22,4,,2,70,,6506,22,4,,2,30,,6504,22,4,,2,70,,6507,22,4,,2,30,,6509,22,4,,2
1200000101,'1',1523,,7023,19,,,1,31,,7024,19,,,1,69,,7025,19,,,1,34,,7026,19,,,1
1200000200,'1',549,,7028,22,,,1,54,,7033,22,,,1,15,,7034,22,,,1,16,,7035,22,,,1,15,,7037,22,,,1,55,,7038,22,,,1,17,,7027,22,,,1,15,,7040,22,,,1,16,,7032,22,,,1,54,,7030,22,,,1,14,,7036,22,,,1,15,,7041,22,,,1,19,,7039,22,,,1,59,,7042,22,,,1,30,,7044,22,,,1,69,,7046,22,,,1,30,,7031,22,,,1,70,,7047,22,,,1,29,,7043,22,,,1,70,,7045,22,,,1,31,,7049,22,,,1,70,,7050,22,,,1,29,,7048,22,,,1,70,,7052,22,,,1,18,,7054,22,,,1,30,,7055,22,,,1,55,,7056,22,,,1,12,,7053,22,,,1,14,,7057,22,,,1,15,,7058,22,,,1,55,,7060,22,,,1,15,,7051,22,,,1,14,,7063,22,,,1,15,,7064,22,,,1,57,,7067,22,,,1,15,,7068,22,,,1,16,,7062,22,,,1,70,,7061,22,,,1,30,,7059,22,,,1,70,,7065,22,,,1,30,,7071,22,,,1,70,,7072,22,,,1,30,,7074,22,,,1,69,,7075,22,,,1,32,,7069,22,,,1,70,,7066,22,,,1,32,,7073,22,,,1,67,,7076,22,,,1,30,,7070,22,0,14,1
1200000200,'2',712,,7080,22,,,1,30,,7079,22,,,1,70,,7083,22,,,1,30,,7077,22,,,1,70,,7082,22,,,1,30,,7081,22,,,1,70,,7085,22,,,1,30,,7084,22,,,1,70,,7078,22,,,1,30,,7087,22,,,1,70,,7089,22,,,1,29,,7086,22,,,1,70,,7091,22,,,1,30,,7092,22,,,1,71,,7088,22,,,1,30,,7090,22,,,1,70,,7094,22,,,1,30,,7096,22,,,1,70,,7093,22,,,1,30,,7098,22,,,1,70,,7099,22,,,1,31,,7095,22,,,1,69,,7097,22,,,1,29,,7103,22,,,1,70,,7102,22,,,1,31,,7100,22,,,1,69,,7104,22,,,1,29,,7106,22,,,1,70,,7105,22,,,1,30,,7108,22,,,1,70,,7101,22,,,1,30,,7107,22,,,1,70,,7109,22,,,1
1200000200,'3',712,,7110,22,,,1,30,,7111,22,,,1,70,,7112,22,,,1,30,,7113,22,,,1,70,,7114,22,,,1,30,,7118,22,,,1,70,,7116,22,,,1,30,,7120,22,,,1,70,,7117,22,,,1,30,,7115,22,,,1,70,,7119,22,,,1,29,,7122,22,,,1,70,,7121,22,,,1,30,,7123,22,,,1,71,,7125,22,,,1,30,,7127,22,,,1,70,,7130,22,,,1,30,,7132,22,,,1,70,,7124,22,,,1,30,,7126,22,,,1,70,,7128,22,,,1,31,,7131,22,,,1,69,,7133,22,,,1,29,,7135,22,,,1,70,,7134,22,,,1,31,,7129,22,,,1,69,,7136,22,,,1
1200000400,'1',642,,7504,24,,,1,15,,7505,24,,,1
