3101,'1',613,,6012,46,,,2,31,,6014,46,,,2,68,,6013,78,,,2,32,,6011,78,,,2,102,,6015,78,,,2,105,,6016,78,,,2,99,,6017,78,,,2,100,,6018,78,,,2,106,,6019,78,,,2,102,,6020,78,,,2,101,,6021,78,,,2,141,,6022,78,,,2,57,,6023,78,,,2,71,,6026,78,,,2,30,,6027,78,,,2,71,,6024,78,,,2,73,,6028,78,,,2,24,,6025,78,,,2,76,,6029,78,,,2
3701,'1',558,,6122,39,0,9,2,82,,6123,46,0,9,2,105,,6124,46,,,2,102,,6125,46,0,9,2,104,,6126,46,0,9,2,97,,6127,46,0,9,2,102,,6128,46,0,9,2,155,,6129,46,0,9,2,102,,6130,46,0,9,2,102,,6131,46,0,9,2,115,,6132,46,0,9,2,181,,6133,46,0,9,2,32,,6134,46,0,9,2,100,,6135,46,0,9,2,96,,6136,46,0,9,2,96,,6137,46,0,9,2,100,,6138,46,0,9,2,100,,6139,46,0,9,2,25,,6140,46,0,9,2
3701,'2',713,,6141,46,0,9,2,100,,6142,46,0,9,2,102,,6143,46,0,9,2,102,,6144,46,0,9,2,102,,6145,46,0,9,2,116,,6146,46,0,9,2,103,,6147,46,0,9,2,100,,6148,46,0,9,2,101,,6149,46,0,9,2,100,,6150,46,0,9,2,101,,6151,46,0,9,2,95,,6152,46,0,9,2,97,,6153,46,0,9,2,96,,6154,46,0,9,2,100,,6155,46,0,9,2,101,,6156,46,0,9,2,98,,6157,46,0,9,2,25,,6158,46,0,9,2
3701,'3',813,,6159,46,0,9,2,102,,6160,46,0,9,2,102,,6161,46,0,9,2,102,,6162,46,0,9,2,116,,6163,46,0,9,2,103,,6164,46,0,9,2,100,,6165,46,0,9,2,101,,6166,46,0,9,2,100,,6167,46,0,9,2,101,,6168,46,0,9,2,95,,6169,46,0,9,2,97,,6170,46,0,9,2
3800,'1',816,,6171,47,,,2,102,,6172,47,,,2,99,,6173,47,,,2,102,,6174,47,,,2,115,,6175,47,,,2,102,,6176,47,,,2,102,,6177,47,,,2,107,,6178,47,,,2,159,,6179,47,,,2,31,,6180,47,,,2,174,,6181,47,,,2,96,,6182,47,,,2,96,,6183,47,,,2,100,,6184,47,,,2,58,,6185,47,,,2
3800,'2',743,,6186,47,,,2,101,,6187,47,,,2,103,,6188,47,,,2,101,,6189,47,,,2,102,,6190,47,,,2,156,,6191,47,,,2,102,,6192,47,,,2,101,,6193,47,,,2,100,,6194,47,,,2,102,,6195,47,,,2,99,,6196,47,,,2,94,,6197,47,,,2,96,,6198,47,,,2,100,,6199,47,,,2,57,,6200,47,,,2,101,,6201,47,,,2
3800,'3',844,,6202,47,,,2,103,,6203,47,,,2,101,,6204,47,,,2,102,,6205,47,,,2,156,,6206,47,,,2,102,,6207,47,,,2,101,,6208,47,,,2,100,,6209,47,,,2,102,,6210,47,,,2,99,,6211,47,,,2,94,,6212,47,,,2,96,,6213,47,,,2
3900,'1',648,,6215,30,,,2,80,,6216,30,,,2,31,,6214,30,,,2
24100,'15',736,,6296,15,4,,2
24200,'15',734,,6297,17,4,,2
31100,'15',752,,6300,56,,,2
35100,'15',734,,6307,43,,,2
35500,'12',822,,6308,43,,,2
38100,'15',738,,6316,48,,,2
5003700,'1',653,,6395,50,,,2,76,,6394,50,,,2
5003701,'1',1756,,6396,79,,,2
5003801,'1',1731,,6398,78,,,2,88,,6397,78,,,2
2000003101,'2',716,,7594,47,,,2,102,,7595,79,,,2,101,,7596,79,,,2,101,,7597,79,,,2,101,,7598,79,,,2,101,,7599,79,,,2,101,,7600,79,,,2,215,,7601,79,,,2,101,,7602,79,,,2,101,,7603,79,,,2,96,,7604,79,,,2
2000003101,'3',818,,7606,47,,,2,101,,7607,79,,,2,101,,7608,79,,,2,101,,7609,79,,,2,101,,7610,79,,,2,101,,7611,79,,,2,215,,7612,79,,,2,101,,7613,79,,,2,101,,7614,79,,,2,96,,7615,79,,,2
