13101,'85',1526,,4865,23,,,2
13800,'82',830,,4870,9,,,2
34500,'82',828,,4949,36,,,2
35500,'82',832,,4955,49,,,2
1200000100,'71',643,,5061,64,0,34 35 6 31,1,70,,5062,64,0,34 35 6 31,1,22,,5063,64,0,34 35 6 31,1,69,,5066,64,0,16 1 17,1,29,,5064,64,0,34 35 6 31,1
1200000201,'71',621,,5201,19,0,29,1,35,,5205,31,0,29,1,56,,5204,31,0,29,1,20,,5208,31,0,29,1,10,,5214,31,0,29,1,14,,5203,31,0,29,1,54,,5213,31,0,29,1,19,,5207,31,0,29,1,17,,5218,31,0,29,1,55,,5202,31,0,29,1,14,,5221,31,0,29,1,14,,5206,31,0,29,1,12,,5223,31,0,29,1,12,,5216,31,0,29,1,52,,5224,31,0,29,1,15,,5209,31,0,29,1,12,,5225,31,0,29,1,17,,5217,31,0,29,1,58,,5219,31,0,29,1,14,,5226,31,0,29,1,15,,5222,31,0,29,1,15,,5228,31,0,29,1,55,,5229,31,0,29,1,15,,5230,31,0,29,1,18,,5232,31,0,29,1,15,,5233,31,0,29,1,55,,5235,31,0,29,1,14,,5236,31,0,29,1,15,,5237,31,0,29,1,16,,5227,31,0,29,1,55,,5239,31,0,29,1,15,,5240,31,0,29,1,16,,5241,31,0,29,1,14,,5231,31,0,29,1,56,,5238,31,0,29,1,18,,5234,31,0,29,1,27,,5242,31,0,29,1,60,,5243,31,0,29,1,18,,5244,31,0,29,1,15,,5245,31,0,29,1,6,,5253,19,0,29,1,54,,5246,31,0,29,1,9,,5247,31,0,29,1,11,,5249,31,0,29,1,11,,5251,31,0,29,1,15,,5254,31,0,29,1,53,,5255,31,0,29,1,9,,5256,31,0,29,1,13,,5259,31,0,29,1,17,,5260,31,0,29,1,9,,5257,31,0,29,1,52,,5258,31,0,29,1,13,,5250,31,0,29,1,12,,5248,31,0,29,1,14,,5261,31,0,29,1,54,,5252,31,0,29,1,20,,5262,31,0,29,1,30,,5263,31,0,29,1,72,,5265,31,0,29,1,35,,5267,31,0,29,1,68,,5269,31,0,29,1,31,,5264,31,0,29,1,67,,5266,31,0,29,1,31,,5268,31,0,29,1,86,,5270,31,0,29,1
1200000201,'72',716,,5272,31,0,29,1,31,,5271,31,0,29,1,70,,5273,31,0,29,1,32,,5279,31,0,29,1,70,,5284,31,0,29,1,32,,5277,31,0,29,1,72,,5276,31,0,29,1,29,,5282,31,0,29,1,70,,5283,31,0,29,1,31,,5285,31,0,29,1,69,,5274,31,0,29,1,31,,5280,31,0,29,1,70,,5278,31,0,29,1,30,,5286,31,0,29,1,72,,5287,31,0,29,1,29,,5289,31,0,29,1,73,,5288,31,0,29,1,29,,5291,31,0,29,1,69,,5292,31,0,29,1,33,,5293,31,0,29,1,71,,5294,31,0,29,1,27,,5295,31,0,29,1,68,,5290,31,0,29,1,30,,5297,31,0,29,1,65,,5296,31,0,29,1,39,,5300,31,0,29,1,69,,5302,31,0,29,1,31,,5298,31,0,29,1,67,,5304,31,0,29,1,28,,5305,31,0,29,1,70,,5301,31,0,29,1,30,,5303,31,0,29,1,69,,5299,31,0,29,1,29,,5306,31,0,29,1,90,,5307,31,0,29,1
1200000201,'73',817,,5308,31,0,29,1,32,,5311,31,0,29,1,70,,5315,31,0,29,1,32,,5318,31,0,29,1,72,,5310,31,0,29,1,29,,5314,31,0,29,1,70,,5317,31,0,29,1,31,,5320,31,0,29,1,69,,5321,31,0,29,1,31,,5312,31,0,29,1,70,,5322,31,0,29,1,30,,5324,31,0,29,1,72,,5323,31,0,29,1,29,,5326,31,0,29,1,73,,5325,31,0,29,1,29,,5328,31,0,29,1,69,,5329,31,0,29,1,33,,5330,31,0,29,1,71,,5331,31,0,29,1,27,,5333,31,0,29,1,68,,5327,31,0,29,1,30,,5336,31,0,29,1,65,,5334,31,0,29,1,39,,5338,31,0,29,1,69,,5332,31,0,29,1,31,,5337,31,0,29,1,67,,5335,31,0,29,1
1200000201,'81',705,,5339,19,0,29,1,15,,5340,19,0,29,1,820,,5341,31,0,29,1
1200000201,'89',1623,,5345,31,0,29,1,15,,5346,31,0,29,1
1200000401,'71',1711,,5572,31,0,31,1,25,,5571,31,0,31,1,22,,5575,31,0,31,1
