1301,'1',647,,5816,28,,,2,77,,5818,28,,,2,94,,5817,28,,,2,812,,5819,28,,,2,13,,5820,28,,,2,76,,5822,28,,,2,30,,5821,28,,,2
1500,'1',607,,5823,33,,,2,29,,5825,33,,,2,69,,5827,33,,,2,30,,5826,36,,,2,71,,5829,36,,,2,41,,5828,36,0,10 11,2,109,,5824,33,0,12 13,2,100,,5830,33,0,12 13,2,100,,5831,33,0,12 13,2,103,,5832,32,0,12 13,2
1500,'16',846,,5833,21,0,10 11,2
1600,'1',1355,,5848,17,0,12 13,2,96,,5849,17,0,12 13,2,76,,5851,17,,,2,25,,5854,2,,,2,75,,5850,20,,,2,80,,5852,20,,,2,25,,5855,20,,,2,99,,5853,20,0,12 13,2,102,,5856,17,0,12 13,2,110,,5857,17,0,12 13,2
13100,'15',727,,6233,39,,,2
20001,'1',550,,6248,1,0,14,2,60,,6249,1,0,14,2,812,,6250,1,,,2,32,,6251,1,,,2
20001,'2',621,,6252,1,,,2,18,,6253,1,0,14,2,10,,6254,1,,,2
21001,'1',530,,6272,1,,,2,27,,6273,1,,,2,55,,6274,1,,,2,13,,6275,1,,,2,1381,,6276,1,,,2
21001,'2',607,,6277,1,,,2,30,,6278,1,,,2,70,,6279,1,,,2,31,,6280,1,,,2,475,,6281,1,,,2,30,,6282,1,,,2,468,,6283,1,,,2
21001,'3',637,,6284,1,,,2,70,,6285,1,,,2,31,,6286,1,,,2,404,,6287,1,,,2
38001,'1',526,,6313,1,,,2,79,,6314,1,,,2,28,,6315,1,,,2
1200000101,'1',1527,,7023,22,,,1,31,,7024,22,,,1,70,,7025,22,,,1,73,,7026,22,,,1
2000001500,'2',751,,7542,33,,,2,101,,7543,32,,,2,100,,7544,32,,,2,94,,7545,32,,,2,109,,7546,32,,,2,101,,7547,32,,,2,201,,7548,33,,,2,101,,7549,32,,,2,95,,7550,32,,,2,105,,7551,32,,,2,93,,7552,32,,,2
2000001500,'3',852,,7553,33,,,2,100,,7554,32,,,2,94,,7555,32,,,2,109,,7556,32,,,2,101,,7557,32,,,2,201,,7558,33,,,2,101,,7559,32,,,2,95,,7560,32,,,2,105,,7561,32,,,2,93,,7562,32,,,2
