2300,'1',550,,5924,3,0,14,2,194,,5919,3,0,14,2,79,,5927,3,0,14,2,36,,5904,3,0,14,2,76,,5906,3,0,14,2,70,,5905,3,0,14,2,30,,5907,3,0,14,2,70,,5908,3,0,14,2,30,,5909,3,0,14,2,77,,5912,3,0,14,2,30,,5910,3,0,14,2,70,,5913,3,0,14,2,30,,5911,3,0,14,2,71,,5914,3,0,14,2,33,,5915,3,0,14,2,72,,5917,3,0,14,2,118,,5918,3,0,14,2,77,,5916,3,0,14,2,24,,5925,3,0,14,2,73,,5920,3,0,14,2,30,,5926,3,0,14,2,73,,5921,3,0,14,2,102,,5922,3,0,14,2,95,,5923,3,0,14,2
2300,'2',628,,5930,3,0,14,2,100,,5931,3,0,14,2,101,,5932,3,0,14,2,102,,5933,3,0,14,2,102,,5934,3,0,14,2,102,,5935,3,0,14,2,101,,5936,3,0,14,2,108,,5937,3,0,14,2,100,,5938,3,0,14,2,100,,5939,3,0,14,2,101,,5940,3,0,14,2,88,,5941,3,0,14,2
2300,'3',728,,5942,3,0,14,2,101,,5943,3,0,14,2,102,,5944,3,0,14,2,102,,5945,3,0,14,2,102,,5946,3,0,14,2,101,,5947,3,0,14,2,108,,5948,3,0,14,2,100,,5949,3,0,14,2,100,,5950,3,0,14,2,101,,5951,3,0,14,2,88,,5952,3,0,14,2
2301,'1',1513,,5966,51,,,2,91,,5964,51,,,2,614,,5972,51,,,2
2301,'2',1227,,5985,51,,,2,600,,5991,51,,,2
2301,'3',1227,,5996,51,,,2,600,,6002,51,,,2
23100,'15',706,,6293,15,,,2
23500,'12',754,,6295,26,,,2
5002300,'1',614,,6378,3,,,2,25,,6379,3,,,2,69,,6380,3,,,2
5002301,'1',1741,,6381,61,,,2
