2201,'1',629,,5883,6,,,2,28,,5892,6,0,23,2,70,,5884,6,,,2,25,,5898,6,,,2,68,,5899,6,,,2,26,,5893,6,,,2,108,,5894,6,,,2,150,,5885,6,,,2,101,,5886,6,,,2,101,,5887,6,,,2,100,,5890,6,,,2,103,,5900,6,,,2,40,,5891,6,,,2,96,,5888,6,,,2,70,,5895,6,,,2,31,,5889,6,,,2,70,,5896,6,,,2,27,,5901,6,,,2,64,,5897,6,,,2
2201,'14',1645,,5903,10,,,2
2301,'1',623,,5973,6,,,2,30,,5974,6,,,2,150,,5976,6,,,2,41,,5953,6,,,2,72,,5977,6,,,2,23,,5954,6,,,2,81,,5955,6,,,2,30,,5957,6,,,2,70,,5956,6,,,2,30,,5958,6,,,2,71,,5959,6,,,2,30,,5961,6,,,2,70,,5960,6,,,2,30,,5962,6,,,2,71,,5963,6,,,2,31,,5966,6,,,2,91,,5964,6,,,2,66,,5967,6,,,2,35,,5965,6,,,2,103,,5968,6,,,2,67,,5975,6,,,2,37,,5969,6,,,2,102,,5970,6,,,2,90,,5971,6,,,2,114,,5972,6,,,2
2301,'14',1644,,5979,10,,,2
2301,'2',659,,5980,6,,,2,100,,5981,6,,,2,141,,5982,6,,,2,102,,5983,6,,,2,102,,5984,6,,,2,102,,5985,6,,,2,101,,5986,6,,,2,101,,5987,6,,,2,100,,5988,6,,,2,100,,5989,6,,,2,101,,5990,6,,,2,97,,5991,6,,,2
2301,'3',759,,5992,6,,,2,141,,5993,6,,,2,102,,5994,6,,,2,102,,5995,6,,,2,102,,5996,6,,,2,101,,5997,6,,,2,101,,5998,6,,,2,100,,5999,6,,,2,100,,6000,6,,,2,101,,6001,6,,,2,97,,6002,6,,,2
22500,'12',758,,6290,3,,,2
5002301,'1',1653,,6382,16,,,2,65,,6381,16,,,2
5002401,'1',1654,,6385,16,,,2,65,,6386,16,,,2
5004301,'11',1648,,6402,11,,,2,95,,6403,11,,,2,89,,6404,11,,,2
905231701,'27',2301,,6491,53,4,,2,29,,6494,53,4,,2,70,,6489,53,4,,2,30,,6492,53,4,,2,70,,6490,53,4,,2,30,,6493,53,4,,2,70,,6495,53,4,,2
905231701,'28',2301,,6498,53,4,,2,29,,6501,53,4,,2,70,,6496,53,4,,2,30,,6499,53,4,,2,70,,6497,53,4,,2,30,,6500,53,4,,2,70,,6502,53,4,,2
905231701,'29',2301,,6505,53,4,,2,29,,6508,53,4,,2,70,,6503,53,4,,2,30,,6506,53,4,,2,70,,6504,53,4,,2,30,,6507,53,4,,2,70,,6509,53,4,,2
1200000101,'1',1604,,7023,57,,,1,32,,7024,57,,,1,71,,7025,57,,,1,31,,7026,57,,,1
1200000301,'1',610,,7383,6,,,1,28,,7388,6,,,1,75,,7381,19,,,1,20,,7385,19,,,1,75,,7391,19,,,1,29,,7386,19,,,1,65,,7394,19,,,1,25,,7382,19,,,1,29,,7392,19,,,1,67,,7390,19,,,1,33,,7395,19,,,1,73,,7396,19,,,1,30,,7398,19,,,1,73,,7400,19,,,1,72,,7402,19,,,1,29,,7397,19,,,1,70,,7399,19,,,1,28,,7401,19,,,1,70,,7403,19,,,1,35,,7404,19,,,1,20,,7407,16,,,1,62,,7405,16,,,1,18,,7410,16,,,1,19,,7409,16,,,1,51,,7414,16,,,1,14,,7412,16,,,1,14,,7413,16,,,1,16,,7416,16,,,1,54,,7408,16,,,1,12,,7411,16,,,1,15,,7406,16,,,1,69,,7415,16,,,1,25,,7419,19,,,1,24,,7417,19,,,1,71,,7418,19,,,1,30,,7420,19,,,1,70,,7421,19,,,1,33,,7424,19,,,1,72,,7422,6,,,1,30,,7425,6,,,1,68,,7423,6,,,1,30,,7426,6,,,1,79,,7427,6,,,1
1200000301,'2',749,,7428,19,,,1,70,,7431,19,,,1,31,,7434,19,,,1,71,,7437,19,,,1,31,,7429,19,,,1,72,,7432,19,,,1,31,,7435,19,,,1,71,,7438,19,,,1,31,,7430,19,,,1,71,,7433,19,,,1,31,,7436,19,,,1,71,,7439,19,,,1,71,,7440,19,,,1,30,,7443,19,,,1,70,,7449,19,,,1,30,,7446,19,,,1,70,,7441,19,,,1,31,,7444,19,,,1,71,,7450,19,,,1,27,,7447,19,,,1,28,,7442,19,,,1,69,,7445,19,,,1,27,,7451,19,,,1,67,,7448,19,,,1,35,,7452,6,,,1,100,,7453,6,,,1,96,,7454,6,,,1,99,,7455,6,,,1,78,,7456,6,,,1,102,,7457,6,,,1
1200000301,'27',2224,,7459,9,,,1,30,,7462,9,,,1,70,,7464,9,,,1,83,,7460,9,,,1,28,,7463,9,,,1,70,,7458,9,,,1,30,,7461,9,,,1
1200000301,'28',2224,,7466,9,,,1,30,,7469,9,,,1,70,,7471,9,,,1,83,,7467,9,,,1,28,,7470,9,,,1,70,,7465,9,,,1,30,,7468,9,,,1
1200000301,'29',2224,,7473,9,,,1,30,,7476,9,,,1,70,,7478,9,,,1,83,,7474,9,,,1,28,,7477,9,,,1,70,,7472,9,,,1,30,,7475,9,,,1
1200000301,'3',819,,7479,19,,,1,31,,7481,19,,,1,71,,7487,19,,,1,31,,7484,19,,,1,72,,7480,19,,,1,31,,7482,19,,,1,71,,7488,19,,,1,31,,7485,19,,,1,71,,7489,19,,,1,31,,7483,19,,,1,71,,7491,19,,,1,71,,7486,19,,,1,30,,7490,19,,,1,70,,7493,19,,,1,30,,7492,19,,,1,70,,7496,19,,,1,31,,7498,19,,,1,71,,7494,19,,,1,27,,7502,19,,,1,28,,7497,19,,,1,69,,7499,19,,,1,27,,7495,19,,,1,67,,7503,19,,,1,35,,7500,6,,,1,161,,7501,6,,,1
