11100,'15',724,,6226,39,,,2
1001101,'1',605,,6322,46,,,1,29,,6326,80,,,1,73,,6323,80,,,1,32,,6327,80,,,1,73,,6324,80,,,1,22,,6320,80,,,1,81,,6325,80,,,1,42,,6328,80,,,1,70,,6329,80,,,1,75,,6333,80,,,1,30,,6330,80,,,1,75,,6334,80,,,1,30,,6331,80,,,1,73,,6335,80,,,1,30,,6332,80,,,1,78,,6336,80,,,1,30,,6338,80,,,1,88,,6337,80,,,1,72,,6339,80,,,1,49,,6341,80,,,1,62,,6340,80,,,1,21,,6344,80,,,1,67,,6342,80,,,1,33,,6345,80,,,1,69,,6343,80,,,1,31,,6346,80,,,1,100,,6347,80,,,1,99,,6348,80,,,1,100,,6349,80,,,1
1001101,'2',737,,6351,46,,,1,99,,6352,80,,,1,103,,6353,80,,,1,101,,6354,80,,,1,99,,6355,80,,,1,100,,6359,80,,,1,100,,6360,80,,,1,101,,6358,80,,,1,100,,6356,80,,,1,99,,6357,80,,,1,102,,6361,80,,,1,97,,6362,80,,,1,100,,6363,80,,,1,99,,6364,80,,,1,100,,6365,80,,,1,100,,6366,80,,,1
1001101,'3',939,,6368,46,,,1,101,,6369,80,,,1,99,,6372,80,,,1,100,,6373,80,,,1,100,,6370,80,,,1,101,,6371,80,,,1,100,,6374,80,,,1,99,,6375,80,,,1,102,,6376,80,,,1,97,,6377,80,,,1
1200000201,'1',547,,7145,12,,,1,60,,7147,12,,,1,17,,7149,12,,,1,19,,7137,42,,,1,62,,7154,12,,,1,18,,7140,54,,,1,16,,7139,54,,,1,61,,7144,54,,,1,21,,7146,54,,,1,19,,7148,54,,,1,60,,7151,54,,,1,15,,7152,54,,,1,16,,7138,54,,,1,12,,7155,54,,,1,14,,7143,54,,,1,51,,7141,54,,,1,12,,7150,54,,,1,12,,7156,54,,,1,14,,7153,54,,,1,57,,7157,54,,,1,31,,7159,54,,,1,69,,7161,54,,,1,30,,7142,54,,,1,73,,7162,54,,,1,29,,7158,54,,,1,70,,7160,54,,,1,31,,7164,54,,,1,71,,7165,54,,,1,30,,7163,54,,,1,82,,7167,54,,,1,26,,7169,54,,,1,57,,7172,54,,,1,16,,7170,54,,,1,17,,7171,54,,,1,11,,7168,54,,,1,10,,7173,54,,,1,52,,7174,54,,,1,14,,7176,54,,,1,13,,7166,54,,,1,9,,7179,54,,,1,13,,7180,54,,,1,53,,7183,54,,,1,12,,7184,54,,,1,13,,7178,54,,,1,24,,7177,54,,,1,66,,7175,54,,,1,19,,7185,54,,,1,68,,7186,54,,,1,32,,7181,54,,,1,75,,7188,54,,,1,26,,7190,54,,,1,71,,7187,54,,,1,26,,7182,54,,,1,71,,7189,54,,,1,46,,7191,54,,,1
1200000201,'14',1720,,7192,48,,,1
1200000201,'2',645,,7198,12,,,1,68,,7196,42,,,1,39,,7193,54,,,1,70,,7201,54,,,1,31,,7199,54,,,1,72,,7197,54,,,1,32,,7203,54,,,1,71,,7194,54,,,1,31,,7202,54,,,1,72,,7200,54,,,1,72,,7205,54,,,1,30,,7204,54,,,1,71,,7195,54,,,1,32,,7207,54,,,1,71,,7209,54,,,1,30,,7206,54,,,1,70,,7211,54,,,1,31,,7212,54,,,1,70,,7208,54,,,1,30,,7210,54,,,1,71,,7214,54,,,1,31,,7216,54,,,1,68,,7213,54,,,1,25,,7218,54,,,1,68,,7219,54,,,1,25,,7215,54,,,1,25,,7217,54,,,1,67,,7223,54,,,1,29,,7222,54,,,1,71,,7220,54,,,1,27,,7224,54,,,1,68,,7226,54,,,1,29,,7225,54,,,1,70,,7228,54,,,1,29,,7221,54,,,1,68,,7227,54,,,1,49,,7229,54,,,1
1200000201,'27',2257,,7230,47,,,1,70,,7233,47,,,1,28,,7231,47,,,1,83,,7234,47,,,1,68,,7236,47,,,1,30,,7232,47,,,1,70,,7235,47,,,1
1200000201,'28',2256,,7237,47,,,1,70,,7240,47,,,1,29,,7238,47,,,1,82,,7241,47,,,1,68,,7243,47,,,1,30,,7239,47,,,1,70,,7242,47,,,1
1200000201,'29',2256,,7244,47,,,1,70,,7247,47,,,1,29,,7245,47,,,1,82,,7248,47,,,1,68,,7250,47,,,1,30,,7246,47,,,1,70,,7249,47,,,1
1200000201,'3',645,,7251,12,,,1,68,,7253,12,,,1,32,,7255,12,,,1,70,,7257,12,,,1,38,,7252,54,,,1,72,,7254,54,,,1,32,,7256,54,,,1,70,,7258,54,,,1,32,,7259,54,,,1,72,,7263,54,,,1,72,,7261,54,,,1,30,,7265,54,,,1,71,,7262,54,,,1,32,,7260,54,,,1,71,,7264,54,,,1,30,,7267,54,,,1,70,,7266,54,,,1,31,,7268,54,,,1,70,,7270,54,,,1,30,,7272,54,,,1,71,,7275,54,,,1,31,,7277,54,,,1,68,,7269,54,,,1,25,,7271,54,,,1,68,,7273,54,,,1,25,,7276,54,,,1,25,,7278,54,,,1,67,,7280,54,,,1,29,,7279,54,,,1,71,,7274,54,,,1,27,,7281,54,,,1
