34500,'12',828,,6305,37,,,2
35500,'12',833,,6308,58,,,2
1200000100,'1',646,,7141,65,,,1,71,,7142,65,,,1,21,,7143,65,,,1,69,,7146,65,0,16 1 17,1,30,,7144,65,,,1
1200000201,'1',622,,7262,20,,,1,79,,7265,32,,,1,15,,7264,32,,,1,20,,7269,32,,,1,22,,7271,32,,,1,60,,7273,32,,,1,20,,7276,32,,,1,15,,7277,32,,,1,56,,7263,32,,,1,13,,7280,32,,,1,14,,7268,32,,,1,11,,7266,32,,,1,12,,7275,32,,,1,52,,7281,32,,,1,14,,7278,32,,,1,17,,7282,32,,,1,70,,7284,32,,,1,29,,7286,32,,,1,70,,7267,32,,,1,32,,7287,32,,,1,70,,7283,32,,,1,30,,7285,32,,,1,71,,7289,32,,,1,30,,7290,32,,,1,70,,7288,32,,,1,39,,7292,32,,,1,67,,7294,32,,,1,18,,7297,32,,,1,17,,7295,32,,,1,57,,7296,32,,,1,12,,7293,32,,,1,11,,7298,32,,,1,12,,7299,32,,,1,54,,7301,32,,,1,13,,7291,32,,,1,9,,7304,32,,,1,13,,7305,32,,,1,13,,7308,32,,,1,52,,7309,32,,,1,13,,7303,32,,,1,24,,7302,32,,,1,66,,7300,32,,,1,19,,7310,32,,,1,29,,7311,32,,,1,72,,7306,32,,,1,35,,7313,32,,,1,68,,7315,32,,,1,31,,7312,32,,,1,67,,7307,32,,,1,31,,7314,32,,,1,86,,7316,32,,,1
1200000201,'14',1657,,7317,26,,,1
1200000201,'2',653,,7321,20,,,1,79,,7318,32,,,1,70,,7326,32,,,1,31,,7324,32,,,1,71,,7322,32,,,1,31,,7328,32,,,1,72,,7319,32,,,1,31,,7327,32,,,1,71,,7325,32,,,1,32,,7330,32,,,1,70,,7329,32,,,1,31,,7320,32,,,1,72,,7332,32,,,1,31,,7334,32,,,1,70,,7331,32,,,1,30,,7336,32,,,1,71,,7337,32,,,1,30,,7333,32,,,1,69,,7335,32,,,1,31,,7339,32,,,1,72,,7341,32,,,1,29,,7338,32,,,1,66,,7343,32,,,1,29,,7344,32,,,1,65,,7340,32,,,1,25,,7342,32,,,1,27,,7348,32,,,1,69,,7347,32,,,1,31,,7345,32,,,1,67,,7349,32,,,1,28,,7351,32,,,1,70,,7350,32,,,1,30,,7353,32,,,1,70,,7346,32,,,1,29,,7352,32,,,1,89,,7354,32,,,1
1200000201,'27',2239,,7355,25,,,1,70,,7358,25,,,1,29,,7356,25,,,1,83,,7359,25,,,1,28,,7361,25,,,1,70,,7357,25,,,1,30,,7360,25,,,1
1200000201,'28',2238,,7362,25,,,1,70,,7365,25,,,1,30,,7363,25,,,1,83,,7366,25,,,1,28,,7368,25,,,1,70,,7364,25,,,1,30,,7367,25,,,1
1200000201,'29',2238,,7369,25,,,1,70,,7372,25,,,1,30,,7370,25,,,1,83,,7373,25,,,1,28,,7375,25,,,1,70,,7371,25,,,1,30,,7374,25,,,1
1200000201,'3',833,,7377,32,,,1,71,,7379,32,,,1,31,,7381,32,,,1,71,,7383,32,,,1,32,,7384,32,,,1,71,,7388,32,,,1,32,,7386,32,,,1,70,,7390,32,,,1,31,,7387,32,,,1,72,,7385,32,,,1,31,,7389,32,,,1,70,,7392,32,,,1,30,,7391,32,,,1,71,,7393,32,,,1,30,,7395,32,,,1,69,,7397,32,,,1,31,,7400,32,,,1,72,,7402,32,,,1,29,,7394,32,,,1,66,,7396,32,,,1,29,,7398,32,,,1,65,,7401,32,,,1,25,,7403,32,,,1,27,,7405,32,,,1,69,,7404,32,,,1,31,,7399,32,,,1,67,,7406,32,,,1
1200000401,'1',1718,,7635,32,,,1,22,,7633,32,,,1
