22101,'85',1514,,4924,9,,,2
22201,'85',1514,,4926,9,,,2
23101,'85',1514,,4932,9,,,2
23201,'85',1514,,4934,9,,,2
35501,'83',1635,,4956,28,,,2
5003700,'71',639,,5046,61,,,2,19,,5047,54,,,2,74,,5048,54,,,2
5004200,'81',703,,5054,21,,,2
1200000101,'71',1549,,5070,47,,,1,72,,5071,47,,,1,31,,5069,47,,,1,72,,5072,47,,,1
1200000200,'71',550,,5075,21,0,36 37,1,55,,5074,43,0,36 37,1,15,,5078,43,0,36 37,1,8,,5082,21,0,36 37,1,8,,5080,43,0,36 37,1,17,,5081,43,0,36 37,1,55,,5077,43,0,36 37,1,16,,5085,43,0,36 37,1,17,,5073,43,0,36 37,1,15,,5087,43,0,36 37,1,55,,5076,43,0,36 37,1,14,,5089,43,0,36 37,1,14,,5083,43,0,36 37,1,15,,5090,43,0,36 37,1,59,,5079,43,0,36 37,1,13,,5091,43,0,36 37,1,17,,5084,43,0,36 37,1,57,,5086,43,0,36 37,1,14,,5092,43,0,36 37,1,15,,5088,43,0,36 37,1,15,,5094,43,0,36 37,1,15,,5095,43,0,36 37,1,55,,5096,43,0,36 37,1,15,,5098,43,0,36 37,1,15,,5099,43,0,36 37,1,15,,5101,43,0,36 37,1,55,,5102,43,0,36 37,1,15,,5103,43,0,36 37,1,16,,5093,43,0,36 37,1,55,,5105,43,0,36 37,1,15,,5106,43,0,36 37,1,15,,5107,43,0,36 37,1,14,,5097,43,0,36 37,1,15,,5104,43,0,36 37,1,55,,5100,43,0,36 37,1,21,,5108,43,0,36 37,1,12,,5109,43,0,36 37,1,56,,5110,43,0,36 37,1,15,,5111,43,0,36 37,1,16,,5112,43,0,36 37,1,12,,5113,43,0,36 37,1,54,,5115,43,0,36 37,1,15,,5117,43,0,36 37,1,15,,5119,43,0,36 37,1,9,,5121,30,0,36 37,1,8,,5120,43,0,36 37,1,12,,5122,43,0,36 37,1,55,,5125,43,0,36 37,1,17,,5126,43,0,36 37,1,14,,5123,43,0,36 37,1,14,,5124,43,0,36 37,1,54,,5116,43,0,36 37,1,15,,5114,43,0,36 37,1,15,,5128,43,0,36 37,1,15,,5118,43,0,36 37,1,70,,5129,43,0,36 37,1,30,,5127,43,0,36 37,1,70,,5133,43,0,36 37,1,30,,5135,43,0,36 37,1,69,,5136,43,0,36 37,1,32,,5130,43,0,36 37,1,69,,5132,43,0,36 37,1,72,,5134,43,0,36 37,1,26,,5137,43,0,36 37,1,30,,5131,43,0,14,1
1200000200,'72',729,,5139,43,0,36 37,1,30,,5142,43,0,36 37,1,70,,5143,43,0,36 37,1,30,,5144,43,0,36 37,1,70,,5138,43,0,36 37,1,30,,5141,43,0,36 37,1,70,,5140,43,0,36 37,1,30,,5145,43,0,36 37,1,70,,5146,43,0,36 37,1,71,,5148,43,0,36 37,1,29,,5147,43,0,36 37,1,30,,5150,43,0,36 37,1,70,,5151,43,0,36 37,1,71,,5152,43,0,36 37,1,30,,5153,43,0,36 37,1,29,,5154,43,0,36 37,1,70,,5149,43,0,36 37,1,30,,5156,43,0,36 37,1,70,,5155,43,0,36 37,1,30,,5159,43,0,36 37,1,70,,5158,43,0,36 37,1,71,,5161,43,0,36 37,1,28,,5162,43,0,36 37,1,29,,5163,43,0,36 37,1,70,,5165,43,0,36 37,1,31,,5157,43,0,36 37,1,69,,5167,43,0,36 37,1,29,,5168,43,0,36 37,1,70,,5164,43,0,36 37,1,30,,5166,43,0,36 37,1,70,,5160,43,0,36 37,1,30,,5169,43,0,36 37,1,70,,5170,43,0,36 37,1
1200000200,'73',729,,5171,43,0,36 37,1,30,,5173,43,0,36 37,1,70,,5174,43,0,36 37,1,30,,5175,43,0,36 37,1,70,,5176,43,0,36 37,1,30,,5172,43,0,36 37,1,70,,5177,43,0,36 37,1,30,,5179,43,0,36 37,1,70,,5178,43,0,36 37,1,71,,5181,43,0,36 37,1,29,,5180,43,0,36 37,1,30,,5183,43,0,36 37,1,70,,5184,43,0,36 37,1,71,,5185,43,0,36 37,1,30,,5186,43,0,36 37,1,29,,5188,43,0,36 37,1,70,,5182,43,0,36 37,1,30,,5191,43,0,36 37,1,70,,5189,43,0,36 37,1,30,,5193,43,0,36 37,1,70,,5192,43,0,36 37,1,71,,5195,43,0,36 37,1,28,,5196,43,0,36 37,1,29,,5197,43,0,36 37,1,70,,5187,43,0,36 37,1,31,,5194,43,0,36 37,1,69,,5190,43,0,36 37,1
1200000200,'89',644,,5198,21,0,36 37,1,61,,5200,21,0,36 37,1,47,,5199,12,0,36 37,1
1200000400,'71',700,,5565,45,,,1,16,,5566,45,,,1,16,,5567,45,,,1,16,,5564,45,,,1
