15800,'16',846,,6241,20,,,2
22500,'12',840,,6290,32,4,,2
23500,'12',838,,6295,73,4,,2
24500,'12',838,,6298,16,4,,2
24600,'12',835,,6299,15,4,,2
37500,'12',838,,6309,30,4,,2
38500,'12',838,,6317,35,4,,2
1001101,'1',606,,6326,21,,,1,32,,6323,21,,,1,70,,6327,21,,,1,33,,6324,21,,,1,64,,6320,21,,,1,41,,6325,21,,,1,65,,6321,21,4,,1,18,,6328,21,,,1,30,,6329,21,,,1,75,,6333,21,,,1,70,,6330,21,,,1,35,,6334,21,,,1,70,,6331,21,,,1,33,,6335,21,,,1,70,,6332,21,,,1,37,,6336,21,,,1,70,,6338,21,,,1,88,,6337,21,,,1,31,,6339,21,,,1,84,,6341,21,,,1,26,,6340,21,,,1,63,,6344,21,,,1,27,,6342,21,,,1,74,,6345,21,,,1,29,,6343,21,,,1,71,,6346,21,,,1,100,,6347,21,,,1,99,,6348,21,,,1,100,,6349,21,,,1,100,,6350,21,4,,1
1001101,'2',808,,6352,21,,,1,102,,6353,21,,,1,101,,6354,21,,,1,100,,6355,21,,,1,98,,6359,21,,,1,100,,6360,21,,,1,102,,6358,21,,,1,100,,6356,21,,,1,99,,6357,21,,,1,100,,6361,21,,,1,100,,6362,21,,,1,100,,6363,21,,,1,99,,6364,21,,,1,100,,6365,21,,,1,100,,6366,21,,,1,100,,6367,21,4,,1
1001101,'3',1011,,6369,21,,,1,100,,6372,21,,,1,98,,6373,21,,,1,100,,6370,21,,,1,102,,6371,21,,,1,100,,6374,21,,,1,99,,6375,21,,,1,100,,6376,21,,,1,100,,6377,21,,,1
1200000100,'1',657,,7016,77,,,1,73,,7017,77,,,1,22,,7018,77,,,1,69,,7021,77,0,16 1 17,1,29,,7019,77,,,1
