2201,'1',628,,5883,4,,,2,28,,5892,4,0,23,2,70,,5884,4,,,2,25,,5898,4,,,2,68,,5899,4,,,2,26,,5893,4,,,2,108,,5894,4,,,2,150,,5885,4,,,2,101,,5886,4,,,2,101,,5887,4,,,2,100,,5890,4,,,2,102,,5900,4,,,2,40,,5891,4,,,2,96,,5888,4,,,2,70,,5895,4,,,2,31,,5889,4,,,2,70,,5896,4,,,2,28,,5901,4,,,2,64,,5897,4,,,2
2201,'14',1643,,5903,8,,,2
2301,'1',622,,5973,4,,,2,30,,5974,4,,,2,150,,5976,4,,,2,41,,5953,4,,,2,72,,5977,4,,,2,23,,5954,4,,,2,81,,5955,4,,,2,30,,5957,4,,,2,70,,5956,4,,,2,30,,5958,4,,,2,71,,5959,4,,,2,30,,5961,4,,,2,70,,5960,4,,,2,30,,5962,4,,,2,71,,5963,4,,,2,31,,5966,4,,,2,91,,5964,4,,,2,66,,5967,4,,,2,35,,5965,4,,,2,103,,5968,4,,,2,67,,5975,4,,,2,37,,5969,4,,,2,102,,5970,4,,,2,90,,5971,4,,,2,114,,5972,4,,,2
2301,'14',1643,,5979,8,,,2
2301,'2',658,,5980,4,,,2,100,,5981,4,,,2,101,,5982,4,,,2,142,,5983,4,,,2,102,,5984,4,,,2,102,,5985,4,,,2,101,,5986,4,,,2,101,,5987,4,,,2,100,,5988,4,,,2,100,,5989,4,,,2,101,,5990,4,,,2,97,,5991,4,,,2
2301,'3',758,,5992,4,,,2,101,,5993,4,,,2,142,,5994,4,,,2,102,,5995,4,,,2,102,,5996,4,,,2,101,,5997,4,,,2,101,,5998,4,,,2,100,,5999,4,,,2,100,,6000,4,,,2,101,,6001,4,,,2,97,,6002,4,,,2
22500,'12',758,,6290,1,,,2
23500,'12',742,,6295,1,,,2
5002301,'1',1652,,6382,14,,,2,65,,6381,14,,,2
5002401,'1',1653,,6385,14,,,2,65,,6386,14,,,2
5004301,'11',1647,,6402,9,,,2,95,,6403,9,,,2,89,,6404,9,,,2
905231701,'27',2300,,6491,51,4,,2,29,,6494,51,4,,2,30,,6489,51,4,,2,70,,6492,51,4,,2,30,,6490,51,4,,2,70,,6493,51,4,,2,30,,6495,51,4,,2
905231701,'28',2300,,6498,51,4,,2,29,,6501,51,4,,2,30,,6496,51,4,,2,70,,6499,51,4,,2,30,,6497,51,4,,2,70,,6500,51,4,,2,30,,6502,51,4,,2
905231701,'29',2300,,6505,51,4,,2,29,,6508,51,4,,2,30,,6503,51,4,,2,70,,6506,51,4,,2,30,,6504,51,4,,2,70,,6507,51,4,,2,30,,6509,51,4,,2
1200000101,'1',1603,,7148,55,,,1,32,,7149,55,,,1,71,,7150,55,,,1,31,,7151,55,,,1
1200000301,'1',609,,7508,4,,,1,28,,7513,4,,,1,75,,7506,17,,,1,20,,7510,17,,,1,75,,7516,17,,,1,29,,7511,17,,,1,65,,7519,17,,,1,25,,7507,17,,,1,29,,7517,17,,,1,67,,7515,17,,,1,33,,7520,17,,,1,73,,7521,17,,,1,30,,7523,17,,,1,73,,7525,17,,,1,72,,7527,17,,,1,29,,7522,17,,,1,70,,7524,17,,,1,28,,7526,17,,,1,70,,7528,17,,,1,35,,7529,17,,,1,20,,7532,14,,,1,62,,7530,14,,,1,18,,7535,14,,,1,19,,7534,14,,,1,51,,7539,14,,,1,14,,7537,14,,,1,14,,7538,14,,,1,16,,7541,14,,,1,54,,7533,14,,,1,12,,7536,14,,,1,15,,7531,14,,,1,29,,7540,14,,,1,65,,7544,17,,,1,24,,7542,17,,,1,71,,7543,17,,,1,30,,7545,17,,,1,70,,7546,17,,,1,33,,7549,17,,,1,72,,7547,4,,,1,30,,7550,4,,,1,68,,7548,4,,,1,30,,7551,4,,,1,79,,7552,4,,,1
1200000301,'2',748,,7553,17,,,1,70,,7556,17,,,1,31,,7559,17,,,1,71,,7562,17,,,1,31,,7554,17,,,1,72,,7557,17,,,1,31,,7560,17,,,1,71,,7563,17,,,1,31,,7555,17,,,1,71,,7558,17,,,1,31,,7561,17,,,1,71,,7564,17,,,1,71,,7565,17,,,1,30,,7568,17,,,1,70,,7574,17,,,1,30,,7571,17,,,1,70,,7566,17,,,1,31,,7569,17,,,1,71,,7575,17,,,1,27,,7572,17,,,1,28,,7567,17,,,1,69,,7570,17,,,1,27,,7576,17,,,1,67,,7573,17,,,1,35,,7577,4,,,1,100,,7578,4,,,1,96,,7579,4,,,1,99,,7580,4,,,1,78,,7581,4,,,1,102,,7582,4,,,1
1200000301,'27',2223,,7584,7,,,1,30,,7587,7,,,1,70,,7589,7,,,1,83,,7585,7,,,1,28,,7588,7,,,1,70,,7583,7,,,1,30,,7586,7,,,1
1200000301,'28',2223,,7591,7,,,1,30,,7594,7,,,1,70,,7596,7,,,1,83,,7592,7,,,1,28,,7595,7,,,1,70,,7590,7,,,1,30,,7593,7,,,1
1200000301,'29',2223,,7598,7,,,1,30,,7601,7,,,1,70,,7603,7,,,1,83,,7599,7,,,1,28,,7602,7,,,1,70,,7597,7,,,1,30,,7600,7,,,1
1200000301,'3',818,,7604,17,,,1,31,,7606,17,,,1,71,,7612,17,,,1,31,,7609,17,,,1,72,,7605,17,,,1,31,,7607,17,,,1,71,,7613,17,,,1,31,,7610,17,,,1,71,,7614,17,,,1,31,,7608,17,,,1,71,,7616,17,,,1,71,,7611,17,,,1,30,,7615,17,,,1,70,,7618,17,,,1,30,,7617,17,,,1,70,,7621,17,,,1,31,,7623,17,,,1,71,,7619,17,,,1,27,,7627,17,,,1,28,,7622,17,,,1,69,,7624,17,,,1,27,,7620,17,,,1,67,,7628,17,,,1,35,,7625,4,,,1,161,,7626,4,,,1
