5003700,'1',658,,6395,55,,,2,76,,6394,55,,,2
5004200,'11',703,,6399,22,,,2
905231701,'27',2253,,6491,44,4,,2,69,,6494,44,4,,2,30,,6489,44,4,,2,70,,6492,44,4,,2,30,,6490,44,4,,2,70,,6493,44,4,,2,30,,6495,44,4,,2
905231701,'28',2253,,6498,44,4,,2,69,,6501,44,4,,2,30,,6496,44,4,,2,70,,6499,44,4,,2,30,,6497,44,4,,2,70,,6500,44,4,,2,30,,6502,44,4,,2
905231701,'29',2253,,6505,44,4,,2,69,,6508,44,4,,2,30,,6503,44,4,,2,70,,6506,44,4,,2,30,,6504,44,4,,2,70,,6507,44,4,,2,30,,6509,44,4,,2
1200000101,'1',1552,,7148,48,,,1,72,,7149,48,,,1,31,,7150,48,,,1,71,,7151,48,,,1
1200000200,'1',551,,7154,22,,,1,55,,7153,44,,,1,15,,7158,44,,,1,16,,7159,44,,,1,19,,7160,44,,,1,55,,7162,44,,,1,16,,7163,44,,,1,17,,7152,44,,,1,15,,7165,44,,,1,55,,7157,44,,,1,14,,7155,44,,,1,14,,7161,44,,,1,15,,7166,44,,,1,57,,7164,44,,,1,18,,7167,44,,,1,69,,7169,44,,,1,29,,7171,44,,,1,70,,7156,44,,,1,30,,7172,44,,,1,70,,7168,44,,,1,30,,7170,44,,,1,71,,7174,44,,,1,30,,7175,44,,,1,69,,7173,44,,,1,31,,7177,44,,,1,18,,7179,44,,,1,71,,7180,44,,,1,17,,7181,44,,,1,12,,7178,44,,,1,54,,7182,44,,,1,15,,7183,44,,,1,16,,7185,44,,,1,16,,7176,44,,,1,52,,7188,44,,,1,15,,7189,44,,,1,17,,7192,44,,,1,13,,7193,44,,,1,55,,7187,44,,,1,28,,7186,44,,,1,29,,7184,44,,,1,69,,7190,44,,,1,30,,7196,44,,,1,70,,7197,44,,,1,30,,7199,44,,,1,69,,7200,44,,,1,32,,7194,44,,,1,70,,7191,44,,,1,72,,7198,44,,,1,26,,7201,44,,,1,30,,7195,44,0,14,1
1200000200,'2',729,,7205,44,,,1,30,,7204,44,,,1,71,,7208,44,,,1,70,,7202,44,,,1,30,,7207,44,,,1,70,,7206,44,,,1,31,,7210,44,,,1,70,,7209,44,,,1,31,,7203,44,,,1,71,,7212,44,,,1,30,,7214,44,,,1,70,,7211,44,,,1,30,,7216,44,,,1,71,,7217,44,,,1,30,,7213,44,,,1,69,,7215,44,,,1,30,,7219,44,,,1,70,,7221,44,,,1,30,,7218,44,,,1,70,,7223,44,,,1,30,,7224,44,,,1,69,,7220,44,,,1,27,,7222,44,,,1,28,,7228,44,,,1,70,,7227,44,,,1,31,,7225,44,,,1,69,,7229,44,,,1,29,,7231,44,,,1,70,,7230,44,,,1,30,,7233,44,,,1,70,,7226,44,,,1,30,,7232,44,,,1,70,,7234,44,,,1
1200000200,'3',729,,7235,44,,,1,30,,7236,44,,,1,71,,7237,44,,,1,70,,7238,44,,,1,30,,7239,44,,,1,70,,7243,44,,,1,31,,7241,44,,,1,70,,7245,44,,,1,31,,7242,44,,,1,71,,7240,44,,,1,30,,7244,44,,,1,70,,7247,44,,,1,30,,7246,44,,,1,71,,7248,44,,,1,30,,7250,44,,,1,69,,7252,44,,,1,30,,7255,44,,,1,70,,7257,44,,,1,30,,7249,44,,,1,70,,7251,44,,,1,30,,7253,44,,,1,69,,7256,44,,,1,27,,7258,44,,,1,28,,7260,44,,,1,70,,7259,44,,,1,31,,7254,44,,,1,69,,7261,44,,,1
1200000400,'1',703,,7629,46,,,1,16,,7630,46,,,1
