905231701,'27',2321,,6491,93,4,,2,29,,6494,93,4,,2,70,,6489,93,4,,2,30,,6492,93,4,,2,70,,6490,93,4,,2,30,,6493,93,4,,2,70,,6495,93,4,,2
905231701,'28',2321,,6498,93,4,,2,29,,6501,93,4,,2,70,,6496,93,4,,2,30,,6499,93,4,,2,70,,6497,93,4,,2,30,,6500,93,4,,2,70,,6502,93,4,,2
905231701,'29',2321,,6505,93,4,,2,29,,6508,93,4,,2,70,,6503,93,4,,2,30,,6506,93,4,,2,70,,6504,93,4,,2,30,,6507,93,4,,2,70,,6509,93,4,,2
1200000101,'1',1629,,7148,97,,,1,72,,7149,97,,,1,31,,7150,97,,,1,69,,7151,97,,,1
1200000301,'1',630,,7508,46,,,1,28,,7513,46,,,1,77,,7506,59,,,1,20,,7510,59,,,1,75,,7516,59,,,1,29,,7511,59,,,1,65,,7519,59,,,1,25,,7507,59,,,1,69,,7517,59,,,1,27,,7515,59,,,1,73,,7520,59,,,1,33,,7521,59,,,1,70,,7523,59,,,1,34,,7525,59,,,1,72,,7527,59,,,1,28,,7522,59,,,1,70,,7524,59,,,1,28,,7526,59,,,1,72,,7528,59,,,1,76,,7529,59,,,1,20,,7532,56,,,1,23,,7530,56,,,1,58,,7535,56,,,1,19,,7534,56,,,1,11,,7539,56,,,1,12,,7537,56,,,1,14,,7538,56,,,1,56,,7541,56,,,1,14,,7533,56,,,1,12,,7536,56,,,1,15,,7531,56,,,1,68,,7540,56,,,1,24,,7544,59,,,1,64,,7542,59,,,1,30,,7543,59,,,1,70,,7545,59,,,1,29,,7546,59,,,1,73,,7549,59,,,1,31,,7547,46,,,1,70,,7550,46,,,1,28,,7548,46,,,1,70,,7551,46,,,1,39,,7552,46,,,1
1200000301,'2',809,,7553,59,,,1,30,,7556,59,,,1,71,,7559,59,,,1,32,,7562,59,,,1,71,,7554,59,,,1,32,,7557,59,,,1,71,,7560,59,,,1,32,,7563,59,,,1,71,,7555,59,,,1,31,,7558,59,,,1,71,,7561,59,,,1,31,,7564,59,,,1,71,,7565,59,,,1,30,,7568,59,,,1,70,,7574,59,,,1,30,,7571,59,,,1,70,,7566,59,,,1,31,,7569,59,,,1,71,,7575,59,,,1,27,,7572,59,,,1,68,,7567,59,,,1,28,,7570,59,,,1,67,,7576,59,,,1,26,,7573,59,,,1,75,,7577,46,,,1,100,,7578,46,,,1,96,,7579,46,,,1,98,,7580,46,,,1,38,,7581,46,,,1,102,,7582,46,,,1
1200000301,'27',2243,,7584,49,,,1,70,,7587,49,,,1,30,,7589,49,,,1,83,,7585,49,,,1,28,,7588,49,,,1,70,,7583,49,,,1,30,,7586,49,,,1
1200000301,'28',2243,,7591,49,,,1,70,,7594,49,,,1,30,,7596,49,,,1,83,,7592,49,,,1,28,,7595,49,,,1,70,,7590,49,,,1,30,,7593,49,,,1
1200000301,'29',2243,,7598,49,,,1,70,,7601,49,,,1,30,,7603,49,,,1,83,,7599,49,,,1,28,,7602,49,,,1,70,,7597,49,,,1,30,,7600,49,,,1
1200000301,'3',839,,7604,59,,,1,71,,7606,59,,,1,32,,7612,59,,,1,71,,7609,59,,,1,32,,7605,59,,,1,71,,7607,59,,,1,32,,7613,59,,,1,71,,7610,59,,,1,31,,7614,59,,,1,71,,7608,59,,,1,31,,7616,59,,,1,71,,7611,59,,,1,30,,7615,59,,,1,70,,7618,59,,,1,30,,7617,59,,,1,70,,7621,59,,,1,31,,7623,59,,,1,71,,7619,59,,,1,27,,7627,59,,,1,68,,7622,59,,,1,28,,7624,59,,,1,67,,7620,59,,,1,26,,7628,59,,,1,75,,7625,46,,,1,121,,7626,46,,,1
2000002200,'1',611,,7709,15,0,18 19 20,2
