'1',20001,150300,4,'',2,2900,4,'',2
'2',20001,63610,4,'',2,8200,4,'',2
'1',5002300,65710,4,'',2,6220,4,'',2,3300,4,'',2
'1',5002400,71930,4,'',2,3100,4,'',2
'1',5003400,70030,4,'',2,2200,4,'',2
'1',5003600,72230,4,'',2,2900,4,'',2
'1',5003700,72130,4,'',2,3400,4,'',2
'1',1200000200,62010,4,'',1,1500,4,'',1,1800,4,'',1,5820,4,'',1,1700,4,'',1,1700,4,'',1,5900,4,'',1,1400,4,'',1,1400,4,'',1,1100,4,'',1,1280,4,'',1,5500,4,'',1,1800,4,'',1,1300,4,'',1,7320,4,'',1,3000,4,'',1,7000,4,'',1,3000,4,'',1,7100,4,'',1,3000,4,'',1,7000,4,'',1,3000,4,'',1,7000,4,'',1,3000,4,'',1,6070,4,'',1,2800,4,'',1,1700,4,'',1,5300,4,'',1,1500,4,'',1,1600,4,'',1,1500,4,'',1,5600,4,'',1,1230,4,'',1,1400,4,'',1,1500,4,'',1,5400,4,'',1,1400,4,'',1,2680,4,'',1,6800,4,'',1,3000,4,'',1,7000,4,'',1,3000,4,'',1,7000,4,'',1,3000,4,'',1,6900,4,'',1,2830,4,'',1,7400,4,'',1,2500,4,'',1
'2',1200000200,74110,4,'',1,7100,4,'',1,3020,4,'',1,7100,4,'',1,3000,4,'',1,6980,4,'',1,3000,4,'',1,7000,4,'',1,3000,4,'',1,7100,4,'',1,3000,4,'',1,7000,4,'',1,3100,4,'',1,7000,4,'',1,3000,4,'',1,7000,4,'',1,3000,4,'',1,7020,4,'',1,2900,4,'',1,7000,4,'',1,2900,4,'',1,6980,4,'',1,2700,4,'',1,7000,4,'',1,3000,4,'',1,7000,4,'',1,3000,4,'',1,7000,4,'',1,2930,4,'',1,7000,4,'',1,3000,4,'',1,7000,4,'',1,3000,4,'',1
'3',1200000200,74110,4,'',1,7100,4,'',1,3020,4,'',1,7100,4,'',1,3000,4,'',1,6980,4,'',1,3000,4,'',1,7000,4,'',1,3000,4,'',1,7100,4,'',1,3000,4,'',1,7000,4,'',1,3100,4,'',1,7000,4,'',1,3000,4,'',1,7000,4,'',1,3000,4,'',1,7020,4,'',1,2900,4,'',1,7000,4,'',1,2900,4,'',1,6980,4,'',1,2700,4,'',1,7000,4,'',1,3000,4,'',1,7000,4,'',1,3000,4,'',1
'1',1200000300,63010,4,'',1,1700,4,'',1,5620,4,'',1,1100,4,'',1,1100,4,'',1,1700,4,'',1,1500,4,'',1,5500,4,'',1,1500,4,'',1,1300,4,'',1,1780,4,'',1,5400,4,'',1,3000,4,'',1,6520,4,'',1,3000,4,'',1,7000,4,'',1,3000,4,'',1,7000,4,'',1,3000,4,'',1,7000,4,'',1,3000,4,'',1,7000,4,'',1,3000,4,'',1,8470,4,'',1,3000,4,'',1,6800,4,'',1,3000,4,'',1,7130,4,'',1,2900,4,'',1,7200,4,'',1,2080,4,'',1,6900,4,'',1,2200,4,'',1,7000,4,'',1,3100,4,'',1,7200,4,'',1
'2',1200000300,70010,4,'',1,3000,4,'',1,7000,4,'',1,3020,4,'',1,7100,4,'',1,3000,4,'',1,6980,4,'',1,3000,4,'',1,7100,4,'',1,3000,4,'',1,7100,4,'',1,3000,4,'',1,6900,4,'',1,3100,4,'',1,7100,4,'',1,3100,4,'',1,7000,4,'',1,2900,4,'',1,7020,4,'',1,3000,4,'',1,6800,4,'',1,2900,4,'',1,6980,4,'',1,2900,4,'',1
'3',1200000300,73010,4,'',1,7000,4,'',1,3020,4,'',1,7100,4,'',1,3000,4,'',1,6980,4,'',1,3000,4,'',1,7100,4,'',1,3000,4,'',1,7100,4,'',1,3000,4,'',1,6900,4,'',1,3100,4,'',1,7100,4,'',1,3100,4,'',1,7000,4,'',1,2900,4,'',1,7020,4,'',1,3000,4,'',1,6800,4,'',1,2900,4,'',1,6980,4,'',1,2900,4,'',1
'1',1200000400,71930,4,'',1,1800,4,'',1
