3701,'71',537,,4746,1,0,9,2,185,,4749,8,0,32 1 33,2,105,,4748,8,0,9,2,102,,4747,8,0,9,2,98,,4750,8,0,9,2,102,,4751,8,0,9,2,113,,4752,8,0,9,2,102,,4753,8,0,9,2,102,,4754,8,0,9,2,155,,4755,8,0,9,2,113,,4756,8,0,9,2,100,,4757,8,0,9,2,101,,4758,8,0,9,2,97,,4759,8,0,9,2,97,,4760,8,0,9,2,101,,4761,8,0,9,2,102,,4762,8,0,9,2,28,,4763,8,0,9,2
3701,'72',657,,4764,8,0,9,2,100,,4765,8,0,9,2,102,,4766,8,0,9,2,100,,4767,8,0,9,2,100,,4768,8,0,9,2,152,,4769,8,0,9,2,100,,4770,8,0,9,2,100,,4771,8,0,9,2,102,,4772,8,0,9,2,100,,4773,8,0,9,2,98,,4774,8,0,9,2,100,,4775,8,0,9,2,100,,4776,8,0,9,2,97,,4779,8,0,9,2,100,,4780,8,0,9,2,101,,4781,8,0,9,2,98,,4777,8,0,9,2,28,,4778,8,0,9,2
3701,'73',757,,4782,8,0,9,2,102,,4783,8,0,9,2,100,,4784,8,0,9,2,100,,4785,8,0,9,2,152,,4786,8,0,9,2,100,,4787,8,0,9,2,100,,4788,8,0,9,2,102,,4789,8,0,9,2,100,,4790,8,0,9,2,98,,4791,8,0,9,2,100,,4792,8,0,9,2,109,,4793,8,0,9,2
31101,'85',1522,,4946,15,,,2
38001,'71',537,,4962,14,4,,2,89,,4963,14,,,2,22,,4964,14,,,2
38101,'85',1522,,4966,15,,,2
38501,'83',1643,,4968,9,,,2
5003700,'71',608,,5046,8,,,2,23,,5047,8,,,2,74,,5048,8,,,2
5003701,'71',1622,,5050,28,,,2,107,,5049,28,,,2
5003701,'81',1842,,5051,28,,,2
