'1',3400,71600,,'',2,11200,0,'Sault / ESLE',2,81000,,'',2,8000,,'',2,8900,,'',2
'1',3401,64400,4,'',2,6900,4,'',2,9500,4,'',2,79200,4,'',2,5700,4,'',2,7000,4,'',2,7500,4,'',2,5000,4,'',2,6300,4,'',2
'3',3400,71600,,'',2,83600,,'',2,8900,,'',2,7700,,'',2,8900,,'',2
'3',3401,64400,4,'',2,6900,4,'',2,8800,4,'',2,75100,4,'',2,8800,4,'',2,8700,4,'',2,7500,4,'',2,5000,4,'',2,6300,4,'',2
'4',3400,71600,,'',2,83600,,'',2,8900,,'',2,7700,,'',2,8900,,'',2
'4',3401,64400,4,'',2,6900,4,'',2,8800,4,'',2,75100,4,'',2,8800,4,'',2,8700,4,'',2,7500,4,'',2,5000,4,'',2,6300,4,'',2
'6',2000003400,75600,,'',2,8500,,'',2,8500,,'',2,8600,,'',2,4500,,'',2,8500,,'',2,8500,,'',2,17500,,'',2,4100,,'',2,9000,,'',2,8000,,'',2,9000,,'',2,4000,,'',2,8600,,'',2
'6',2000003401,75400,4,'',2,8600,4,'',2,8500,4,'',2,8500,4,'',2,4600,4,'',2,8500,4,'',2,8500,4,'',2,8500,4,'',2,13100,4,'',2,9000,4,'',2,8100,4,'',2,9000,4,'',2,3900,4,'',2,8700,4,'',2,7700,4,'',2
'8',2000003400,84100,,'',2,8500,,'',2,8600,,'',2,4500,,'',2,8500,,'',2,8500,,'',2,17500,,'',2,4100,,'',2,9000,,'',2,8000,,'',2,9000,,'',2,4000,,'',2,8600,,'',2
'8',2000003401,84000,4,'',2,8500,4,'',2,8500,4,'',2,4600,4,'',2,8500,4,'',2,8500,4,'',2,8500,4,'',2,13100,4,'',2,9000,4,'',2,8100,4,'',2,9000,4,'',2,3900,4,'',2,8700,4,'',2,7700,4,'',2
