1100,'51',553,,2549,,,1,73,,2553,,,1,28,,2550,,,1,74,,2554,,,1,30,,2551,,,1,58,,2557,,,1,30,,2555,,,1,74,,2558,,,1,30,,2556,,,1,75,,2559,,,1,30,,2564,,,1,73,,2560,,,1,30,,2565,,,1,77,,2561,,,1,70,,2566,,,1,48,,2562,,,1,70,,2567,,,1,35,,2563,,,1,70,,2568,,,1,80,,2570,,,1,28,,2569,,,1,22,,2573,,,1,66,,2571,,,1,76,,2574,,,1,28,,2572,,,1,30,,2575,,,1,100,,2576,,,1,100,,2577,,,1,100,,2578,,,1,100,,2579,,,1
1100,'52',655,,2580,,,1,101,,2581,,,1,101,,2582,,,1,101,,2583,,,1,100,,2584,,,1,100,,2585,,,1,101,,2586,,,1,99,,2587,,,1,100,,2588,,,1,100,,2589,,,1,100,,2590,,,1,100,,2591,,,1,100,,2594,,,1,100,,2592,,,1,100,,2593,,,1,100,,2596,,,1,100,,2595,,,1
1100,'53',857,,2597,,,1,101,,2598,,,1,100,,2599,,,1,100,,2600,,,1,101,,2601,,,1,99,,2602,,,1,100,,2603,,,1,100,,2604,,,1,100,,2605,,,1,100,,2606,,,1
1100,'54',655,,2610,,,1,101,,2611,,,1,101,,2612,,,1,101,,2607,,,1,100,,2608,,,1,100,,2609,,,1,101,,2613,,,1,99,,2614,,,1,100,,2615,,,1,100,,2616,,,1,100,,2617,,,1,100,,2618,,,1,100,,2619,,,1,100,,2620,,,1,100,,2622,,,1,100,,2623,,,1,100,,2621,,,1
1301,'51',648,,2636,,,2,82,,2637,,,2,73,,2635,,,2,806,,2640,,,2,16,,2639,,,2,80,,2641,,,2,30,,2638,,,2
11501,'63',1613,,3170,,,2
12501,'63',1608,,3174,,,2
12601,'63',1616,,3176,,,2
12701,'63',1608,,3178,,,2
13601,'63',1614,,3185,,,2
13801,'63',1609,,3188,,,2
15601,'63',1610,,3193,,,2
22501,'63',1617,,3252,,,2
23501,'63',1612,,3260,,,2
24501,'63',1613,,3266,,,2
24601,'63',1613,,3268,,,2
32501,'63',1608,,3272,,,2
34501,'63',1609,,3274,,,2
35501,'63',1613,,3280,,,2
37501,'63',1617,,3282,,,2
38501,'63',1616,,3292,,,2
1001101,'51',553,,3297,,,1,71,,3294,,,1,30,,3298,,,1,72,,3295,,,1,24,,3299,,,1,81,,3296,,,1,26,,3300,0,12 13,1,58,,3301,,,1,30,,3302,,,1,75,,3304,,,1,30,,3306,,,1,75,,3305,,,1,30,,3307,,,1,73,,3303,,,1,30,,3308,,,1,77,,3310,,,1,70,,3309,,,1,48,,3311,,,1,70,,3313,,,1,85,,3312,,,1,26,,3314,,,1,23,,3317,,,1,67,,3315,,,1,34,,3318,,,1,69,,3316,,,1,31,,3319,,,1,100,,3320,,,1,100,,3321,,,1,100,,3322,,,1,100,,3323,0,12 13,1
1001101,'52',755,,3324,,,1,101,,3325,,,1,101,,3326,,,1,100,,3328,,,1,98,,3329,,,1,100,,3330,,,1,101,,3331,,,1,100,,3332,,,1,100,,3333,,,1,100,,3334,,,1,101,,3335,,,1,100,,3336,,,1,100,,3337,,,1,100,,3338,,,1,100,,3339,,,1,100,,3340,0,12 13,1
1001101,'53',957,,3342,,,1,100,,3343,,,1,98,,3344,,,1,100,,3345,,,1,101,,3346,,,1,100,,3347,,,1,100,,3348,,,1,100,,3349,,,1,101,,3350,,,1
1001101,'54',755,,3351,,,1,101,,3353,,,1,101,,3354,,,1,100,,3355,,,1,98,,3356,,,1,100,,3357,,,1,101,,3358,,,1,100,,3359,,,1,100,,3360,,,1,100,,3361,,,1,101,,3362,,,1,100,,3363,,,1,100,,3364,,,1,100,,3365,,,1,100,,3366,,,1,100,,3367,0,12 13,1
