2300,'71',551,,4520,6,,,2,189,,4525,6,,,2,84,,4529,6,0,14 1 15,2,33,,4507,6,,,2,76,,4510,6,,,2,70,,4508,6,,,2,31,,4511,6,,,2,70,,4509,6,,,2,30,,4512,6,,,2,78,,4515,6,,,2,30,,4513,6,,,2,70,,4516,6,,,2,30,,4514,6,,,2,72,,4517,6,,,2,33,,4518,6,,,2,70,,4528,6,,,2,116,,4530,6,,,2,75,,4519,6,,,2,28,,4526,6,,,2,73,,4521,6,,,2,30,,4527,6,,,2,75,,4522,6,,,2,100,,4523,6,,,2,97,,4524,6,,,2
2300,'72',631,,4531,6,,,2,101,,4532,6,,,2,101,,4533,6,,,2,101,,4534,6,,,2,101,,4535,6,,,2,100,,4536,6,,,2,101,,4537,6,,,2,108,,4538,6,,,2,100,,4539,6,,,2,100,,4540,6,,,2,100,,4541,6,,,2,102,,4542,6,,,2
2300,'73',732,,4543,6,,,2,101,,4544,6,,,2,101,,4545,6,,,2,101,,4546,6,,,2,100,,4547,6,,,2,101,,4548,6,,,2,108,,4549,6,,,2,100,,4550,6,,,2,100,,4551,6,,,2,100,,4552,6,,,2,102,,4553,6,,,2
2301,'71',1209,,4558,54,,,2,305,,4576,54,,,2,42,,4567,54,,,2,663,,4574,54,,,2
2301,'72',1239,,4584,54,,,2,602,,4590,54,,,2
2301,'73',1239,,4595,54,,,2,602,,4601,54,,,2
23100,'84',707,,4931,18,,,2
23101,'85',1547,,4932,65,,,2
23500,'82',755,,4935,29,,,2
23501,'83',1712,,4936,51,,,2
5002300,'71',615,,5028,6,,,2,25,,5027,6,,,2,69,,5029,6,,,2
5002301,'71',1742,,5030,64,,,2
