13800,'12',836,,6237,16,,,2
34500,'12',834,,6305,41,,,2
35500,'12',838,,6308,62,,,2
1200000100,'1',650,,7141,69,,,1,72,,7142,69,,,1,22,,7143,69,,,1,69,,7146,69,0,16 1 17,1,29,,7144,69,,,1
1200000201,'1',627,,7262,24,,,1,80,,7265,36,,,1,15,,7264,36,,,1,20,,7269,36,,,1,61,,7271,36,,,1,20,,7273,36,,,1,20,,7276,36,,,1,15,,7277,36,,,1,56,,7263,36,,,1,13,,7280,36,,,1,14,,7268,36,,,1,11,,7266,36,,,1,52,,7275,36,,,1,12,,7281,36,,,1,14,,7278,36,,,1,17,,7282,36,,,1,70,,7284,36,,,1,29,,7286,36,,,1,70,,7267,36,,,1,33,,7287,36,,,1,69,,7283,36,,,1,30,,7285,36,,,1,71,,7289,36,,,1,31,,7290,36,,,1,70,,7288,36,,,1,39,,7292,36,,,1,67,,7294,36,,,1,18,,7297,36,,,1,57,,7295,36,,,1,17,,7296,36,,,1,12,,7293,36,,,1,10,,7298,36,,,1,12,,7299,36,,,1,54,,7301,36,,,1,13,,7291,36,,,1,9,,7304,36,,,1,13,,7305,36,,,1,13,,7308,36,,,1,52,,7309,36,,,1,13,,7303,36,,,1,24,,7302,36,,,1,66,,7300,36,,,1,19,,7310,36,,,1,28,,7311,36,,,1,72,,7306,36,,,1,75,,7313,36,,,1,28,,7315,36,,,1,71,,7312,36,,,1,27,,7307,36,,,1,71,,7314,36,,,1,46,,7316,36,,,1
1200000201,'14',1703,,7317,30,,,1
1200000201,'2',658,,7321,24,,,1,79,,7318,36,,,1,70,,7326,36,,,1,31,,7324,36,,,1,72,,7322,36,,,1,31,,7328,36,,,1,71,,7319,36,,,1,31,,7327,36,,,1,72,,7325,36,,,1,32,,7330,36,,,1,70,,7329,36,,,1,31,,7320,36,,,1,72,,7332,36,,,1,31,,7334,36,,,1,70,,7331,36,,,1,30,,7336,36,,,1,71,,7337,36,,,1,30,,7333,36,,,1,69,,7335,36,,,1,31,,7339,36,,,1,72,,7341,36,,,1,28,,7338,36,,,1,66,,7343,36,,,1,28,,7344,36,,,1,65,,7340,36,,,1,25,,7342,36,,,1,67,,7348,36,,,1,29,,7347,36,,,1,71,,7345,36,,,1,27,,7349,36,,,1,28,,7351,36,,,1,69,,7350,36,,,1,30,,7353,36,,,1,70,,7346,36,,,1,29,,7352,36,,,1,89,,7354,36,,,1
1200000201,'27',2243,,7355,29,,,1,70,,7358,29,,,1,29,,7356,29,,,1,83,,7359,29,,,1,28,,7361,29,,,1,70,,7357,29,,,1,30,,7360,29,,,1
1200000201,'28',2241,,7362,29,,,1,70,,7365,29,,,1,30,,7363,29,,,1,83,,7366,29,,,1,28,,7368,29,,,1,70,,7364,29,,,1,30,,7367,29,,,1
1200000201,'29',2241,,7369,29,,,1,70,,7372,29,,,1,30,,7370,29,,,1,83,,7373,29,,,1,28,,7375,29,,,1,70,,7371,29,,,1,30,,7374,29,,,1
1200000201,'3',838,,7377,36,,,1,72,,7379,36,,,1,31,,7381,36,,,1,70,,7383,36,,,1,32,,7384,36,,,1,72,,7388,36,,,1,32,,7386,36,,,1,70,,7390,36,,,1,31,,7387,36,,,1,72,,7385,36,,,1,31,,7389,36,,,1,70,,7392,36,,,1,30,,7391,36,,,1,71,,7393,36,,,1,30,,7395,36,,,1,69,,7397,36,,,1,31,,7400,36,,,1,72,,7402,36,,,1,28,,7394,36,,,1,66,,7396,36,,,1,28,,7398,36,,,1,65,,7401,36,,,1,25,,7403,36,,,1,67,,7405,36,,,1,29,,7404,36,,,1,71,,7399,36,,,1,27,,7406,36,,,1
1200000401,'1',1724,,7635,36,,,1,21,,7633,36,,,1
