3101,'1',613,,6012,47,,,2,32,,6014,47,,,2,68,,6013,79,,,2,32,,6011,79,,,2,101,,6015,79,,,2,105,,6016,79,,,2,99,,6017,79,,,2,100,,6018,79,,,2,106,,6019,79,,,2,102,,6020,79,,,2,101,,6021,79,,,2,141,,6022,79,,,2,57,,6023,79,,,2,71,,6026,79,,,2,30,,6027,79,,,2,71,,6024,79,,,2,73,,6028,79,,,2,24,,6025,79,,,2,76,,6029,79,,,2
3900,'1',649,,6215,31,,,2,80,,6216,31,,,2,71,,6214,31,,,2
35100,'15',734,,6307,44,,,2
35500,'12',823,,6308,44,,,2
905251700,'24',1715,,6510,1,,,2,20,3,6511,1,,,2,20,3,6512,1,,,2,60,3,6513,1,,,2,20,3,6514,1,,,2,20,3,6515,1,,,2,60,3,6516,1,,,2,20,3,6517,1,,,2,20,3,6518,1,,,2,65,,6519,1,,,2,20,3,6520,1,,,2,60,43,6521,1,,,2,20,3,6522,1,,,2
905251700,'25',1715,,6523,1,,,2,20,3,6524,1,,,2,20,3,6525,1,,,2,60,3,6526,1,,,2,20,3,6527,1,,,2,20,3,6528,1,,,2,60,3,6529,1,,,2,20,3,6530,1,,,2,20,3,6531,1,,,2,65,,6532,1,,,2,20,3,6533,1,,,2,60,43,6534,1,,,2,20,3,6535,1,,,2
905251700,'26',1715,,6536,1,,,2,20,3,6537,1,,,2,20,3,6538,1,,,2,60,3,6539,1,,,2,20,3,6540,1,,,2,20,3,6541,1,,,2,60,3,6542,1,,,2,20,3,6543,1,,,2,20,3,6544,1,,,2,65,,6545,1,,,2,20,3,6546,1,,,2,60,43,6547,1,,,2,20,3,6548,1,,,2
905251701,'24',1732,,6549,2,4,,2,20,,6550,2,4,,2,60,,6551,2,4,,2,20,,6552,2,4,,2,20,,6553,2,4,,2,60,,6554,2,4,,2,20,,6555,2,4,,2,20,,6556,2,4,,2,60,,6557,2,4,,2,25,,6558,2,4,,2,20,,6559,2,4,,2,60,,6560,2,4,,2,90,,6561,2,4,,2,30,,6562,2,4,,2,80,,6563,2,4,,2
905251701,'25',1732,,6564,2,4,,2,20,,6565,2,4,,2,60,,6566,2,4,,2,20,,6567,2,4,,2,20,,6568,2,4,,2,60,,6569,2,4,,2,20,,6570,2,4,,2,20,,6571,2,4,,2,60,,6572,2,4,,2,25,,6573,2,4,,2,20,,6574,2,4,,2,60,,6575,2,4,,2,90,,6576,2,4,,2,30,,6577,2,4,,2,80,,6578,2,4,,2
905251701,'26',1732,,6579,2,4,,2,20,,6580,2,4,,2,60,,6581,2,4,,2,20,,6582,2,4,,2,20,,6583,2,4,,2,60,,6584,2,4,,2,20,,6585,2,4,,2,20,,6586,2,4,,2,60,,6587,2,4,,2,25,,6588,2,4,,2,20,,6589,2,4,,2,60,,6590,2,4,,2,90,,6591,2,4,,2,30,,6592,2,4,,2,80,,6593,2,4,,2
2000003101,'2',716,,7719,48,,,2,102,,7720,80,,,2,101,,7721,80,,,2,101,,7722,80,,,2,101,,7723,80,,,2,101,,7724,80,,,2,101,,7725,80,,,2,215,,7726,80,,,2,101,,7727,80,,,2,101,,7728,80,,,2,96,,7729,80,,,2
2000003101,'3',818,,7731,48,,,2,101,,7732,80,,,2,101,,7733,80,,,2,101,,7734,80,,,2,101,,7735,80,,,2,101,,7736,80,,,2,215,,7737,80,,,2,101,,7738,80,,,2,101,,7739,80,,,2,96,,7740,80,,,2
