1300,'1',643,,5808,31,,,2,85,,5806,31,,,2,84,,5807,31,,,2,793,,5809,31,,,2,107,,5811,31,,,2,14,,5810,31,,,2,32,,5813,31,,,2,72,,5812,31,,,2
1300,'16',855,,5815,31,,,2,3,,5814,26,,,2
11100,'15',734,,6226,50,,,2
22500,'12',842,,6290,35,4,,2
23500,'12',840,,6295,76,4,,2
24500,'12',840,,6298,19,4,,2
24600,'12',837,,6299,18,4,,2
37500,'12',840,,6309,33,4,,2
38500,'12',840,,6317,38,4,,2
1001101,'1',607,,6326,24,,,1,32,,6323,24,,,1,70,,6327,24,,,1,33,,6324,24,,,1,64,,6320,24,,,1,41,,6325,24,,,1,83,,6328,24,,,1,70,,6329,24,,,1,35,,6333,24,,,1,70,,6330,24,,,1,35,,6334,24,,,1,70,,6331,24,,,1,33,,6335,24,,,1,70,,6332,24,,,1,37,,6336,24,,,1,70,,6338,24,,,1,88,,6337,24,,,1,31,,6339,24,,,1,85,,6341,24,,,1,25,,6340,24,,,1,63,,6344,24,,,1,27,,6342,24,,,1,74,,6345,24,,,1,29,,6343,24,,,1,71,,6346,24,,,1,100,,6347,24,,,1,99,,6348,24,,,1,100,,6349,24,,,1
1001101,'2',809,,6352,24,,,1,102,,6353,24,,,1,101,,6354,24,,,1,100,,6355,24,,,1,98,,6359,24,,,1,100,,6360,24,,,1,102,,6358,24,,,1,100,,6356,24,,,1,99,,6357,24,,,1,100,,6361,24,,,1,100,,6362,24,,,1,100,,6363,24,,,1,99,,6364,24,,,1,100,,6365,24,,,1,100,,6366,24,,,1
1001101,'3',1012,,6369,24,,,1,100,,6372,24,,,1,98,,6373,24,,,1,100,,6370,24,,,1,102,,6371,24,,,1,100,,6374,24,,,1,99,,6375,24,,,1,100,,6376,24,,,1,100,,6377,24,,,1
