'1',20260615,1,20260616,1,20260617,1,20260618,1,20260619,1,20260622,1,20260623,1,20260625,1,20260626,1,20260629,1,20260630,1,20260702,1,20260703,1,20260706,1,20260707,1,20260708,1,20260709,1,20260710,1,20260713,1,20260714,1,20260715,1,20260716,1,20260717,1,20260720,1,20260721,1,20260722,1,20260723,1,20260724,1,20260727,1,20260728,1,20260729,1,20260730,1,20260731,1,20260803,1,20260804,1,20260805,1,20260806,1,20260807,1,20260810,1,20260811,1,20260812,1,20260813,1,20260814,1,20260817,1,20260818,1,20260819,1,20260820,1,20260821,1
'11',20260821,1
'12',20260615,1,20260616,1,20260617,1,20260618,1,20260619,1,20260622,1
'13',20260615,1,20260616,1,20260617,1,20260618,1,20260619,1,20260622,1
'14',20260615,1,20260616,1,20260617,1,20260618,1,20260619,1,20260622,1
'15',20260615,1,20260616,1,20260617,1,20260618,1,20260619,1,20260622,1
'16',20260615,1,20260616,1,20260617,1,20260618,1,20260619,1,20260622,1
'2',20260620,1,20260627,1,20260704,1,20260711,1,20260718,1,20260725,1,20260801,1,20260808,1,20260815,1,20260822,1
'20',20260625,1,20260626,1
'21',20260626,1
'22',20260627,1
'23',20260628,1
'24',20260729,1,20260730,1,20260731,1
'25',20260801,1
'26',20260802,1
'27',20260709,1,20260710,1,20260713,1,20260714,1,20260715,1,20260716,1,20260717,1
'28',20260711,1,20260718,1
'29',20260712,1,20260719,1
'3',20260621,1,20260624,1,20260628,1,20260701,1,20260705,1,20260712,1,20260719,1,20260726,1,20260802,1,20260809,1,20260816,1,20260823,1
'30',20260804,1,20260806,1,20260811,1,20260813,1,20260818,1,20260820,1
'31',20260815,1,20260822,1
'32',20260725,1
'33',20260726,1
