13101,'85',1524,,4865,20,,,2
32500,'82',828,,4947,43,,,2
34500,'82',825,,4949,33,,,2
35500,'82',830,,4955,46,,,2
1200000100,'71',641,,5061,61,0,34 35 6 31,1,70,,5062,61,0,34 35 6 31,1,21,,5063,61,0,34 35 6 31,1,69,,5066,61,0,16 1 17,1,30,,5064,61,0,34 35 6 31,1
1200000201,'71',619,,5201,16,0,29,1,35,,5205,28,0,29,1,55,,5204,28,0,29,1,20,,5208,28,0,29,1,10,,5214,28,0,29,1,14,,5203,28,0,29,1,55,,5213,28,0,29,1,19,,5207,28,0,29,1,17,,5218,28,0,29,1,15,,5202,28,0,29,1,54,,5221,28,0,29,1,14,,5206,28,0,29,1,12,,5223,28,0,29,1,12,,5216,28,0,29,1,52,,5224,28,0,29,1,15,,5209,28,0,29,1,12,,5225,28,0,29,1,17,,5217,28,0,29,1,58,,5219,28,0,29,1,14,,5226,28,0,29,1,15,,5222,28,0,29,1,15,,5228,28,0,29,1,55,,5229,28,0,29,1,15,,5230,28,0,29,1,17,,5232,28,0,29,1,15,,5233,28,0,29,1,55,,5235,28,0,29,1,15,,5236,28,0,29,1,15,,5237,28,0,29,1,16,,5227,28,0,29,1,55,,5239,28,0,29,1,15,,5240,28,0,29,1,15,,5241,28,0,29,1,14,,5231,28,0,29,1,56,,5238,28,0,29,1,18,,5234,28,0,29,1,27,,5242,28,0,29,1,60,,5243,28,0,29,1,18,,5244,28,0,29,1,15,,5245,28,0,29,1,6,,5253,16,0,29,1,54,,5246,28,0,29,1,9,,5247,28,0,29,1,12,,5249,28,0,29,1,11,,5251,28,0,29,1,15,,5254,28,0,29,1,53,,5255,28,0,29,1,9,,5256,28,0,29,1,13,,5259,28,0,29,1,17,,5260,28,0,29,1,9,,5257,28,0,29,1,52,,5258,28,0,29,1,13,,5250,28,0,29,1,12,,5248,28,0,29,1,14,,5261,28,0,29,1,14,,5252,28,0,29,1,60,,5262,28,0,29,1,30,,5263,28,0,29,1,72,,5265,28,0,29,1,35,,5267,28,0,29,1,68,,5269,28,0,29,1,31,,5264,28,0,29,1,67,,5266,28,0,29,1,31,,5268,28,0,29,1,86,,5270,28,0,29,1
1200000201,'72',714,,5272,28,0,29,1,31,,5271,28,0,29,1,70,,5273,28,0,29,1,32,,5279,28,0,29,1,70,,5284,28,0,29,1,32,,5277,28,0,29,1,72,,5276,28,0,29,1,29,,5282,28,0,29,1,70,,5283,28,0,29,1,31,,5285,28,0,29,1,69,,5274,28,0,29,1,31,,5280,28,0,29,1,70,,5278,28,0,29,1,30,,5286,28,0,29,1,72,,5287,28,0,29,1,29,,5289,28,0,29,1,73,,5288,28,0,29,1,29,,5291,28,0,29,1,69,,5292,28,0,29,1,33,,5293,28,0,29,1,71,,5294,28,0,29,1,27,,5295,28,0,29,1,68,,5290,28,0,29,1,30,,5297,28,0,29,1,65,,5296,28,0,29,1,39,,5300,28,0,29,1,69,,5302,28,0,29,1,31,,5298,28,0,29,1,67,,5304,28,0,29,1,28,,5305,28,0,29,1,70,,5301,28,0,29,1,30,,5303,28,0,29,1,69,,5299,28,0,29,1,29,,5306,28,0,29,1,90,,5307,28,0,29,1
1200000201,'73',815,,5308,28,0,29,1,32,,5311,28,0,29,1,70,,5315,28,0,29,1,32,,5318,28,0,29,1,72,,5310,28,0,29,1,29,,5314,28,0,29,1,70,,5317,28,0,29,1,31,,5320,28,0,29,1,69,,5321,28,0,29,1,31,,5312,28,0,29,1,70,,5322,28,0,29,1,30,,5324,28,0,29,1,72,,5323,28,0,29,1,29,,5326,28,0,29,1,73,,5325,28,0,29,1,29,,5328,28,0,29,1,69,,5329,28,0,29,1,33,,5330,28,0,29,1,71,,5331,28,0,29,1,27,,5333,28,0,29,1,68,,5327,28,0,29,1,30,,5336,28,0,29,1,65,,5334,28,0,29,1,39,,5338,28,0,29,1,69,,5332,28,0,29,1,31,,5337,28,0,29,1,67,,5335,28,0,29,1
1200000201,'81',702,,5339,16,0,29,1,15,,5340,16,0,29,1,820,,5341,28,0,29,1
1200000201,'89',1620,,5345,28,0,29,1,15,,5346,28,0,29,1
1200000401,'71',1708,,5572,28,0,31,1,26,,5571,28,0,31,1,22,,5575,28,0,31,1
