905231701,'27',2320,,6491,92,4,,2,29,,6494,92,4,,2,70,,6489,92,4,,2,30,,6492,92,4,,2,70,,6490,92,4,,2,30,,6493,92,4,,2,70,,6495,92,4,,2
905231701,'28',2320,,6498,92,4,,2,29,,6501,92,4,,2,70,,6496,92,4,,2,30,,6499,92,4,,2,70,,6497,92,4,,2,30,,6500,92,4,,2,70,,6502,92,4,,2
905231701,'29',2320,,6505,92,4,,2,29,,6508,92,4,,2,70,,6503,92,4,,2,30,,6506,92,4,,2,70,,6504,92,4,,2,30,,6507,92,4,,2,70,,6509,92,4,,2
1200000101,'1',1628,,7148,96,,,1,72,,7149,96,,,1,31,,7150,96,,,1,70,,7151,96,,,1
1200000301,'1',629,,7508,45,,,1,28,,7513,45,,,1,77,,7506,58,,,1,20,,7510,58,,,1,75,,7516,58,,,1,30,,7511,58,,,1,65,,7519,58,,,1,25,,7507,58,,,1,69,,7517,58,,,1,27,,7515,58,,,1,73,,7520,58,,,1,33,,7521,58,,,1,70,,7523,58,,,1,34,,7525,58,,,1,72,,7527,58,,,1,28,,7522,58,,,1,70,,7524,58,,,1,28,,7526,58,,,1,71,,7528,58,,,1,76,,7529,58,,,1,20,,7532,55,,,1,23,,7530,55,,,1,58,,7535,55,,,1,19,,7534,55,,,1,11,,7539,55,,,1,13,,7537,55,,,1,14,,7538,55,,,1,56,,7541,55,,,1,14,,7533,55,,,1,12,,7536,55,,,1,15,,7531,55,,,1,68,,7540,55,,,1,24,,7544,58,,,1,64,,7542,58,,,1,30,,7543,58,,,1,70,,7545,58,,,1,29,,7546,58,,,1,73,,7549,58,,,1,31,,7547,45,,,1,70,,7550,45,,,1,28,,7548,45,,,1,70,,7551,45,,,1,39,,7552,45,,,1
1200000301,'2',809,,7553,58,,,1,30,,7556,58,,,1,71,,7559,58,,,1,32,,7562,58,,,1,71,,7554,58,,,1,32,,7557,58,,,1,71,,7560,58,,,1,32,,7563,58,,,1,71,,7555,58,,,1,31,,7558,58,,,1,71,,7561,58,,,1,31,,7564,58,,,1,71,,7565,58,,,1,30,,7568,58,,,1,70,,7574,58,,,1,30,,7571,58,,,1,70,,7566,58,,,1,31,,7569,58,,,1,71,,7575,58,,,1,27,,7572,58,,,1,68,,7567,58,,,1,28,,7570,58,,,1,67,,7576,58,,,1,26,,7573,58,,,1,75,,7577,45,,,1,100,,7578,45,,,1,96,,7579,45,,,1,98,,7580,45,,,1,37,,7581,45,,,1,102,,7582,45,,,1
1200000301,'27',2243,,7584,48,,,1,70,,7587,48,,,1,30,,7589,48,,,1,83,,7585,48,,,1,28,,7588,48,,,1,70,,7583,48,,,1,30,,7586,48,,,1
1200000301,'28',2243,,7591,48,,,1,70,,7594,48,,,1,30,,7596,48,,,1,83,,7592,48,,,1,28,,7595,48,,,1,70,,7590,48,,,1,30,,7593,48,,,1
1200000301,'29',2243,,7598,48,,,1,70,,7601,48,,,1,30,,7603,48,,,1,83,,7599,48,,,1,28,,7602,48,,,1,70,,7597,48,,,1,30,,7600,48,,,1
1200000301,'3',839,,7604,58,,,1,71,,7606,58,,,1,32,,7612,58,,,1,71,,7609,58,,,1,32,,7605,58,,,1,71,,7607,58,,,1,32,,7613,58,,,1,71,,7610,58,,,1,31,,7614,58,,,1,71,,7608,58,,,1,31,,7616,58,,,1,71,,7611,58,,,1,30,,7615,58,,,1,70,,7618,58,,,1,30,,7617,58,,,1,70,,7621,58,,,1,31,,7623,58,,,1,71,,7619,58,,,1,27,,7627,58,,,1,68,,7622,58,,,1,28,,7624,58,,,1,67,,7620,58,,,1,26,,7628,58,,,1,75,,7625,45,,,1,121,,7626,45,,,1
2000002200,'1',610,,7709,14,0,18 19 20,2
