905231701,'27',2320,,6491,91,4,,2,29,,6494,91,4,,2,70,,6489,91,4,,2,30,,6492,91,4,,2,70,,6490,91,4,,2,30,,6493,91,4,,2,70,,6495,91,4,,2
905231701,'28',2320,,6498,91,4,,2,29,,6501,91,4,,2,70,,6496,91,4,,2,30,,6499,91,4,,2,70,,6497,91,4,,2,30,,6500,91,4,,2,70,,6502,91,4,,2
905231701,'29',2320,,6505,91,4,,2,29,,6508,91,4,,2,70,,6503,91,4,,2,30,,6506,91,4,,2,70,,6504,91,4,,2,30,,6507,91,4,,2,70,,6509,91,4,,2
1200000101,'1',1628,,7148,95,,,1,72,,7149,95,,,1,31,,7150,95,,,1,69,,7151,95,,,1
1200000301,'1',629,,7508,44,,,1,28,,7513,44,,,1,77,,7506,57,,,1,20,,7510,57,,,1,75,,7516,57,,,1,29,,7511,57,,,1,65,,7519,57,,,1,25,,7507,57,,,1,69,,7517,57,,,1,27,,7515,57,,,1,73,,7520,57,,,1,33,,7521,57,,,1,70,,7523,57,,,1,34,,7525,57,,,1,72,,7527,57,,,1,28,,7522,57,,,1,70,,7524,57,,,1,28,,7526,57,,,1,72,,7528,57,,,1,76,,7529,57,,,1,20,,7532,54,,,1,23,,7530,54,,,1,58,,7535,54,,,1,19,,7534,54,,,1,11,,7539,54,,,1,12,,7537,54,,,1,14,,7538,54,,,1,56,,7541,54,,,1,14,,7533,54,,,1,12,,7536,54,,,1,15,,7531,54,,,1,68,,7540,54,,,1,24,,7544,57,,,1,64,,7542,57,,,1,31,,7543,57,,,1,70,,7545,57,,,1,29,,7546,57,,,1,73,,7549,57,,,1,31,,7547,44,,,1,70,,7550,44,,,1,28,,7548,44,,,1,70,,7551,44,,,1,39,,7552,44,,,1
1200000301,'2',809,,7553,57,,,1,30,,7556,57,,,1,71,,7559,57,,,1,32,,7562,57,,,1,71,,7554,57,,,1,32,,7557,57,,,1,71,,7560,57,,,1,31,,7563,57,,,1,71,,7555,57,,,1,31,,7558,57,,,1,71,,7561,57,,,1,31,,7564,57,,,1,71,,7565,57,,,1,30,,7568,57,,,1,70,,7574,57,,,1,30,,7571,57,,,1,70,,7566,57,,,1,31,,7569,57,,,1,71,,7575,57,,,1,27,,7572,57,,,1,68,,7567,57,,,1,28,,7570,57,,,1,67,,7576,57,,,1,27,,7573,57,,,1,75,,7577,44,,,1,100,,7578,44,,,1,96,,7579,44,,,1,98,,7580,44,,,1,37,,7581,44,,,1,102,,7582,44,,,1
1200000301,'27',2243,,7584,47,,,1,70,,7587,47,,,1,30,,7589,47,,,1,83,,7585,47,,,1,28,,7588,47,,,1,70,,7583,47,,,1,30,,7586,47,,,1
1200000301,'28',2243,,7591,47,,,1,70,,7594,47,,,1,30,,7596,47,,,1,83,,7592,47,,,1,28,,7595,47,,,1,70,,7590,47,,,1,30,,7593,47,,,1
1200000301,'29',2243,,7598,47,,,1,70,,7601,47,,,1,30,,7603,47,,,1,83,,7599,47,,,1,28,,7602,47,,,1,70,,7597,47,,,1,30,,7600,47,,,1
1200000301,'3',839,,7604,57,,,1,71,,7606,57,,,1,32,,7612,57,,,1,71,,7609,57,,,1,32,,7605,57,,,1,71,,7607,57,,,1,31,,7613,57,,,1,71,,7610,57,,,1,31,,7614,57,,,1,71,,7608,57,,,1,31,,7616,57,,,1,71,,7611,57,,,1,30,,7615,57,,,1,70,,7618,57,,,1,30,,7617,57,,,1,70,,7621,57,,,1,31,,7623,57,,,1,71,,7619,57,,,1,27,,7627,57,,,1,68,,7622,57,,,1,28,,7624,57,,,1,67,,7620,57,,,1,27,,7628,57,,,1,75,,7625,44,,,1,121,,7626,44,,,1
2000002200,'1',610,,7709,13,0,18 19 20,2
