905231701,'27',2315,,6491,83,4,,2,29,,6494,83,4,,2,70,,6489,83,4,,2,30,,6492,83,4,,2,70,,6490,83,4,,2,30,,6493,83,4,,2,70,,6495,83,4,,2
905231701,'28',2315,,6498,83,4,,2,29,,6501,83,4,,2,70,,6496,83,4,,2,30,,6499,83,4,,2,70,,6497,83,4,,2,30,,6500,83,4,,2,70,,6502,83,4,,2
905231701,'29',2315,,6505,83,4,,2,29,,6508,83,4,,2,70,,6503,83,4,,2,30,,6506,83,4,,2,70,,6504,83,4,,2,30,,6507,83,4,,2,70,,6509,83,4,,2
1200000101,'1',1623,,7148,87,,,1,32,,7149,87,,,1,71,,7150,87,,,1,30,,7151,87,,,1
1200000301,'1',624,,7508,36,,,1,28,,7513,36,,,1,77,,7506,49,,,1,20,,7510,49,,,1,75,,7516,49,,,1,30,,7511,49,,,1,65,,7519,49,,,1,25,,7507,49,,,1,69,,7517,49,,,1,27,,7515,49,,,1,73,,7520,49,,,1,33,,7521,49,,,1,70,,7523,49,,,1,34,,7525,49,,,1,72,,7527,49,,,1,28,,7522,49,,,1,70,,7524,49,,,1,28,,7526,49,,,1,71,,7528,49,,,1,36,,7529,49,,,1,60,,7532,46,,,1,23,,7530,46,,,1,18,,7535,46,,,1,59,,7534,46,,,1,11,,7539,46,,,1,13,,7537,46,,,1,14,,7538,46,,,1,56,,7541,46,,,1,14,,7533,46,,,1,12,,7536,46,,,1,15,,7531,46,,,1,68,,7540,46,,,1,24,,7544,49,,,1,64,,7542,49,,,1,30,,7543,49,,,1,70,,7545,49,,,1,29,,7546,49,,,1,73,,7549,49,,,1,31,,7547,36,,,1,70,,7550,36,,,1,28,,7548,36,,,1,70,,7551,36,,,1,39,,7552,36,,,1
1200000301,'2',804,,7553,49,,,1,30,,7556,49,,,1,71,,7559,49,,,1,32,,7562,49,,,1,71,,7554,49,,,1,32,,7557,49,,,1,71,,7560,49,,,1,32,,7563,49,,,1,71,,7555,49,,,1,31,,7558,49,,,1,71,,7561,49,,,1,31,,7564,49,,,1,71,,7565,49,,,1,30,,7568,49,,,1,70,,7574,49,,,1,30,,7571,49,,,1,70,,7566,49,,,1,31,,7569,49,,,1,71,,7575,49,,,1,27,,7572,49,,,1,68,,7567,49,,,1,28,,7570,49,,,1,67,,7576,49,,,1,26,,7573,49,,,1,75,,7577,36,,,1,100,,7578,36,,,1,96,,7579,36,,,1,98,,7580,36,,,1,38,,7581,36,,,1,102,,7582,36,,,1
1200000301,'27',2238,,7584,39,,,1,70,,7587,39,,,1,30,,7589,39,,,1,83,,7585,39,,,1,28,,7588,39,,,1,70,,7583,39,,,1,30,,7586,39,,,1
1200000301,'28',2238,,7591,39,,,1,70,,7594,39,,,1,30,,7596,39,,,1,83,,7592,39,,,1,28,,7595,39,,,1,70,,7590,39,,,1,30,,7593,39,,,1
1200000301,'29',2238,,7598,39,,,1,70,,7601,39,,,1,30,,7603,39,,,1,83,,7599,39,,,1,28,,7602,39,,,1,70,,7597,39,,,1,30,,7600,39,,,1
1200000301,'3',834,,7604,49,,,1,71,,7606,49,,,1,32,,7612,49,,,1,71,,7609,49,,,1,32,,7605,49,,,1,71,,7607,49,,,1,32,,7613,49,,,1,71,,7610,49,,,1,31,,7614,49,,,1,71,,7608,49,,,1,31,,7616,49,,,1,71,,7611,49,,,1,30,,7615,49,,,1,70,,7618,49,,,1,30,,7617,49,,,1,70,,7621,49,,,1,31,,7623,49,,,1,71,,7619,49,,,1,27,,7627,49,,,1,68,,7622,49,,,1,28,,7624,49,,,1,67,,7620,49,,,1,26,,7628,49,,,1,75,,7625,36,,,1,121,,7626,36,,,1
2000002200,'1',605,,7709,5,0,18 19 20,2
