905231701,'27',2311,,6491,71,4,,2,29,,6494,71,4,,2,70,,6489,71,4,,2,30,,6492,71,4,,2,70,,6490,71,4,,2,30,,6493,71,4,,2,70,,6495,71,4,,2
905231701,'28',2311,,6498,71,4,,2,29,,6501,71,4,,2,70,,6496,71,4,,2,30,,6499,71,4,,2,70,,6497,71,4,,2,30,,6500,71,4,,2,70,,6502,71,4,,2
905231701,'29',2311,,6505,71,4,,2,29,,6508,71,4,,2,70,,6503,71,4,,2,30,,6506,71,4,,2,70,,6504,71,4,,2,30,,6507,71,4,,2,70,,6509,71,4,,2
1200000101,'1',1618,,7148,75,,,1,32,,7149,75,,,1,71,,7150,75,,,1,30,,7151,75,,,1
1200000301,'1',620,,7508,24,,,1,28,,7513,24,,,1,77,,7506,37,,,1,20,,7510,37,,,1,75,,7516,37,,,1,29,,7511,37,,,1,65,,7519,37,,,1,25,,7507,37,,,1,69,,7517,37,,,1,27,,7515,37,,,1,73,,7520,37,,,1,33,,7521,37,,,1,70,,7523,37,,,1,34,,7525,37,,,1,72,,7527,37,,,1,28,,7522,37,,,1,70,,7524,37,,,1,28,,7526,37,,,1,71,,7528,37,,,1,36,,7529,37,,,1,60,,7532,34,,,1,23,,7530,34,,,1,18,,7535,34,,,1,59,,7534,34,,,1,11,,7539,34,,,1,13,,7537,34,,,1,14,,7538,34,,,1,56,,7541,34,,,1,14,,7533,34,,,1,12,,7536,34,,,1,15,,7531,34,,,1,68,,7540,34,,,1,24,,7544,37,,,1,64,,7542,37,,,1,31,,7543,37,,,1,70,,7545,37,,,1,29,,7546,37,,,1,73,,7549,37,,,1,31,,7547,24,,,1,70,,7550,24,,,1,28,,7548,24,,,1,70,,7551,24,,,1,39,,7552,24,,,1
1200000301,'2',800,,7553,37,,,1,30,,7556,37,,,1,71,,7559,37,,,1,32,,7562,37,,,1,71,,7554,37,,,1,32,,7557,37,,,1,71,,7560,37,,,1,31,,7563,37,,,1,71,,7555,37,,,1,31,,7558,37,,,1,71,,7561,37,,,1,31,,7564,37,,,1,71,,7565,37,,,1,30,,7568,37,,,1,70,,7574,37,,,1,30,,7571,37,,,1,70,,7566,37,,,1,31,,7569,37,,,1,71,,7575,37,,,1,27,,7572,37,,,1,68,,7567,37,,,1,28,,7570,37,,,1,67,,7576,37,,,1,27,,7573,37,,,1,75,,7577,24,,,1,100,,7578,24,,,1,96,,7579,24,,,1,98,,7580,24,,,1,38,,7581,24,,,1,102,,7582,24,,,1
1200000301,'27',2234,,7584,27,,,1,70,,7587,27,,,1,30,,7589,27,,,1,83,,7585,27,,,1,28,,7588,27,,,1,70,,7583,27,,,1,30,,7586,27,,,1
1200000301,'28',2234,,7591,27,,,1,70,,7594,27,,,1,30,,7596,27,,,1,83,,7592,27,,,1,28,,7595,27,,,1,70,,7590,27,,,1,30,,7593,27,,,1
1200000301,'29',2234,,7598,27,,,1,70,,7601,27,,,1,30,,7603,27,,,1,83,,7599,27,,,1,28,,7602,27,,,1,70,,7597,27,,,1,30,,7600,27,,,1
1200000301,'3',830,,7604,37,,,1,71,,7606,37,,,1,32,,7612,37,,,1,71,,7609,37,,,1,32,,7605,37,,,1,71,,7607,37,,,1,31,,7613,37,,,1,71,,7610,37,,,1,31,,7614,37,,,1,71,,7608,37,,,1,31,,7616,37,,,1,71,,7611,37,,,1,30,,7615,37,,,1,70,,7618,37,,,1,30,,7617,37,,,1,70,,7621,37,,,1,31,,7623,37,,,1,71,,7619,37,,,1,27,,7627,37,,,1,68,,7622,37,,,1,28,,7624,37,,,1,67,,7620,37,,,1,27,,7628,37,,,1,75,,7625,24,,,1,121,,7626,24,,,1
