11900,'16',852,,6228,36,,,2
12500,'12',838,,6229,16,,,2
12700,'12',843,,6231,7,,,2
12900,'16',847,,6232,17,,,2
905231701,'27',2235,,6491,19,4,,2,70,,6494,19,4,,2,30,,6489,19,4,,2,70,,6492,19,4,,2,30,,6490,19,4,,2,70,,6493,19,4,,2,30,,6495,19,4,,2
905231701,'28',2235,,6498,19,4,,2,70,,6501,19,4,,2,30,,6496,19,4,,2,70,,6499,19,4,,2,30,,6497,19,4,,2,70,,6500,19,4,,2,30,,6502,19,4,,2
905231701,'29',2235,,6505,19,4,,2,70,,6508,19,4,,2,30,,6503,19,4,,2,70,,6506,19,4,,2,30,,6504,19,4,,2,70,,6507,19,4,,2,30,,6509,19,4,,2
1200000101,'1',1520,,7148,16,,,1,31,,7149,16,,,1,68,,7150,16,,,1,36,,7151,16,,,1
1200000200,'1',546,,7153,19,,,1,55,,7158,19,,,1,15,,7159,19,,,1,16,,7160,19,,,1,15,,7162,19,,,1,55,,7163,19,,,1,17,,7152,19,,,1,15,,7165,19,,,1,16,,7157,19,,,1,54,,7155,19,,,1,14,,7161,19,,,1,15,,7166,19,,,1,18,,7164,19,,,1,60,,7167,19,,,1,29,,7169,19,,,1,69,,7171,19,,,1,30,,7156,19,,,1,70,,7172,19,,,1,30,,7168,19,,,1,69,,7170,19,,,1,32,,7174,19,,,1,70,,7175,19,,,1,29,,7173,19,,,1,70,,7177,19,,,1,18,,7179,19,,,1,30,,7180,19,,,1,55,,7181,19,,,1,12,,7178,19,,,1,13,,7182,19,,,1,15,,7183,19,,,1,55,,7185,19,,,1,15,,7176,19,,,1,14,,7188,19,,,1,15,,7189,19,,,1,57,,7192,19,,,1,16,,7193,19,,,1,15,,7187,19,,,1,70,,7186,19,,,1,30,,7184,19,,,1,70,,7190,19,,,1,30,,7196,19,,,1,70,,7197,19,,,1,30,,7199,19,,,1,70,,7200,19,,,1,32,,7194,19,,,1,70,,7191,19,,,1,32,,7198,19,,,1,67,,7201,19,,,1,30,,7195,19,0,14,1
1200000200,'2',709,,7205,19,,,1,30,,7204,19,,,1,70,,7208,19,,,1,30,,7202,19,,,1,70,,7207,19,,,1,30,,7206,19,,,1,70,,7210,19,,,1,30,,7209,19,,,1,70,,7203,19,,,1,30,,7212,19,,,1,70,,7214,19,,,1,30,,7211,19,,,1,70,,7216,19,,,1,30,,7217,19,,,1,70,,7213,19,,,1,30,,7215,19,,,1,70,,7219,19,,,1,30,,7221,19,,,1,70,,7218,19,,,1,30,,7223,19,,,1,70,,7224,19,,,1,31,,7220,19,,,1,70,,7222,19,,,1,29,,7228,19,,,1,70,,7227,19,,,1,31,,7225,19,,,1,69,,7229,19,,,1,29,,7231,19,,,1,70,,7230,19,,,1,30,,7233,19,,,1,70,,7226,19,,,1,30,,7232,19,,,1,70,,7234,19,,,1
1200000200,'3',709,,7235,19,,,1,30,,7236,19,,,1,70,,7237,19,,,1,30,,7238,19,,,1,70,,7239,19,,,1,30,,7243,19,,,1,70,,7241,19,,,1,30,,7245,19,,,1,70,,7242,19,,,1,30,,7240,19,,,1,70,,7244,19,,,1,30,,7247,19,,,1,70,,7246,19,,,1,30,,7248,19,,,1,70,,7250,19,,,1,30,,7252,19,,,1,70,,7255,19,,,1,30,,7257,19,,,1,70,,7249,19,,,1,30,,7251,19,,,1,70,,7253,19,,,1,31,,7256,19,,,1,70,,7258,19,,,1,29,,7260,19,,,1,70,,7259,19,,,1,31,,7254,19,,,1,69,,7261,19,,,1
1200000400,'1',639,,7629,21,,,1,15,,7630,21,,,1
