3401,'1',637,,6039,23,,,2,67,,6040,23,,,2,52,,6041,23,,,2,793,,6042,23,,,2,89,,6043,23,,,2,98,,6044,23,,,2,66,,6045,23,,,2,46,,6046,23,,,2,68,,6047,23,,,2
3401,'14',1652,,6048,27,,,2
3701,'1',751,,6124,53,,,2
22100,'15',739,,6288,40,,,2
22200,'15',739,,6289,36,,,2
23100,'15',746,,6293,73,,,2
23200,'15',737,,6294,40,,,2
24100,'15',740,,6296,22,4,,2
24200,'15',738,,6297,24,4,,2
31100,'15',757,,6300,63,,,2
32500,'12',821,,6304,36,,,2
35100,'15',739,,6307,51,,,2
38100,'15',743,,6316,55,,,2
5003401,'1',1700,,6389,35,,,2
2000003401,'2',750,,7771,23,,,2,85,,7772,23,,,2,85,,7773,23,,,2,85,,7774,23,,,2,49,,7775,23,,,2,85,,7776,23,,,2,88,,7777,23,,,2,81,,7778,23,,,2,134,,7779,23,,,2,86,,7780,23,,,2,84,,7781,23,,,2,88,,7782,23,,,2,44,,7783,23,,,2,81,,7784,23,,,2,82,,7785,23,,,2
2000003401,'3',835,,7786,23,,,2,85,,7787,23,,,2,85,,7788,23,,,2,49,,7789,23,,,2,85,,7790,23,,,2,88,,7791,23,,,2,81,,7792,23,,,2,134,,7793,23,,,2,86,,7794,23,,,2,84,,7795,23,,,2,88,,7796,23,,,2,44,,7797,23,,,2,81,,7798,23,,,2,82,,7799,23,,,2
