13800,'12',828,,6237,7,,,2
34500,'12',826,,6305,34,,,2
35500,'12',831,,6308,55,,,2
1200000100,'1',644,,7016,62,,,1,71,,7017,62,,,1,21,,7018,62,,,1,69,,7021,62,0,16 1 17,1,30,,7019,62,,,1
1200000201,'1',620,,7137,17,,,1,39,,7140,29,,,1,55,,7139,29,,,1,20,,7144,29,,,1,22,,7146,29,,,1,60,,7148,29,,,1,20,,7151,29,,,1,15,,7152,29,,,1,56,,7138,29,,,1,13,,7155,29,,,1,14,,7143,29,,,1,11,,7141,29,,,1,12,,7150,29,,,1,52,,7156,29,,,1,14,,7153,29,,,1,17,,7157,29,,,1,70,,7159,29,,,1,29,,7161,29,,,1,70,,7142,29,,,1,32,,7162,29,,,1,70,,7158,29,,,1,30,,7160,29,,,1,71,,7164,29,,,1,30,,7165,29,,,1,70,,7163,29,,,1,39,,7167,29,,,1,67,,7169,29,,,1,18,,7172,29,,,1,17,,7170,29,,,1,57,,7171,29,,,1,12,,7168,29,,,1,11,,7173,29,,,1,12,,7174,29,,,1,14,,7176,29,,,1,53,,7166,29,,,1,9,,7179,29,,,1,13,,7180,29,,,1,13,,7183,29,,,1,12,,7184,29,,,1,53,,7178,29,,,1,24,,7177,29,,,1,66,,7175,29,,,1,19,,7185,29,,,1,29,,7186,29,,,1,72,,7181,29,,,1,35,,7188,29,,,1,68,,7190,29,,,1,31,,7187,29,,,1,67,,7182,29,,,1,31,,7189,29,,,1,86,,7191,29,,,1
1200000201,'14',1655,,7192,23,,,1
1200000201,'2',651,,7196,17,,,1,79,,7193,29,,,1,70,,7201,29,,,1,31,,7199,29,,,1,71,,7197,29,,,1,31,,7203,29,,,1,72,,7194,29,,,1,31,,7202,29,,,1,71,,7200,29,,,1,32,,7205,29,,,1,70,,7204,29,,,1,31,,7195,29,,,1,72,,7207,29,,,1,31,,7209,29,,,1,70,,7206,29,,,1,30,,7211,29,,,1,71,,7212,29,,,1,30,,7208,29,,,1,69,,7210,29,,,1,31,,7214,29,,,1,72,,7216,29,,,1,29,,7213,29,,,1,66,,7218,29,,,1,29,,7219,29,,,1,65,,7215,29,,,1,25,,7217,29,,,1,27,,7223,29,,,1,69,,7222,29,,,1,31,,7220,29,,,1,67,,7224,29,,,1,28,,7226,29,,,1,70,,7225,29,,,1,30,,7228,29,,,1,70,,7221,29,,,1,29,,7227,29,,,1,89,,7229,29,,,1
1200000201,'27',2237,,7230,22,,,1,70,,7233,22,,,1,29,,7231,22,,,1,83,,7234,22,,,1,28,,7236,22,,,1,70,,7232,22,,,1,30,,7235,22,,,1
1200000201,'28',2236,,7237,22,,,1,70,,7240,22,,,1,30,,7238,22,,,1,83,,7241,22,,,1,28,,7243,22,,,1,70,,7239,22,,,1,30,,7242,22,,,1
1200000201,'29',2236,,7244,22,,,1,70,,7247,22,,,1,30,,7245,22,,,1,83,,7248,22,,,1,28,,7250,22,,,1,70,,7246,22,,,1,30,,7249,22,,,1
1200000201,'3',831,,7252,29,,,1,71,,7254,29,,,1,31,,7256,29,,,1,71,,7258,29,,,1,32,,7259,29,,,1,71,,7263,29,,,1,32,,7261,29,,,1,70,,7265,29,,,1,31,,7262,29,,,1,72,,7260,29,,,1,31,,7264,29,,,1,70,,7267,29,,,1,30,,7266,29,,,1,71,,7268,29,,,1,30,,7270,29,,,1,69,,7272,29,,,1,31,,7275,29,,,1,72,,7277,29,,,1,29,,7269,29,,,1,66,,7271,29,,,1,29,,7273,29,,,1,65,,7276,29,,,1,25,,7278,29,,,1,27,,7280,29,,,1,69,,7279,29,,,1,31,,7274,29,,,1,67,,7281,29,,,1
1200000401,'1',1716,,7510,29,,,1,22,,7508,29,,,1
