11101,'85',1514,,4851,2,,,2
13101,'85',1521,,4865,15,,,2
32500,'82',824,,4947,38,,,2
34500,'82',821,,4949,28,,,2
35500,'82',826,,4955,41,,,2
1200000100,'71',637,,5061,56,0,34 35 6 31,1,70,,5062,56,0,34 35 6 31,1,21,,5063,56,0,34 35 6 31,1,29,,5066,56,0,16 1 17,1,70,,5064,56,0,34 35 6 31,1
1200000201,'71',615,,5201,11,0,29,1,35,,5205,23,0,29,1,55,,5204,23,0,29,1,20,,5208,23,0,29,1,10,,5214,23,0,29,1,14,,5203,23,0,29,1,55,,5213,23,0,29,1,19,,5207,23,0,29,1,17,,5218,23,0,29,1,15,,5202,23,0,29,1,54,,5221,23,0,29,1,14,,5206,23,0,29,1,12,,5223,23,0,29,1,12,,5216,23,0,29,1,12,,5224,23,0,29,1,55,,5209,23,0,29,1,12,,5225,23,0,29,1,17,,5217,23,0,29,1,58,,5219,23,0,29,1,14,,5226,23,0,29,1,15,,5222,23,0,29,1,15,,5228,23,0,29,1,55,,5229,23,0,29,1,15,,5230,23,0,29,1,17,,5232,23,0,29,1,15,,5233,23,0,29,1,55,,5235,23,0,29,1,15,,5236,23,0,29,1,15,,5237,23,0,29,1,16,,5227,23,0,29,1,55,,5239,23,0,29,1,15,,5240,23,0,29,1,15,,5241,23,0,29,1,14,,5231,23,0,29,1,56,,5238,23,0,29,1,18,,5234,23,0,29,1,27,,5242,23,0,29,1,60,,5243,23,0,29,1,18,,5244,23,0,29,1,15,,5245,23,0,29,1,6,,5253,11,0,29,1,54,,5246,23,0,29,1,9,,5247,23,0,29,1,12,,5249,23,0,29,1,11,,5251,23,0,29,1,15,,5254,23,0,29,1,53,,5255,23,0,29,1,9,,5256,23,0,29,1,13,,5259,23,0,29,1,17,,5260,23,0,29,1,9,,5257,23,0,29,1,52,,5258,23,0,29,1,13,,5250,23,0,29,1,12,,5248,23,0,29,1,14,,5261,23,0,29,1,14,,5252,23,0,29,1,60,,5262,23,0,29,1,30,,5263,23,0,29,1,72,,5265,23,0,29,1,35,,5267,23,0,29,1,68,,5269,23,0,29,1,31,,5264,23,0,29,1,67,,5266,23,0,29,1,31,,5268,23,0,29,1,86,,5270,23,0,29,1
1200000201,'72',710,,5272,23,0,29,1,31,,5271,23,0,29,1,70,,5273,23,0,29,1,32,,5279,23,0,29,1,70,,5284,23,0,29,1,32,,5277,23,0,29,1,72,,5276,23,0,29,1,29,,5282,23,0,29,1,70,,5283,23,0,29,1,31,,5285,23,0,29,1,69,,5274,23,0,29,1,31,,5280,23,0,29,1,70,,5278,23,0,29,1,30,,5286,23,0,29,1,72,,5287,23,0,29,1,29,,5289,23,0,29,1,73,,5288,23,0,29,1,29,,5291,23,0,29,1,69,,5292,23,0,29,1,33,,5293,23,0,29,1,71,,5294,23,0,29,1,27,,5295,23,0,29,1,68,,5290,23,0,29,1,30,,5297,23,0,29,1,65,,5296,23,0,29,1,39,,5300,23,0,29,1,69,,5302,23,0,29,1,31,,5298,23,0,29,1,67,,5304,23,0,29,1,28,,5305,23,0,29,1,70,,5301,23,0,29,1,30,,5303,23,0,29,1,69,,5299,23,0,29,1,29,,5306,23,0,29,1,90,,5307,23,0,29,1
1200000201,'73',811,,5308,23,0,29,1,32,,5311,23,0,29,1,70,,5315,23,0,29,1,32,,5318,23,0,29,1,72,,5310,23,0,29,1,29,,5314,23,0,29,1,70,,5317,23,0,29,1,31,,5320,23,0,29,1,69,,5321,23,0,29,1,31,,5312,23,0,29,1,70,,5322,23,0,29,1,30,,5324,23,0,29,1,72,,5323,23,0,29,1,29,,5326,23,0,29,1,73,,5325,23,0,29,1,29,,5328,23,0,29,1,69,,5329,23,0,29,1,33,,5330,23,0,29,1,71,,5331,23,0,29,1,27,,5333,23,0,29,1,68,,5327,23,0,29,1,30,,5336,23,0,29,1,65,,5334,23,0,29,1,39,,5338,23,0,29,1,69,,5332,23,0,29,1,31,,5337,23,0,29,1,67,,5335,23,0,29,1
1200000201,'81',658,,5339,11,0,29,1,55,,5340,11,0,29,1,820,,5341,23,0,29,1
1200000201,'89',1616,,5345,23,0,29,1,15,,5346,23,0,29,1
1200000401,'71',1704,,5572,23,0,31,1,26,,5571,23,0,31,1,22,,5575,23,0,31,1
2000000200,'71',639,,5588,1,,,2,70,2,5589,1,,,2,30,2,5590,1,,,2,70,2,5591,1,,,2,26,,5592,1,,,2,685,,5593,1,,,2,89,2,5594,1,,,2,30,2,5595,1,,,2,70,2,5596,1,,,2,30,2,5597,1,,,2
