22100,'15',731,,6288,32,,,2
22200,'15',731,,6289,28,,,2
23100,'15',738,,6293,65,,,2
5003701,'1',1716,,6396,16,,,2
5003801,'1',1650,,6398,16,,,2,91,,6397,16,,,2
1200000100,'1',630,,7016,49,,,1,70,,7017,49,,,1,21,,7018,49,,,1,30,,7021,49,0,16 1 17,1,70,,7019,49,,,1
1200000201,'1',608,,7137,4,,,1,36,,7140,16,,,1,15,,7139,16,,,1,60,,7144,16,,,1,23,,7146,16,,,1,60,,7148,16,,,1,20,,7151,16,,,1,15,,7152,16,,,1,16,,7138,16,,,1,54,,7155,16,,,1,14,,7143,16,,,1,11,,7141,16,,,1,12,,7150,16,,,1,12,,7156,16,,,1,54,,7153,16,,,1,17,,7157,16,,,1,30,,7159,16,,,1,69,,7161,16,,,1,30,,7142,16,,,1,72,,7162,16,,,1,30,,7158,16,,,1,70,,7160,16,,,1,31,,7164,16,,,1,70,,7165,16,,,1,29,,7163,16,,,1,78,,7167,16,,,1,66,,7169,16,,,1,18,,7172,16,,,1,18,,7170,16,,,1,17,,7171,16,,,1,52,,7168,16,,,1,11,,7173,16,,,1,13,,7174,16,,,1,14,,7176,16,,,1,14,,7166,16,,,1,49,,7179,16,,,1,13,,7180,16,,,1,13,,7183,16,,,1,12,,7184,16,,,1,13,,7178,16,,,1,64,,7177,16,,,1,26,,7175,16,,,1,59,,7185,16,,,1,30,,7186,16,,,1,72,,7181,16,,,1,35,,7188,16,,,1,69,,7190,16,,,1,31,,7187,16,,,1,67,,7182,16,,,1,31,,7189,16,,,1,86,,7191,16,,,1
1200000201,'14',1638,,7192,10,,,1
1200000201,'2',639,,7196,4,,,1,79,,7193,16,,,1,30,,7201,16,,,1,70,,7199,16,,,1,31,,7197,16,,,1,71,,7203,16,,,1,31,,7194,16,,,1,71,,7202,16,,,1,31,,7200,16,,,1,72,,7205,16,,,1,30,,7204,16,,,1,71,,7195,16,,,1,32,,7207,16,,,1,71,,7209,16,,,1,30,,7206,16,,,1,70,,7211,16,,,1,71,,7212,16,,,1,30,,7208,16,,,1,29,,7210,16,,,1,71,,7214,16,,,1,72,,7216,16,,,1,29,,7213,16,,,1,28,,7218,16,,,1,69,,7219,16,,,1,25,,7215,16,,,1,65,,7217,16,,,1,28,,7223,16,,,1,69,,7222,16,,,1,31,,7220,16,,,1,67,,7224,16,,,1,28,,7226,16,,,1,70,,7225,16,,,1,30,,7228,16,,,1,70,,7221,16,,,1,29,,7227,16,,,1,89,,7229,16,,,1
1200000201,'27',2226,,7230,9,,,1,30,,7233,9,,,1,69,,7231,9,,,1,83,,7234,9,,,1,28,,7236,9,,,1,70,,7232,9,,,1,30,,7235,9,,,1
1200000201,'28',2225,,7237,9,,,1,30,,7240,9,,,1,70,,7238,9,,,1,83,,7241,9,,,1,28,,7243,9,,,1,70,,7239,9,,,1,30,,7242,9,,,1
1200000201,'29',2225,,7244,9,,,1,30,,7247,9,,,1,70,,7245,9,,,1,83,,7248,9,,,1,28,,7250,9,,,1,70,,7246,9,,,1,30,,7249,9,,,1
1200000201,'3',818,,7252,16,,,1,31,,7254,16,,,1,71,,7256,16,,,1,31,,7258,16,,,1,71,,7259,16,,,1,31,,7263,16,,,1,72,,7261,16,,,1,30,,7265,16,,,1,71,,7262,16,,,1,32,,7260,16,,,1,71,,7264,16,,,1,30,,7267,16,,,1,70,,7266,16,,,1,71,,7268,16,,,1,30,,7270,16,,,1,29,,7272,16,,,1,71,,7275,16,,,1,72,,7277,16,,,1,29,,7269,16,,,1,28,,7271,16,,,1,69,,7273,16,,,1,25,,7276,16,,,1,65,,7278,16,,,1,28,,7280,16,,,1,69,,7279,16,,,1,31,,7274,16,,,1,67,,7281,16,,,1
1200000401,'1',1701,,7510,16,,,1,23,,7508,16,,,1
