3101,'1',627,,6013,7,,,2,32,,6011,7,,,2,144,,6015,7,,,2,105,,6016,7,,,2,99,,6017,7,,,2,100,,6018,7,,,2,106,,6019,7,,,2,102,,6020,7,,,2,101,,6021,7,,,2,100,,6022,7,,,2,97,,6023,7,,,2,31,,6026,7,,,2,71,,6027,7,,,2,31,,6024,7,,,2,73,,6028,7,,,2,24,,6025,7,,,2,76,,6029,7,,,2,290,,6030,7,0,8,2
3701,'1',618,,6123,7,0,9,2,103,,6124,7,,,2,105,,6125,7,0,9,2,104,,6126,7,0,9,2,97,,6127,7,0,9,2,102,,6128,7,0,9,2,115,,6129,7,0,9,2,102,,6130,7,0,9,2,102,,6131,7,0,9,2,154,,6132,7,0,9,2,142,,6133,7,0,9,2,72,,6134,7,0,9,2,101,,6135,7,0,9,2,96,,6136,7,0,9,2,96,,6137,7,0,9,2,100,,6138,7,0,9,2,100,,6139,7,0,9,2,28,,6140,7,0,9,2
3701,'2',652,,6141,7,0,9,2,100,,6142,7,0,9,2,102,,6143,7,0,9,2,102,,6144,7,0,9,2,102,,6145,7,0,9,2,156,,6146,7,0,9,2,103,,6147,7,0,9,2,100,,6148,7,0,9,2,101,,6149,7,0,9,2,100,,6150,7,0,9,2,101,,6151,7,0,9,2,95,,6152,7,0,9,2,97,,6153,7,0,9,2,96,,6154,7,0,9,2,100,,6155,7,0,9,2,101,,6156,7,0,9,2,98,,6157,7,0,9,2,28,,6158,7,0,9,2
3701,'3',752,,6159,7,0,9,2,102,,6160,7,0,9,2,102,,6161,7,0,9,2,102,,6162,7,0,9,2,156,,6163,7,0,9,2,103,,6164,7,0,9,2,100,,6165,7,0,9,2,101,,6166,7,0,9,2,100,,6167,7,0,9,2,101,,6168,7,0,9,2,95,,6169,7,0,9,2,97,,6170,7,0,9,2
3800,'1',753,,6171,7,,,2,104,,6172,7,,,2,99,,6173,7,,,2,102,,6174,7,,,2,155,,6175,7,,,2,102,,6176,7,,,2,102,,6177,7,,,2,105,,6178,7,,,2,120,,6179,7,,,2,73,,6180,7,,,2,134,,6181,7,,,2,96,,6182,7,,,2,96,,6183,7,,,2,100,,6184,7,,,2,98,,6185,7,,,2
3800,'2',722,,6186,7,,,2,101,,6187,7,,,2,103,,6188,7,,,2,101,,6189,7,,,2,102,,6190,7,,,2,116,,6191,7,,,2,102,,6192,7,,,2,101,,6193,7,,,2,100,,6194,7,,,2,102,,6195,7,,,2,99,,6196,7,,,2,94,,6197,7,,,2,96,,6198,7,,,2,100,,6199,7,,,2,97,,6200,7,,,2,101,,6201,7,,,2
3800,'3',823,,6202,7,,,2,103,,6203,7,,,2,101,,6204,7,,,2,102,,6205,7,,,2,116,,6206,7,,,2,102,,6207,7,,,2,101,,6208,7,,,2,100,,6209,7,,,2,102,,6210,7,,,2,99,,6211,7,,,2,94,,6212,7,,,2,96,,6213,7,,,2
3901,'1',1628,,6219,7,,,2,87,,6217,7,,,2,87,,6218,7,,,2
38001,'1',537,,6313,8,,,2,80,,6314,8,,,2,31,,6315,8,,,2
5003700,'1',628,,6395,7,,,2,76,,6394,7,,,2
5003701,'1',1726,,6396,27,,,2
5003801,'1',1702,,6398,27,,,2,49,,6397,27,,,2
2000003101,'2',735,,7595,7,,,2,101,,7596,7,,,2,101,,7597,7,,,2,101,,7598,7,,,2,101,,7599,7,,,2,101,,7600,7,,,2,215,,7601,7,,,2,101,,7602,7,,,2,101,,7603,7,,,2,96,,7604,7,,,2,90,,7605,7,0,8,2
2000003101,'3',836,,7607,7,,,2,101,,7608,7,,,2,101,,7609,7,,,2,101,,7610,7,,,2,101,,7611,7,,,2,215,,7612,7,,,2,101,,7613,7,,,2,101,,7614,7,,,2,96,,7615,7,,,2,90,,7616,7,0,8,2
