905231701,'27',2311,,6491,73,4,,2,29,,6494,73,4,,2,70,,6489,73,4,,2,30,,6492,73,4,,2,70,,6490,73,4,,2,30,,6493,73,4,,2,70,,6495,73,4,,2
905231701,'28',2311,,6498,73,4,,2,29,,6501,73,4,,2,70,,6496,73,4,,2,30,,6499,73,4,,2,70,,6497,73,4,,2,30,,6500,73,4,,2,70,,6502,73,4,,2
905231701,'29',2311,,6505,73,4,,2,29,,6508,73,4,,2,70,,6503,73,4,,2,30,,6506,73,4,,2,70,,6504,73,4,,2,30,,6507,73,4,,2,70,,6509,73,4,,2
1200000101,'1',1618,,7023,77,,,1,32,,7024,77,,,1,71,,7025,77,,,1,30,,7026,77,,,1
1200000301,'1',620,,7383,26,,,1,28,,7388,26,,,1,77,,7381,39,,,1,20,,7385,39,,,1,75,,7391,39,,,1,29,,7386,39,,,1,65,,7394,39,,,1,25,,7382,39,,,1,69,,7392,39,,,1,27,,7390,39,,,1,73,,7395,39,,,1,33,,7396,39,,,1,70,,7398,39,,,1,34,,7400,39,,,1,72,,7402,39,,,1,28,,7397,39,,,1,70,,7399,39,,,1,28,,7401,39,,,1,71,,7403,39,,,1,36,,7404,39,,,1,60,,7407,36,,,1,23,,7405,36,,,1,18,,7410,36,,,1,59,,7409,36,,,1,11,,7414,36,,,1,13,,7412,36,,,1,14,,7413,36,,,1,56,,7416,36,,,1,14,,7408,36,,,1,12,,7411,36,,,1,15,,7406,36,,,1,68,,7415,36,,,1,24,,7419,39,,,1,64,,7417,39,,,1,31,,7418,39,,,1,70,,7420,39,,,1,29,,7421,39,,,1,73,,7424,39,,,1,31,,7422,26,,,1,70,,7425,26,,,1,28,,7423,26,,,1,70,,7426,26,,,1,39,,7427,26,,,1
1200000301,'2',800,,7428,39,,,1,30,,7431,39,,,1,71,,7434,39,,,1,32,,7437,39,,,1,71,,7429,39,,,1,32,,7432,39,,,1,71,,7435,39,,,1,31,,7438,39,,,1,71,,7430,39,,,1,31,,7433,39,,,1,71,,7436,39,,,1,31,,7439,39,,,1,71,,7440,39,,,1,30,,7443,39,,,1,70,,7449,39,,,1,30,,7446,39,,,1,70,,7441,39,,,1,31,,7444,39,,,1,71,,7450,39,,,1,27,,7447,39,,,1,68,,7442,39,,,1,28,,7445,39,,,1,67,,7451,39,,,1,27,,7448,39,,,1,75,,7452,26,,,1,100,,7453,26,,,1,96,,7454,26,,,1,98,,7455,26,,,1,38,,7456,26,,,1,102,,7457,26,,,1
1200000301,'27',2234,,7459,29,,,1,70,,7462,29,,,1,30,,7464,29,,,1,83,,7460,29,,,1,28,,7463,29,,,1,70,,7458,29,,,1,30,,7461,29,,,1
1200000301,'28',2234,,7466,29,,,1,70,,7469,29,,,1,30,,7471,29,,,1,83,,7467,29,,,1,28,,7470,29,,,1,70,,7465,29,,,1,30,,7468,29,,,1
1200000301,'29',2234,,7473,29,,,1,70,,7476,29,,,1,30,,7478,29,,,1,83,,7474,29,,,1,28,,7477,29,,,1,70,,7472,29,,,1,30,,7475,29,,,1
1200000301,'3',830,,7479,39,,,1,71,,7481,39,,,1,32,,7487,39,,,1,71,,7484,39,,,1,32,,7480,39,,,1,71,,7482,39,,,1,31,,7488,39,,,1,71,,7485,39,,,1,31,,7489,39,,,1,71,,7483,39,,,1,31,,7491,39,,,1,71,,7486,39,,,1,30,,7490,39,,,1,70,,7493,39,,,1,30,,7492,39,,,1,70,,7496,39,,,1,31,,7498,39,,,1,71,,7494,39,,,1,27,,7502,39,,,1,68,,7497,39,,,1,28,,7499,39,,,1,67,,7495,39,,,1,27,,7503,39,,,1,75,,7500,26,,,1,121,,7501,26,,,1
