11100,'15',724,,6226,38,,,2
1001101,'1',605,,6322,45,,,1,29,,6326,79,,,1,73,,6323,79,,,1,32,,6327,79,,,1,73,,6324,79,,,1,22,,6320,79,,,1,81,,6325,79,,,1,42,,6328,79,,,1,70,,6329,79,,,1,75,,6333,79,,,1,30,,6330,79,,,1,75,,6334,79,,,1,30,,6331,79,,,1,73,,6335,79,,,1,30,,6332,79,,,1,78,,6336,79,,,1,30,,6338,79,,,1,88,,6337,79,,,1,72,,6339,79,,,1,49,,6341,79,,,1,62,,6340,79,,,1,21,,6344,79,,,1,67,,6342,79,,,1,33,,6345,79,,,1,69,,6343,79,,,1,31,,6346,79,,,1,100,,6347,79,,,1,99,,6348,79,,,1,100,,6349,79,,,1
1001101,'2',737,,6351,45,,,1,99,,6352,79,,,1,103,,6353,79,,,1,101,,6354,79,,,1,99,,6355,79,,,1,100,,6359,79,,,1,100,,6360,79,,,1,101,,6358,79,,,1,100,,6356,79,,,1,99,,6357,79,,,1,102,,6361,79,,,1,97,,6362,79,,,1,100,,6363,79,,,1,99,,6364,79,,,1,100,,6365,79,,,1,100,,6366,79,,,1
1001101,'3',939,,6368,45,,,1,101,,6369,79,,,1,99,,6372,79,,,1,100,,6373,79,,,1,100,,6370,79,,,1,101,,6371,79,,,1,100,,6374,79,,,1,99,,6375,79,,,1,102,,6376,79,,,1,97,,6377,79,,,1
1200000201,'1',546,,7270,11,,,1,60,,7272,11,,,1,17,,7274,11,,,1,19,,7262,41,,,1,62,,7279,11,,,1,18,,7265,53,,,1,17,,7264,53,,,1,61,,7269,53,,,1,20,,7271,53,,,1,19,,7273,53,,,1,20,,7276,53,,,1,55,,7277,53,,,1,16,,7263,53,,,1,12,,7280,53,,,1,14,,7268,53,,,1,51,,7266,53,,,1,12,,7275,53,,,1,12,,7281,53,,,1,14,,7278,53,,,1,57,,7282,53,,,1,31,,7284,53,,,1,69,,7286,53,,,1,30,,7267,53,,,1,73,,7287,53,,,1,29,,7283,53,,,1,70,,7285,53,,,1,31,,7289,53,,,1,72,,7290,53,,,1,30,,7288,53,,,1,82,,7292,53,,,1,26,,7294,53,,,1,56,,7297,53,,,1,16,,7295,53,,,1,17,,7296,53,,,1,11,,7293,53,,,1,10,,7298,53,,,1,52,,7299,53,,,1,14,,7301,53,,,1,13,,7291,53,,,1,9,,7304,53,,,1,13,,7305,53,,,1,53,,7308,53,,,1,12,,7309,53,,,1,13,,7303,53,,,1,24,,7302,53,,,1,66,,7300,53,,,1,19,,7310,53,,,1,68,,7311,53,,,1,32,,7306,53,,,1,75,,7313,53,,,1,26,,7315,53,,,1,71,,7312,53,,,1,27,,7307,53,,,1,71,,7314,53,,,1,46,,7316,53,,,1
1200000201,'14',1719,,7317,47,,,1
1200000201,'2',644,,7323,11,,,1,68,,7321,41,,,1,39,,7318,53,,,1,70,,7326,53,,,1,31,,7324,53,,,1,72,,7322,53,,,1,32,,7328,53,,,1,71,,7319,53,,,1,31,,7327,53,,,1,72,,7325,53,,,1,72,,7330,53,,,1,31,,7329,53,,,1,71,,7320,53,,,1,32,,7332,53,,,1,71,,7334,53,,,1,30,,7331,53,,,1,70,,7336,53,,,1,31,,7337,53,,,1,70,,7333,53,,,1,30,,7335,53,,,1,71,,7339,53,,,1,31,,7341,53,,,1,67,,7338,53,,,1,25,,7343,53,,,1,68,,7344,53,,,1,25,,7340,53,,,1,25,,7342,53,,,1,67,,7348,53,,,1,29,,7347,53,,,1,71,,7345,53,,,1,27,,7349,53,,,1,68,,7351,53,,,1,29,,7350,53,,,1,70,,7353,53,,,1,30,,7346,53,,,1,68,,7352,53,,,1,49,,7354,53,,,1
1200000201,'27',2256,,7355,46,,,1,70,,7358,46,,,1,29,,7356,46,,,1,83,,7359,46,,,1,68,,7361,46,,,1,30,,7357,46,,,1,70,,7360,46,,,1
1200000201,'28',2255,,7362,46,,,1,70,,7365,46,,,1,30,,7363,46,,,1,82,,7366,46,,,1,68,,7368,46,,,1,30,,7364,46,,,1,70,,7367,46,,,1
1200000201,'29',2255,,7369,46,,,1,70,,7372,46,,,1,30,,7370,46,,,1,82,,7373,46,,,1,68,,7375,46,,,1,30,,7371,46,,,1,70,,7374,46,,,1
1200000201,'3',644,,7376,11,,,1,68,,7378,11,,,1,32,,7380,11,,,1,70,,7382,11,,,1,38,,7377,53,,,1,72,,7379,53,,,1,32,,7381,53,,,1,70,,7383,53,,,1,32,,7384,53,,,1,72,,7388,53,,,1,72,,7386,53,,,1,31,,7390,53,,,1,71,,7387,53,,,1,32,,7385,53,,,1,71,,7389,53,,,1,30,,7392,53,,,1,70,,7391,53,,,1,31,,7393,53,,,1,70,,7395,53,,,1,30,,7397,53,,,1,71,,7400,53,,,1,31,,7402,53,,,1,67,,7394,53,,,1,25,,7396,53,,,1,68,,7398,53,,,1,25,,7401,53,,,1,25,,7403,53,,,1,67,,7405,53,,,1,29,,7404,53,,,1,71,,7399,53,,,1,27,,7406,53,,,1
