2300,'1',550,,5924,4,0,14,2,194,,5919,4,0,14,2,79,,5927,4,0,14,2,36,,5904,4,0,14,2,76,,5906,4,0,14,2,70,,5905,4,0,14,2,30,,5907,4,0,14,2,70,,5908,4,0,14,2,30,,5909,4,0,14,2,77,,5912,4,0,14,2,30,,5910,4,0,14,2,70,,5913,4,0,14,2,30,,5911,4,0,14,2,71,,5914,4,0,14,2,33,,5915,4,0,14,2,72,,5917,4,0,14,2,118,,5918,4,0,14,2,77,,5916,4,0,14,2,24,,5925,4,0,14,2,73,,5920,4,0,14,2,30,,5926,4,0,14,2,73,,5921,4,0,14,2,102,,5922,4,0,14,2,95,,5923,4,0,14,2
2300,'2',628,,5930,4,0,14,2,100,,5931,4,0,14,2,101,,5932,4,0,14,2,102,,5933,4,0,14,2,102,,5934,4,0,14,2,102,,5935,4,0,14,2,101,,5936,4,0,14,2,108,,5937,4,0,14,2,100,,5938,4,0,14,2,100,,5939,4,0,14,2,101,,5940,4,0,14,2,88,,5941,4,0,14,2
2300,'3',728,,5942,4,0,14,2,101,,5943,4,0,14,2,102,,5944,4,0,14,2,102,,5945,4,0,14,2,102,,5946,4,0,14,2,101,,5947,4,0,14,2,108,,5948,4,0,14,2,100,,5949,4,0,14,2,100,,5950,4,0,14,2,101,,5951,4,0,14,2,88,,5952,4,0,14,2
2301,'1',1513,,5966,52,,,2,91,,5964,52,,,2,614,,5972,52,,,2
2301,'2',1227,,5985,52,,,2,600,,5991,52,,,2
2301,'3',1227,,5996,52,,,2,600,,6002,52,,,2
23100,'15',706,,6293,16,,,2
23500,'12',754,,6295,27,,,2
5002300,'1',614,,6378,4,,,2,25,,6379,4,,,2,69,,6380,4,,,2
5002301,'1',1741,,6381,62,,,2
