905231701,'27',2308,,6491,66,4,,2,29,,6494,66,4,,2,70,,6489,66,4,,2,30,,6492,66,4,,2,70,,6490,66,4,,2,30,,6493,66,4,,2,70,,6495,66,4,,2
905231701,'28',2308,,6498,66,4,,2,29,,6501,66,4,,2,70,,6496,66,4,,2,30,,6499,66,4,,2,70,,6497,66,4,,2,30,,6500,66,4,,2,70,,6502,66,4,,2
905231701,'29',2308,,6505,66,4,,2,29,,6508,66,4,,2,70,,6503,66,4,,2,30,,6506,66,4,,2,70,,6504,66,4,,2,30,,6507,66,4,,2,70,,6509,66,4,,2
1200000101,'1',1615,,7148,70,,,1,32,,7149,70,,,1,71,,7150,70,,,1,30,,7151,70,,,1
1200000301,'1',617,,7508,19,,,1,28,,7513,19,,,1,77,,7506,32,,,1,20,,7510,32,,,1,75,,7516,32,,,1,29,,7511,32,,,1,65,,7519,32,,,1,25,,7507,32,,,1,69,,7517,32,,,1,27,,7515,32,,,1,73,,7520,32,,,1,33,,7521,32,,,1,70,,7523,32,,,1,34,,7525,32,,,1,72,,7527,32,,,1,28,,7522,32,,,1,70,,7524,32,,,1,28,,7526,32,,,1,71,,7528,32,,,1,36,,7529,32,,,1,60,,7532,29,,,1,23,,7530,29,,,1,18,,7535,29,,,1,59,,7534,29,,,1,11,,7539,29,,,1,13,,7537,29,,,1,14,,7538,29,,,1,56,,7541,29,,,1,14,,7533,29,,,1,12,,7536,29,,,1,15,,7531,29,,,1,68,,7540,29,,,1,24,,7544,32,,,1,24,,7542,32,,,1,71,,7543,32,,,1,30,,7545,32,,,1,69,,7546,32,,,1,73,,7549,32,,,1,31,,7547,19,,,1,70,,7550,19,,,1,28,,7548,19,,,1,70,,7551,19,,,1,39,,7552,19,,,1
1200000301,'2',757,,7553,32,,,1,70,,7556,32,,,1,31,,7559,32,,,1,72,,7562,32,,,1,71,,7554,32,,,1,32,,7557,32,,,1,71,,7560,32,,,1,31,,7563,32,,,1,71,,7555,32,,,1,31,,7558,32,,,1,71,,7561,32,,,1,31,,7564,32,,,1,71,,7565,32,,,1,30,,7568,32,,,1,70,,7574,32,,,1,30,,7571,32,,,1,70,,7566,32,,,1,31,,7569,32,,,1,71,,7575,32,,,1,27,,7572,32,,,1,68,,7567,32,,,1,28,,7570,32,,,1,67,,7576,32,,,1,27,,7573,32,,,1,75,,7577,19,,,1,100,,7578,19,,,1,96,,7579,19,,,1,58,,7580,19,,,1,78,,7581,19,,,1,102,,7582,19,,,1
1200000301,'27',2231,,7584,22,,,1,70,,7587,22,,,1,30,,7589,22,,,1,83,,7585,22,,,1,28,,7588,22,,,1,70,,7583,22,,,1,30,,7586,22,,,1
1200000301,'28',2231,,7591,22,,,1,70,,7594,22,,,1,30,,7596,22,,,1,83,,7592,22,,,1,28,,7595,22,,,1,70,,7590,22,,,1,30,,7593,22,,,1
1200000301,'29',2231,,7598,22,,,1,70,,7601,22,,,1,30,,7603,22,,,1,83,,7599,22,,,1,28,,7602,22,,,1,70,,7597,22,,,1,30,,7600,22,,,1
1200000301,'3',827,,7604,32,,,1,31,,7606,32,,,1,72,,7612,32,,,1,71,,7609,32,,,1,32,,7605,32,,,1,71,,7607,32,,,1,31,,7613,32,,,1,71,,7610,32,,,1,31,,7614,32,,,1,71,,7608,32,,,1,31,,7616,32,,,1,71,,7611,32,,,1,30,,7615,32,,,1,70,,7618,32,,,1,30,,7617,32,,,1,70,,7621,32,,,1,31,,7623,32,,,1,71,,7619,32,,,1,27,,7627,32,,,1,68,,7622,32,,,1,28,,7624,32,,,1,67,,7620,32,,,1,27,,7628,32,,,1,75,,7625,19,,,1,121,,7626,19,,,1
