3400,'71',610,,4634,13,0,14,2,114,,4635,15,0,14,2,77,,4636,13,0,14,2,36,,4633,15,0,24 1 15,2,677,,4637,4,0,14,2,41,,4638,13,0,14,2,91,,4639,15,0,14,2,82,,4640,15,0,14,2,89,,4641,15,0,14,2
3800,'71',1515,,4801,6,,,2
22101,'85',1512,,4924,6,,,2
22201,'85',1512,,4926,6,,,2
23101,'85',1512,,4932,6,,,2
23201,'85',1512,,4934,6,,,2
24101,'85',1511,,4938,6,,,2
24201,'85',1511,,4940,6,,,2
31101,'85',1514,,4946,6,,,2
32501,'83',1626,,4948,31,,,2
35101,'85',1514,,4954,6,,,2
38101,'85',1514,,4966,6,,,2
5003400,'71',633,,5039,13,,,2,21,,5038,13,,,2
2000003400,'72',719,,5682,13,,,2,85,,5683,15,,,2,45,,5684,15,,,2,85,,5685,15,,,2,85,,5686,15,,,2,86,,5687,15,,,2,45,,5688,15,,,2,85,,5689,15,,,2,174,,5690,15,,,2,41,,5691,15,,,2,92,,5692,15,,,2,78,,5693,15,,,2,93,,5694,15,,,2,38,,5695,15,,,2,87,,5696,15,,,2
2000003400,'73',804,,5697,13,,,2,45,,5698,15,,,2,85,,5699,15,,,2,85,,5700,15,,,2,86,,5701,15,,,2,45,,5702,15,,,2,85,,5703,15,,,2,174,,5704,15,,,2,41,,5705,15,,,2,92,,5706,15,,,2,78,,5707,15,,,2,93,,5708,15,,,2,38,,5709,15,,,2,87,,5710,15,,,2
