13801,'83',1616,,4871,11,,,2
34501,'83',1615,,4950,11,,,2
35501,'83',1619,,4956,11,,,2
5004200,'81',650,,5054,4,,,2
1200000101,'71',1533,,5070,30,,,1,72,,5071,30,,,1,30,,5069,30,,,1,74,,5072,30,,,1
1200000200,'71',538,,5075,4,,,1,15,,5074,26,,,1,55,,5078,26,,,1,8,,5082,4,,,1,7,,5080,26,,,1,16,,5081,26,,,1,15,,5077,26,,,1,55,,5085,26,,,1,17,,5073,26,,,1,15,,5087,26,,,1,16,,5076,26,,,1,54,,5089,26,,,1,14,,5083,26,,,1,15,,5090,26,,,1,19,,5079,26,,,1,54,,5091,26,,,1,17,,5084,26,,,1,17,,5086,26,,,1,54,,5092,26,,,1,15,,5088,26,,,1,15,,5094,26,,,1,15,,5095,26,,,1,55,,5096,26,,,1,15,,5098,26,,,1,15,,5099,26,,,1,15,,5101,26,,,1,55,,5102,26,,,1,15,,5103,26,,,1,16,,5093,26,,,1,15,,5105,26,,,1,55,,5106,26,,,1,15,,5107,26,,,1,14,,5097,26,,,1,15,,5104,26,,,1,55,,5100,26,,,1,21,,5108,26,,,1,12,,5109,26,,,1,15,,5110,26,,,1,55,,5111,26,,,1,15,,5112,26,,,1,12,,5113,26,,,1,14,,5115,26,,,1,55,,5117,26,,,1,15,,5119,26,,,1,8,,5121,13,,,1,8,,5120,26,,,1,13,,5122,26,,,1,15,,5125,26,,,1,57,,5126,26,,,1,15,,5123,26,,,1,15,,5124,26,,,1,55,,5116,26,,,1,15,,5114,26,,,1,15,,5128,26,,,1,15,,5118,26,,,1,70,,5129,26,,,1,30,,5127,26,,,1,70,,5133,26,,,1,30,,5135,26,,,1,69,,5136,26,,,1,32,,5130,26,,,1,70,,5132,26,,,1,32,,5134,26,,,1,66,,5137,26,,,1,30,,5131,26,0,14,1
1200000200,'72',716,,5139,26,,,1,30,,5142,26,,,1,70,,5143,26,,,1,30,,5144,26,,,1,70,,5138,26,,,1,30,,5141,26,,,1,70,,5140,26,,,1,30,,5145,26,,,1,70,,5146,26,,,1,31,,5148,26,,,1,69,,5147,26,,,1,30,,5150,26,,,1,70,,5151,26,,,1,30,,5152,26,,,1,70,,5153,26,,,1,30,,5154,26,,,1,70,,5149,26,,,1,30,,5156,26,,,1,70,,5155,26,,,1,30,,5159,26,,,1,70,,5158,26,,,1,31,,5161,26,,,1,69,,5162,26,,,1,29,,5163,26,,,1,70,,5165,26,,,1,31,,5157,26,,,1,69,,5167,26,,,1,29,,5168,26,,,1,70,,5164,26,,,1,30,,5166,26,,,1,70,,5160,26,,,1,30,,5169,26,,,1,70,,5170,26,,,1
1200000200,'73',716,,5171,26,,,1,30,,5173,26,,,1,70,,5174,26,,,1,30,,5175,26,,,1,70,,5176,26,,,1,30,,5172,26,,,1,70,,5177,26,,,1,30,,5179,26,,,1,70,,5178,26,,,1,31,,5181,26,,,1,69,,5180,26,,,1,30,,5183,26,,,1,70,,5184,26,,,1,30,,5185,26,,,1,70,,5186,26,,,1,30,,5188,26,,,1,70,,5182,26,,,1,30,,5191,26,,,1,70,,5189,26,,,1,30,,5193,26,,,1,70,,5192,26,,,1,31,,5195,26,,,1,69,,5196,26,,,1,29,,5197,26,,,1,70,,5187,26,,,1,31,,5194,26,,,1,69,,5190,26,,,1
1200000200,'89',630,,5198,4,,,1,21,,5200,4,,,1
1200000400,'71',646,,5565,28,,,1,55,,5566,28,,,1,16,,5567,28,,,1,16,,5564,28,,,1
