1300,'71',650,,4398,45,4,,2,71,,4400,45,4,,2,20,,4399,45,4,,2,83,,4401,45,4,,2,81,,4397,45,4,,2,711,,4402,45,4,,2,97,,4405,45,4,,2,13,,4403,45,4,,2,79,,4406,45,4,,2,26,,4404,45,4,,2
1300,'87',908,,4407,40,4,,2
1301,'71',642,,4409,1,,,2,82,3,4410,1,,,2,33,7,4408,1,,,2,845,,4413,1,,,2,17,3,4411,1,,,2,40,6,4414,1,,,2,70,3,4412,1,,,2
1200000200,'71',532,,5074,1,0,36 37,1,14,,5078,1,0,36 37,1,55,47,5080,1,0,36 37,1,15,2,5081,1,0,36 37,1,15,8,5077,1,0,36 37,1,14,,5085,1,0,36 37,1,57,52,5073,1,0,36 37,1,15,5,5087,1,0,36 37,1,15,7,5076,1,0,36 37,1,15,,5089,1,0,36 37,1,54,45,5083,1,0,36 37,1,15,,5090,1,0,36 37,1,18,30,5079,1,0,36 37,1,16,,5091,1,0,36 37,1,57,56,5084,1,0,36 37,1,18,9,5086,1,0,36 37,1,14,,5092,1,0,36 37,1,15,9,5088,1,0,36 37,1,55,,5094,1,0,36 37,1,15,,5095,1,0,36 37,1,15,,5096,1,0,36 37,1,15,,5098,1,0,36 37,1,55,,5099,1,0,36 37,1,14,,5101,1,0,36 37,1,15,,5102,1,0,36 37,1,14,,5103,1,0,36 37,1,57,58,5093,1,0,36 37,1,15,,5105,1,0,36 37,1,15,,5106,1,0,36 37,1,15,,5107,1,0,36 37,1,54,57,5097,1,0,36 37,1,15,13,5104,1,0,36 37,1,15,14,5100,1,0,36 37,1,21,,5108,1,0,36 37,1,52,,5109,1,0,36 37,1,15,,5110,1,0,36 37,1,15,,5111,1,0,36 37,1,15,,5112,1,0,36 37,1,52,,5113,1,0,36 37,1,13,,5115,1,0,36 37,1,13,,5117,1,0,36 37,1,13,,5119,1,0,36 37,1,55,,5120,1,0,36 37,1,16,,5122,1,0,36 37,1,16,,5125,1,0,36 37,1,17,,5126,1,0,36 37,1,57,6,5123,1,0,36 37,1,16,12,5124,1,0,36 37,1,15,9,5116,1,0,36 37,1,15,7,5114,1,0,36 37,1,55,,5128,1,0,36 37,1,15,16,5118,1,0,36 37,1,30,,5129,1,0,36 37,1,70,9,5127,1,0,36 37,1,30,,5133,1,0,36 37,1,70,,5135,1,0,36 37,1,30,,5136,1,0,36 37,1,72,8,5130,1,0,36 37,1,32,8,5132,1,0,36 37,1,72,6,5134,1,0,36 37,1,27,7,5137,1,0,36 37,1,70,6,5131,1,0,14,1
1200000200,'72',655,3,5139,1,0,36 37,1,70,3,5142,1,0,36 37,1,30,8,5143,1,0,36 37,1,69,,5144,1,0,36 37,1,30,10,5138,1,0,36 37,1,70,8,5141,1,0,36 37,1,30,4,5140,1,0,36 37,1,70,,5145,1,0,36 37,1,30,,5146,1,0,36 37,1,71,,5148,1,0,36 37,1,29,5,5147,1,0,36 37,1,70,,5150,1,0,36 37,1,29,,5151,1,0,36 37,1,71,,5152,1,0,36 37,1,30,,5153,1,0,36 37,1,70,,5154,1,0,36 37,1,30,4,5149,1,0,36 37,1,70,,5156,1,0,36 37,1,30,4,5155,1,0,36 37,1,70,,5159,1,0,36 37,1,30,5,5158,1,0,36 37,1,71,,5161,1,0,36 37,1,29,,5162,1,0,36 37,1,70,,5163,1,0,36 37,1,30,,5165,1,0,36 37,1,71,4,5157,1,0,36 37,1,29,6,5167,1,0,36 37,1,70,,5168,1,0,36 37,1,30,29,5164,1,0,36 37,1,70,70,5166,1,0,36 37,1,30,7,5160,1,0,36 37,1,70,4,5169,1,0,36 37,1,30,6,5170,1,0,36 37,1
1200000200,'73',655,3,5171,1,0,36 37,1,70,3,5173,1,0,36 37,1,30,3,5174,1,0,36 37,1,69,2,5175,1,0,36 37,1,30,,5176,1,0,36 37,1,70,8,5172,1,0,36 37,1,30,5,5177,1,0,36 37,1,70,,5179,1,0,36 37,1,30,4,5178,1,0,36 37,1,71,,5181,1,0,36 37,1,29,5,5180,1,0,36 37,1,70,,5183,1,0,36 37,1,29,,5184,1,0,36 37,1,71,,5185,1,0,36 37,1,30,,5186,1,0,36 37,1,70,,5188,1,0,36 37,1,30,4,5182,1,0,36 37,1,70,,5191,1,0,36 37,1,30,4,5189,1,0,36 37,1,70,,5193,1,0,36 37,1,30,5,5192,1,0,36 37,1,71,,5195,1,0,36 37,1,29,,5196,1,0,36 37,1,70,,5197,1,0,36 37,1,30,4,5187,1,0,36 37,1,71,7,5194,1,0,36 37,1,29,8,5190,1,0,36 37,1
1200000201,'71',554,,5210,19,4,,1,60,,5212,19,4,,1,17,,5215,19,4,,1,19,,5201,49,4,,1,62,,5220,19,4,,1,13,,5205,61,4,,1,18,,5204,61,4,,1,61,,5208,61,4,,1,9,,5214,61,4,,1,14,,5203,61,4,,1,13,,5213,61,4,,1,19,,5207,61,4,,1,57,,5218,61,4,,1,15,,5202,61,4,,1,14,,5221,61,4,,1,13,,5206,61,4,,1,52,,5223,61,4,,1,12,,5216,61,4,,1,12,,5224,61,4,,1,15,,5209,61,4,,1,52,,5225,61,4,,1,17,,5217,61,4,,1,19,,5219,61,4,,1,14,,5226,61,4,,1,55,,5222,61,4,,1,15,,5228,61,4,,1,15,,5229,61,4,,1,15,,5230,61,4,,1,58,,5232,61,4,,1,15,,5233,61,4,,1,15,,5235,61,4,,1,14,,5236,61,4,,1,55,,5237,61,4,,1,16,,5227,61,4,,1,15,,5239,61,4,,1,15,,5240,61,4,,1,57,,5241,61,4,,1,14,,5231,61,4,,1,17,,5238,61,4,,1,59,,5234,61,4,,1,29,,5242,61,4,,1,19,,5243,61,4,,1,56,,5244,61,4,,1,13,,5245,61,4,,1,6,,5253,49,4,,1,14,,5246,61,4,,1,9,,5247,61,4,,1,10,,5249,61,4,,1,51,,5251,61,4,,1,15,,5254,61,4,,1,13,,5255,61,4,,1,9,,5256,61,4,,1,13,,5259,61,4,,1,57,,5260,61,4,,1,9,,5257,61,4,,1,12,,5258,61,4,,1,13,,5250,61,4,,1,52,,5248,61,4,,1,14,,5261,61,4,,1,14,,5252,61,4,,1,20,,5262,61,4,,1,69,,5263,61,4,,1,32,,5265,61,4,,1,74,,5267,61,4,,1,26,,5269,61,4,,1,71,,5264,61,4,,1,26,,5266,61,4,,1,71,,5268,61,4,,1,86,,5270,61,4,,1
1200000201,'72',652,,5275,19,4,,1,70,,5281,19,4,,1,21,,5272,61,4,,1,71,,5271,61,4,,1,30,,5273,61,4,,1,72,,5279,61,4,,1,32,,5284,61,4,,1,72,,5277,61,4,,1,31,,5276,61,4,,1,69,,5282,61,4,,1,30,,5283,61,4,,1,71,,5285,61,4,,1,31,,5274,61,4,,1,71,,5280,61,4,,1,30,,5278,61,4,,1,70,,5286,61,4,,1,32,,5287,61,4,,1,69,,5289,61,4,,1,33,,5288,61,4,,1,70,,5291,61,4,,1,29,,5292,61,4,,1,72,,5293,61,4,,1,31,,5294,61,4,,1,65,,5295,61,4,,1,28,,5290,61,4,,1,69,,5297,61,4,,1,25,,5296,61,4,,1,79,,5300,61,4,,1,29,,5302,61,4,,1,71,,5298,61,4,,1,27,,5304,61,4,,1,68,,5305,61,4,,1,29,,5301,61,4,,1,70,,5303,61,4,,1,29,,5299,61,4,,1,68,,5306,61,4,,1,89,,5307,61,4,,1
1200000201,'73',652,,5309,19,4,,1,70,,5313,19,4,,1,30,,5316,19,4,,1,70,,5319,19,4,,1,22,,5308,61,4,,1,72,,5311,61,4,,1,32,,5315,61,4,,1,72,,5318,61,4,,1,31,,5310,61,4,,1,69,,5314,61,4,,1,30,,5317,61,4,,1,71,,5320,61,4,,1,31,,5321,61,4,,1,71,,5312,61,4,,1,30,,5322,61,4,,1,70,,5324,61,4,,1,32,,5323,61,4,,1,69,,5326,61,4,,1,33,,5325,61,4,,1,70,,5328,61,4,,1,29,,5329,61,4,,1,72,,5330,61,4,,1,31,,5331,61,4,,1,65,,5333,61,4,,1,28,,5327,61,4,,1,69,,5336,61,4,,1,25,,5334,61,4,,1,79,,5338,61,4,,1,29,,5332,61,4,,1,71,,5337,61,4,,1,27,,5335,61,4,,1
1200000201,'81',735,,5339,49,4,,1,17,,5340,49,4,,1,861,,5341,61,4,,1
1200000201,'89',1656,,5345,61,4,,1,53,,5346,61,4,,1
