1300,'1',639,,5808,26,,,2,85,,5806,26,,,2,84,,5807,26,,,2,793,,5809,26,,,2,108,,5811,26,,,2,14,,5810,26,,,2,32,,5813,26,,,2,72,,5812,26,,,2
1300,'16',851,,5815,26,,,2,3,,5814,21,,,2
1501,'1',1531,,5837,15,,,2,79,,5840,15,,,2,21,,5842,15,,,2,79,,5838,15,0,41,2,29,,5841,15,,,2
1601,'1',643,,5859,15,,,2,64,,5861,15,,,2,31,,5860,15,,,2,174,,5858,15,0,41,2
11900,'16',853,,6228,37,,,2
12900,'16',848,,6232,18,,,2
905231701,'27',2236,,6491,20,4,,2,70,,6494,20,4,,2,30,,6489,20,4,,2,70,,6492,20,4,,2,30,,6490,20,4,,2,70,,6493,20,4,,2,30,,6495,20,4,,2
905231701,'28',2236,,6498,20,4,,2,70,,6501,20,4,,2,30,,6496,20,4,,2,70,,6499,20,4,,2,30,,6497,20,4,,2,70,,6500,20,4,,2,30,,6502,20,4,,2
905231701,'29',2236,,6505,20,4,,2,70,,6508,20,4,,2,30,,6503,20,4,,2,70,,6506,20,4,,2,30,,6504,20,4,,2,70,,6507,20,4,,2,30,,6509,20,4,,2
1200000101,'1',1522,,7023,17,,,1,30,,7024,17,,,1,69,,7025,17,,,1,35,,7026,17,,,1
1200000200,'1',547,,7028,20,,,1,55,,7033,20,,,1,15,,7034,20,,,1,16,,7035,20,,,1,15,,7037,20,,,1,55,,7038,20,,,1,17,,7027,20,,,1,15,,7040,20,,,1,16,,7032,20,,,1,54,,7030,20,,,1,14,,7036,20,,,1,15,,7041,20,,,1,19,,7039,20,,,1,59,,7042,20,,,1,29,,7044,20,,,1,69,,7046,20,,,1,30,,7031,20,,,1,70,,7047,20,,,1,30,,7043,20,,,1,70,,7045,20,,,1,31,,7049,20,,,1,70,,7050,20,,,1,29,,7048,20,,,1,70,,7052,20,,,1,18,,7054,20,,,1,30,,7055,20,,,1,55,,7056,20,,,1,12,,7053,20,,,1,14,,7057,20,,,1,15,,7058,20,,,1,54,,7060,20,,,1,15,,7051,20,,,1,15,,7063,20,,,1,15,,7064,20,,,1,57,,7067,20,,,1,15,,7068,20,,,1,15,,7062,20,,,1,70,,7061,20,,,1,30,,7059,20,,,1,70,,7065,20,,,1,30,,7071,20,,,1,70,,7072,20,,,1,30,,7074,20,,,1,70,,7075,20,,,1,32,,7069,20,,,1,70,,7066,20,,,1,32,,7073,20,,,1,67,,7076,20,,,1,30,,7070,20,0,14,1
1200000200,'2',710,,7080,20,,,1,30,,7079,20,,,1,70,,7083,20,,,1,30,,7077,20,,,1,70,,7082,20,,,1,30,,7081,20,,,1,70,,7085,20,,,1,30,,7084,20,,,1,70,,7078,20,,,1,30,,7087,20,,,1,70,,7089,20,,,1,30,,7086,20,,,1,70,,7091,20,,,1,30,,7092,20,,,1,70,,7088,20,,,1,30,,7090,20,,,1,70,,7094,20,,,1,30,,7096,20,,,1,70,,7093,20,,,1,30,,7098,20,,,1,70,,7099,20,,,1,31,,7095,20,,,1,70,,7097,20,,,1,29,,7103,20,,,1,70,,7102,20,,,1,31,,7100,20,,,1,69,,7104,20,,,1,29,,7106,20,,,1,70,,7105,20,,,1,30,,7108,20,,,1,70,,7101,20,,,1,30,,7107,20,,,1,70,,7109,20,,,1
1200000200,'3',710,,7110,20,,,1,30,,7111,20,,,1,70,,7112,20,,,1,30,,7113,20,,,1,70,,7114,20,,,1,30,,7118,20,,,1,70,,7116,20,,,1,30,,7120,20,,,1,70,,7117,20,,,1,30,,7115,20,,,1,70,,7119,20,,,1,30,,7122,20,,,1,70,,7121,20,,,1,30,,7123,20,,,1,70,,7125,20,,,1,30,,7127,20,,,1,70,,7130,20,,,1,30,,7132,20,,,1,70,,7124,20,,,1,30,,7126,20,,,1,70,,7128,20,,,1,31,,7131,20,,,1,70,,7133,20,,,1,29,,7135,20,,,1,70,,7134,20,,,1,31,,7129,20,,,1,69,,7136,20,,,1
1200000400,'1',640,,7504,22,,,1,15,,7505,22,,,1
