11,1100,'1',5748,5749,5750,5751,5752,5753,5754,5755,5756,5757,5758,5759,5760,5761,5762,5763,5764,5765,5766,5767,5768,5769,5770,5771,5772,5773,5774,5775,5776,5777,5778
11,1100,'2',5779,5780,5781,5782,5783,5784,5785,5786,5787,5788,5789,5790,5791,5792,5793,5794,5795
11,1100,'3',5796,5797,5798,5799,5800,5801,5802,5803,5804,5805
13,1300,'1',5806,5807,5808,5809,5810,5811,5812,5813
13,1300,'16',5814,5815
13,1301,'1',5816,5817,5818,5819,5820,5821,5822
15,1500,'1',5823,5824,5825,5826,5827,5828,5829,5830,5831,5832
15,1500,'16',5833
15,1501,'1',5834,5835,5836,5837,5838,5839,5840,5841,5842,5843,5844,5845,5846,5847
16,1600,'1',5848,5849,5850,5851,5852,5853,5854,5855,5856,5857
16,1601,'1',5858,5859,5860,5861,5862,5863
22,2200,'1',5864,5865,5866,5867,5868,5869,5870,5871,5872,5873,5874,5875,5876,5877,5878,5879,5880
22,2200,'13',5881,5882
22,2201,'1',5883,5884,5885,5886,5887,5888,5889,5890,5891,5892,5893,5894,5895,5896,5897,5898,5899,5900,5901
22,2201,'14',5902,5903
23,2300,'1',5904,5905,5906,5907,5908,5909,5910,5911,5912,5913,5914,5915,5916,5917,5918,5919,5920,5921,5922,5923,5924,5925,5926,5927
23,2300,'13',5928,5929
23,2300,'2',5930,5931,5932,5933,5934,5935,5936,5937,5938,5939,5940,5941
23,2300,'3',5942,5943,5944,5945,5946,5947,5948,5949,5950,5951,5952
23,2301,'1',5953,5954,5955,5956,5957,5958,5959,5960,5961,5962,5963,5964,5965,5966,5967,5968,5969,5970,5971,5972,5973,5974,5975,5976,5977
23,2301,'14',5978,5979
23,2301,'2',5980,5981,5982,5983,5984,5985,5986,5987,5988,5989,5990,5991
23,2301,'3',5992,5993,5994,5995,5996,5997,5998,5999,6000,6001,6002
24,2400,'1',6003,6004
24,2401,'1',6005,6006,6007,6008,6009,6010
31,3101,'1',6011,6012,6013,6014,6015,6016,6017,6018,6019,6020,6021,6022,6023,6024,6025,6026,6027,6028,6029,6030
34,3400,'1',6031,6032,6033,6034,6035,6036,6037
34,3400,'13',6038
34,3401,'1',6039,6040,6041,6042,6043,6044,6045,6046,6047
34,3401,'14',6048
35,3501,'1',6049,6050,6051,6052,6053,6054,6055,6056,6057,6058,6059,6060,6061,6062,6063,6064,6065,6066,6067,6068,6069,6070,6071,6072,6073,6074,6075
35,3501,'2',6076,6077,6078,6079,6080,6081,6082,6083,6084,6085,6086,6087,6088,6089,6090,6091,6092,6093,6094,6095,6096,6097,6098,6099,6100,6101,6102
35,3501,'3',6103,6104,6105,6106,6107,6108,6109,6110,6111,6112,6113,6114,6115,6116,6117,6118,6119
36,3600,'1',6120
36,3600,'13',6121
37,3701,'1',6122,6123,6124,6125,6126,6127,6128,6129,6130,6131,6132,6133,6134,6135,6136,6137,6138,6139,6140
37,3701,'2',6141,6142,6143,6144,6145,6146,6147,6148,6149,6150,6151,6152,6153,6154,6155,6156,6157,6158
37,3701,'3',6159,6160,6161,6162,6163,6164,6165,6166,6167,6168,6169,6170
38,3800,'1',6171,6172,6173,6174,6175,6176,6177,6178,6179,6180,6181,6182,6183,6184,6185
38,3800,'2',6186,6187,6188,6189,6190,6191,6192,6193,6194,6195,6196,6197,6198,6199,6200,6201
38,3800,'3',6202,6203,6204,6205,6206,6207,6208,6209,6210,6211,6212,6213
39,3900,'1',6214,6215,6216
39,3901,'1',6217,6218,6219
65,6500,'1',6220,6221,6222
65,6501,'1',6223,6224,6225
111,11100,'15',6226
115,11500,'12',6227
119,11900,'16',6228
125,12500,'12',6229
126,12600,'12',6230
127,12700,'12',6231
129,12900,'16',6232
131,13100,'15',6233
135,13500,'12',6234
136,13600,'12',6235
137,13700,'16',6236
138,13800,'12',6237
139,13900,'16',6238
155,15500,'12',6239
156,15600,'12',6240
158,15800,'16',6241
200,20000,'1',6242,6243,6244,6245
200,20000,'2',6246,6247
200,20001,'1',6248,6249,6250,6251
200,20001,'2',6252,6253,6254
210,21000,'1',6255,6256,6257,6258,6259,6260,6261
210,21000,'2',6262,6263,6264,6265,6266,6267
210,21000,'3',6268,6269,6270,6271
210,21001,'1',6272,6273,6274,6275,6276
210,21001,'2',6277,6278,6279,6280,6281,6282,6283
210,21001,'3',6284,6285,6286,6287
221,22100,'15',6288
222,22200,'15',6289
225,22500,'12',6290
229,22900,'13',6291
229,22901,'14',6292
231,23100,'15',6293
232,23200,'15',6294
235,23500,'12',6295
241,24100,'15',6296
242,24200,'15',6297
245,24500,'12',6298
246,24600,'12',6299
311,31100,'15',6300
319,31900,'13',6301,6302
319,31901,'14',6303
325,32500,'12',6304
345,34500,'12',6305
350,35000,'13',6306
351,35100,'15',6307
355,35500,'12',6308
375,37500,'12',6309
380,38000,'1',6310,6311,6312
380,38001,'1',6313,6314,6315
381,38100,'15',6316
385,38500,'12',6317
399,39900,'13',6318
399,39901,'14',6319
10011,1001101,'1',6320,6321,6322,6323,6324,6325,6326,6327,6328,6329,6330,6331,6332,6333,6334,6335,6336,6337,6338,6339,6340,6341,6342,6343,6344,6345,6346,6347,6348,6349,6350
10011,1001101,'2',6351,6352,6353,6354,6355,6356,6357,6358,6359,6360,6361,6362,6363,6364,6365,6366,6367
10011,1001101,'3',6368,6369,6370,6371,6372,6373,6374,6375,6376,6377
50023,5002300,'1',6378,6379,6380
50023,5002301,'1',6381,6382
50024,5002400,'1',6383,6384
50024,5002401,'1',6385,6386
50034,5003400,'1',6387,6388
50034,5003401,'1',6389
50036,5003600,'1',6390,6391
50036,5003601,'1',6392,6393
50037,5003700,'1',6394,6395
50037,5003701,'1',6396
50038,5003801,'1',6397,6398
50042,5004200,'11',6399
50043,5004300,'11',6400,6401
50043,5004301,'11',6402,6403,6404
9052117,905211700,'24',6405,6406,6407,6408,6409,6410,6411,6412,6413,6414,6415,6416,6417
9052117,905211700,'25',6418,6419,6420,6421,6422,6423,6424,6425,6426,6427,6428,6429,6430
9052117,905211700,'26',6431,6432,6433,6434,6435,6436,6437,6438,6439,6440,6441,6442,6443
9052117,905211701,'24',6444,6445,6446,6447,6448,6449,6450,6451,6452,6453,6454,6455,6456,6457,6458
9052117,905211701,'25',6459,6460,6461,6462,6463,6464,6465,6466,6467,6468,6469,6470,6471,6472,6473
9052117,905211701,'26',6474,6475,6476,6477,6478,6479,6480,6481,6482,6483,6484,6485,6486,6487,6488
9052317,905231701,'27',6489,6490,6491,6492,6493,6494,6495
9052317,905231701,'28',6496,6497,6498,6499,6500,6501,6502
9052317,905231701,'29',6503,6504,6505,6506,6507,6508,6509
9052517,905251700,'24',6510,6511,6512,6513,6514,6515,6516,6517,6518,6519,6520,6521,6522
9052517,905251700,'25',6523,6524,6525,6526,6527,6528,6529,6530,6531,6532,6533,6534,6535
9052517,905251700,'26',6536,6537,6538,6539,6540,6541,6542,6543,6544,6545,6546,6547,6548
9052517,905251701,'24',6549,6550,6551,6552,6553,6554,6555,6556,6557,6558,6559,6560,6561,6562,6563
9052517,905251701,'25',6564,6565,6566,6567,6568,6569,6570,6571,6572,6573,6574,6575,6576,6577,6578
9052517,905251701,'26',6579,6580,6581,6582,6583,6584,6585,6586,6587,6588,6589,6590,6591,6592,6593
9052717,905271700,'20',6594,6595,6596,6597,6598,6599,6600,6601,6602,6603,6604,6605,6606,6607,6608,6609,6610,6611,6612,6613,6614,6615
9052717,905271700,'21',6616,6617,6618,6619,6620,6621,6622,6623,6624,6625,6626,6627
9052717,905271700,'22',6628,6629,6630,6631,6632,6633,6634,6635,6636,6637,6638,6639,6640,6641,6642,6643,6644,6645,6646,6647,6648,6649,6650,6651,6652,6653,6654,6655,6656,6657,6658,6659,6660,6661
9052717,905271700,'23',6662,6663,6664,6665,6666,6667,6668,6669,6670,6671,6672,6673,6674,6675,6676,6677,6678,6679,6680,6681,6682,6683,6684
9052717,905271700,'30',6685,6686,6687,6688,6689,6690,6691,6692,6693,6694,6695,6696,6697,6698
9052717,905271700,'31',6699,6700,6701,6702,6703,6704,6705,6706,6707,6708,6709,6710,6711,6712
9052717,905271700,'32',6713,6714,6715,6716,6717,6718,6719,6720,6721,6722,6723,6724,6725,6726,6727,6728,6729,6730,6731,6732,6733,6734,6735,6736,6737,6738,6739,6740,6741,6742,6743,6744,6745,6746
9052717,905271700,'33',6747,6748,6749,6750,6751,6752,6753,6754,6755,6756,6757,6758,6759,6760,6761,6762,6763,6764,6765,6766,6767,6768,6769,6770,6771,6772,6773,6774
9052717,905271701,'20',6775,6776,6777,6778,6779,6780,6781,6782,6783,6784,6785,6786,6787,6788,6789,6790,6791,6792,6793,6794,6795,6796,6797
9052717,905271701,'21',6798,6799,6800,6801,6802,6803,6804,6805,6806,6807,6808,6809
9052717,905271701,'22',6810,6811,6812,6813,6814,6815,6816,6817,6818,6819,6820,6821,6822,6823,6824,6825,6826,6827,6828,6829,6830,6831,6832,6833,6834,6835,6836,6837,6838,6839,6840,6841,6842,6843,6844
9052717,905271701,'23',6845,6846,6847,6848,6849,6850,6851,6852,6853,6854,6855,6856,6857,6858,6859,6860,6861,6862,6863,6864,6865,6866,6867
9052717,905271701,'30',6868,6869,6870,6871,6872,6873,6874,6875,6876,6877,6878,6879,6880,6881,6882,6883
9052717,905271701,'31',6884,6885,6886,6887,6888,6889,6890,6891,6892,6893,6894,6895,6896,6897,6898,6899
9052717,905271701,'32',6900,6901,6902,6903,6904,6905,6906,6907,6908,6909,6910,6911,6912,6913,6914,6915,6916,6917,6918,6919,6920,6921,6922,6923,6924,6925,6926,6927,6928,6929,6930,6931,6932,6933,6934
9052717,905271701,'33',6935,6936,6937,6938,6939,6940,6941,6942,6943,6944,6945,6946,6947,6948,6949,6950,6951,6952,6953,6954,6955,6956,6957,6958,6959,6960,6961,6962
9052917,905291700,'24',6963,6964,6965,6966,6967,6968,6969,6970,6971,6972,6973,6974,6975,6976,6977,6978
9052917,905291700,'25',6979,6980,6981,6982,6983,6984,6985,6986,6987,6988,6989,6990,6991,6992,6993,6994
9052917,905291700,'26',6995,6996,6997,6998,6999,7000,7001,7002,7003,7004,7005,7006,7007,7008,7009,7010
9052917,905291701,'24',7011,7012,7013,7014,7015,7016,7017,7018,7019,7020,7021,7022,7023,7024,7025
9052917,905291701,'25',7026,7027,7028,7029,7030,7031,7032,7033,7034,7035,7036,7037,7038,7039,7040
9052917,905291701,'26',7041,7042,7043,7044,7045,7046,7047,7048,7049,7050,7051,7052,7053,7054,7055
9053117,905311700,'24',7056,7057,7058,7059,7060,7061,7062,7063,7064,7065,7066,7067,7068
9053117,905311700,'25',7069,7070,7071,7072,7073,7074,7075,7076,7077,7078,7079,7080,7081
9053117,905311700,'26',7082,7083,7084,7085,7086,7087,7088,7089,7090,7091,7092,7093,7094
9053117,905311701,'24',7095,7096,7097,7098,7099,7100,7101,7102,7103,7104,7105,7106,7107,7108,7109
9053117,905311701,'25',7110,7111,7112,7113,7114,7115,7116,7117,7118,7119,7120,7121,7122,7123,7124
9053117,905311701,'26',7125,7126,7127,7128,7129,7130,7131,7132,7133,7134,7135,7136,7137,7138,7139
12000001,1200000100,'1',7140,7141,7142,7143,7144,7145,7146,7147
12000001,1200000101,'1',7148,7149,7150,7151
12000002,1200000200,'1',7152,7153,7154,7155,7156,7157,7158,7159,7160,7161,7162,7163,7164,7165,7166,7167,7168,7169,7170,7171,7172,7173,7174,7175,7176,7177,7178,7179,7180,7181,7182,7183,7184,7185,7186,7187,7188,7189,7190,7191,7192,7193,7194,7195,7196,7197,7198,7199,7200,7201
12000002,1200000200,'2',7202,7203,7204,7205,7206,7207,7208,7209,7210,7211,7212,7213,7214,7215,7216,7217,7218,7219,7220,7221,7222,7223,7224,7225,7226,7227,7228,7229,7230,7231,7232,7233,7234
12000002,1200000200,'3',7235,7236,7237,7238,7239,7240,7241,7242,7243,7244,7245,7246,7247,7248,7249,7250,7251,7252,7253,7254,7255,7256,7257,7258,7259,7260,7261
12000002,1200000201,'1',7262,7263,7264,7265,7266,7267,7268,7269,7270,7271,7272,7273,7274,7275,7276,7277,7278,7279,7280,7281,7282,7283,7284,7285,7286,7287,7288,7289,7290,7291,7292,7293,7294,7295,7296,7297,7298,7299,7300,7301,7302,7303,7304,7305,7306,7307,7308,7309,7310,7311,7312,7313,7314,7315,7316
12000002,1200000201,'14',7317
12000002,1200000201,'2',7318,7319,7320,7321,7322,7323,7324,7325,7326,7327,7328,7329,7330,7331,7332,7333,7334,7335,7336,7337,7338,7339,7340,7341,7342,7343,7344,7345,7346,7347,7348,7349,7350,7351,7352,7353,7354
12000002,1200000201,'27',7355,7356,7357,7358,7359,7360,7361
12000002,1200000201,'28',7362,7363,7364,7365,7366,7367,7368
12000002,1200000201,'29',7369,7370,7371,7372,7373,7374,7375
12000002,1200000201,'3',7376,7377,7378,7379,7380,7381,7382,7383,7384,7385,7386,7387,7388,7389,7390,7391,7392,7393,7394,7395,7396,7397,7398,7399,7400,7401,7402,7403,7404,7405,7406
12000003,1200000300,'1',7407,7408,7409,7410,7411,7412,7413,7414,7415,7416,7417,7418,7419,7420,7421,7422,7423,7424,7425,7426,7427,7428,7429,7430,7431,7432,7433,7434,7435,7436,7437,7438,7439,7440,7441,7442,7443,7444,7445,7446,7447,7448,7449
12000003,1200000300,'2',7450,7451,7452,7453,7454,7455,7456,7457,7458,7459,7460,7461,7462,7463,7464,7465,7466,7467,7468,7469,7470,7471,7472,7473,7474,7475,7476,7477,7478,7479
12000003,1200000300,'3',7480,7481,7482,7483,7484,7485,7486,7487,7488,7489,7490,7491,7492,7493,7494,7495,7496,7497,7498,7499,7500,7501,7502,7503,7504,7505
12000003,1200000301,'1',7506,7507,7508,7509,7510,7511,7512,7513,7514,7515,7516,7517,7518,7519,7520,7521,7522,7523,7524,7525,7526,7527,7528,7529,7530,7531,7532,7533,7534,7535,7536,7537,7538,7539,7540,7541,7542,7543,7544,7545,7546,7547,7548,7549,7550,7551,7552
12000003,1200000301,'2',7553,7554,7555,7556,7557,7558,7559,7560,7561,7562,7563,7564,7565,7566,7567,7568,7569,7570,7571,7572,7573,7574,7575,7576,7577,7578,7579,7580,7581,7582
12000003,1200000301,'27',7583,7584,7585,7586,7587,7588,7589
12000003,1200000301,'28',7590,7591,7592,7593,7594,7595,7596
12000003,1200000301,'29',7597,7598,7599,7600,7601,7602,7603
12000003,1200000301,'3',7604,7605,7606,7607,7608,7609,7610,7611,7612,7613,7614,7615,7616,7617,7618,7619,7620,7621,7622,7623,7624,7625,7626,7627,7628
12000004,1200000400,'1',7629,7630
12000004,1200000401,'1',7631,7632,7633,7634,7635,7636
20000001,2000000100,'1',7637,7638,7639,7640,7641,7642,7643
20000001,2000000101,'1',7644,7645,7646,7647,7648
20000002,2000000200,'1',7649,7650,7651,7652,7653,7654,7655,7656
20000002,2000000200,'12',7657
20000002,2000000201,'1',7658,7659,7660,7661,7662,7663,7664,7665
20000002,2000000201,'12',7666
20000015,2000001500,'2',7667,7668,7669,7670,7671,7672,7673,7674,7675,7676,7677
20000015,2000001500,'3',7678,7679,7680,7681,7682,7683,7684,7685,7686,7687
20000015,2000001501,'2',7688,7689,7690,7691,7692,7693,7694,7695,7696,7697,7698
20000015,2000001501,'3',7699,7700,7701,7702,7703,7704,7705,7706,7707,7708
20000022,2000002200,'1',7709,7710,7711,7712,7713
20000022,2000002201,'1',7714,7715,7716,7717,7718
20000031,2000003101,'2',7719,7720,7721,7722,7723,7724,7725,7726,7727,7728,7729,7730
20000031,2000003101,'3',7731,7732,7733,7734,7735,7736,7737,7738,7739,7740,7741
20000034,2000003400,'2',7742,7743,7744,7745,7746,7747,7748,7749,7750,7751,7752,7753,7754,7755,7756
20000034,2000003400,'3',7757,7758,7759,7760,7761,7762,7763,7764,7765,7766,7767,7768,7769,7770
20000034,2000003401,'2',7771,7772,7773,7774,7775,7776,7777,7778,7779,7780,7781,7782,7783,7784,7785
20000034,2000003401,'3',7786,7787,7788,7789,7790,7791,7792,7793,7794,7795,7796,7797,7798,7799
20000065,2000006500,'1',7800,7801
20000065,2000006501,'1',7802,7803,7804
20000066,2000006600,'1',7805
20000066,2000006601,'1',7806,7807
