3101,'1',606,,6012,36,,,2,30,,6014,36,,,2,67,,6013,68,,,2,32,,6011,68,,,2,104,,6015,68,,,2,105,,6016,68,,,2,99,,6017,68,,,2,100,,6018,68,,,2,106,,6019,68,,,2,102,,6020,68,,,2,101,,6021,68,,,2,100,,6022,68,,,2,97,,6023,68,,,2,71,,6026,68,,,2,31,,6027,68,,,2,71,,6024,68,,,2,33,,6028,68,,,2,64,,6025,68,,,2,36,,6029,68,,,2
3800,'1',808,,6171,37,,,2,103,,6172,37,,,2,99,,6173,37,,,2,102,,6174,37,,,2,115,,6175,37,,,2,102,,6176,37,,,2,102,,6177,37,,,2,106,,6178,37,,,2,119,,6179,37,,,2,72,,6180,37,,,2,174,,6181,37,,,2,56,,6182,37,,,2,96,,6183,37,,,2,100,,6184,37,,,2,98,,6185,37,,,2
3800,'2',736,,6186,37,,,2,101,,6187,37,,,2,103,,6188,37,,,2,101,,6189,37,,,2,102,,6190,37,,,2,116,,6191,37,,,2,142,,6192,37,,,2,101,,6193,37,,,2,100,,6194,37,,,2,102,,6195,37,,,2,99,,6196,37,,,2,54,,6197,37,,,2,96,,6198,37,,,2,100,,6199,37,,,2,97,,6200,37,,,2,101,,6201,37,,,2
3800,'3',837,,6202,37,,,2,103,,6203,37,,,2,101,,6204,37,,,2,102,,6205,37,,,2,116,,6206,37,,,2,142,,6207,37,,,2,101,,6208,37,,,2,100,,6209,37,,,2,102,,6210,37,,,2,99,,6211,37,,,2,54,,6212,37,,,2,96,,6213,37,,,2
3900,'1',633,,6215,12,,,2,80,,6216,12,,,2,31,,6214,12,,,2
31100,'15',739,,6300,43,,,2
38000,'1',1650,,6312,8,,,2,87,,6310,8,,,2,87,,6311,8,,,2
38100,'15',720,,6316,29,,,2
38500,'12',812,,6317,15,,,2
5003801,'1',1723,,6398,68,,,2,89,,6397,68,,,2
2000003101,'2',709,,7594,37,,,2,102,,7595,69,,,2,101,,7596,69,,,2,101,,7597,69,,,2,101,,7598,69,,,2,101,,7599,69,,,2,101,,7600,69,,,2,215,,7601,69,,,2,101,,7602,69,,,2,101,,7603,69,,,2,96,,7604,69,,,2
2000003101,'3',811,,7606,37,,,2,101,,7607,69,,,2,101,,7608,69,,,2,101,,7609,69,,,2,101,,7610,69,,,2,101,,7611,69,,,2,215,,7612,69,,,2,101,,7613,69,,,2,101,,7614,69,,,2,96,,7615,69,,,2
