3101,'1',624,,6013,3,,,2,32,,6011,3,,,2,144,,6015,3,,,2,105,,6016,3,,,2,99,,6017,3,,,2,100,,6018,3,,,2,106,,6019,3,,,2,102,,6020,3,,,2,101,,6021,3,,,2,99,,6022,3,,,2,97,,6023,3,,,2,31,,6026,3,,,2,72,,6027,3,,,2,31,,6024,3,,,2,73,,6028,3,,,2,24,,6025,3,,,2,76,,6029,3,,,2,290,,6030,3,0,8,2
3701,'1',615,,6123,3,0,9,2,103,,6124,3,,,2,105,,6125,3,0,9,2,104,,6126,3,0,9,2,97,,6127,3,0,9,2,102,,6128,3,0,9,2,115,,6129,3,0,9,2,102,,6130,3,0,9,2,102,,6131,3,0,9,2,113,,6132,3,0,9,2,183,,6133,3,0,9,2,72,,6134,3,0,9,2,101,,6135,3,0,9,2,96,,6136,3,0,9,2,96,,6137,3,0,9,2,100,,6138,3,0,9,2,100,,6139,3,0,9,2,28,,6140,3,0,9,2
3701,'2',650,,6141,3,0,9,2,100,,6142,3,0,9,2,102,,6143,3,0,9,2,102,,6144,3,0,9,2,102,,6145,3,0,9,2,156,,6146,3,0,9,2,103,,6147,3,0,9,2,100,,6148,3,0,9,2,101,,6149,3,0,9,2,100,,6150,3,0,9,2,101,,6151,3,0,9,2,95,,6152,3,0,9,2,97,,6153,3,0,9,2,96,,6154,3,0,9,2,100,,6155,3,0,9,2,101,,6156,3,0,9,2,98,,6157,3,0,9,2,28,,6158,3,0,9,2
3701,'3',750,,6159,3,0,9,2,102,,6160,3,0,9,2,102,,6161,3,0,9,2,102,,6162,3,0,9,2,156,,6163,3,0,9,2,103,,6164,3,0,9,2,100,,6165,3,0,9,2,101,,6166,3,0,9,2,100,,6167,3,0,9,2,101,,6168,3,0,9,2,95,,6169,3,0,9,2,97,,6170,3,0,9,2
3800,'1',750,,6171,3,,,2,104,,6172,3,,,2,99,,6173,3,,,2,102,,6174,3,,,2,155,,6175,3,,,2,102,,6176,3,,,2,102,,6177,3,,,2,104,,6178,3,,,2,120,,6179,3,,,2,74,,6180,3,,,2,134,,6181,3,,,2,96,,6182,3,,,2,96,,6183,3,,,2,100,,6184,3,,,2,98,,6185,3,,,2
3800,'2',720,,6186,3,,,2,101,,6187,3,,,2,103,,6188,3,,,2,101,,6189,3,,,2,102,,6190,3,,,2,116,,6191,3,,,2,102,,6192,3,,,2,101,,6193,3,,,2,100,,6194,3,,,2,102,,6195,3,,,2,99,,6196,3,,,2,94,,6197,3,,,2,96,,6198,3,,,2,100,,6199,3,,,2,97,,6200,3,,,2,101,,6201,3,,,2
3800,'3',821,,6202,3,,,2,103,,6203,3,,,2,101,,6204,3,,,2,102,,6205,3,,,2,116,,6206,3,,,2,102,,6207,3,,,2,101,,6208,3,,,2,100,,6209,3,,,2,102,,6210,3,,,2,99,,6211,3,,,2,94,,6212,3,,,2,96,,6213,3,,,2
3901,'1',1624,,6219,3,,,2,88,,6217,3,,,2,47,,6218,3,,,2
5003700,'1',625,,6395,3,,,2,76,,6394,3,,,2
5003701,'1',1723,,6396,23,,,2
5003801,'1',1658,,6398,23,,,2,90,,6397,23,,,2
2000003101,'2',733,,7720,3,,,2,101,,7721,3,,,2,101,,7722,3,,,2,101,,7723,3,,,2,101,,7724,3,,,2,101,,7725,3,,,2,215,,7726,3,,,2,101,,7727,3,,,2,101,,7728,3,,,2,96,,7729,3,,,2,90,,7730,3,0,8,2
2000003101,'3',834,,7732,3,,,2,101,,7733,3,,,2,101,,7734,3,,,2,101,,7735,3,,,2,101,,7736,3,,,2,215,,7737,3,,,2,101,,7738,3,,,2,101,,7739,3,,,2,96,,7740,3,,,2,90,,7741,3,0,8,2
