1100,'71',606,,4342,1,,,1,25,,4339,73,,,1,74,,4343,73,,,1,29,,4340,73,,,1,74,,4344,73,,,1,30,,4341,73,,,1,18,,4345,73,,,1,69,,4350,73,,,1,34,,4346,73,,,1,70,,4351,73,,,1,75,,4347,73,,,1,30,,4352,73,,,1,73,,4348,73,,,1,30,,4353,73,,,1,77,,4349,73,,,1,30,,4354,73,,,1,88,,4358,73,,,1,71,,4355,73,,,1,36,,4359,73,,,1,71,,4356,73,,,1,42,,4360,74,,,1,62,,4357,73,,,1,22,,4363,73,,,1,66,,4361,73,,,1,36,,4364,73,,,1,68,,4362,73,,,1,30,,4365,73,,,1,100,,4366,73,,,1,100,,4367,73,,,1,100,,4368,73,,,1,100,,4369,73,,,1
1100,'72',734,,4370,73,,,1,102,,4371,73,,,1,99,,4372,73,,,1,102,,4373,73,,,1,100,,4374,73,,,1,100,,4375,73,,,1,101,,4376,73,,,1,99,,4377,73,,,1,100,,4378,73,,,1,100,,4379,73,,,1,99,,4380,73,,,1,100,,4381,73,,,1,99,,4384,73,,,1,100,,4382,73,,,1,100,,4383,73,,,1,100,,4386,73,,,1,100,,4385,73,,,1
1100,'73',935,,4387,73,,,1,102,,4388,73,,,1,100,,4389,73,,,1,100,,4390,73,,,1,101,,4391,73,,,1,99,,4392,73,,,1,100,,4393,73,,,1,100,,4394,73,,,1,99,,4395,73,,,1,100,,4396,73,,,1
15801,'88',1627,,4878,5,,,2
20001,'71',548,,4888,4,0,14,2,60,,4889,4,0,14,2,7,,4890,4,0,14,2,8,,4891,4,0,14,2,801,,4892,4,,,2,29,,4893,4,,,2,76,,4894,4,0,14,2,308,,4895,4,0,14,2
20001,'72',611,,4896,4,,,2,20,,4897,4,0,14,2,16,,4898,4,,,2
21001,'71',528,,4909,4,,,2,27,,4910,4,,,2,55,,4911,4,,,2,13,,4912,4,,,2,324,,4913,4,,,2,163,,4914,4,,,2,894,,4915,4,,,2
21001,'72',554,,4916,4,,,2,69,,4917,4,,,2,30,,4918,4,,,2,70,,4919,4,,,2
21001,'73',623,,4920,4,,,2,30,,4921,4,,,2,70,,4922,4,,,2
35001,'71',1540,,4952,4,,,2
38001,'71',523,,4962,4,,,2,88,,4963,4,,,2,19,,4964,4,,,2
1200000101,'71',1524,,5070,20,,,1,31,,5071,20,,,1,70,,5069,20,,,1,76,,5072,20,,,1
