905271700,'20',1530,,6594,1,,,2,20,3,6595,1,,,2,60,3,6596,1,,,2,20,3,6597,1,,,2,20,3,6598,1,,,2,60,3,6599,1,,,2,20,3,6600,1,,,2,20,3,6601,1,,,2,60,3,6602,1,,,2,20,3,6603,1,,,2,20,3,6604,1,,,2,60,,6605,1,,,2,20,3,6606,1,,,2,20,3,6607,1,,,2,60,3,6608,1,,,2,20,3,6609,1,,,2,20,3,6610,1,,,2,60,3,6611,1,,,2,20,3,6612,1,,,2,20,3,6613,1,,,2,60,3,6614,1,,,2,20,3,6615,1,,,2
905271700,'21',1130,,6616,1,,,2,20,3,6617,1,,,2,60,3,6618,1,,,2,20,3,6619,1,,,2,20,3,6620,1,,,2,60,3,6621,1,,,2,20,3,6622,1,,,2,20,3,6623,1,,,2,60,3,6624,1,,,2,20,3,6625,1,,,2,20,3,6626,1,,,2,60,3,6627,1,,,2
905271700,'22',1130,,6628,1,,,2,20,3,6629,1,,,2,60,3,6630,1,,,2,20,3,6631,1,,,2,20,3,6632,1,,,2,60,3,6633,1,,,2,20,3,6634,1,,,2,20,3,6635,1,,,2,60,3,6636,1,,,2,20,3,6637,1,,,2,20,3,6638,1,,,2,60,3,6639,1,,,2,20,,6640,1,,,2,20,3,6641,1,,,2,60,3,6642,1,,,2,20,3,6643,1,,,2,20,3,6644,1,,,2,60,3,6645,1,,,2,20,3,6646,1,,,2,20,3,6647,1,,,2,60,3,6648,1,,,2,20,3,6649,1,,,2,20,3,6650,1,,,2,60,,6651,1,,,2,20,3,6652,1,,,2,20,3,6653,1,,,2,60,3,6654,1,,,2,20,3,6655,1,,,2,20,3,6656,1,,,2,60,3,6657,1,,,2,20,3,6658,1,,,2,20,3,6659,1,,,2,60,3,6660,1,,,2,20,3,6661,1,,,2
905271700,'23',1130,,6662,1,,,2,20,3,6663,1,,,2,60,3,6664,1,,,2,20,3,6665,1,,,2,20,3,6666,1,,,2,60,3,6667,1,,,2,20,3,6668,1,,,2,20,3,6669,1,,,2,60,3,6670,1,,,2,20,3,6671,1,,,2,20,3,6672,1,,,2,60,3,6673,1,,,2,20,,6674,1,,,2,20,3,6675,1,,,2,60,3,6676,1,,,2,20,3,6677,1,,,2,20,3,6678,1,,,2,60,3,6679,1,,,2,20,3,6680,1,,,2,20,3,6681,1,,,2,60,3,6682,1,,,2,20,3,6683,1,,,2,20,3,6684,1,,,2
905271700,'30',1730,,6685,1,,,2,20,3,6686,1,,,2,60,3,6687,1,,,2,20,3,6688,1,,,2,20,3,6689,1,,,2,60,3,6690,1,,,2,20,3,6691,1,,,2,20,3,6692,1,,,2,60,,6693,1,,,2,20,3,6694,1,,,2,20,3,6695,1,,,2,60,3,6696,1,,,2,20,3,6697,1,,,2,20,3,6698,1,,,2
905271700,'31',1730,,6699,1,,,2,20,3,6700,1,,,2,60,3,6701,1,,,2,20,3,6702,1,,,2,20,3,6703,1,,,2,60,3,6704,1,,,2,20,3,6705,1,,,2,20,3,6706,1,,,2,60,,6707,1,,,2,20,3,6708,1,,,2,20,3,6709,1,,,2,60,3,6710,1,,,2,20,3,6711,1,,,2,20,3,6712,1,,,2
905271700,'32',950,,6713,1,,,2,60,3,6714,1,,,2,20,3,6715,1,,,2,20,3,6716,1,,,2,60,3,6717,1,,,2,20,3,6718,1,,,2,20,3,6719,1,,,2,60,3,6720,1,,,2,20,3,6721,1,,,2,20,3,6722,1,,,2,60,3,6723,1,,,2,20,3,6724,1,,,2,20,,6725,1,,,2,60,3,6726,1,,,2,20,3,6727,1,,,2,20,3,6728,1,,,2,60,3,6729,1,,,2,20,3,6730,1,,,2,20,3,6731,1,,,2,60,3,6732,1,,,2,20,3,6733,1,,,2,20,3,6734,1,,,2,60,3,6735,1,,,2,20,,6736,1,,,2,20,3,6737,1,,,2,60,3,6738,1,,,2,20,3,6739,1,,,2,20,3,6740,1,,,2,60,3,6741,1,,,2,20,3,6742,1,,,2,20,3,6743,1,,,2,60,3,6744,1,,,2,20,3,6745,1,,,2,20,3,6746,1,,,2
905271700,'33',950,,6747,1,,,2,60,3,6748,1,,,2,20,3,6749,1,,,2,20,3,6750,1,,,2,60,3,6751,1,,,2,20,3,6752,1,,,2,20,3,6753,1,,,2,60,3,6754,1,,,2,20,3,6755,1,,,2,20,3,6756,1,,,2,60,3,6757,1,,,2,20,3,6758,1,,,2,20,3,6759,1,,,2,60,3,6760,1,,,2,20,,6761,1,,,2,20,3,6762,1,,,2,60,3,6763,1,,,2,20,3,6764,1,,,2,20,3,6765,1,,,2,60,3,6766,1,,,2,20,3,6767,1,,,2,20,3,6768,1,,,2,60,3,6769,1,,,2,20,3,6770,1,,,2,20,3,6771,1,,,2,60,3,6772,1,,,2,20,3,6773,1,,,2,20,3,6774,1,,,2
905271701,'20',1547,,6775,2,4,,2,60,,6776,2,4,,2,20,,6777,2,4,,2,20,,6778,2,4,,2,60,,6779,2,4,,2,20,,6780,2,4,,2,20,,6781,2,4,,2,60,,6782,2,4,,2,20,,6783,2,4,,2,20,,6784,2,4,,2,60,,6785,2,4,,2,20,,6786,2,4,,2,20,,6787,2,4,,2,60,,6788,2,4,,2,20,,6789,2,4,,2,20,,6790,2,4,,2,60,,6791,2,4,,2,20,,6792,2,4,,2,20,,6793,2,4,,2,60,,6794,2,4,,2,20,,6795,2,4,,2,20,,6796,2,4,,2,60,,6797,2,4,,2
905271701,'21',1147,,6798,2,4,,2,60,,6799,2,4,,2,20,,6800,2,4,,2,20,,6801,2,4,,2,60,,6802,2,4,,2,20,,6803,2,4,,2,20,,6804,2,4,,2,60,,6805,2,4,,2,20,,6806,2,4,,2,20,,6807,2,4,,2,60,,6808,2,4,,2,20,,6809,2,4,,2
905271701,'22',1147,,6810,2,4,,2,60,,6811,2,4,,2,20,,6812,2,4,,2,20,,6813,2,4,,2,60,,6814,2,4,,2,20,,6815,2,4,,2,20,,6816,2,4,,2,60,,6817,2,4,,2,20,,6818,2,4,,2,20,,6819,2,4,,2,60,,6820,2,4,,2,20,,6821,2,4,,2,20,,6822,2,4,,2,60,,6823,2,4,,2,20,,6824,2,4,,2,20,,6825,2,4,,2,60,,6826,2,4,,2,20,,6827,2,4,,2,20,,6828,2,4,,2,60,,6829,2,4,,2,20,,6830,2,4,,2,20,,6831,2,4,,2,60,,6832,2,4,,2,20,,6833,2,4,,2,20,,6834,2,4,,2,60,,6835,2,4,,2,20,,6836,2,4,,2,20,,6837,2,4,,2,60,,6838,2,4,,2,20,,6839,2,4,,2,20,,6840,2,4,,2,60,,6841,2,4,,2,20,,6842,2,4,,2,20,,6843,2,4,,2,60,,6844,2,4,,2
905271701,'23',1147,,6845,2,4,,2,60,,6846,2,4,,2,20,,6847,2,4,,2,20,,6848,2,4,,2,60,,6849,2,4,,2,20,,6850,2,4,,2,20,,6851,2,4,,2,60,,6852,2,4,,2,20,,6853,2,4,,2,20,,6854,2,4,,2,60,,6855,2,4,,2,20,,6856,2,4,,2,20,,6857,2,4,,2,60,,6858,2,4,,2,20,,6859,2,4,,2,20,,6860,2,4,,2,60,,6861,2,4,,2,20,,6862,2,4,,2,20,,6863,2,4,,2,60,,6864,2,4,,2,20,,6865,2,4,,2,20,,6866,2,4,,2,60,,6867,2,4,,2
905271701,'30',1747,,6868,2,4,,2,60,,6869,2,4,,2,20,,6870,2,4,,2,20,,6871,2,4,,2,60,,6872,2,4,,2,20,,6873,2,4,,2,20,,6874,2,4,,2,60,,6875,2,4,,2,20,,6876,2,4,,2,20,,6877,2,4,,2,60,,6878,2,4,,2,20,,6879,2,4,,2,20,,6880,2,4,,2,90,,6881,2,4,,2,15,,6882,2,4,,2,55,,6883,2,4,,2
905271701,'31',1747,,6884,2,4,,2,60,,6885,2,4,,2,20,,6886,2,4,,2,20,,6887,2,4,,2,60,,6888,2,4,,2,20,,6889,2,4,,2,20,,6890,2,4,,2,60,,6891,2,4,,2,20,,6892,2,4,,2,20,,6893,2,4,,2,60,,6894,2,4,,2,20,,6895,2,4,,2,20,,6896,2,4,,2,90,,6897,2,4,,2,15,,6898,2,4,,2,55,,6899,2,4,,2
905271701,'32',1007,,6900,2,4,,2,20,,6901,2,4,,2,20,,6902,2,4,,2,60,,6903,2,4,,2,20,,6904,2,4,,2,20,,6905,2,4,,2,60,,6906,2,4,,2,20,,6907,2,4,,2,20,,6908,2,4,,2,60,,6909,2,4,,2,20,,6910,2,4,,2,20,,6911,2,4,,2,60,,6912,2,4,,2,20,,6913,2,4,,2,20,,6914,2,4,,2,60,,6915,2,4,,2,20,,6916,2,4,,2,20,,6917,2,4,,2,60,,6918,2,4,,2,20,,6919,2,4,,2,20,,6920,2,4,,2,60,,6921,2,4,,2,20,,6922,2,4,,2,20,,6923,2,4,,2,60,,6924,2,4,,2,20,,6925,2,4,,2,20,,6926,2,4,,2,60,,6927,2,4,,2,20,,6928,2,4,,2,20,,6929,2,4,,2,60,,6930,2,4,,2,20,,6931,2,4,,2,20,,6932,2,4,,2,60,,6933,2,4,,2,20,,6934,2,4,,2
905271701,'33',1007,,6935,2,4,,2,20,,6936,2,4,,2,20,,6937,2,4,,2,60,,6938,2,4,,2,20,,6939,2,4,,2,20,,6940,2,4,,2,60,,6941,2,4,,2,20,,6942,2,4,,2,20,,6943,2,4,,2,60,,6944,2,4,,2,20,,6945,2,4,,2,20,,6946,2,4,,2,60,,6947,2,4,,2,20,,6948,2,4,,2,20,,6949,2,4,,2,60,,6950,2,4,,2,20,,6951,2,4,,2,20,,6952,2,4,,2,60,,6953,2,4,,2,20,,6954,2,4,,2,20,,6955,2,4,,2,60,,6956,2,4,,2,20,,6957,2,4,,2,20,,6958,2,4,,2,60,,6959,2,4,,2,20,,6960,2,4,,2,20,,6961,2,4,,2,60,,6962,2,4,,2
