13100,'84',745,,4864,64,,,2
32501,'83',1622,,4948,24,,,2
34501,'83',1624,,4950,21,,,2
35501,'83',1629,,4956,21,,,2
5004200,'81',658,,5054,14,,,2
1200000101,'71',1544,,5070,40,,,1,72,,5071,40,,,1,31,,5069,40,,,1,72,,5072,40,,,1
1200000200,'71',545,,5075,14,0,36 37,1,55,,5074,36,0,36 37,1,15,,5078,36,0,36 37,1,8,,5082,14,0,36 37,1,8,,5080,36,0,36 37,1,17,,5081,36,0,36 37,1,55,,5077,36,0,36 37,1,16,,5085,36,0,36 37,1,17,,5073,36,0,36 37,1,15,,5087,36,0,36 37,1,55,,5076,36,0,36 37,1,14,,5089,36,0,36 37,1,14,,5083,36,0,36 37,1,15,,5090,36,0,36 37,1,59,,5079,36,0,36 37,1,13,,5091,36,0,36 37,1,17,,5084,36,0,36 37,1,17,,5086,36,0,36 37,1,54,,5092,36,0,36 37,1,15,,5088,36,0,36 37,1,15,,5094,36,0,36 37,1,15,,5095,36,0,36 37,1,55,,5096,36,0,36 37,1,15,,5098,36,0,36 37,1,15,,5099,36,0,36 37,1,15,,5101,36,0,36 37,1,55,,5102,36,0,36 37,1,15,,5103,36,0,36 37,1,16,,5093,36,0,36 37,1,15,,5105,36,0,36 37,1,55,,5106,36,0,36 37,1,15,,5107,36,0,36 37,1,14,,5097,36,0,36 37,1,15,,5104,36,0,36 37,1,55,,5100,36,0,36 37,1,21,,5108,36,0,36 37,1,12,,5109,36,0,36 37,1,16,,5110,36,0,36 37,1,55,,5111,36,0,36 37,1,16,,5112,36,0,36 37,1,12,,5113,36,0,36 37,1,14,,5115,36,0,36 37,1,55,,5117,36,0,36 37,1,15,,5119,36,0,36 37,1,8,,5121,23,0,36 37,1,8,,5120,36,0,36 37,1,13,,5122,36,0,36 37,1,55,,5125,36,0,36 37,1,17,,5126,36,0,36 37,1,14,,5123,36,0,36 37,1,14,,5124,36,0,36 37,1,54,,5116,36,0,36 37,1,15,,5114,36,0,36 37,1,15,,5128,36,0,36 37,1,15,,5118,36,0,36 37,1,70,,5129,36,0,36 37,1,30,,5127,36,0,36 37,1,70,,5133,36,0,36 37,1,30,,5135,36,0,36 37,1,69,,5136,36,0,36 37,1,32,,5130,36,0,36 37,1,70,,5132,36,0,36 37,1,32,,5134,36,0,36 37,1,66,,5137,36,0,36 37,1,30,,5131,36,0,14,1
1200000200,'72',724,,5139,36,0,36 37,1,30,,5142,36,0,36 37,1,70,,5143,36,0,36 37,1,30,,5144,36,0,36 37,1,70,,5138,36,0,36 37,1,30,,5141,36,0,36 37,1,70,,5140,36,0,36 37,1,30,,5145,36,0,36 37,1,70,,5146,36,0,36 37,1,31,,5148,36,0,36 37,1,69,,5147,36,0,36 37,1,30,,5150,36,0,36 37,1,70,,5151,36,0,36 37,1,31,,5152,36,0,36 37,1,70,,5153,36,0,36 37,1,29,,5154,36,0,36 37,1,70,,5149,36,0,36 37,1,30,,5156,36,0,36 37,1,70,,5155,36,0,36 37,1,30,,5159,36,0,36 37,1,70,,5158,36,0,36 37,1,31,,5161,36,0,36 37,1,68,,5162,36,0,36 37,1,29,,5163,36,0,36 37,1,70,,5165,36,0,36 37,1,31,,5157,36,0,36 37,1,69,,5167,36,0,36 37,1,29,,5168,36,0,36 37,1,70,,5164,36,0,36 37,1,30,,5166,36,0,36 37,1,70,,5160,36,0,36 37,1,30,,5169,36,0,36 37,1,70,,5170,36,0,36 37,1
1200000200,'73',724,,5171,36,0,36 37,1,30,,5173,36,0,36 37,1,70,,5174,36,0,36 37,1,30,,5175,36,0,36 37,1,70,,5176,36,0,36 37,1,30,,5172,36,0,36 37,1,70,,5177,36,0,36 37,1,30,,5179,36,0,36 37,1,70,,5178,36,0,36 37,1,31,,5181,36,0,36 37,1,69,,5180,36,0,36 37,1,30,,5183,36,0,36 37,1,70,,5184,36,0,36 37,1,31,,5185,36,0,36 37,1,70,,5186,36,0,36 37,1,29,,5188,36,0,36 37,1,70,,5182,36,0,36 37,1,30,,5191,36,0,36 37,1,70,,5189,36,0,36 37,1,30,,5193,36,0,36 37,1,70,,5192,36,0,36 37,1,31,,5195,36,0,36 37,1,68,,5196,36,0,36 37,1,29,,5197,36,0,36 37,1,70,,5187,36,0,36 37,1,31,,5194,36,0,36 37,1,69,,5190,36,0,36 37,1
1200000200,'89',639,,5198,14,0,36 37,1,61,,5200,14,0,36 37,1,47,,5199,5,0,36 37,1
1200000400,'71',655,,5565,38,,,1,56,,5566,38,,,1,16,,5567,38,,,1,16,,5564,38,,,1
