905231701,'27',2315,,6491,82,4,,2,29,,6494,82,4,,2,70,,6489,82,4,,2,30,,6492,82,4,,2,70,,6490,82,4,,2,30,,6493,82,4,,2,70,,6495,82,4,,2
905231701,'28',2315,,6498,82,4,,2,29,,6501,82,4,,2,70,,6496,82,4,,2,30,,6499,82,4,,2,70,,6497,82,4,,2,30,,6500,82,4,,2,70,,6502,82,4,,2
905231701,'29',2315,,6505,82,4,,2,29,,6508,82,4,,2,70,,6503,82,4,,2,30,,6506,82,4,,2,70,,6504,82,4,,2,30,,6507,82,4,,2,70,,6509,82,4,,2
1200000101,'1',1622,,7023,86,,,1,32,,7024,86,,,1,71,,7025,86,,,1,30,,7026,86,,,1
1200000301,'1',624,,7383,35,,,1,28,,7388,35,,,1,77,,7381,48,,,1,20,,7385,48,,,1,75,,7391,48,,,1,29,,7386,48,,,1,65,,7394,48,,,1,25,,7382,48,,,1,69,,7392,48,,,1,27,,7390,48,,,1,73,,7395,48,,,1,33,,7396,48,,,1,70,,7398,48,,,1,34,,7400,48,,,1,72,,7402,48,,,1,28,,7397,48,,,1,70,,7399,48,,,1,28,,7401,48,,,1,71,,7403,48,,,1,36,,7404,48,,,1,60,,7407,45,,,1,23,,7405,45,,,1,18,,7410,45,,,1,59,,7409,45,,,1,11,,7414,45,,,1,13,,7412,45,,,1,14,,7413,45,,,1,56,,7416,45,,,1,14,,7408,45,,,1,12,,7411,45,,,1,15,,7406,45,,,1,68,,7415,45,,,1,24,,7419,48,,,1,64,,7417,48,,,1,31,,7418,48,,,1,70,,7420,48,,,1,29,,7421,48,,,1,73,,7424,48,,,1,31,,7422,35,,,1,70,,7425,35,,,1,28,,7423,35,,,1,70,,7426,35,,,1,39,,7427,35,,,1
1200000301,'2',804,,7428,48,,,1,30,,7431,48,,,1,71,,7434,48,,,1,32,,7437,48,,,1,71,,7429,48,,,1,32,,7432,48,,,1,71,,7435,48,,,1,31,,7438,48,,,1,71,,7430,48,,,1,31,,7433,48,,,1,71,,7436,48,,,1,31,,7439,48,,,1,71,,7440,48,,,1,30,,7443,48,,,1,70,,7449,48,,,1,30,,7446,48,,,1,70,,7441,48,,,1,31,,7444,48,,,1,71,,7450,48,,,1,27,,7447,48,,,1,68,,7442,48,,,1,28,,7445,48,,,1,67,,7451,48,,,1,27,,7448,48,,,1,75,,7452,35,,,1,100,,7453,35,,,1,96,,7454,35,,,1,98,,7455,35,,,1,38,,7456,35,,,1,102,,7457,35,,,1
1200000301,'27',2238,,7459,38,,,1,70,,7462,38,,,1,30,,7464,38,,,1,83,,7460,38,,,1,28,,7463,38,,,1,70,,7458,38,,,1,30,,7461,38,,,1
1200000301,'28',2238,,7466,38,,,1,70,,7469,38,,,1,30,,7471,38,,,1,83,,7467,38,,,1,28,,7470,38,,,1,70,,7465,38,,,1,30,,7468,38,,,1
1200000301,'29',2238,,7473,38,,,1,70,,7476,38,,,1,30,,7478,38,,,1,83,,7474,38,,,1,28,,7477,38,,,1,70,,7472,38,,,1,30,,7475,38,,,1
1200000301,'3',834,,7479,48,,,1,71,,7481,48,,,1,32,,7487,48,,,1,71,,7484,48,,,1,32,,7480,48,,,1,71,,7482,48,,,1,31,,7488,48,,,1,71,,7485,48,,,1,31,,7489,48,,,1,71,,7483,48,,,1,31,,7491,48,,,1,71,,7486,48,,,1,30,,7490,48,,,1,70,,7493,48,,,1,30,,7492,48,,,1,70,,7496,48,,,1,31,,7498,48,,,1,71,,7494,48,,,1,27,,7502,48,,,1,68,,7497,48,,,1,28,,7499,48,,,1,67,,7495,48,,,1,27,,7503,48,,,1,75,,7500,35,,,1,121,,7501,35,,,1
2000002200,'1',605,,7584,4,0,18 19 20,2
