1100,'1',609,,5753,7,,,1,25,,5748,79,,,1,74,,5754,79,,,1,30,,5749,79,,,1,74,,5755,79,,,1,30,,5750,79,,,1,58,,5751,79,,,1,29,,5756,79,,,1,74,,5752,79,,,1,30,,5757,79,,,1,75,,5758,79,,,1,30,,5761,79,,,1,73,,5759,79,,,1,30,,5762,79,,,1,77,,5760,79,,,1,30,,5763,79,,,1,88,,5764,79,,,1,71,,5766,79,,,1,36,,5765,79,,,1,71,,5767,79,,,1,42,,5770,79,,,1,62,,5768,79,,,1,22,,5772,79,,,1,66,,5771,79,,,1,35,,5773,79,,,1,68,,5769,79,,,1,30,,5774,79,,,1,100,,5775,79,,,1,100,,5776,79,,,1,99,,5777,79,,,1,100,,5778,79,,,1
1100,'2',738,,5779,79,,,1,102,,5780,79,,,1,99,,5781,79,,,1,102,,5782,79,,,1,100,,5783,79,,,1,100,,5784,79,,,1,101,,5785,79,,,1,99,,5786,79,,,1,100,,5787,79,,,1,100,,5788,79,,,1,99,,5789,79,,,1,99,,5790,79,,,1,99,,5792,79,,,1,100,,5793,79,,,1,100,,5791,79,,,1,100,,5795,79,,,1,100,,5794,79,,,1
1100,'3',939,,5796,79,,,1,102,,5797,79,,,1,100,,5798,79,,,1,100,,5799,79,,,1,101,,5800,79,,,1,99,,5801,79,,,1,100,,5802,79,,,1,100,,5803,79,,,1,99,,5804,79,,,1,99,,5805,79,,,1
1301,'1',647,,5816,29,,,2,77,,5818,29,,,2,94,,5817,29,,,2,812,,5819,29,,,2,13,,5820,29,,,2,76,,5822,29,,,2,30,,5821,29,,,2
1500,'1',608,,5823,34,,,2,28,,5825,34,,,2,69,,5827,34,,,2,30,,5826,37,,,2,71,,5829,37,,,2,41,,5828,37,0,10 11,2,109,,5824,34,0,12 13,2,100,,5830,34,0,12 13,2,100,,5831,34,0,12 13,2,103,,5832,33,0,12 13,2
1500,'16',846,,5833,22,0,10 11,2
1600,'1',1355,,5848,18,0,12 13,2,96,,5849,18,0,12 13,2,76,,5851,18,,,2,26,,5854,3,,,2,75,,5850,21,,,2,79,,5852,21,,,2,25,,5855,21,,,2,99,,5853,21,0,12 13,2,102,,5856,18,0,12 13,2,111,,5857,18,0,12 13,2
13100,'15',728,,6233,40,,,2
20001,'1',550,,6248,2,0,14,2,60,,6249,2,0,14,2,812,,6250,2,,,2,32,,6251,2,,,2
20001,'2',621,,6252,2,,,2,18,,6253,2,0,14,2,10,,6254,2,,,2
21001,'1',530,,6272,2,,,2,27,,6273,2,,,2,55,,6274,2,,,2,13,,6275,2,,,2,1381,,6276,2,,,2
21001,'2',607,,6277,2,,,2,30,,6278,2,,,2,70,,6279,2,,,2,31,,6280,2,,,2,475,,6281,2,,,2,30,,6282,2,,,2,468,,6283,2,,,2
21001,'3',637,,6284,2,,,2,70,,6285,2,,,2,31,,6286,2,,,2,404,,6287,2,,,2
38001,'1',526,,6313,2,,,2,79,,6314,2,,,2,28,,6315,2,,,2
1200000101,'1',1527,,7023,23,,,1,31,,7024,23,,,1,70,,7025,23,,,1,73,,7026,23,,,1
2000001500,'2',751,,7542,34,,,2,101,,7543,33,,,2,100,,7544,33,,,2,94,,7545,33,,,2,109,,7546,33,,,2,101,,7547,33,,,2,201,,7548,34,,,2,101,,7549,33,,,2,95,,7550,33,,,2,105,,7551,33,,,2,93,,7552,33,,,2
2000001500,'3',852,,7553,34,,,2,100,,7554,33,,,2,94,,7555,33,,,2,109,,7556,33,,,2,101,,7557,33,,,2,201,,7558,34,,,2,101,,7559,33,,,2,95,,7560,33,,,2,105,,7561,33,,,2,93,,7562,33,,,2
