5003700,'1',659,,6395,56,,,2,76,,6394,56,,,2
5004200,'11',704,,6399,23,,,2
905231701,'27',2253,,6491,45,4,,2,69,,6494,45,4,,2,30,,6489,45,4,,2,70,,6492,45,4,,2,30,,6490,45,4,,2,70,,6493,45,4,,2,30,,6495,45,4,,2
905231701,'28',2253,,6498,45,4,,2,69,,6501,45,4,,2,30,,6496,45,4,,2,70,,6499,45,4,,2,30,,6497,45,4,,2,70,,6500,45,4,,2,30,,6502,45,4,,2
905231701,'29',2253,,6505,45,4,,2,69,,6508,45,4,,2,30,,6503,45,4,,2,70,,6506,45,4,,2,30,,6504,45,4,,2,70,,6507,45,4,,2,30,,6509,45,4,,2
1200000101,'1',1553,,7148,49,,,1,72,,7149,49,,,1,31,,7150,49,,,1,71,,7151,49,,,1
1200000200,'1',552,,7154,23,,,1,55,,7153,45,,,1,15,,7158,45,,,1,16,,7159,45,,,1,18,,7160,45,,,1,56,,7162,45,,,1,16,,7163,45,,,1,17,,7152,45,,,1,55,,7165,45,,,1,15,,7157,45,,,1,14,,7155,45,,,1,14,,7161,45,,,1,15,,7166,45,,,1,57,,7164,45,,,1,18,,7167,45,,,1,69,,7169,45,,,1,29,,7171,45,,,1,70,,7156,45,,,1,30,,7172,45,,,1,70,,7168,45,,,1,30,,7170,45,,,1,71,,7174,45,,,1,30,,7175,45,,,1,69,,7173,45,,,1,30,,7177,45,,,1,18,,7179,45,,,1,72,,7180,45,,,1,17,,7181,45,,,1,12,,7178,45,,,1,54,,7182,45,,,1,15,,7183,45,,,1,16,,7185,45,,,1,16,,7176,45,,,1,52,,7188,45,,,1,15,,7189,45,,,1,16,,7192,45,,,1,13,,7193,45,,,1,55,,7187,45,,,1,29,,7186,45,,,1,69,,7184,45,,,1,29,,7190,45,,,1,30,,7196,45,,,1,70,,7197,45,,,1,30,,7199,45,,,1,69,,7200,45,,,1,72,,7194,45,,,1,29,,7191,45,,,1,72,,7198,45,,,1,26,,7201,45,,,1,30,,7195,45,0,14,1
1200000200,'2',730,,7205,45,,,1,70,,7204,45,,,1,31,,7208,45,,,1,70,,7202,45,,,1,30,,7207,45,,,1,70,,7206,45,,,1,31,,7210,45,,,1,70,,7209,45,,,1,30,,7203,45,,,1,72,,7212,45,,,1,30,,7214,45,,,1,70,,7211,45,,,1,30,,7216,45,,,1,71,,7217,45,,,1,30,,7213,45,,,1,69,,7215,45,,,1,30,,7219,45,,,1,70,,7221,45,,,1,30,,7218,45,,,1,70,,7223,45,,,1,29,,7224,45,,,1,69,,7220,45,,,1,28,,7222,45,,,1,28,,7228,45,,,1,70,,7227,45,,,1,31,,7225,45,,,1,69,,7229,45,,,1,29,,7231,45,,,1,70,,7230,45,,,1,30,,7233,45,,,1,70,,7226,45,,,1,30,,7232,45,,,1,70,,7234,45,,,1
1200000200,'3',730,,7235,45,,,1,70,,7236,45,,,1,31,,7237,45,,,1,70,,7238,45,,,1,30,,7239,45,,,1,70,,7243,45,,,1,31,,7241,45,,,1,70,,7245,45,,,1,30,,7242,45,,,1,72,,7240,45,,,1,30,,7244,45,,,1,70,,7247,45,,,1,30,,7246,45,,,1,71,,7248,45,,,1,30,,7250,45,,,1,69,,7252,45,,,1,30,,7255,45,,,1,70,,7257,45,,,1,30,,7249,45,,,1,70,,7251,45,,,1,29,,7253,45,,,1,69,,7256,45,,,1,28,,7258,45,,,1,28,,7260,45,,,1,70,,7259,45,,,1,31,,7254,45,,,1,69,,7261,45,,,1
1200000400,'1',704,,7629,47,,,1,16,,7630,47,,,1
