1300,'71',640,,4398,30,,,2,71,,4400,30,,,2,20,,4399,30,,,2,83,,4401,30,,,2,41,,4397,30,,,2,750,,4402,30,,,2,98,,4405,30,,,2,13,,4403,30,,,2,39,,4406,30,,,2,66,,4404,30,,,2
1300,'87',858,,4407,25,,,2
1500,'71',855,,4422,42,4,,2
1500,'87',854,,4435,31,4,,2
11900,'87',855,,4854,41,,,2
11901,'88',1622,,4855,1,,,2
12900,'87',850,,4862,22,,,2
12901,'88',1624,,4863,1,,,2
13900,'87',855,,4872,15,,,2
15800,'87',848,,4877,22,,,2
22500,'82',842,,4927,34,4,,2
23500,'82',840,,4935,75,4,,2
24500,'82',840,,4941,18,4,,2
24600,'82',837,,4943,17,4,,2
37500,'82',840,,4957,32,4,,2
38500,'82',840,,4967,37,4,,2
1001101,'71',606,,4973,23,,,1,33,,4970,23,,,1,70,,4974,23,,,1,33,,4971,23,,,1,64,,4976,23,,,1,41,,4972,23,,,1,83,,4978,23,,,1,70,,4975,23,,,1,35,,4979,23,,,1,70,,4982,23,,,1,35,,4980,23,,,1,70,,4983,23,,,1,33,,4981,23,,,1,70,,4984,23,,,1,37,,4986,23,,,1,70,,4985,23,,,1,88,,4987,23,,,1,31,,4989,23,,,1,84,,4988,23,,,1,26,,4990,23,,,1,63,,4993,23,,,1,27,,4991,23,,,1,74,,4994,23,,,1,29,,4992,23,,,1,71,,4995,23,,,1,100,,4996,23,,,1,99,,4997,23,,,1,100,,4998,23,,,1
1001101,'72',809,,5000,23,,,1,102,,5001,23,,,1,101,,5002,23,,,1,100,,5004,23,,,1,98,,5005,23,,,1,100,,5006,23,,,1,102,,5007,23,,,1,100,,5008,23,,,1,99,,5009,23,,,1,100,,5010,23,,,1,100,,5011,23,,,1,100,,5012,23,,,1,99,,5013,23,,,1,100,,5014,23,,,1,100,,5015,23,,,1
1001101,'73',1012,,5018,23,,,1,100,,5019,23,,,1,98,,5020,23,,,1,100,,5021,23,,,1,102,,5022,23,,,1,100,,5023,23,,,1,99,,5024,23,,,1,100,,5025,23,,,1,100,,5026,23,,,1
