2200,'71',622,,4456,48,4,,2,28,,4471,86,4,,2,63,,4457,48,4,,2,30,,4472,48,4,,2,66,,4474,86,4,,2,130,,4458,48,4,,2,75,,4460,48,4,,2,32,,4459,48,4,,2,72,,4461,48,4,,2,30,,4465,48,4,,2,70,,4462,48,4,,2,31,,4466,48,4,,2,70,,4463,48,4,,2,30,,4475,48,4,,2,70,,4464,48,4,,2,29,,4476,48,4,,2,74,,4469,48,4,,2,31,,4467,34,4,,2,65,,4470,34,4,,2,108,,4468,34,4,,2,74,,4477,34,4,,2,100,,4478,34,4,,2
2201,'71',625,3,4480,1,0,21 22,2,28,3,4494,1,0,23,2,70,10,4481,1,0,23,2,25,5,4496,1,0,21 22,2,68,7,4498,1,0,21 22,2,26,19,4495,1,0,21 22,2,66,6,4497,1,0,21 22,2,42,11,4482,1,0,21 22,2,77,13,4484,1,0,21 22,2,32,13,4483,1,0,21 22,2,70,11,4485,1,0,21 22,2,30,11,4489,1,0,21 22,2,71,12,4486,1,0,21 22,2,70,51,4490,1,0,21 22,2,30,11,4487,1,0,21 22,2,70,51,4499,1,0,21 22,2,30,11,4488,1,0,21 22,2,74,,4491,1,0,21 22,2,25,7,4493,1,0,21 22,2,15,3,4500,1,0,21 22,2,91,,4501,5,0,21 22,2,71,48,4502,1,0,21 22,2,35,15,4492,1,0,21 22,2,72,13,4503,1,0,21 22,2,26,11,4505,1,0,21 22,2,64,3,4504,1,0,21 22,2
2201,'88',1635,,4506,5,0,21 22,2
2300,'71',619,,4520,60,4,,2,191,,4525,60,4,,2,115,,4507,60,4,,2,76,,4510,60,4,,2,30,,4508,60,4,,2,71,,4511,60,4,,2,30,,4509,60,4,,2,70,,4512,60,4,,2,32,,4515,46,4,,2,70,,4513,46,4,,2,30,,4516,46,4,,2,70,,4514,46,4,,2,32,,4517,46,4,,2,74,,4518,46,4,,2,31,,4528,46,4,,2,117,,4530,46,4,,2,75,,4519,46,4,,2,68,,4526,46,4,,2,30,,4521,46,4,,2,70,,4527,46,4,,2,35,,4522,46,4,,2,100,,4523,46,4,,2,97,,4524,46,4,,2
2300,'72',659,,4531,60,4,,2,141,,4532,60,4,,2,101,,4533,60,4,,2,101,,4534,60,4,,2,101,,4535,60,4,,2,100,,4536,60,4,,2,101,,4537,60,4,,2,102,,4538,46,4,,2,100,,4539,46,4,,2,100,,4540,46,4,,2,100,,4541,46,4,,2,102,,4542,46,4,,2
2300,'73',800,,4543,60,4,,2,101,,4544,60,4,,2,101,,4545,60,4,,2,101,,4546,60,4,,2,100,,4547,60,4,,2,101,,4548,60,4,,2,102,,4549,46,4,,2,100,,4550,46,4,,2,100,,4551,46,4,,2,100,,4552,46,4,,2,102,,4553,46,4,,2
2301,'71',619,,4569,1,,,2,30,,4577,1,,,2,110,3,4578,1,,,2,78,,4555,1,,,2,72,7,4559,1,,,2,29,13,4556,1,,,2,75,12,4560,1,,,2,31,13,4557,1,,,2,70,12,4561,1,,,2,30,12,4558,1,,,2,70,12,4562,1,,,2,31,11,4564,1,,,2,70,11,4563,1,,,2,30,11,4565,1,,,2,70,,4566,1,,,2,34,,4576,1,,,2,82,21,4567,1,,,2,104,,4568,5,,,2,106,14,4570,1,,,2,72,12,4575,1,,,2,35,17,4571,1,,,2,100,12,4572,1,,,2,92,4,4573,1,,,2,114,21,4574,1,,,2
2301,'72',711,52,4579,1,,,2,100,11,4580,1,,,2,101,11,4581,1,,,2,102,12,4582,1,,,2,100,11,4583,1,,,2,100,11,4584,1,,,2,102,12,4585,1,,,2,101,11,4586,1,,,2,101,12,4587,1,,,2,100,12,4588,1,,,2,102,14,4589,1,,,2,96,8,4590,1,,,2
2301,'73',811,11,4591,1,,,2,101,11,4592,1,,,2,102,12,4593,1,,,2,100,11,4594,1,,,2,100,11,4595,1,,,2,102,12,4596,1,,,2,101,11,4597,1,,,2,101,12,4598,1,,,2,100,12,4599,1,,,2,102,14,4600,1,,,2,96,8,4601,1,,,2
2301,'88',1635,,4602,5,,,2
3101,'71',619,,4611,45,4,,2,27,16,4610,1,,,2,4,,4613,45,4,,2,60,52,4612,1,,,2,19,,4610,71,4,,2,24,,4612,71,4,,2,52,50,4614,1,,,2,43,,4614,71,4,,2,56,,4618,45,4,,2,11,7,4619,1,,,2,43,,4619,71,4,,2,42,42,4615,1,,,2,43,,4615,71,4,,2,4,4,4616,1,,,2,83,,4616,71,4,,2,13,13,4617,1,,,2,83,,4617,71,4,,2,4,5,4620,1,,,2,83,,4620,71,4,,2,2,,4621,1,,,2,43,,4621,71,4,,2,43,45,4622,1,,,2,43,,4622,71,4,,2,5,5,4623,1,,,2,83,,4623,71,4,,2,3,18,4624,1,,,2,79,13,4627,1,,,2,5,,4624,71,4,,2,11,11,4625,1,,,2,71,,4627,71,4,,2,8,53,4628,1,,,2,8,,4625,71,4,,2,17,22,4631,1,,,2,18,,4628,71,4,,2,48,48,4629,1,,,2,16,,4631,71,4,,2,20,10,4626,1,,,2,6,,4629,71,4,,2,62,,4630,1,,,2,14,,4626,71,4,,2,28,,4630,71,4,,2,209,17,4632,1,0,8,2
3400,'71',623,,4634,38,4,,2,117,,4635,40,4,,2,77,,4636,38,4,,2,715,,4637,29,4,,2,82,,4638,38,4,,2,89,,4639,40,4,,2,40,,4640,40,4,,2,89,,4641,40,4,,2
3401,'71',627,4,4642,1,0,40,2,27,6,4644,1,0,40,2,90,4,4643,1,0,40,2,803,15,4646,1,0,40,2,89,,4647,5,4,,2,73,6,4649,1,0,40,2,40,6,4650,1,0,40,2,87,4,4651,1,0,40,2,66,44,4648,1,0,40,2
3501,'71',602,,4652,34,4,,2,33,16,4653,1,,,2,23,,4653,36,4,,2,47,55,4654,1,,,2,24,,4654,36,4,,2,86,5,4658,1,,,2,24,,4658,36,4,,2,16,7,4655,1,,,2,63,,4655,36,4,,2,17,17,4656,1,,,2,23,,4656,36,4,,2,74,7,4659,1,,,2,23,,4659,36,4,,2,79,9,4660,1,,,2,23,,4660,36,4,,2,75,6,4657,1,,,2,23,,4657,36,4,,2,78,,4662,1,,,2,23,,4662,36,4,,2,79,9,4661,1,,,2,23,,4661,36,4,,2,89,15,4663,1,,,2,65,,4663,36,4,,2,8,5,4664,1,,,2,25,,4664,36,4,,2,11,11,4665,1,,,2,65,,4665,36,4,,2,10,10,4666,1,,,2,23,,4666,36,4,,2,81,7,4667,1,,,2,23,,4667,36,4,,2,67,,4670,1,,,2,23,,4670,36,4,,2,70,2,4671,1,,,2,22,,4671,36,4,,2,76,4,4672,1,,,2,22,,4672,36,4,,2,86,8,4668,1,,,2,22,,4668,36,4,,2,71,3,4669,1,,,2,22,,4669,36,4,,2
3501,'72',650,3,4673,1,,,2,63,,4673,36,4,,2,37,7,4674,1,,,2,63,,4674,36,4,,2,38,7,4675,1,,,2,63,,4675,36,4,,2,37,7,4676,1,,,2,63,,4676,36,4,,2,37,7,4677,1,,,2,63,,4677,36,4,,2,38,7,4678,1,,,2,63,,4678,36,4,,2,43,6,4679,1,,,2,63,,4679,36,4,,2,79,47,4680,1,,,2,23,,4680,36,4,,2,78,47,4681,1,,,2,23,,4681,36,4,,2,77,46,4682,1,,,2,23,,4682,36,4,,2,29,,4683,1,,,2,63,,4683,36,4,,2,34,4,4684,1,,,2,63,,4684,36,4,,2,33,7,4685,1,,,2,62,,4685,36,4,,2,48,4,4686,1,,,2,62,,4686,36,4,,2,36,5,4687,1,,,2,62,,4687,36,4,,2,36,7,4688,1,,,2,62,,4688,36,4,,2,36,6,4689,1,,,2,62,,4689,36,4,,2
3501,'73',851,7,4690,1,,,2,63,,4690,36,4,,2,37,7,4691,1,,,2,63,,4691,36,4,,2,37,7,4692,1,,,2,63,,4692,36,4,,2,38,7,4693,1,,,2,63,,4693,36,4,,2,43,6,4694,1,,,2,63,,4694,36,4,,2,79,47,4695,1,,,2,23,,4695,36,4,,2,78,,4696,1,,,2,23,,4696,36,4,,2,77,46,4697,1,,,2,23,,4697,36,4,,2,29,,4698,1,,,2,63,,4698,36,4,,2,34,4,4699,1,,,2,63,,4699,36,4,,2,33,7,4700,1,,,2,62,,4700,36,4,,2,41,13,4701,1,,,2,62,,4701,36,4,,2
3600,'71',607,5,4702,1,,,2,23,,4702,34,4,,2,114,15,4703,1,,,2,65,,4703,34,4,,2,26,8,4705,1,,,2,24,,4705,34,4,,2,143,44,4706,1,,,2,23,,4706,34,4,,2,77,47,4707,1,,,2,23,,4707,34,4,,2,77,45,4708,1,,,2,23,,4708,34,4,,2,78,48,4704,1,,,2,24,,4704,34,4,,2,75,44,4709,1,,,2,24,,4709,34,4,,2,76,44,4710,1,,,2,24,,4710,34,4,,2,276,48,4711,1,,,2,24,,4711,34,4,,2,74,45,4714,1,,,2,24,,4714,34,4,,2,29,5,4715,1,,,2,63,,4715,34,4,,2,34,10,4716,1,,,2,62,,4716,34,4,,2,42,2,4712,1,,,2,62,,4712,34,4,,2,36,6,4713,1,,,2,62,,4713,34,4,,2
3600,'72',719,6,4717,1,,,2,24,,4717,34,4,,2,77,7,4718,1,,,2,24,,4718,34,4,,2,76,6,4719,1,,,2,24,,4719,34,4,,2,76,6,4720,1,,,2,24,,4720,34,4,,2,77,7,4721,1,,,2,24,,4721,34,4,,2,83,13,4722,1,,,2,24,,4722,34,4,,2,77,,4723,1,,,2,24,,4723,34,4,,2,77,7,4724,1,,,2,24,,4724,34,4,,2,77,7,4725,1,,,2,24,,4725,34,4,,2,74,5,4726,1,,,2,24,,4726,34,4,,2,69,6,4727,1,,,2,24,,4727,34,4,,2,70,3,4728,1,,,2,23,,4728,34,4,,2,74,5,4729,1,,,2,23,,4729,34,4,,2,90,8,4730,1,,,2,23,,4730,34,4,,2,73,6,4731,1,,,2,23,,4731,34,4,,2,76,7,4732,1,,,2,23,,4732,34,4,,2,69,,4733,1,,,2,23,,4733,34,4,,2
3600,'73',820,,4734,1,,,2,24,,4734,34,4,,2,76,6,4735,1,,,2,24,,4735,34,4,,2,76,6,4736,1,,,2,24,,4736,34,4,,2,77,7,4737,1,,,2,24,,4737,34,4,,2,83,13,4738,1,,,2,24,,4738,34,4,,2,77,8,4739,1,,,2,24,,4739,34,4,,2,77,7,4740,1,,,2,24,,4740,34,4,,2,77,7,4741,1,,,2,24,,4741,34,4,,2,74,5,4742,1,,,2,24,,4742,34,4,,2,69,6,4743,1,,,2,24,,4743,34,4,,2,70,,4744,1,,,2,23,,4744,34,4,,2,74,5,4745,1,,,2,23,,4745,34,4,,2
3900,'71',700,,4838,29,4,,2,29,,4840,29,4,,2,79,,4839,29,4,,2,92,,4837,29,4,,2
3901,'71',1625,11,4843,1,,,2,84,8,4842,1,,,2,40,14,4841,1,,,2
20001,'71',604,,4888,15,4,,2,22,,4889,15,4,,2,9,,4890,15,4,,2,13,,4891,15,4,,2,800,,4892,15,0,36 37,2,72,,4893,15,0,36 37,2,81,,4894,15,4,,2,254,,4895,15,4,,2
20001,'72',627,,4896,15,0,36 37,2,20,,4897,15,4,,2,58,,4898,15,0,36 37,2
5003600,'71',640,5,5042,1,,,2,64,4,5041,1,,,2
5003601,'71',1627,,5045,46,4,,2,84,,5043,46,4,,2,24,,5044,46,4,,2
1200000301,'71',607,2,5456,1,0,30,1,28,8,5460,1,0,30,1,76,,5454,14,0,30,1,20,,5458,14,0,30,1,77,,5466,14,0,30,1,27,,5463,14,0,30,1,66,,5469,14,0,30,1,26,,5455,14,0,30,1,29,,5465,14,0,30,1,67,,5467,14,0,30,1,36,,5470,14,0,30,1,60,,5471,14,0,30,1,20,,5473,14,0,30,1,20,,5475,14,0,30,1,63,,5476,14,0,30,1,20,,5478,14,0,30,1,62,,5480,14,0,30,1,19,,5472,14,0,30,1,20,,5474,14,0,30,1,60,,5481,14,0,30,1,18,,5477,14,0,30,1,20,,5479,14,0,30,1,59,,5483,14,0,30,1,25,,5484,14,0,30,1,395,,5498,14,0,30,1,27,,5499,14,0,30,1,71,,5501,14,0,30,1,30,,5500,14,0,30,1,70,,5502,14,0,30,1,33,,5505,14,0,30,1,71,2,5503,1,0,30,1,30,2,5506,1,0,30,1,68,4,5504,1,0,30,1,30,4,5507,1,0,30,1,79,3,5508,1,0,30,1
1200000301,'72',747,,5511,14,0,30,1,70,,5510,14,0,30,1,31,,5514,14,0,30,1,70,,5515,14,0,30,1,31,,5516,14,0,30,1,71,,5509,14,0,30,1,31,,5513,14,0,30,1,70,,5512,14,0,30,1,30,,5517,14,0,30,1,70,,5518,14,0,30,1,31,,5520,14,0,30,1,70,,5519,14,0,30,1,31,,5522,14,0,30,1,70,,5523,14,0,30,1,31,,5524,14,0,30,1,70,,5525,14,0,30,1,29,,5526,14,0,30,1,71,,5521,14,0,30,1,32,,5528,14,0,30,1,69,,5527,14,0,30,1,28,,5530,14,0,30,1,69,,5529,14,0,30,1,29,,5531,14,0,30,1,64,,5535,14,0,30,1,38,4,5532,1,0,30,1,100,4,5533,1,0,30,1,96,4,5534,1,0,30,1,99,4,5536,1,0,30,1,78,2,5537,1,0,30,1,102,7,5538,1,0,30,1
1200000301,'73',817,,5539,14,0,30,1,31,,5541,14,0,30,1,70,,5542,14,0,30,1,31,,5543,14,0,30,1,71,,5544,14,0,30,1,31,,5540,14,0,30,1,70,,5545,14,0,30,1,30,,5547,14,0,30,1,70,,5546,14,0,30,1,31,,5549,14,0,30,1,70,,5548,14,0,30,1,31,,5551,14,0,30,1,70,,5552,14,0,30,1,31,,5553,14,0,30,1,70,,5554,14,0,30,1,29,,5555,14,0,30,1,71,,5550,14,0,30,1,32,,5557,14,0,30,1,69,,5556,14,0,30,1,28,,5559,14,0,30,1,69,,5558,14,0,30,1,29,,5560,14,0,30,1,64,,5563,14,0,30,1,38,4,5561,1,0,30,1,161,8,5562,1,0,30,1
2000003101,'72',728,,5659,45,4,,2,18,18,5660,1,,,2,83,,5660,71,4,,2,18,18,5661,1,,,2,83,,5661,71,4,,2,17,17,5662,1,,,2,83,,5662,71,4,,2,17,17,5663,1,,,2,83,,5663,71,4,,2,17,17,5664,1,,,2,83,,5664,71,4,,2,17,17,5665,1,,,2,83,,5665,71,4,,2,116,,5666,1,,,2,83,,5666,71,4,,2,19,19,5667,1,,,2,83,,5667,71,4,,2,19,19,5668,1,,,2,83,,5668,71,4,,2,15,15,5669,1,,,2,83,,5669,71,4,,2,15,15,5670,1,0,8,2
2000003101,'73',829,,5671,45,4,,2,17,17,5672,1,,,2,83,,5672,71,4,,2,18,18,5673,1,,,2,83,,5673,71,4,,2,17,17,5674,1,,,2,83,,5674,71,4,,2,17,17,5675,1,,,2,83,,5675,71,4,,2,17,17,5676,1,,,2,83,,5676,71,4,,2,116,,5677,1,,,2,83,,5677,71,4,,2,19,19,5678,1,,,2,83,,5678,71,4,,2,19,19,5679,1,,,2,83,,5679,71,4,,2,15,15,5680,1,,,2,83,,5680,71,4,,2,15,15,5681,1,0,8,2
2000003400,'72',734,,5682,38,4,,2,85,,5683,40,4,,2,85,,5684,40,4,,2,45,,5685,40,4,,2,85,,5686,40,4,,2,86,,5687,40,4,,2,85,,5688,40,4,,2,45,,5689,40,4,,2,174,,5690,40,4,,2,81,,5691,40,4,,2,52,,5692,40,4,,2,78,,5693,40,4,,2,93,,5694,40,4,,2,78,,5695,40,4,,2,47,,5696,40,4,,2
2000003400,'73',819,,5697,38,4,,2,85,,5698,40,4,,2,45,,5699,40,4,,2,85,,5700,40,4,,2,86,,5701,40,4,,2,85,,5702,40,4,,2,45,,5703,40,4,,2,174,,5704,40,4,,2,81,,5705,40,4,,2,52,,5706,40,4,,2,78,,5707,40,4,,2,93,,5708,40,4,,2,78,,5709,40,4,,2,47,,5710,40,4,,2
2000003401,'72',740,6,5711,1,,,2,85,6,5712,1,,,2,85,6,5713,1,,,2,45,6,5714,1,,,2,87,8,5715,1,,,2,85,7,5716,1,,,2,85,7,5717,1,,,2,45,7,5718,1,,,2,170,3,5719,1,,,2,92,14,5720,1,,,2,38,,5721,1,,,2,93,15,5722,1,,,2,78,,5723,1,,,2,88,10,5724,1,,,2,37,,5725,1,,,2
2000003401,'73',825,6,5726,1,,,2,85,6,5727,1,,,2,45,6,5728,1,,,2,87,8,5729,1,,,2,85,7,5730,1,,,2,85,7,5731,1,,,2,45,7,5732,1,,,2,170,3,5733,1,,,2,92,14,5734,1,,,2,38,,5735,1,,,2,93,15,5736,1,,,2,78,,5737,1,,,2,88,10,5738,1,,,2,37,,5739,1,,,2
