32500,'12',825,,6304,39,,,2
34500,'12',822,,6305,29,,,2
35500,'12',827,,6308,50,,,2
1200000100,'1',639,,7016,57,,,1,71,,7017,57,,,1,21,,7018,57,,,1,69,,7021,57,0,16 1 17,1,30,,7019,57,,,1
1200000201,'1',616,,7137,12,,,1,38,,7140,24,,,1,55,,7139,24,,,1,20,,7144,24,,,1,22,,7146,24,,,1,60,,7148,24,,,1,20,,7151,24,,,1,15,,7152,24,,,1,56,,7138,24,,,1,14,,7155,24,,,1,14,,7143,24,,,1,11,,7141,24,,,1,12,,7150,24,,,1,52,,7156,24,,,1,14,,7153,24,,,1,17,,7157,24,,,1,70,,7159,24,,,1,29,,7161,24,,,1,70,,7142,24,,,1,32,,7162,24,,,1,70,,7158,24,,,1,30,,7160,24,,,1,71,,7164,24,,,1,30,,7165,24,,,1,69,,7163,24,,,1,39,,7167,24,,,1,67,,7169,24,,,1,18,,7172,24,,,1,17,,7170,24,,,1,57,,7171,24,,,1,12,,7168,24,,,1,11,,7173,24,,,1,12,,7174,24,,,1,14,,7176,24,,,1,54,,7166,24,,,1,9,,7179,24,,,1,13,,7180,24,,,1,13,,7183,24,,,1,12,,7184,24,,,1,53,,7178,24,,,1,24,,7177,24,,,1,26,,7175,24,,,1,59,,7185,24,,,1,29,,7186,24,,,1,72,,7181,24,,,1,35,,7188,24,,,1,68,,7190,24,,,1,31,,7187,24,,,1,67,,7182,24,,,1,31,,7189,24,,,1,86,,7191,24,,,1
1200000201,'14',1650,,7192,18,,,1
1200000201,'2',647,,7196,12,,,1,79,,7193,24,,,1,30,,7201,24,,,1,71,,7199,24,,,1,31,,7197,24,,,1,71,,7203,24,,,1,71,,7194,24,,,1,31,,7202,24,,,1,71,,7200,24,,,1,32,,7205,24,,,1,70,,7204,24,,,1,31,,7195,24,,,1,72,,7207,24,,,1,31,,7209,24,,,1,70,,7206,24,,,1,30,,7211,24,,,1,71,,7212,24,,,1,30,,7208,24,,,1,69,,7210,24,,,1,31,,7214,24,,,1,72,,7216,24,,,1,29,,7213,24,,,1,67,,7218,24,,,1,29,,7219,24,,,1,65,,7215,24,,,1,25,,7217,24,,,1,27,,7223,24,,,1,69,,7222,24,,,1,31,,7220,24,,,1,67,,7224,24,,,1,28,,7226,24,,,1,70,,7225,24,,,1,30,,7228,24,,,1,70,,7221,24,,,1,29,,7227,24,,,1,89,,7229,24,,,1
1200000201,'27',2233,,7230,17,,,1,70,,7233,17,,,1,29,,7231,17,,,1,83,,7234,17,,,1,28,,7236,17,,,1,70,,7232,17,,,1,30,,7235,17,,,1
1200000201,'28',2232,,7237,17,,,1,70,,7240,17,,,1,30,,7238,17,,,1,83,,7241,17,,,1,28,,7243,17,,,1,70,,7239,17,,,1,30,,7242,17,,,1
1200000201,'29',2232,,7244,17,,,1,70,,7247,17,,,1,30,,7245,17,,,1,83,,7248,17,,,1,28,,7250,17,,,1,70,,7246,17,,,1,30,,7249,17,,,1
1200000201,'3',827,,7252,24,,,1,31,,7254,24,,,1,71,,7256,24,,,1,71,,7258,24,,,1,31,,7259,24,,,1,71,,7263,24,,,1,32,,7261,24,,,1,70,,7265,24,,,1,31,,7262,24,,,1,72,,7260,24,,,1,31,,7264,24,,,1,70,,7267,24,,,1,30,,7266,24,,,1,71,,7268,24,,,1,30,,7270,24,,,1,69,,7272,24,,,1,31,,7275,24,,,1,72,,7277,24,,,1,29,,7269,24,,,1,67,,7271,24,,,1,29,,7273,24,,,1,65,,7276,24,,,1,25,,7278,24,,,1,27,,7280,24,,,1,69,,7279,24,,,1,31,,7274,24,,,1,67,,7281,24,,,1
1200000401,'1',1711,,7510,24,,,1,22,,7508,24,,,1
