905231701,'27',2311,,6491,72,4,,2,29,,6494,72,4,,2,70,,6489,72,4,,2,30,,6492,72,4,,2,70,,6490,72,4,,2,30,,6493,72,4,,2,70,,6495,72,4,,2
905231701,'28',2311,,6498,72,4,,2,29,,6501,72,4,,2,70,,6496,72,4,,2,30,,6499,72,4,,2,70,,6497,72,4,,2,30,,6500,72,4,,2,70,,6502,72,4,,2
905231701,'29',2311,,6505,72,4,,2,29,,6508,72,4,,2,70,,6503,72,4,,2,30,,6506,72,4,,2,70,,6504,72,4,,2,30,,6507,72,4,,2,70,,6509,72,4,,2
1200000101,'1',1618,,7023,76,,,1,32,,7024,76,,,1,71,,7025,76,,,1,30,,7026,76,,,1
1200000301,'1',620,,7383,25,,,1,28,,7388,25,,,1,77,,7381,38,,,1,20,,7385,38,,,1,75,,7391,38,,,1,29,,7386,38,,,1,65,,7394,38,,,1,25,,7382,38,,,1,69,,7392,38,,,1,27,,7390,38,,,1,73,,7395,38,,,1,33,,7396,38,,,1,70,,7398,38,,,1,34,,7400,38,,,1,72,,7402,38,,,1,28,,7397,38,,,1,70,,7399,38,,,1,28,,7401,38,,,1,71,,7403,38,,,1,36,,7404,38,,,1,60,,7407,35,,,1,23,,7405,35,,,1,18,,7410,35,,,1,59,,7409,35,,,1,11,,7414,35,,,1,13,,7412,35,,,1,14,,7413,35,,,1,56,,7416,35,,,1,14,,7408,35,,,1,12,,7411,35,,,1,15,,7406,35,,,1,68,,7415,35,,,1,24,,7419,38,,,1,64,,7417,38,,,1,31,,7418,38,,,1,70,,7420,38,,,1,29,,7421,38,,,1,73,,7424,38,,,1,31,,7422,25,,,1,70,,7425,25,,,1,28,,7423,25,,,1,70,,7426,25,,,1,39,,7427,25,,,1
1200000301,'2',800,,7428,38,,,1,30,,7431,38,,,1,71,,7434,38,,,1,32,,7437,38,,,1,71,,7429,38,,,1,32,,7432,38,,,1,71,,7435,38,,,1,31,,7438,38,,,1,71,,7430,38,,,1,31,,7433,38,,,1,71,,7436,38,,,1,31,,7439,38,,,1,71,,7440,38,,,1,30,,7443,38,,,1,70,,7449,38,,,1,30,,7446,38,,,1,70,,7441,38,,,1,31,,7444,38,,,1,71,,7450,38,,,1,27,,7447,38,,,1,68,,7442,38,,,1,28,,7445,38,,,1,67,,7451,38,,,1,27,,7448,38,,,1,75,,7452,25,,,1,100,,7453,25,,,1,96,,7454,25,,,1,98,,7455,25,,,1,38,,7456,25,,,1,102,,7457,25,,,1
1200000301,'27',2234,,7459,28,,,1,70,,7462,28,,,1,30,,7464,28,,,1,83,,7460,28,,,1,28,,7463,28,,,1,70,,7458,28,,,1,30,,7461,28,,,1
1200000301,'28',2234,,7466,28,,,1,70,,7469,28,,,1,30,,7471,28,,,1,83,,7467,28,,,1,28,,7470,28,,,1,70,,7465,28,,,1,30,,7468,28,,,1
1200000301,'29',2234,,7473,28,,,1,70,,7476,28,,,1,30,,7478,28,,,1,83,,7474,28,,,1,28,,7477,28,,,1,70,,7472,28,,,1,30,,7475,28,,,1
1200000301,'3',830,,7479,38,,,1,71,,7481,38,,,1,32,,7487,38,,,1,71,,7484,38,,,1,32,,7480,38,,,1,71,,7482,38,,,1,31,,7488,38,,,1,71,,7485,38,,,1,31,,7489,38,,,1,71,,7483,38,,,1,31,,7491,38,,,1,71,,7486,38,,,1,30,,7490,38,,,1,70,,7493,38,,,1,30,,7492,38,,,1,70,,7496,38,,,1,31,,7498,38,,,1,71,,7494,38,,,1,27,,7502,38,,,1,68,,7497,38,,,1,28,,7499,38,,,1,67,,7495,38,,,1,27,,7503,38,,,1,75,,7500,25,,,1,121,,7501,25,,,1
