'1',20001,150110,4,'',2,2900,4,'',2
'2',20001,63440,4,'',2,8200,4,'',2
'1',5002300,65540,4,'',2,6210,4,'',2,3300,4,'',2
'1',5002400,71750,4,'',2,3100,4,'',2
'1',5003400,65850,4,'',2,6200,4,'',2
'1',5003600,72050,4,'',2,2900,4,'',2
'1',5003700,71950,4,'',2,3400,4,'',2
'1',1200000200,61840,4,'',1,1500,4,'',1,1800,4,'',1,5810,4,'',1,1700,4,'',1,1700,4,'',1,5900,4,'',1,1400,4,'',1,1400,4,'',1,1100,4,'',1,1290,4,'',1,5500,4,'',1,1800,4,'',1,1300,4,'',1,7310,4,'',1,3000,4,'',1,7000,4,'',1,3000,4,'',1,7100,4,'',1,3000,4,'',1,7000,4,'',1,3000,4,'',1,7000,4,'',1,3000,4,'',1,6060,4,'',1,2800,4,'',1,1700,4,'',1,5300,4,'',1,1500,4,'',1,1600,4,'',1,1500,4,'',1,5600,4,'',1,1240,4,'',1,1400,4,'',1,1500,4,'',1,5400,4,'',1,1400,4,'',1,2690,4,'',1,6800,4,'',1,3000,4,'',1,7000,4,'',1,3000,4,'',1,7000,4,'',1,3000,4,'',1,6900,4,'',1,2880,4,'',1,7400,4,'',1,2500,4,'',1
'2',1200000200,73940,4,'',1,7100,4,'',1,3010,4,'',1,7100,4,'',1,3000,4,'',1,6990,4,'',1,3000,4,'',1,7000,4,'',1,3000,4,'',1,7100,4,'',1,3000,4,'',1,7000,4,'',1,3100,4,'',1,7000,4,'',1,3000,4,'',1,7000,4,'',1,3000,4,'',1,7010,4,'',1,2900,4,'',1,7000,4,'',1,2900,4,'',1,6990,4,'',1,2700,4,'',1,7000,4,'',1,3000,4,'',1,7000,4,'',1,3000,4,'',1,7000,4,'',1,2980,4,'',1,7000,4,'',1,3000,4,'',1,7000,4,'',1,3000,4,'',1
'3',1200000200,73940,4,'',1,7100,4,'',1,3010,4,'',1,7100,4,'',1,3000,4,'',1,6990,4,'',1,3000,4,'',1,7000,4,'',1,3000,4,'',1,7100,4,'',1,3000,4,'',1,7000,4,'',1,3100,4,'',1,7000,4,'',1,3000,4,'',1,7000,4,'',1,3000,4,'',1,7010,4,'',1,2900,4,'',1,7000,4,'',1,2900,4,'',1,6990,4,'',1,2700,4,'',1,7000,4,'',1,3000,4,'',1,7000,4,'',1,3000,4,'',1
'1',1200000300,62840,4,'',1,1700,4,'',1,5610,4,'',1,1100,4,'',1,1100,4,'',1,1700,4,'',1,1500,4,'',1,5500,4,'',1,1500,4,'',1,1300,4,'',1,1790,4,'',1,5400,4,'',1,3000,4,'',1,6510,4,'',1,3000,4,'',1,7000,4,'',1,3000,4,'',1,7000,4,'',1,3000,4,'',1,7000,4,'',1,3000,4,'',1,7000,4,'',1,3000,4,'',1,8460,4,'',1,3000,4,'',1,6800,4,'',1,3000,4,'',1,7140,4,'',1,2900,4,'',1,7200,4,'',1,2090,4,'',1,6900,4,'',1,2200,4,'',1,7000,4,'',1,3100,4,'',1,7200,4,'',1
'2',1200000300,65840,4,'',1,7000,4,'',1,3000,4,'',1,7010,4,'',1,3100,4,'',1,7000,4,'',1,2990,4,'',1,7000,4,'',1,7100,4,'',1,3000,4,'',1,7100,4,'',1,3000,4,'',1,6900,4,'',1,3100,4,'',1,7100,4,'',1,3100,4,'',1,7000,4,'',1,2900,4,'',1,7010,4,'',1,3000,4,'',1,6800,4,'',1,2900,4,'',1,2990,4,'',1,6900,4,'',1
'3',1200000300,72840,4,'',1,3000,4,'',1,7010,4,'',1,3100,4,'',1,7000,4,'',1,2990,4,'',1,7000,4,'',1,7100,4,'',1,3000,4,'',1,7100,4,'',1,3000,4,'',1,6900,4,'',1,3100,4,'',1,7100,4,'',1,3100,4,'',1,7000,4,'',1,2900,4,'',1,7010,4,'',1,3000,4,'',1,6800,4,'',1,2900,4,'',1,2990,4,'',1,6900,4,'',1
'1',1200000400,71750,4,'',1,1800,4,'',1
