2300,'1',551,,5924,7,0,14,2,194,,5919,7,0,14,2,79,,5927,7,0,14,2,76,,5904,7,0,14,2,36,,5906,7,0,14,2,70,,5905,7,0,14,2,30,,5907,7,0,14,2,70,,5908,7,0,14,2,30,,5909,7,0,14,2,77,,5912,7,0,14,2,30,,5910,7,0,14,2,70,,5913,7,0,14,2,30,,5911,7,0,14,2,71,,5914,7,0,14,2,33,,5915,7,0,14,2,72,,5917,7,0,14,2,118,,5918,7,0,14,2,77,,5916,7,0,14,2,24,,5925,7,0,14,2,73,,5920,7,0,14,2,30,,5926,7,0,14,2,73,,5921,7,0,14,2,102,,5922,7,0,14,2,95,,5923,7,0,14,2
2300,'2',629,,5930,7,0,14,2,100,,5931,7,0,14,2,101,,5932,7,0,14,2,102,,5933,7,0,14,2,102,,5934,7,0,14,2,102,,5935,7,0,14,2,101,,5936,7,0,14,2,108,,5937,7,0,14,2,100,,5938,7,0,14,2,100,,5939,7,0,14,2,101,,5940,7,0,14,2,88,,5941,7,0,14,2
2300,'3',729,,5942,7,0,14,2,101,,5943,7,0,14,2,102,,5944,7,0,14,2,102,,5945,7,0,14,2,102,,5946,7,0,14,2,101,,5947,7,0,14,2,108,,5948,7,0,14,2,100,,5949,7,0,14,2,100,,5950,7,0,14,2,101,,5951,7,0,14,2,88,,5952,7,0,14,2
2301,'1',1514,,5966,55,,,2,91,,5964,55,,,2,614,,5972,55,,,2
2301,'2',1228,,5985,55,,,2,600,,5991,55,,,2
2301,'3',1228,,5996,55,,,2,600,,6002,55,,,2
23100,'15',708,,6293,19,,,2
23500,'12',756,,6295,30,,,2
5002300,'1',615,,6378,7,,,2,25,,6379,7,,,2,69,,6380,7,,,2
5002301,'1',1742,,6381,65,,,2
