11100,'15',725,,6226,40,,,2
1001101,'1',606,,6322,47,,,1,29,,6326,81,,,1,73,,6323,81,,,1,32,,6327,81,,,1,73,,6324,81,,,1,22,,6320,81,,,1,81,,6325,81,,,1,42,,6328,81,,,1,70,,6329,81,,,1,75,,6333,81,,,1,30,,6330,81,,,1,75,,6334,81,,,1,30,,6331,81,,,1,73,,6335,81,,,1,30,,6332,81,,,1,78,,6336,81,,,1,30,,6338,81,,,1,88,,6337,81,,,1,72,,6339,81,,,1,49,,6341,81,,,1,62,,6340,81,,,1,21,,6344,81,,,1,67,,6342,81,,,1,33,,6345,81,,,1,69,,6343,81,,,1,31,,6346,81,,,1,100,,6347,81,,,1,99,,6348,81,,,1,100,,6349,81,,,1
1001101,'2',738,,6351,47,,,1,99,,6352,81,,,1,103,,6353,81,,,1,101,,6354,81,,,1,99,,6355,81,,,1,100,,6359,81,,,1,100,,6360,81,,,1,101,,6358,81,,,1,100,,6356,81,,,1,99,,6357,81,,,1,102,,6361,81,,,1,97,,6362,81,,,1,100,,6363,81,,,1,99,,6364,81,,,1,100,,6365,81,,,1,100,,6366,81,,,1
1001101,'3',940,,6368,47,,,1,101,,6369,81,,,1,99,,6372,81,,,1,100,,6373,81,,,1,100,,6370,81,,,1,101,,6371,81,,,1,100,,6374,81,,,1,99,,6375,81,,,1,102,,6376,81,,,1,97,,6377,81,,,1
1200000201,'1',548,,7145,13,,,1,60,,7147,13,,,1,17,,7149,13,,,1,19,,7137,43,,,1,62,,7154,13,,,1,18,,7140,55,,,1,16,,7139,55,,,1,61,,7144,55,,,1,21,,7146,55,,,1,19,,7148,55,,,1,60,,7151,55,,,1,15,,7152,55,,,1,16,,7138,55,,,1,12,,7155,55,,,1,14,,7143,55,,,1,51,,7141,55,,,1,12,,7150,55,,,1,12,,7156,55,,,1,14,,7153,55,,,1,57,,7157,55,,,1,31,,7159,55,,,1,69,,7161,55,,,1,30,,7142,55,,,1,73,,7162,55,,,1,29,,7158,55,,,1,70,,7160,55,,,1,31,,7164,55,,,1,71,,7165,55,,,1,30,,7163,55,,,1,82,,7167,55,,,1,26,,7169,55,,,1,57,,7172,55,,,1,16,,7170,55,,,1,17,,7171,55,,,1,11,,7168,55,,,1,10,,7173,55,,,1,52,,7174,55,,,1,14,,7176,55,,,1,13,,7166,55,,,1,9,,7179,55,,,1,13,,7180,55,,,1,53,,7183,55,,,1,12,,7184,55,,,1,13,,7178,55,,,1,64,,7177,55,,,1,26,,7175,55,,,1,19,,7185,55,,,1,68,,7186,55,,,1,32,,7181,55,,,1,75,,7188,55,,,1,26,,7190,55,,,1,71,,7187,55,,,1,26,,7182,55,,,1,71,,7189,55,,,1,86,,7191,55,,,1
1200000201,'14',1721,,7192,49,,,1
1200000201,'2',646,,7198,13,,,1,68,,7196,43,,,1,39,,7193,55,,,1,70,,7201,55,,,1,31,,7199,55,,,1,72,,7197,55,,,1,32,,7203,55,,,1,71,,7194,55,,,1,71,,7202,55,,,1,32,,7200,55,,,1,72,,7205,55,,,1,30,,7204,55,,,1,71,,7195,55,,,1,32,,7207,55,,,1,71,,7209,55,,,1,30,,7206,55,,,1,70,,7211,55,,,1,31,,7212,55,,,1,70,,7208,55,,,1,30,,7210,55,,,1,71,,7214,55,,,1,31,,7216,55,,,1,68,,7213,55,,,1,25,,7218,55,,,1,68,,7219,55,,,1,25,,7215,55,,,1,25,,7217,55,,,1,67,,7223,55,,,1,29,,7222,55,,,1,71,,7220,55,,,1,27,,7224,55,,,1,68,,7226,55,,,1,29,,7225,55,,,1,70,,7228,55,,,1,29,,7221,55,,,1,68,,7227,55,,,1,49,,7229,55,,,1
1200000201,'27',2258,,7230,48,,,1,70,,7233,48,,,1,28,,7231,48,,,1,83,,7234,48,,,1,68,,7236,48,,,1,30,,7232,48,,,1,70,,7235,48,,,1
1200000201,'28',2257,,7237,48,,,1,70,,7240,48,,,1,29,,7238,48,,,1,82,,7241,48,,,1,68,,7243,48,,,1,30,,7239,48,,,1,70,,7242,48,,,1
1200000201,'29',2257,,7244,48,,,1,70,,7247,48,,,1,29,,7245,48,,,1,82,,7248,48,,,1,68,,7250,48,,,1,30,,7246,48,,,1,70,,7249,48,,,1
1200000201,'3',646,,7251,13,,,1,68,,7253,13,,,1,32,,7255,13,,,1,70,,7257,13,,,1,38,,7252,55,,,1,72,,7254,55,,,1,32,,7256,55,,,1,70,,7258,55,,,1,72,,7259,55,,,1,32,,7263,55,,,1,72,,7261,55,,,1,30,,7265,55,,,1,71,,7262,55,,,1,32,,7260,55,,,1,71,,7264,55,,,1,30,,7267,55,,,1,70,,7266,55,,,1,31,,7268,55,,,1,70,,7270,55,,,1,30,,7272,55,,,1,71,,7275,55,,,1,31,,7277,55,,,1,68,,7269,55,,,1,25,,7271,55,,,1,68,,7273,55,,,1,25,,7276,55,,,1,25,,7278,55,,,1,67,,7280,55,,,1,29,,7279,55,,,1,71,,7274,55,,,1,27,,7281,55,,,1
