1301,'1',632,,5816,9,,,2,77,,5818,9,,,2,93,,5817,9,,,2,806,,5819,9,,,2,16,,5820,9,,,2,80,,5822,9,,,2,30,,5821,9,,,2
1500,'1',621,,5823,54,,,2,30,,5825,54,,,2,70,,5827,54,,,2,31,,5826,57,,,2,70,,5829,57,,,2
1600,'1',1545,,5851,38,,,2,68,,5854,23,,,2,32,,5850,41,,,2,77,,5852,41,,,2,25,,5855,41,,,2
1200000201,'1',552,,7145,18,,,1,60,,7147,18,,,1,17,,7149,18,,,1,19,,7137,48,,,1,62,,7154,18,,,1,18,,7140,60,,,1,17,,7139,60,,,1,61,,7144,60,,,1,20,,7146,60,,,1,19,,7148,60,,,1,60,,7151,60,,,1,15,,7152,60,,,1,16,,7138,60,,,1,12,,7155,60,,,1,54,,7143,60,,,1,11,,7141,60,,,1,12,,7150,60,,,1,12,,7156,60,,,1,14,,7153,60,,,1,57,,7157,60,,,1,31,,7159,60,,,1,69,,7161,60,,,1,30,,7142,60,,,1,73,,7162,60,,,1,29,,7158,60,,,1,70,,7160,60,,,1,31,,7164,60,,,1,72,,7165,60,,,1,30,,7163,60,,,1,82,,7167,60,,,1,26,,7169,60,,,1,56,,7172,60,,,1,16,,7170,60,,,1,17,,7171,60,,,1,11,,7168,60,,,1,50,,7173,60,,,1,12,,7174,60,,,1,14,,7176,60,,,1,13,,7166,60,,,1,9,,7179,60,,,1,53,,7180,60,,,1,13,,7183,60,,,1,12,,7184,60,,,1,13,,7178,60,,,1,64,,7177,60,,,1,26,,7175,60,,,1,19,,7185,60,,,1,68,,7186,60,,,1,32,,7181,60,,,1,74,,7188,60,,,1,26,,7190,60,,,1,71,,7187,60,,,1,26,,7182,60,,,1,71,,7189,60,,,1,86,,7191,60,,,1
1200000201,'14',1725,,7192,54,,,1
1200000201,'2',650,,7198,18,,,1,68,,7196,48,,,1,39,,7193,60,,,1,70,,7201,60,,,1,31,,7199,60,,,1,72,,7197,60,,,1,72,,7203,60,,,1,31,,7194,60,,,1,71,,7202,60,,,1,32,,7200,60,,,1,72,,7205,60,,,1,31,,7204,60,,,1,71,,7195,60,,,1,32,,7207,60,,,1,71,,7209,60,,,1,30,,7206,60,,,1,70,,7211,60,,,1,31,,7212,60,,,1,70,,7208,60,,,1,30,,7210,60,,,1,71,,7214,60,,,1,31,,7216,60,,,1,67,,7213,60,,,1,25,,7218,60,,,1,68,,7219,60,,,1,25,,7215,60,,,1,25,,7217,60,,,1,67,,7223,60,,,1,29,,7222,60,,,1,71,,7220,60,,,1,27,,7224,60,,,1,68,,7226,60,,,1,29,,7225,60,,,1,70,,7228,60,,,1,29,,7221,60,,,1,68,,7227,60,,,1,89,,7229,60,,,1
1200000201,'27',2301,,7230,53,,,1,30,,7233,53,,,1,28,,7231,53,,,1,83,,7234,53,,,1,68,,7236,53,,,1,30,,7232,53,,,1,70,,7235,53,,,1
1200000201,'28',2301,,7237,53,,,1,30,,7240,53,,,1,69,,7238,53,,,1,42,,7241,53,,,1,68,,7243,53,,,1,30,,7239,53,,,1,70,,7242,53,,,1
1200000201,'29',2301,,7244,53,,,1,30,,7247,53,,,1,69,,7245,53,,,1,42,,7248,53,,,1,68,,7250,53,,,1,30,,7246,53,,,1,70,,7249,53,,,1
1200000201,'3',650,,7251,18,,,1,68,,7253,18,,,1,32,,7255,18,,,1,70,,7257,18,,,1,38,,7252,60,,,1,72,,7254,60,,,1,72,,7256,60,,,1,30,,7258,60,,,1,72,,7259,60,,,1,32,,7263,60,,,1,72,,7261,60,,,1,31,,7265,60,,,1,71,,7262,60,,,1,32,,7260,60,,,1,71,,7264,60,,,1,30,,7267,60,,,1,70,,7266,60,,,1,31,,7268,60,,,1,70,,7270,60,,,1,30,,7272,60,,,1,71,,7275,60,,,1,31,,7277,60,,,1,67,,7269,60,,,1,25,,7271,60,,,1,68,,7273,60,,,1,25,,7276,60,,,1,25,,7278,60,,,1,67,,7280,60,,,1,29,,7279,60,,,1,71,,7274,60,,,1,27,,7281,60,,,1
