'51',5002300,72030,4,'',2,3370,4,'',2,6930,4,'',2
'51',5002400,72030,4,'',2,3370,4,'',2,6930,4,'',2
'51',5003400,72330,4,'',2
'51',5003600,72330,4,'',2,2870,4,'',2
'51',5003700,70430,4,'',2,1900,4,'',2,3570,4,'',2,7130,4,'',2,2870,4,'',2
'51',1200000200,62200,4,'',1,1500,4,'',1,1700,4,'',1,5830,4,'',1,1870,4,'',1,1900,4,'',1,5700,4,'',1,930,4,'',1,500,4,'',1,1300,4,'',1,1170,4,'',1,1300,4,'',1,5500,4,'',1,1800,4,'',1,1500,4,'',1,5500,4,'',1,1730,4,'',1,1500,4,'',1,1400,4,'',1,5500,4,'',1,1500,4,'',1,1500,4,'',1,1600,4,'',1,5500,4,'',1,1500,4,'',1,1500,4,'',1,1500,4,'',1,5500,4,'',1,1500,4,'',1,1400,4,'',1,1500,4,'',1,5500,4,'',1,1500,4,'',1,1670,4,'',1,2000,4,'',1,5500,4,'',1,1500,4,'',1,1500,4,'',1,1500,4,'',1,5500,4,'',1,1500,4,'',1,1500,4,'',1,1500,4,'',1,5000,4,'',1,600,4,'',1,1330,4,'',1,1300,4,'',1,1400,4,'',1,5400,4,'',1,1700,4,'',1,1670,4,'',1,1700,4,'',1,6000,4,'',1,2800,4,'',1,7000,4,'',1,3000,4,'',1,7000,4,'',1,2900,4,'',1,6900,4,'',1,3000,4,'',1,7500,4,'',1,2500,4,'',1
'52',1200000200,74400,4,'',1,7000,4,'',1,3000,4,'',1,7100,4,'',1,3000,4,'',1,7130,4,'',1,3000,4,'',1,7000,4,'',1,3000,4,'',1,7000,4,'',1,3000,4,'',1,7100,4,'',1,3100,4,'',1,7000,4,'',1,3100,4,'',1,7000,4,'',1,2900,4,'',1,7000,4,'',1,2900,4,'',1,6900,4,'',1,2970,4,'',1,6800,4,'',1,3000,4,'',1,7000,4,'',1,2900,4,'',1,7000,4,'',1,3000,4,'',1,7000,4,'',1,3000,4,'',1,6900,4,'',1,3000,4,'',1,7000,4,'',1,3000,4,'',1
'53',1200000200,74400,4,'',1,7000,4,'',1,3000,4,'',1,7100,4,'',1,3000,4,'',1,7130,4,'',1,3000,4,'',1,7000,4,'',1,3000,4,'',1,7000,4,'',1,3000,4,'',1,7100,4,'',1,3100,4,'',1,7000,4,'',1,3100,4,'',1,7000,4,'',1,2900,4,'',1,7000,4,'',1,2900,4,'',1,6900,4,'',1,2970,4,'',1,6800,4,'',1,3000,4,'',1,7000,4,'',1,2900,4,'',1,7000,4,'',1,3000,4,'',1
'51',1200000300,63100,4,'',1,1700,4,'',1,5630,4,'',1,1100,4,'',1,1100,4,'',1,1670,4,'',1,1600,4,'',1,5500,4,'',1,1430,4,'',1,1300,4,'',1,1770,4,'',1,5400,4,'',1,1500,4,'',1,1500,4,'',1,1500,4,'',1,6030,4,'',1,2000,4,'',1,2000,4,'',1,6000,4,'',1,2000,4,'',1,2000,4,'',1,6000,4,'',1,2000,4,'',1,2000,4,'',1,6000,4,'',1,2000,4,'',1,2000,4,'',1,6000,4,'',1,2070,4,'',1,1800,4,'',1,6600,4,'',1,3000,4,'',1,6800,4,'',1,3000,4,'',1,7130,4,'',1,2900,4,'',1,7100,4,'',1,2170,4,'',1,6900,4,'',1,2300,4,'',1,7000,4,'',1,3100,4,'',1,7100,4,'',1
'52',1200000300,70100,4,'',1,3000,4,'',1,7000,4,'',1,3000,4,'',1,7100,4,'',1,3000,4,'',1,7000,4,'',1,3030,4,'',1,7100,4,'',1,3000,4,'',1,7100,4,'',1,3000,4,'',1,6900,4,'',1,3100,4,'',1,7100,4,'',1,3100,4,'',1,7000,4,'',1,2900,4,'',1,7000,4,'',1,3000,4,'',1,6800,4,'',1,2900,4,'',1,7000,4,'',1,2870,4,'',1
'53',1200000300,73100,4,'',1,7000,4,'',1,3000,4,'',1,7100,4,'',1,3000,4,'',1,7000,4,'',1,3030,4,'',1,7100,4,'',1,3000,4,'',1,7100,4,'',1,3000,4,'',1,6900,4,'',1,3100,4,'',1,7100,4,'',1,3100,4,'',1,7000,4,'',1,2900,4,'',1,7000,4,'',1,3000,4,'',1,6800,4,'',1,2900,4,'',1,7000,4,'',1,2870,4,'',1
'51',1200000400,72230,4,'',2,1770,4,'',2,1800,4,'',2
