1100,'1',612,,5753,11,,,1,25,,5748,83,,,1,75,,5754,83,,,1,30,,5749,83,,,1,74,,5755,83,,,1,30,,5750,83,,,1,58,,5751,83,,,1,29,,5756,83,,,1,74,,5752,83,,,1,30,,5757,83,,,1,75,,5758,83,,,1,30,,5761,83,,,1,73,,5759,83,,,1,30,,5762,83,,,1,77,,5760,83,,,1,30,,5763,83,,,1,88,,5764,83,,,1,71,,5766,83,,,1,36,,5765,83,,,1,72,,5767,83,,,1,81,,5770,83,,,1,22,,5768,83,,,1,22,,5772,83,,,1,66,,5771,83,,,1,34,,5773,83,,,1,68,,5769,83,,,1,30,,5774,83,,,1,100,,5775,83,,,1,100,,5776,83,,,1,99,,5777,83,,,1,100,,5778,83,,,1
1100,'2',742,,5779,83,,,1,102,,5780,83,,,1,99,,5781,83,,,1,102,,5782,83,,,1,100,,5783,83,,,1,100,,5784,83,,,1,101,,5785,83,,,1,99,,5786,83,,,1,100,,5787,83,,,1,100,,5788,83,,,1,99,,5789,83,,,1,99,,5790,83,,,1,98,,5792,83,,,1,100,,5793,83,,,1,100,,5791,83,,,1,100,,5795,83,,,1,100,,5794,83,,,1
1100,'3',943,,5796,83,,,1,102,,5797,83,,,1,100,,5798,83,,,1,100,,5799,83,,,1,101,,5800,83,,,1,99,,5801,83,,,1,100,,5802,83,,,1,100,,5803,83,,,1,99,,5804,83,,,1,99,,5805,83,,,1
1500,'1',611,,5823,38,,,2,29,,5825,38,,,2,69,,5827,38,,,2,30,,5826,41,,,2,71,,5829,41,,,2,41,,5828,41,0,10 11,2,149,,5824,38,0,12 13,2,100,,5830,38,0,12 13,2,100,,5831,38,0,12 13,2,103,,5832,37,0,12 13,2
1500,'16',850,,5833,26,0,10 11,2
1600,'1',1359,,5848,22,0,12 13,2,96,,5849,22,0,12 13,2,76,,5851,22,,,2,25,,5854,7,,,2,75,,5850,25,,,2,80,,5852,25,,,2,25,,5855,25,,,2,99,,5853,25,0,12 13,2,102,,5856,22,0,12 13,2,110,,5857,22,0,12 13,2
13500,'12',836,,6234,14,,,2
13600,'12',834,,6235,12,,,2
13900,'16',852,,6238,12,,,2
15500,'12',837,,6239,23,,,2
15600,'12',835,,6240,24,,,2
1200000101,'1',1530,,7148,27,,,1,71,,7149,27,,,1,30,,7150,27,,,1,73,,7151,27,,,1
2000001500,'2',755,,7667,38,,,2,101,,7668,37,,,2,100,,7669,37,,,2,94,,7670,37,,,2,109,,7671,37,,,2,141,,7672,37,,,2,201,,7673,38,,,2,101,,7674,37,,,2,55,,7675,37,,,2,145,,7676,37,,,2,53,,7677,37,,,2
2000001500,'3',856,,7678,38,,,2,100,,7679,37,,,2,94,,7680,37,,,2,109,,7681,37,,,2,141,,7682,37,,,2,201,,7683,38,,,2,101,,7684,37,,,2,55,,7685,37,,,2,145,,7686,37,,,2,53,,7687,37,,,2
