20001,'71',1458,,4892,20,4,,2,73,,4893,20,4,,2
20001,'72',636,,4896,20,4,,2,78,,4898,20,4,,2
5002300,'71',656,,5028,58,4,,2,72,,5027,58,4,,2,29,,5029,58,4,,2
5002400,'71',728,,5034,34,4,,2,27,,5033,34,4,,2
5003400,'71',701,,5039,36,4,,2,22,,5038,36,4,,2
5003600,'71',723,,5042,35,4,,2,27,,5041,35,4,,2
5003700,'71',702,,5046,71,4,,2,21,,5047,64,4,,2,36,,5048,64,4,,2
1200000200,'71',606,,5075,31,4,,1,15,,5074,53,4,,1,19,,5078,53,4,,1,10,,5082,31,4,,1,9,,5080,53,4,,1,57,,5081,53,4,,1,18,,5077,53,4,,1,18,,5085,53,4,,1,55,,5073,53,4,,1,15,,5087,53,4,,1,15,,5076,53,4,,1,13,,5089,53,4,,1,52,,5083,53,4,,1,13,,5090,53,4,,1,15,,5079,53,4,,1,12,,5091,53,4,,1,17,,5084,53,4,,1,57,,5086,53,4,,1,14,,5092,53,4,,1,15,,5088,53,4,,1,55,,5094,53,4,,1,15,,5095,53,4,,1,15,,5096,53,4,,1,15,,5098,53,4,,1,55,,5099,53,4,,1,15,,5101,53,4,,1,15,,5102,53,4,,1,15,,5103,53,4,,1,56,,5093,53,4,,1,15,,5105,53,4,,1,15,,5106,53,4,,1,15,,5107,53,4,,1,54,,5097,53,4,,1,15,,5104,53,4,,1,15,,5100,53,4,,1,22,,5108,53,4,,1,52,,5109,53,4,,1,16,,5110,53,4,,1,15,,5111,53,4,,1,16,,5112,53,4,,1,52,,5113,53,4,,1,14,,5115,53,4,,1,15,,5117,53,4,,1,16,,5119,53,4,,1,9,,5121,40,4,,1,48,,5120,53,4,,1,12,,5122,53,4,,1,15,,5125,53,4,,1,15,,5126,53,4,,1,54,,5123,53,4,,1,14,,5124,53,4,,1,14,,5116,53,4,,1,15,,5114,53,4,,1,15,,5128,53,4,,1,54,,5118,53,4,,1,30,,5129,53,4,,1,70,,5127,53,4,,1,30,,5133,53,4,,1,70,,5135,53,4,,1,29,,5136,53,4,,1,72,,5130,53,4,,1,28,,5132,53,4,,1,72,,5134,53,4,,1,26,,5137,53,4,,1
1200000200,'72',744,,5139,53,4,,1,70,,5142,53,4,,1,30,,5143,53,4,,1,70,,5144,53,4,,1,30,,5138,53,4,,1,70,,5141,53,4,,1,30,,5140,53,4,,1,70,,5145,53,4,,1,30,,5146,53,4,,1,71,,5148,53,4,,1,29,,5147,53,4,,1,71,,5150,53,4,,1,30,,5151,53,4,,1,71,,5152,53,4,,1,30,,5153,53,4,,1,69,,5154,53,4,,1,30,,5149,53,4,,1,70,,5156,53,4,,1,30,,5155,53,4,,1,70,,5159,53,4,,1,30,,5158,53,4,,1,71,,5161,53,4,,1,27,,5162,53,4,,1,69,,5163,53,4,,1,30,,5165,53,4,,1,71,,5157,53,4,,1,29,,5167,53,4,,1,69,,5168,53,4,,1,30,,5164,53,4,,1,70,,5166,53,4,,1,29,,5160,53,4,,1,70,,5169,53,4,,1,30,,5170,53,4,,1
1200000200,'73',744,,5171,53,4,,1,70,,5173,53,4,,1,30,,5174,53,4,,1,70,,5175,53,4,,1,30,,5176,53,4,,1,70,,5172,53,4,,1,30,,5177,53,4,,1,70,,5179,53,4,,1,30,,5178,53,4,,1,71,,5181,53,4,,1,29,,5180,53,4,,1,71,,5183,53,4,,1,30,,5184,53,4,,1,71,,5185,53,4,,1,30,,5186,53,4,,1,69,,5188,53,4,,1,30,,5182,53,4,,1,70,,5191,53,4,,1,30,,5189,53,4,,1,70,,5193,53,4,,1,30,,5192,53,4,,1,71,,5195,53,4,,1,27,,5196,53,4,,1,69,,5197,53,4,,1,30,,5187,53,4,,1,71,,5194,53,4,,1,29,,5190,53,4,,1
1200000200,'89',707,,5198,31,4,,1,24,,5200,31,4,,1,87,,5199,22,4,,1
1200000300,'71',634,,5347,49,4,,1,18,,5350,49,4,,1,58,,5352,49,4,,1,13,,5354,49,4,,1,10,,5349,49,4,,1,10,,5356,49,4,,1,10,,5359,49,4,,1,49,,5353,49,4,,1,15,,5361,49,4,,1,14,,5363,49,4,,1,15,,5348,49,4,,1,56,,5351,51,4,,1,14,,5357,51,4,,1,13,,5360,51,4,,1,14,,5358,51,4,,1,15,,5355,51,4,,1,60,,5362,51,4,,1,20,,5364,51,4,,1,20,,5366,51,4,,1,60,,5368,51,4,,1,20,,5369,51,4,,1,20,,5371,51,4,,1,62,,5373,51,4,,1,20,,5365,51,4,,1,60,,5367,51,4,,1,20,,5374,51,4,,1,18,,5370,51,4,,1,20,,5372,51,4,,1,59,,5376,51,4,,1,20,,5378,51,4,,1,19,,5380,51,4,,1,65,,5375,51,4,,1,31,,5383,53,4,,1,68,,5377,53,4,,1,29,,5379,53,4,,1,73,,5384,53,4,,1,28,,5382,53,4,,1,73,,5381,53,4,,1,21,,5385,51,4,,1,68,,5386,51,4,,1,21,,5388,51,4,,1,70,,5390,51,4,,1,32,,5391,51,4,,1,73,,5395,51,4,,1
1200000300,'72',701,,5398,51,4,,1,30,,5399,51,4,,1,70,,5404,51,4,,1,30,,5408,51,4,,1,72,,5402,51,4,,1,31,,5401,51,4,,1,69,,5406,51,4,,1,30,,5407,51,4,,1,71,,5409,51,4,,1,29,,5400,51,4,,1,71,,5405,51,4,,1,30,,5403,51,4,,1,69,,5410,51,4,,1,32,,5411,51,4,,1,69,,5413,51,4,,1,33,,5412,51,4,,1,69,,5415,51,4,,1,29,,5416,51,4,,1,70,,5417,51,4,,1,31,,5418,51,4,,1,68,,5419,51,4,,1,29,,5414,51,4,,1,71,,5421,51,4,,1,29,,5420,51,4,,1
1200000300,'73',731,,5428,51,4,,1,70,,5430,51,4,,1,30,,5433,51,4,,1,72,,5435,51,4,,1,31,,5429,51,4,,1,69,,5432,51,4,,1,30,,5434,51,4,,1,71,,5436,51,4,,1,29,,5437,51,4,,1,71,,5431,51,4,,1,30,,5438,51,4,,1,69,,5440,51,4,,1,32,,5439,51,4,,1,69,,5442,51,4,,1,33,,5441,51,4,,1,69,,5444,51,4,,1,29,,5445,51,4,,1,70,,5446,51,4,,1,31,,5447,51,4,,1,68,,5448,51,4,,1,29,,5443,51,4,,1,71,,5450,51,4,,1,29,,5449,51,4,,1
1200000400,'71',725,,5565,55,4,,1,18,,5566,55,4,,1,16,,5567,55,4,,1,55,,5564,55,4,,1
