3400,'71',610,,4634,12,0,14,2,114,,4635,14,0,14,2,77,,4636,12,0,14,2,36,,4633,14,0,24 1 15,2,677,,4637,3,0,14,2,41,,4638,12,0,14,2,91,,4639,14,0,14,2,82,,4640,14,0,14,2,89,,4641,14,0,14,2
3800,'71',1515,,4801,5,,,2
22101,'85',1512,,4924,5,,,2
22201,'85',1512,,4926,5,,,2
23101,'85',1512,,4932,5,,,2
23201,'85',1512,,4934,5,,,2
24101,'85',1511,,4938,5,,,2
24201,'85',1511,,4940,5,,,2
31101,'85',1514,,4946,5,,,2
32501,'83',1626,,4948,30,,,2
35101,'85',1514,,4954,5,,,2
38101,'85',1514,,4966,5,,,2
5003400,'71',633,,5039,12,,,2,21,,5038,12,,,2
2000003400,'72',718,,5682,12,,,2,85,,5683,14,,,2,45,,5684,14,,,2,85,,5685,14,,,2,85,,5686,14,,,2,86,,5687,14,,,2,45,,5688,14,,,2,85,,5689,14,,,2,174,,5690,14,,,2,41,,5691,14,,,2,92,,5692,14,,,2,78,,5693,14,,,2,93,,5694,14,,,2,38,,5695,14,,,2,87,,5696,14,,,2
2000003400,'73',803,,5697,12,,,2,45,,5698,14,,,2,85,,5699,14,,,2,85,,5700,14,,,2,86,,5701,14,,,2,45,,5702,14,,,2,85,,5703,14,,,2,174,,5704,14,,,2,41,,5705,14,,,2,92,,5706,14,,,2,78,,5707,14,,,2,93,,5708,14,,,2,38,,5709,14,,,2,87,,5710,14,,,2
