20001,'1',1453,,6250,14,4,,2,74,,6251,14,4,,2
20001,'2',642,,6252,14,4,,2,70,,6254,14,4,,2
5002300,'1',654,,6378,57,4,,2,73,,6379,57,4,,2,29,,6380,57,4,,2
5002400,'1',727,,6384,33,4,,2,27,,6383,33,4,,2
5003400,'1',700,,6388,35,4,,2,23,,6387,35,4,,2
5003600,'1',722,,6390,23,4,,2,27,,6391,23,4,,2
5003700,'1',723,,6395,63,4,,2,77,,6394,63,4,,2
1200000200,'1',605,,7029,30,4,,1,15,,7028,52,4,,1,19,,7033,52,4,,1,61,,7034,52,4,,1,19,,7035,52,4,,1,19,,7037,52,4,,1,16,,7038,52,4,,1,56,,7027,52,4,,1,15,,7040,52,4,,1,15,,7032,52,4,,1,11,,7030,52,4,,1,52,,7036,52,4,,1,13,,7041,52,4,,1,14,,7039,52,4,,1,17,,7042,52,4,,1,70,,7044,52,4,,1,29,,7046,52,4,,1,70,,7031,52,4,,1,30,,7047,52,4,,1,70,,7043,52,4,,1,30,,7045,52,4,,1,71,,7049,52,4,,1,30,,7050,52,4,,1,69,,7048,52,4,,1,31,,7052,52,4,,1,58,,7054,52,4,,1,32,,7055,52,4,,1,17,,7056,52,4,,1,52,,7053,52,4,,1,14,,7057,52,4,,1,15,,7058,52,4,,1,17,,7060,52,4,,1,56,,7051,52,4,,1,12,,7063,52,4,,1,15,,7064,52,4,,1,15,,7067,52,4,,1,53,,7068,52,4,,1,15,,7062,52,4,,1,27,,7061,52,4,,1,67,,7059,52,4,,1,29,,7065,52,4,,1,70,,7071,52,4,,1,30,,7072,52,4,,1,70,,7074,52,4,,1,29,,7075,52,4,,1,72,,7069,52,4,,1,29,,7066,52,4,,1,72,,7073,52,4,,1,26,,7076,52,4,,1
1200000200,'2',742,,7080,52,4,,1,71,,7079,52,4,,1,31,,7083,52,4,,1,70,,7077,52,4,,1,30,,7082,52,4,,1,71,,7081,52,4,,1,31,,7085,52,4,,1,70,,7084,52,4,,1,31,,7078,52,4,,1,72,,7087,52,4,,1,30,,7089,52,4,,1,70,,7086,52,4,,1,30,,7091,52,4,,1,71,,7092,52,4,,1,30,,7088,52,4,,1,69,,7090,52,4,,1,30,,7094,52,4,,1,71,,7096,52,4,,1,30,,7093,52,4,,1,70,,7098,52,4,,1,29,,7099,52,4,,1,68,,7095,52,4,,1,25,,7097,52,4,,1,68,,7103,52,4,,1,30,,7102,52,4,,1,71,,7100,52,4,,1,29,,7104,52,4,,1,69,,7106,52,4,,1,30,,7105,52,4,,1,70,,7108,52,4,,1,30,,7101,52,4,,1,70,,7107,52,4,,1,30,,7109,52,4,,1
1200000200,'3',742,,7110,52,4,,1,71,,7111,52,4,,1,31,,7112,52,4,,1,70,,7113,52,4,,1,30,,7114,52,4,,1,71,,7118,52,4,,1,31,,7116,52,4,,1,70,,7120,52,4,,1,31,,7117,52,4,,1,72,,7115,52,4,,1,30,,7119,52,4,,1,70,,7122,52,4,,1,30,,7121,52,4,,1,71,,7123,52,4,,1,30,,7125,52,4,,1,69,,7127,52,4,,1,30,,7130,52,4,,1,71,,7132,52,4,,1,30,,7124,52,4,,1,70,,7126,52,4,,1,29,,7128,52,4,,1,68,,7131,52,4,,1,25,,7133,52,4,,1,68,,7135,52,4,,1,30,,7134,52,4,,1,71,,7129,52,4,,1,29,,7136,52,4,,1
1200000300,'1',632,,7282,48,4,,1,18,,7285,48,4,,1,59,,7287,48,4,,1,13,,7290,48,4,,1,10,,7284,48,4,,1,16,,7292,48,4,,1,53,,7288,48,4,,1,15,,7293,48,4,,1,14,,7295,48,4,,1,14,,7283,48,4,,1,56,,7286,50,4,,1,14,,7291,50,4,,1,27,,7289,50,4,,1,73,,7294,50,4,,1,33,,7296,50,4,,1,70,,7298,50,4,,1,30,,7300,50,4,,1,72,,7302,50,4,,1,30,,7297,50,4,,1,70,,7299,50,4,,1,28,,7301,50,4,,1,70,,7303,50,4,,1,29,,7304,50,4,,1,74,,7305,50,4,,1,31,,7308,52,4,,1,68,,7309,52,4,,1,28,,7310,52,4,,1,72,,7307,52,4,,1,30,,7306,52,4,,1,73,,7311,52,4,,1,23,,7314,50,4,,1,65,,7312,50,4,,1,21,,7316,50,4,,1,70,,7317,50,4,,1,32,,7315,50,4,,1,73,,7322,50,4,,1
1200000300,'2',712,,7325,50,4,,1,30,,7328,50,4,,1,71,,7331,50,4,,1,31,,7334,50,4,,1,70,,7326,50,4,,1,31,,7329,50,4,,1,69,,7332,50,4,,1,31,,7335,50,4,,1,71,,7327,50,4,,1,31,,7330,50,4,,1,71,,7333,50,4,,1,30,,7336,50,4,,1,71,,7337,50,4,,1,30,,7341,50,4,,1,70,,7347,50,4,,1,30,,7344,50,4,,1,70,,7338,50,4,,1,30,,7342,50,4,,1,70,,7348,50,4,,1,28,,7345,50,4,,1,70,,7339,50,4,,1,30,,7343,50,4,,1,69,,7349,50,4,,1,29,,7346,50,4,,1
1200000300,'3',742,,7355,50,4,,1,71,,7357,50,4,,1,31,,7363,50,4,,1,70,,7360,50,4,,1,31,,7356,50,4,,1,69,,7358,50,4,,1,31,,7364,50,4,,1,71,,7361,50,4,,1,31,,7365,50,4,,1,71,,7359,50,4,,1,30,,7367,50,4,,1,71,,7362,50,4,,1,30,,7366,50,4,,1,70,,7369,50,4,,1,30,,7368,50,4,,1,70,,7373,50,4,,1,30,,7376,50,4,,1,70,,7370,50,4,,1,28,,7379,50,4,,1,70,,7374,50,4,,1,30,,7377,50,4,,1,69,,7371,50,4,,1,29,,7380,50,4,,1
1200000400,'1',728,,7504,54,4,,1,19,,7505,54,4,,1
