1500,'71',605,,4416,30,,,2,28,,4417,30,,,2,69,,4421,30,,,2,32,,4420,29,,,2,68,,4418,29,,,2,41,,4422,30,0,10 11,2,112,,4419,29,0,12 13,2,155,,4423,29,0,12 13,2,116,,4424,29,0,12 13,2,30,,4425,29,0,12 13,2,157,,4427,29,0,12 13,2,116,,4428,29,,,2,96,,4426,29,,,2,77,,4431,30,,,2,28,,4430,29,,,2,100,,4432,29,0,12 13,2,111,,4433,29,0,12 13,2,104,,4434,29,0,12 13,2
1500,'87',842,,4435,19,0,10 11,2
15500,'82',834,,4874,19,,,2
15600,'82',831,,4875,20,,,2
20000,'71',916,,4882,16,,,2,28,,4879,16,,,2,66,,4881,16,,,2,29,,4880,16,,,2,689,,4883,4,,,2,274,,4884,4,,,2,134,,4886,4,,,2,218,,4885,4,,,2
20000,'72',2351,,4887,4,,,2
21000,'71',1118,,4899,20,,,2,36,,4900,20,,,2,246,,4902,20,,,2,39,,4901,20,,,2,277,,4903,20,,,2,18,,4907,20,,,2,68,,4905,20,,,2,27,,4904,20,,,2,81,,4906,20,,,2,132,,4908,20,,,2
35000,'71',910,,4951,3,,,2
38000,'71',1707,,4961,17,,,2,42,,4960,17,,,2,79,,4959,17,,,2
2000001500,'72',741,,5607,30,,,2,102,,5608,29,,,2,103,,5609,29,,,2,100,,5610,29,,,2,102,,5611,29,,,2,100,,5612,29,,,2,190,,5613,30,,,2,99,,5614,29,,,2,95,,5615,29,,,2,107,,5616,29,,,2,98,,5617,29,,,2
2000001500,'73',843,,5618,30,,,2,103,,5619,29,,,2,100,,5620,29,,,2,102,,5621,29,,,2,100,,5622,29,,,2,190,,5623,30,,,2,99,,5624,29,,,2,95,,5625,29,,,2,107,,5626,29,,,2,98,,5627,29,,,2
