3701,'71',556,,4746,37,0,9,2,188,,4749,44,0,32 1 33,2,102,,4748,44,0,9,2,102,,4747,44,0,9,2,98,,4750,44,0,9,2,102,,4751,44,0,9,2,153,,4752,44,0,9,2,102,,4753,44,0,9,2,102,,4754,44,0,9,2,115,,4755,44,0,9,2,113,,4756,44,0,9,2,100,,4757,44,0,9,2,100,,4758,44,0,9,2,97,,4759,44,0,9,2,97,,4760,44,0,9,2,101,,4761,44,0,9,2,102,,4762,44,0,9,2,25,,4763,44,0,9,2
3701,'72',716,,4764,44,0,9,2,100,,4765,44,0,9,2,102,,4766,44,0,9,2,100,,4767,44,0,9,2,100,,4768,44,0,9,2,112,,4769,44,0,9,2,100,,4770,44,0,9,2,100,,4771,44,0,9,2,102,,4772,44,0,9,2,100,,4773,44,0,9,2,98,,4774,44,0,9,2,100,,4775,44,0,9,2,100,,4776,44,0,9,2,97,,4779,44,0,9,2,100,,4780,44,0,9,2,101,,4781,44,0,9,2,98,,4777,44,0,9,2,25,,4778,44,0,9,2
3701,'73',816,,4782,44,0,9,2,102,,4783,44,0,9,2,100,,4784,44,0,9,2,100,,4785,44,0,9,2,112,,4786,44,0,9,2,100,,4787,44,0,9,2,100,,4788,44,0,9,2,102,,4789,44,0,9,2,100,,4790,44,0,9,2,98,,4791,44,0,9,2,100,,4792,44,0,9,2,109,,4793,44,0,9,2
3800,'71',812,,4794,45,,,2,105,,4795,45,,,2,98,,4796,45,,,2,102,,4797,45,,,2,113,,4798,45,,,2,102,,4799,45,,,2,102,,4800,45,,,2,109,,4801,52,,,2,115,,4802,45,,,2,95,,4803,45,,,2,152,,4804,45,,,2,97,,4805,45,,,2,56,,4806,45,,,2,101,,4807,45,,,2,99,,4808,45,,,2
3800,'72',746,,4809,45,,,2,100,,4810,45,,,2,102,,4811,45,,,2,100,,4812,45,,,2,101,,4813,45,,,2,151,,4814,45,,,2,100,,4815,45,,,2,102,,4816,45,,,2,100,,4817,45,,,2,100,,4818,45,,,2,98,,4819,45,,,2,100,,4820,45,,,2,58,,4822,45,,,2,99,,4823,45,,,2,99,,4824,45,,,2,100,,4821,45,,,2
3800,'73',846,,4825,45,,,2,102,,4826,45,,,2,100,,4827,45,,,2,101,,4828,45,,,2,151,,4829,45,,,2,100,,4830,45,,,2,102,,4831,45,,,2,100,,4832,45,,,2,100,,4833,45,,,2,98,,4834,45,,,2,100,,4835,45,,,2,107,,4836,45,,,2
24100,'84',735,,4937,13,4,,2
24200,'84',733,,4939,15,4,,2
31100,'84',750,,4945,54,,,2
38100,'84',736,,4965,46,,,2
5003700,'71',635,,5046,55,,,2,18,,5047,48,,,2,74,,5048,48,,,2
5003701,'71',1651,,5050,77,,,2,106,,5049,77,,,2
5003701,'81',1910,,5051,77,,,2
5003801,'71',1728,,5053,76,,,2,89,,5052,76,,,2
