3101,'1',604,,6012,32,,,2,30,,6014,32,,,2,67,,6013,64,,,2,32,,6011,64,,,2,104,,6015,64,,,2,105,,6016,64,,,2,99,,6017,64,,,2,100,,6018,64,,,2,106,,6019,64,,,2,102,,6020,64,,,2,101,,6021,64,,,2,100,,6022,64,,,2,97,,6023,64,,,2,71,,6026,64,,,2,31,,6027,64,,,2,71,,6024,64,,,2,33,,6028,64,,,2,64,,6025,64,,,2,36,,6029,64,,,2
3800,'1',806,,6171,33,,,2,103,,6172,33,,,2,99,,6173,33,,,2,102,,6174,33,,,2,115,,6175,33,,,2,102,,6176,33,,,2,102,,6177,33,,,2,106,,6178,33,,,2,119,,6179,33,,,2,72,,6180,33,,,2,174,,6181,33,,,2,56,,6182,33,,,2,96,,6183,33,,,2,100,,6184,33,,,2,98,,6185,33,,,2
3800,'2',734,,6186,33,,,2,101,,6187,33,,,2,103,,6188,33,,,2,101,,6189,33,,,2,102,,6190,33,,,2,116,,6191,33,,,2,102,,6192,33,,,2,141,,6193,33,,,2,100,,6194,33,,,2,102,,6195,33,,,2,99,,6196,33,,,2,54,,6197,33,,,2,96,,6198,33,,,2,100,,6199,33,,,2,97,,6200,33,,,2,101,,6201,33,,,2
3800,'3',835,,6202,33,,,2,103,,6203,33,,,2,101,,6204,33,,,2,102,,6205,33,,,2,116,,6206,33,,,2,102,,6207,33,,,2,141,,6208,33,,,2,100,,6209,33,,,2,102,,6210,33,,,2,99,,6211,33,,,2,54,,6212,33,,,2,96,,6213,33,,,2
31100,'15',738,,6300,39,,,2
38100,'15',718,,6316,25,,,2
38500,'12',809,,6317,11,,,2
5003801,'1',1721,,6398,64,,,2,89,,6397,64,,,2
2000003101,'2',707,,7594,33,,,2,102,,7595,65,,,2,101,,7596,65,,,2,101,,7597,65,,,2,101,,7598,65,,,2,101,,7599,65,,,2,101,,7600,65,,,2,215,,7601,65,,,2,101,,7602,65,,,2,101,,7603,65,,,2,96,,7604,65,,,2
2000003101,'3',809,,7606,33,,,2,101,,7607,65,,,2,101,,7608,65,,,2,101,,7609,65,,,2,101,,7610,65,,,2,101,,7611,65,,,2,215,,7612,65,,,2,101,,7613,65,,,2,101,,7614,65,,,2,96,,7615,65,,,2
