13100,'15',744,,6233,63,,,2
5004200,'11',655,,6399,13,,,2
905231701,'27',2248,,6491,35,4,,2,69,,6494,35,4,,2,30,,6489,35,4,,2,70,,6492,35,4,,2,30,,6490,35,4,,2,70,,6493,35,4,,2,30,,6495,35,4,,2
905231701,'28',2248,,6498,35,4,,2,69,,6501,35,4,,2,30,,6496,35,4,,2,70,,6499,35,4,,2,30,,6497,35,4,,2,70,,6500,35,4,,2,30,,6502,35,4,,2
905231701,'29',2248,,6505,35,4,,2,69,,6508,35,4,,2,30,,6503,35,4,,2,70,,6506,35,4,,2,30,,6504,35,4,,2,70,,6507,35,4,,2,30,,6509,35,4,,2
1200000101,'1',1544,,7023,39,,,1,72,,7024,39,,,1,31,,7025,39,,,1,71,,7026,39,,,1
1200000200,'1',545,,7029,13,,,1,55,,7028,35,,,1,15,,7033,35,,,1,15,,7034,35,,,1,18,,7035,35,,,1,55,,7037,35,,,1,16,,7038,35,,,1,17,,7027,35,,,1,15,,7040,35,,,1,55,,7032,35,,,1,14,,7030,35,,,1,14,,7036,35,,,1,15,,7041,35,,,1,58,,7039,35,,,1,19,,7042,35,,,1,29,,7044,35,,,1,69,,7046,35,,,1,30,,7031,35,,,1,70,,7047,35,,,1,30,,7043,35,,,1,70,,7045,35,,,1,31,,7049,35,,,1,70,,7050,35,,,1,29,,7048,35,,,1,70,,7052,35,,,1,18,,7054,35,,,1,71,,7055,35,,,1,16,,7056,35,,,1,12,,7053,35,,,1,14,,7057,35,,,1,55,,7058,35,,,1,16,,7060,35,,,1,15,,7051,35,,,1,13,,7063,35,,,1,55,,7064,35,,,1,17,,7067,35,,,1,13,,7068,35,,,1,15,,7062,35,,,1,69,,7061,35,,,1,30,,7059,35,,,1,70,,7065,35,,,1,30,,7071,35,,,1,70,,7072,35,,,1,30,,7074,35,,,1,69,,7075,35,,,1,32,,7069,35,,,1,70,,7066,35,,,1,32,,7073,35,,,1,66,,7076,35,,,1,30,,7070,35,0,14,1
1200000200,'2',723,,7080,35,,,1,30,,7079,35,,,1,71,,7083,35,,,1,30,,7077,35,,,1,70,,7082,35,,,1,30,,7081,35,,,1,70,,7085,35,,,1,30,,7084,35,,,1,70,,7078,35,,,1,31,,7087,35,,,1,70,,7089,35,,,1,30,,7086,35,,,1,70,,7091,35,,,1,31,,7092,35,,,1,70,,7088,35,,,1,29,,7090,35,,,1,70,,7094,35,,,1,30,,7096,35,,,1,70,,7093,35,,,1,30,,7098,35,,,1,70,,7099,35,,,1,30,,7095,35,,,1,69,,7097,35,,,1,28,,7103,35,,,1,70,,7102,35,,,1,31,,7100,35,,,1,69,,7104,35,,,1,29,,7106,35,,,1,70,,7105,35,,,1,30,,7108,35,,,1,70,,7101,35,,,1,30,,7107,35,,,1,70,,7109,35,,,1
1200000200,'3',723,,7110,35,,,1,30,,7111,35,,,1,71,,7112,35,,,1,30,,7113,35,,,1,70,,7114,35,,,1,30,,7118,35,,,1,70,,7116,35,,,1,30,,7120,35,,,1,70,,7117,35,,,1,31,,7115,35,,,1,70,,7119,35,,,1,30,,7122,35,,,1,70,,7121,35,,,1,31,,7123,35,,,1,70,,7125,35,,,1,29,,7127,35,,,1,70,,7130,35,,,1,30,,7132,35,,,1,70,,7124,35,,,1,30,,7126,35,,,1,70,,7128,35,,,1,30,,7131,35,,,1,69,,7133,35,,,1,28,,7135,35,,,1,70,,7134,35,,,1,31,,7129,35,,,1,69,,7136,35,,,1
1200000400,'1',655,,7504,37,,,1,56,,7505,37,,,1
