3701,'71',539,,4746,6,0,9,2,185,,4749,13,,,2,105,,4748,13,0,9,2,102,,4747,13,0,9,2,98,,4750,13,0,9,2,102,,4751,13,0,9,2,113,,4752,13,0,9,2,102,,4753,13,0,9,2,102,,4754,13,0,9,2,155,,4755,13,0,9,2,113,,4756,13,0,9,2,100,,4757,13,0,9,2,101,,4758,13,0,9,2,97,,4759,13,0,9,2,97,,4760,13,0,9,2,101,,4761,13,0,9,2,102,,4762,13,0,9,2,28,,4763,13,0,9,2
3701,'72',700,,4764,13,0,9,2,100,,4765,13,0,9,2,102,,4766,13,0,9,2,100,,4767,13,0,9,2,100,,4768,13,0,9,2,112,,4769,13,0,9,2,100,,4770,13,0,9,2,100,,4771,13,0,9,2,102,,4772,13,0,9,2,100,,4773,13,0,9,2,98,,4774,13,0,9,2,100,,4775,13,0,9,2,100,,4776,13,0,9,2,97,,4779,13,0,9,2,100,,4780,13,0,9,2,101,,4781,13,0,9,2,98,,4777,13,0,9,2,28,,4778,13,0,9,2
3701,'73',800,,4782,13,0,9,2,102,,4783,13,0,9,2,100,,4784,13,0,9,2,100,,4785,13,0,9,2,112,,4786,13,0,9,2,100,,4787,13,0,9,2,100,,4788,13,0,9,2,102,,4789,13,0,9,2,100,,4790,13,0,9,2,98,,4791,13,0,9,2,100,,4792,13,0,9,2,109,,4793,13,0,9,2
3901,'71',1642,,4843,18,,,2,82,,4842,18,,,2,80,,4841,18,,,2
31101,'85',1528,,4946,22,,,2
38001,'71',628,,4963,19,,,2,22,,4964,19,,,2
38101,'85',1533,,4966,29,,,2
38501,'83',1656,,4968,23,,,2
5003700,'71',610,,5046,13,,,2,24,,5047,13,,,2,74,,5048,13,,,2
5003701,'71',1629,,5050,35,,,2,106,,5049,35,,,2
5003701,'81',1848,,5051,35,,,2
