13800,'12',834,,6237,14,,,2
34500,'12',832,,6305,39,,,2
35500,'12',836,,6308,60,,,2
1200000100,'1',649,,7016,67,,,1,71,,7017,67,,,1,21,,7018,67,,,1,69,,7021,67,0,16 1 17,1,30,,7019,67,,,1
1200000201,'1',625,,7137,22,,,1,80,,7140,34,,,1,15,,7139,34,,,1,20,,7144,34,,,1,61,,7146,34,,,1,20,,7148,34,,,1,20,,7151,34,,,1,15,,7152,34,,,1,56,,7138,34,,,1,13,,7155,34,,,1,14,,7143,34,,,1,11,,7141,34,,,1,52,,7150,34,,,1,12,,7156,34,,,1,14,,7153,34,,,1,17,,7157,34,,,1,70,,7159,34,,,1,29,,7161,34,,,1,70,,7142,34,,,1,33,,7162,34,,,1,69,,7158,34,,,1,30,,7160,34,,,1,71,,7164,34,,,1,31,,7165,34,,,1,70,,7163,34,,,1,39,,7167,34,,,1,67,,7169,34,,,1,18,,7172,34,,,1,17,,7170,34,,,1,57,,7171,34,,,1,12,,7168,34,,,1,10,,7173,34,,,1,12,,7174,34,,,1,54,,7176,34,,,1,13,,7166,34,,,1,9,,7179,34,,,1,13,,7180,34,,,1,13,,7183,34,,,1,52,,7184,34,,,1,13,,7178,34,,,1,24,,7177,34,,,1,66,,7175,34,,,1,19,,7185,34,,,1,28,,7186,34,,,1,72,,7181,34,,,1,75,,7188,34,,,1,28,,7190,34,,,1,71,,7187,34,,,1,27,,7182,34,,,1,31,,7189,34,,,1,86,,7191,34,,,1
1200000201,'14',1701,,7192,28,,,1
1200000201,'2',656,,7196,22,,,1,79,,7193,34,,,1,70,,7201,34,,,1,31,,7199,34,,,1,72,,7197,34,,,1,31,,7203,34,,,1,71,,7194,34,,,1,31,,7202,34,,,1,72,,7200,34,,,1,32,,7205,34,,,1,70,,7204,34,,,1,31,,7195,34,,,1,72,,7207,34,,,1,31,,7209,34,,,1,70,,7206,34,,,1,30,,7211,34,,,1,71,,7212,34,,,1,30,,7208,34,,,1,69,,7210,34,,,1,31,,7214,34,,,1,72,,7216,34,,,1,28,,7213,34,,,1,66,,7218,34,,,1,28,,7219,34,,,1,65,,7215,34,,,1,25,,7217,34,,,1,67,,7223,34,,,1,29,,7222,34,,,1,71,,7220,34,,,1,27,,7224,34,,,1,28,,7226,34,,,1,70,,7225,34,,,1,30,,7228,34,,,1,70,,7221,34,,,1,29,,7227,34,,,1,89,,7229,34,,,1
1200000201,'27',2241,,7230,27,,,1,70,,7233,27,,,1,29,,7231,27,,,1,83,,7234,27,,,1,28,,7236,27,,,1,70,,7232,27,,,1,30,,7235,27,,,1
1200000201,'28',2240,,7237,27,,,1,70,,7240,27,,,1,30,,7238,27,,,1,83,,7241,27,,,1,28,,7243,27,,,1,70,,7239,27,,,1,30,,7242,27,,,1
1200000201,'29',2240,,7244,27,,,1,70,,7247,27,,,1,30,,7245,27,,,1,83,,7248,27,,,1,28,,7250,27,,,1,70,,7246,27,,,1,30,,7249,27,,,1
1200000201,'3',836,,7252,34,,,1,72,,7254,34,,,1,31,,7256,34,,,1,70,,7258,34,,,1,32,,7259,34,,,1,72,,7263,34,,,1,32,,7261,34,,,1,70,,7265,34,,,1,31,,7262,34,,,1,72,,7260,34,,,1,31,,7264,34,,,1,70,,7267,34,,,1,30,,7266,34,,,1,71,,7268,34,,,1,30,,7270,34,,,1,69,,7272,34,,,1,31,,7275,34,,,1,72,,7277,34,,,1,28,,7269,34,,,1,66,,7271,34,,,1,28,,7273,34,,,1,65,,7276,34,,,1,25,,7278,34,,,1,67,,7280,34,,,1,29,,7279,34,,,1,71,,7274,34,,,1,27,,7281,34,,,1
1200000401,'1',1722,,7510,34,,,1,21,,7508,34,,,1
