1500,'71',604,,4416,29,,,2,28,,4417,29,,,2,69,,4421,29,,,2,32,,4420,28,,,2,69,,4418,28,,,2,41,,4422,29,0,10 11,2,111,,4419,28,0,12 13,2,155,,4423,28,0,12 13,2,116,,4424,28,0,12 13,2,30,,4425,28,0,12 13,2,157,,4427,28,0,12 13,2,116,,4428,28,,,2,97,,4426,28,,,2,77,,4431,29,,,2,27,,4430,28,,,2,100,,4432,28,0,12 13,2,111,,4433,28,0,12 13,2,104,,4434,28,0,12 13,2
1500,'87',842,,4435,18,0,10 11,2
15500,'82',833,,4874,18,,,2
15600,'82',830,,4875,19,,,2
20000,'71',916,,4882,15,,,2,28,,4879,15,,,2,66,,4881,15,,,2,29,,4880,15,,,2,689,,4883,3,,,2,273,,4884,3,,,2,134,,4886,3,,,2,218,,4885,3,,,2
20000,'72',2350,,4887,3,,,2
21000,'71',1117,,4899,19,,,2,36,,4900,19,,,2,206,,4902,19,,,2,79,,4901,19,,,2,277,,4903,19,,,2,18,,4907,19,,,2,68,,4905,19,,,2,27,,4904,19,,,2,81,,4906,19,,,2,132,,4908,19,,,2
35000,'71',909,,4951,2,,,2
38000,'71',1707,,4961,16,,,2,42,,4960,16,,,2,79,,4959,16,,,2
2000001500,'72',741,,5607,29,,,2,101,,5608,28,,,2,103,,5609,28,,,2,100,,5610,28,,,2,102,,5611,28,,,2,100,,5612,28,,,2,190,,5613,29,,,2,99,,5614,28,,,2,95,,5615,28,,,2,108,,5616,28,,,2,98,,5617,28,,,2
2000001500,'73',842,,5618,29,,,2,103,,5619,28,,,2,100,,5620,28,,,2,102,,5621,28,,,2,100,,5622,28,,,2,190,,5623,29,,,2,99,,5624,28,,,2,95,,5625,28,,,2,108,,5626,28,,,2,98,,5627,28,,,2
