3101,'51',616,,2860,41,,,2,30,,2861,41,,,2,79,,2859,67,,,2,24,,2866,67,,,2,95,,2862,67,,,2,56,,2867,41,,,2,54,,2868,67,,,2,85,,2863,67,,,2,87,,2864,67,,,2,96,,2869,67,,,2,87,,2865,67,,,2,45,,2870,67,,,2,86,,2873,67,,,2,88,,2874,67,,,2,86,,2871,67,,,2,42,,2876,67,,,2,56,,2872,67,,,2,35,,2877,67,,,2,65,,2880,67,,,2,26,,2878,67,,,2,76,,2875,67,,,2,28,,2879,67,,,2
3600,'51',626,,2968,30,,,2,179,,2969,30,,,2,50,,2971,30,,,2,166,,2972,30,,,2,100,,2973,30,,,2,100,,2970,30,,,2,102,,2974,30,,,2,99,,2975,30,,,2,100,,2976,30,,,2,300,,2977,30,,,2,98,,2978,30,,,2,92,,2979,30,,,2,96,,2980,30,,,2,104,,2981,30,,,2,98,,2982,30,,,2
3600,'52',739,,2983,30,,,2,101,,2984,30,,,2,100,,2985,30,,,2,100,,2986,30,,,2,101,,2987,30,,,2,107,,2988,30,,,2,101,,2989,30,,,2,101,,2990,30,,,2,101,,2991,30,,,2,98,,2992,30,,,2,93,,2993,30,,,2,93,,2994,30,,,2,97,,2995,30,,,2,113,,2996,30,,,2,96,,2997,30,,,2,99,,2998,30,,,2,92,,2999,30,,,2
3600,'53',840,,3000,30,,,2,100,,3001,30,,,2,100,,3002,30,,,2,101,,3003,30,,,2,107,,3004,30,,,2,101,,3005,30,,,2,101,,3006,30,,,2,101,,3007,30,,,2,98,,3008,30,,,2,93,,3009,30,,,2,93,,3010,30,,,2,97,,3011,30,,,2
3600,'54',739,,3015,30,,,2,101,,3016,30,,,2,100,,3017,30,,,2,100,,3012,30,,,2,101,,3013,30,,,2,107,,3014,30,,,2,101,,3018,30,,,2,101,,3019,30,,,2,101,,3020,30,,,2,98,,3021,30,,,2,93,,3022,30,,,2,93,,3023,30,,,2,97,,3024,30,,,2,113,,3025,30,,,2,96,,3026,30,,,2,99,,3027,30,,,2,92,,3028,30,,,2
3900,'51',655,,3155,25,,,2,69,,3157,25,,,2,79,,3156,25,,,2,52,,3154,25,,,2
35000,'51',858,,3275,1,,,2
5003600,'51',701,,3386,30,,,2,24,,3385,30,4,,2
5003601,'51',1623,,3389,42,,,2,84,,3387,42,,,2,24,,3388,42,,,2
2000003101,'52',725,,4208,41,,,2,101,,4209,67,,,2,101,,4210,67,,,2,100,,4211,67,,,2,100,,4212,67,,,2,100,,4213,67,,,2,100,,4214,67,,,2,199,,4215,67,,,2,102,,4216,67,,,2,102,,4217,67,,,2,98,,4218,67,,,2
2000003101,'53',826,,4220,41,,,2,100,,4221,67,,,2,101,,4222,67,,,2,100,,4223,67,,,2,100,,4224,67,,,2,100,,4225,67,,,2,199,,4226,67,,,2,102,,4227,67,,,2,102,,4228,67,,,2,98,,4229,67,,,2
2000003101,'54',725,,4231,41,,,2,101,,4232,67,,,2,101,,4233,67,,,2,100,,4234,67,,,2,100,,4235,67,,,2,100,,4236,67,,,2,100,,4237,67,,,2,199,,4238,67,,,2,102,,4239,67,,,2,102,,4240,67,,,2,98,,4241,67,,,2
