1300,'1',645,,5808,37,,,2,86,,5806,37,,,2,84,,5807,37,,,2,793,,5809,37,,,2,107,,5811,37,,,2,14,,5810,37,,,2,71,,5813,37,,,2,32,,5812,37,,,2
1300,'16',858,,5815,37,,,2,43,,5814,32,,,2
1501,'1',1522,,5837,2,,,2,37,,5840,2,,,2,61,,5842,2,,,2,81,,5838,2,0,41,2,30,,5841,2,,,2
1601,'1',635,,5859,2,,,2,23,,5861,2,,,2,71,,5860,2,,,2,174,,5858,2,0,41,2
905231701,'27',2221,,6491,2,4,,2,30,,6494,2,4,,2,70,,6489,2,4,,2,30,,6492,2,4,,2,70,,6490,2,4,,2,30,,6493,2,4,,2,70,,6495,2,4,,2
905231701,'28',2221,,6498,2,4,,2,30,,6501,2,4,,2,70,,6496,2,4,,2,30,,6499,2,4,,2,70,,6497,2,4,,2,30,,6500,2,4,,2,70,,6502,2,4,,2
905231701,'29',2221,,6505,2,4,,2,30,,6508,2,4,,2,70,,6503,2,4,,2,30,,6506,2,4,,2,70,,6504,2,4,,2,30,,6507,2,4,,2,70,,6509,2,4,,2
1200000200,'1',533,,7028,2,,,1,14,,7033,2,,,1,55,,7034,2,,,1,15,,7035,2,,,1,15,,7037,2,,,1,14,,7038,2,,,1,57,,7027,2,,,1,15,,7040,2,,,1,15,,7032,2,,,1,15,,7030,2,,,1,54,,7036,2,,,1,15,,7041,2,,,1,18,,7039,2,,,1,21,,7042,2,,,1,70,,7044,2,,,1,29,,7046,2,,,1,70,,7031,2,,,1,30,,7047,2,,,1,69,,7043,2,,,1,29,,7045,2,,,1,72,,7049,2,,,1,30,,7050,2,,,1,69,,7048,2,,,1,30,,7052,2,,,1,58,,7054,2,,,1,30,,7055,2,,,1,15,,7056,2,,,1,52,,7053,2,,,1,13,,7057,2,,,1,13,,7058,2,,,1,14,,7060,2,,,1,55,,7051,2,,,1,15,,7063,2,,,1,16,,7064,2,,,1,17,,7067,2,,,1,57,,7068,2,,,1,16,,7062,2,,,1,30,,7061,2,,,1,70,,7059,2,,,1,30,,7065,2,,,1,70,,7071,2,,,1,30,,7072,2,,,1,70,,7074,2,,,1,30,,7075,2,,,1,72,,7069,2,,,1,32,,7066,2,,,1,72,,7073,2,,,1,27,,7076,2,,,1,70,,7070,2,0,14,1
1200000200,'2',655,,7080,2,,,1,70,,7079,2,,,1,30,,7083,2,,,1,70,,7077,2,,,1,30,,7082,2,,,1,70,,7081,2,,,1,30,,7085,2,,,1,70,,7084,2,,,1,30,,7078,2,,,1,70,,7087,2,,,1,30,,7089,2,,,1,69,,7086,2,,,1,30,,7091,2,,,1,70,,7092,2,,,1,31,,7088,2,,,1,70,,7090,2,,,1,30,,7094,2,,,1,70,,7096,2,,,1,30,,7093,2,,,1,70,,7098,2,,,1,30,,7099,2,,,1,71,,7095,2,,,1,30,,7097,2,,,1,69,,7103,2,,,1,30,,7102,2,,,1,71,,7100,2,,,1,30,,7104,2,,,1,69,,7106,2,,,1,30,,7105,2,,,1,70,,7108,2,,,1,30,,7101,2,,,1,70,,7107,2,,,1,30,,7109,2,,,1
1200000200,'3',655,,7110,2,,,1,70,,7111,2,,,1,30,,7112,2,,,1,70,,7113,2,,,1,30,,7114,2,,,1,70,,7118,2,,,1,30,,7116,2,,,1,70,,7120,2,,,1,30,,7117,2,,,1,70,,7115,2,,,1,30,,7119,2,,,1,69,,7122,2,,,1,30,,7121,2,,,1,70,,7123,2,,,1,31,,7125,2,,,1,70,,7127,2,,,1,30,,7130,2,,,1,70,,7132,2,,,1,30,,7124,2,,,1,70,,7126,2,,,1,30,,7128,2,,,1,71,,7131,2,,,1,30,,7133,2,,,1,69,,7135,2,,,1,30,,7134,2,,,1,71,,7129,2,,,1,30,,7136,2,,,1
