2200,'1',603,,5864,15,0,14,2,27,,5873,53,0,14,2,22,,5865,15,0,14,2,70,,5877,15,0,14,2,26,,5879,53,0,14,2,83,,5878,15,0,14,2,88,,5874,15,0,14,2,109,,5866,15,0,14,2,100,,5867,15,0,14,2,100,,5868,15,0,14,2,100,,5870,15,0,14,2,102,,5871,15,0,14,2,103,,5880,1,0,14,2,25,,5872,1,0,14,2,153,2,5869,1,0,14,2,29,,5875,1,0,14,2,100,2,5876,1,0,14,2
2201,'1',1533,,5900,45,4,,2,80,,5891,45,4,,2,96,,5888,45,4,,2,30,,5895,45,4,,2,70,,5889,45,4,,2,29,,5896,45,4,,2,67,,5901,45,4,,2,24,,5897,45,4,,2
2201,'14',1709,,5903,49,4,,2
21000,'1',1100,,6255,20,,,2,33,,6256,20,,,2,584,,6258,20,,,2,30,,6260,20,,,2,68,,6259,20,,,2,41,,6257,20,,,2,172,,6261,20,,,2
21000,'2',1235,,6262,20,,,2,71,,6263,20,,,2,31,,6264,20,,,2,71,,6265,20,,,2,496,,6266,20,,,2,53,,6267,20,,,2
21000,'3',1204,,6269,20,,,2,133,,6268,20,,,2,172,,6270,20,,,2,100,,6271,20,,,2
21001,'1',544,,6272,9,,,2,69,,6273,9,,,2,16,,6274,9,,,2,22,,6275,9,,,2,1369,,6276,9,,,2
21001,'2',623,,6277,9,,,2,30,,6278,9,,,2,70,,6279,9,,,2,31,,6280,9,,,2,475,,6281,9,,,2,30,,6282,9,,,2,468,,6283,9,,,2
21001,'3',653,,6284,9,,,2,70,,6285,9,,,2,31,,6286,9,,,2,404,,6287,9,,,2
22100,'15',712,,6288,15,,,2
22500,'12',819,,6290,29,,,2
22900,'13',847,,6291,15,,,2
22901,'14',1646,,6292,22,4,,2
2000002200,'1',644,,7584,62,0,18 19 20,2,90,,7586,34,0,18 19 20,2,100,,7588,34,0,18 19 20,2
