20000,'1',836,,6243,1,,,2,70,,6242,1,,,2
20001,'1',1459,,6250,17,4,,2,75,,6251,17,4,,2
20001,'2',648,,6252,17,4,,2,70,,6254,17,4,,2
5002300,'1',700,,6378,60,4,,2,33,,6379,60,4,,2,69,,6380,60,4,,2
5002301,'1',1607,,6382,1,,,2,29,5,6381,1,,,2
5002400,'1',733,,6384,36,4,,2,67,,6383,36,4,,2
5002401,'1',1608,,6385,1,,,2,30,10,6386,1,,,2
5003400,'1',706,,6388,38,4,,2,23,,6387,38,4,,2
5003401,'1',1603,,6389,1,,,2
5003600,'1',728,,6390,26,4,,2,27,,6391,26,4,,2
5003601,'1',1603,,6393,1,,,2,25,11,6392,1,,,2
5003700,'1',729,,6395,66,4,,2,77,,6394,66,4,,2
5003701,'1',1631,,6396,1,,,2
5003801,'1',1603,,6398,1,,,2,97,48,6397,1,,,2
1200000200,'1',611,,7154,33,4,,1,15,,7153,55,4,,1,19,,7158,55,4,,1,61,,7159,55,4,,1,19,,7160,55,4,,1,19,,7162,55,4,,1,56,,7163,55,4,,1,16,,7152,55,4,,1,15,,7165,55,4,,1,15,,7157,55,4,,1,11,,7155,55,4,,1,52,,7161,55,4,,1,13,,7166,55,4,,1,14,,7164,55,4,,1,17,,7167,55,4,,1,70,,7169,55,4,,1,29,,7171,55,4,,1,70,,7156,55,4,,1,30,,7172,55,4,,1,70,,7168,55,4,,1,30,,7170,55,4,,1,71,,7174,55,4,,1,30,,7175,55,4,,1,69,,7173,55,4,,1,31,,7177,55,4,,1,59,,7179,55,4,,1,32,,7180,55,4,,1,57,,7181,55,4,,1,12,,7178,55,4,,1,14,,7182,55,4,,1,15,,7183,55,4,,1,17,,7185,55,4,,1,56,,7176,55,4,,1,11,,7188,55,4,,1,15,,7189,55,4,,1,15,,7192,55,4,,1,53,,7193,55,4,,1,15,,7187,55,4,,1,27,,7186,55,4,,1,67,,7184,55,4,,1,29,,7190,55,4,,1,70,,7196,55,4,,1,30,,7197,55,4,,1,70,,7199,55,4,,1,29,,7200,55,4,,1,72,,7194,55,4,,1,28,,7191,55,4,,1,72,,7198,55,4,,1,26,,7201,55,4,,1
1200000200,'2',748,,7205,55,4,,1,71,,7204,55,4,,1,31,,7208,55,4,,1,70,,7202,55,4,,1,30,,7207,55,4,,1,71,,7206,55,4,,1,31,,7210,55,4,,1,70,,7209,55,4,,1,31,,7203,55,4,,1,72,,7212,55,4,,1,30,,7214,55,4,,1,70,,7211,55,4,,1,30,,7216,55,4,,1,71,,7217,55,4,,1,30,,7213,55,4,,1,69,,7215,55,4,,1,30,,7219,55,4,,1,72,,7221,55,4,,1,30,,7218,55,4,,1,70,,7223,55,4,,1,29,,7224,55,4,,1,67,,7220,55,4,,1,25,,7222,55,4,,1,68,,7228,55,4,,1,30,,7227,55,4,,1,71,,7225,55,4,,1,29,,7229,55,4,,1,69,,7231,55,4,,1,30,,7230,55,4,,1,70,,7233,55,4,,1,30,,7226,55,4,,1,70,,7232,55,4,,1,30,,7234,55,4,,1
1200000200,'3',748,,7235,55,4,,1,71,,7236,55,4,,1,31,,7237,55,4,,1,70,,7238,55,4,,1,30,,7239,55,4,,1,71,,7243,55,4,,1,31,,7241,55,4,,1,70,,7245,55,4,,1,31,,7242,55,4,,1,72,,7240,55,4,,1,30,,7244,55,4,,1,70,,7247,55,4,,1,30,,7246,55,4,,1,71,,7248,55,4,,1,30,,7250,55,4,,1,69,,7252,55,4,,1,30,,7255,55,4,,1,72,,7257,55,4,,1,30,,7249,55,4,,1,70,,7251,55,4,,1,29,,7253,55,4,,1,67,,7256,55,4,,1,25,,7258,55,4,,1,68,,7260,55,4,,1,30,,7259,55,4,,1,71,,7254,55,4,,1,29,,7261,55,4,,1
1200000201,'1',611,,7265,1,,,1,15,,7264,1,,,1,19,,7269,1,,,1,61,,7271,1,,,1,19,,7273,1,,,1,19,,7276,1,,,1,56,,7277,1,,,1,16,,7263,1,,,1,15,,7280,1,,,1,15,,7268,1,,,1,11,,7266,1,,,1,52,,7275,1,,,1,13,,7281,1,,,1,14,,7278,1,,,1,17,,7282,1,,,1,70,,7284,1,,,1,29,,7286,1,,,1,70,,7267,1,,,1,30,,7287,1,,,1,70,,7283,1,,,1,30,,7285,1,,,1,71,,7289,1,,,1,30,,7290,1,,,1,69,,7288,1,,,1,31,,7292,1,,,1,59,,7294,1,,,1,23,,7297,1,,,1,9,,7295,1,,,1,57,,7296,1,,,1,12,,7293,1,,,1,14,,7298,1,,,1,15,,7299,1,,,1,17,,7301,1,,,1,56,,7291,1,,,1,11,,7304,1,,,1,15,,7305,1,,,1,15,,7308,1,,,1,53,,7309,1,,,1,15,,7303,1,,,1,27,,7302,1,,,1,67,,7300,1,,,1,19,,7310,1,,,1,70,,7311,1,,,1,32,,7306,1,,,1,73,,7313,1,,,1,34,,7315,1,,,1,72,,7312,1,,,1,28,,7307,1,,,1,72,,7314,1,,,1,26,,7316,1,,,1
1200000201,'2',648,,7318,1,,,1,70,,7326,1,,,1,30,,7324,1,,,1,71,,7322,1,,,1,31,,7328,1,,,1,70,,7319,1,,,1,30,,7327,1,,,1,71,,7325,1,,,1,31,,7330,1,,,1,70,,7329,1,,,1,31,,7320,1,,,1,72,,7332,1,,,1,30,,7334,1,,,1,70,,7331,1,,,1,30,,7336,1,,,1,71,,7337,1,,,1,30,,7333,1,,,1,69,,7335,1,,,1,30,,7339,1,,,1,72,,7341,1,,,1,30,,7338,1,,,1,70,,7343,1,,,1,29,,7344,1,,,1,67,,7340,1,,,1,25,,7342,1,,,1,68,,7348,1,,,1,30,,7347,1,,,1,71,,7345,1,,,1,29,,7349,1,,,1,69,,7351,1,,,1,30,,7350,1,,,1,70,,7353,1,,,1,30,,7346,1,,,1,70,,7352,1,,,1,30,,7354,1,,,1
1200000201,'3',748,,7377,1,,,1,71,,7379,1,,,1,31,,7381,1,,,1,70,,7383,1,,,1,30,,7384,1,,,1,71,,7388,1,,,1,31,,7386,1,,,1,70,,7390,1,,,1,31,,7387,1,,,1,72,,7385,1,,,1,30,,7389,1,,,1,70,,7392,1,,,1,30,,7391,1,,,1,71,,7393,1,,,1,30,,7395,1,,,1,69,,7397,1,,,1,30,,7400,1,,,1,72,,7402,1,,,1,30,,7394,1,,,1,70,,7396,1,,,1,29,,7398,1,,,1,67,,7401,1,,,1,25,,7403,1,,,1,68,,7405,1,,,1,30,,7404,1,,,1,71,,7399,1,,,1,29,,7406,1,,,1
1200000300,'1',638,,7407,51,4,,1,18,,7410,51,4,,1,59,,7412,51,4,,1,13,,7415,51,4,,1,10,,7409,51,4,,1,16,,7417,51,4,,1,53,,7413,51,4,,1,15,,7418,51,4,,1,14,,7420,51,4,,1,14,,7408,51,4,,1,56,,7411,53,4,,1,14,,7416,53,4,,1,27,,7414,53,4,,1,73,,7419,53,4,,1,33,,7421,53,4,,1,70,,7423,53,4,,1,30,,7425,53,4,,1,72,,7427,53,4,,1,30,,7422,53,4,,1,70,,7424,53,4,,1,28,,7426,53,4,,1,70,,7428,53,4,,1,29,,7429,53,4,,1,75,,7430,53,4,,1,31,,7433,55,4,,1,68,,7434,55,4,,1,28,,7435,55,4,,1,71,,7432,55,4,,1,30,,7431,55,4,,1,73,,7436,55,4,,1,23,,7439,53,4,,1,65,,7437,53,4,,1,21,,7441,53,4,,1,70,,7442,53,4,,1,32,,7440,53,4,,1,73,,7447,53,4,,1
1200000300,'2',718,,7450,53,4,,1,30,,7453,53,4,,1,71,,7456,53,4,,1,31,,7459,53,4,,1,70,,7451,53,4,,1,31,,7454,53,4,,1,69,,7457,53,4,,1,31,,7460,53,4,,1,71,,7452,53,4,,1,31,,7455,53,4,,1,71,,7458,53,4,,1,30,,7461,53,4,,1,71,,7462,53,4,,1,30,,7466,53,4,,1,70,,7472,53,4,,1,30,,7469,53,4,,1,70,,7463,53,4,,1,30,,7467,53,4,,1,71,,7473,53,4,,1,28,,7470,53,4,,1,70,,7464,53,4,,1,30,,7468,53,4,,1,68,,7474,53,4,,1,29,,7471,53,4,,1
1200000300,'3',748,,7480,53,4,,1,71,,7482,53,4,,1,31,,7488,53,4,,1,70,,7485,53,4,,1,31,,7481,53,4,,1,69,,7483,53,4,,1,31,,7489,53,4,,1,71,,7486,53,4,,1,31,,7490,53,4,,1,71,,7484,53,4,,1,30,,7492,53,4,,1,71,,7487,53,4,,1,30,,7491,53,4,,1,70,,7494,53,4,,1,30,,7493,53,4,,1,70,,7498,53,4,,1,30,,7501,53,4,,1,71,,7495,53,4,,1,28,,7504,53,4,,1,70,,7499,53,4,,1,30,,7502,53,4,,1,68,,7496,53,4,,1,29,,7505,53,4,,1
1200000301,'1',638,,7506,1,,,1,18,,7510,1,,,1,72,,7516,1,,,1,27,,7511,1,,,1,67,,7519,1,,,1,28,,7507,1,,,1,70,,7517,1,,,1,27,,7515,1,,,1,73,,7520,1,,,1,33,,7521,1,,,1,70,,7523,1,,,1,30,,7525,1,,,1,72,,7527,1,,,1,30,,7522,1,,,1,70,,7524,1,,,1,28,,7526,1,,,1,70,,7528,1,,,1,29,,7529,1,,,1,57,50,7532,1,,,1,18,,7530,1,,,1,22,15,7535,1,,,1,9,,7534,1,,,1,63,,7539,1,,,1,5,,7537,1,,,1,28,,7538,1,,,1,58,,7541,1,,,1,13,,7533,1,,,1,19,19,7536,1,,,1,11,,7531,1,,,1,73,,7540,1,,,1,23,,7544,1,,,1,65,,7542,1,,,1,31,,7543,1,,,1,70,,7545,1,,,1,30,,7546,1,,,1,70,,7549,1,,,1
1200000301,'2',718,,7553,1,,,1,30,,7556,1,,,1,71,,7559,1,,,1,31,,7562,1,,,1,70,,7554,1,,,1,31,,7557,1,,,1,69,,7560,1,,,1,31,,7563,1,,,1,71,,7555,1,,,1,31,,7558,1,,,1,71,,7561,1,,,1,30,,7564,1,,,1,71,,7565,1,,,1,30,,7568,1,,,1,70,,7574,1,,,1,30,,7571,1,,,1,70,,7566,1,,,1,30,,7569,1,,,1,71,,7575,1,,,1,28,,7572,1,,,1,70,,7567,1,,,1,30,,7570,1,,,1,68,,7576,1,,,1,29,,7573,1,,,1
1200000301,'3',748,,7604,1,,,1,71,,7606,1,,,1,31,,7612,1,,,1,70,,7609,1,,,1,31,,7605,1,,,1,69,,7607,1,,,1,31,,7613,1,,,1,71,,7610,1,,,1,31,,7614,1,,,1,71,,7608,1,,,1,30,,7616,1,,,1,71,,7611,1,,,1,30,,7615,1,,,1,70,,7618,1,,,1,30,,7617,1,,,1,70,,7621,1,,,1,30,,7623,1,,,1,71,,7619,1,,,1,28,,7627,1,,,1,70,,7622,1,,,1,30,,7624,1,,,1,68,,7620,1,,,1,29,,7628,1,,,1
1200000400,'1',734,,7629,57,4,,1,19,,7630,57,4,,1
1200000401,'1',1613,,7635,1,,,1,27,16,7633,1,,,1
