3401,'1',636,,6039,21,,,2,67,,6040,21,,,2,52,,6041,21,,,2,793,,6042,21,,,2,89,,6043,21,,,2,98,,6044,21,,,2,66,,6045,21,,,2,46,,6046,21,,,2,68,,6047,21,,,2
3401,'14',1651,,6048,25,,,2
3701,'1',750,,6124,51,,,2
22100,'15',738,,6288,38,,,2
22200,'15',738,,6289,34,,,2
23100,'15',745,,6293,71,,,2
23200,'15',736,,6294,38,,,2
24100,'15',739,,6296,20,4,,2
24200,'15',737,,6297,22,4,,2
31100,'15',756,,6300,61,,,2
32500,'12',820,,6304,34,,,2
35100,'15',738,,6307,49,,,2
38100,'15',742,,6316,53,,,2
5003401,'1',1659,,6389,33,,,2
2000003401,'2',750,,7646,21,,,2,85,,7647,21,,,2,85,,7648,21,,,2,85,,7649,21,,,2,49,,7650,21,,,2,85,,7651,21,,,2,88,,7652,21,,,2,81,,7653,21,,,2,134,,7654,21,,,2,86,,7655,21,,,2,84,,7656,21,,,2,88,,7657,21,,,2,44,,7658,21,,,2,81,,7659,21,,,2,82,,7660,21,,,2
2000003401,'3',835,,7661,21,,,2,85,,7662,21,,,2,85,,7663,21,,,2,49,,7664,21,,,2,85,,7665,21,,,2,88,,7666,21,,,2,81,,7667,21,,,2,134,,7668,21,,,2,86,,7669,21,,,2,84,,7670,21,,,2,88,,7671,21,,,2,44,,7672,21,,,2,81,,7673,21,,,2,82,,7674,21,,,2
