1300,'1',641,,5808,27,,,2,85,,5806,27,,,2,84,,5807,27,,,2,792,,5809,27,,,2,108,,5811,27,,,2,14,,5810,27,,,2,32,,5813,27,,,2,72,,5812,27,,,2
1300,'16',853,,5815,27,,,2,3,,5814,22,,,2
1501,'1',1532,,5837,16,,,2,79,,5840,16,,,2,21,,5842,16,,,2,79,,5838,16,0,41,2,29,,5841,16,,,2
1601,'1',644,,5859,16,,,2,64,,5861,16,,,2,31,,5860,16,,,2,174,,5858,16,0,41,2
11900,'16',853,,6228,38,,,2
12900,'16',848,,6232,19,,,2
905231701,'27',2236,,6491,21,4,,2,70,,6494,21,4,,2,30,,6489,21,4,,2,70,,6492,21,4,,2,30,,6490,21,4,,2,70,,6493,21,4,,2,30,,6495,21,4,,2
905231701,'28',2236,,6498,21,4,,2,70,,6501,21,4,,2,30,,6496,21,4,,2,70,,6499,21,4,,2,30,,6497,21,4,,2,70,,6500,21,4,,2,30,,6502,21,4,,2
905231701,'29',2236,,6505,21,4,,2,70,,6508,21,4,,2,30,,6503,21,4,,2,70,,6506,21,4,,2,30,,6504,21,4,,2,70,,6507,21,4,,2,30,,6509,21,4,,2
1200000101,'1',1522,,7023,18,,,1,31,,7024,18,,,1,68,,7025,18,,,1,35,,7026,18,,,1
1200000200,'1',548,,7028,21,,,1,55,,7033,21,,,1,15,,7034,21,,,1,16,,7035,21,,,1,15,,7037,21,,,1,55,,7038,21,,,1,17,,7027,21,,,1,15,,7040,21,,,1,16,,7032,21,,,1,54,,7030,21,,,1,14,,7036,21,,,1,15,,7041,21,,,1,18,,7039,21,,,1,60,,7042,21,,,1,29,,7044,21,,,1,69,,7046,21,,,1,30,,7031,21,,,1,70,,7047,21,,,1,30,,7043,21,,,1,69,,7045,21,,,1,32,,7049,21,,,1,70,,7050,21,,,1,29,,7048,21,,,1,70,,7052,21,,,1,18,,7054,21,,,1,30,,7055,21,,,1,55,,7056,21,,,1,12,,7053,21,,,1,13,,7057,21,,,1,15,,7058,21,,,1,55,,7060,21,,,1,15,,7051,21,,,1,14,,7063,21,,,1,15,,7064,21,,,1,57,,7067,21,,,1,16,,7068,21,,,1,15,,7062,21,,,1,70,,7061,21,,,1,30,,7059,21,,,1,70,,7065,21,,,1,30,,7071,21,,,1,70,,7072,21,,,1,30,,7074,21,,,1,69,,7075,21,,,1,32,,7069,21,,,1,70,,7066,21,,,1,32,,7073,21,,,1,67,,7076,21,,,1,30,,7070,21,0,14,1
1200000200,'2',711,,7080,21,,,1,30,,7079,21,,,1,70,,7083,21,,,1,30,,7077,21,,,1,70,,7082,21,,,1,30,,7081,21,,,1,70,,7085,21,,,1,30,,7084,21,,,1,70,,7078,21,,,1,30,,7087,21,,,1,70,,7089,21,,,1,30,,7086,21,,,1,70,,7091,21,,,1,30,,7092,21,,,1,70,,7088,21,,,1,30,,7090,21,,,1,70,,7094,21,,,1,30,,7096,21,,,1,70,,7093,21,,,1,30,,7098,21,,,1,70,,7099,21,,,1,31,,7095,21,,,1,69,,7097,21,,,1,29,,7103,21,,,1,70,,7102,21,,,1,31,,7100,21,,,1,69,,7104,21,,,1,29,,7106,21,,,1,70,,7105,21,,,1,30,,7108,21,,,1,70,,7101,21,,,1,30,,7107,21,,,1,70,,7109,21,,,1
1200000200,'3',711,,7110,21,,,1,30,,7111,21,,,1,70,,7112,21,,,1,30,,7113,21,,,1,70,,7114,21,,,1,30,,7118,21,,,1,70,,7116,21,,,1,30,,7120,21,,,1,70,,7117,21,,,1,30,,7115,21,,,1,70,,7119,21,,,1,30,,7122,21,,,1,70,,7121,21,,,1,30,,7123,21,,,1,70,,7125,21,,,1,30,,7127,21,,,1,70,,7130,21,,,1,30,,7132,21,,,1,70,,7124,21,,,1,30,,7126,21,,,1,70,,7128,21,,,1,31,,7131,21,,,1,69,,7133,21,,,1,29,,7135,21,,,1,70,,7134,21,,,1,31,,7129,21,,,1,69,,7136,21,,,1
1200000400,'1',641,,7504,23,,,1,15,,7505,23,,,1
