13100,'15',744,,6233,62,,,2
5004200,'11',654,,6399,12,,,2
905231701,'27',2247,,6491,34,4,,2,69,,6494,34,4,,2,30,,6489,34,4,,2,70,,6492,34,4,,2,30,,6490,34,4,,2,70,,6493,34,4,,2,30,,6495,34,4,,2
905231701,'28',2247,,6498,34,4,,2,69,,6501,34,4,,2,30,,6496,34,4,,2,70,,6499,34,4,,2,30,,6497,34,4,,2,70,,6500,34,4,,2,30,,6502,34,4,,2
905231701,'29',2247,,6505,34,4,,2,69,,6508,34,4,,2,30,,6503,34,4,,2,70,,6506,34,4,,2,30,,6504,34,4,,2,70,,6507,34,4,,2,30,,6509,34,4,,2
1200000101,'1',1543,,7023,38,,,1,72,,7024,38,,,1,31,,7025,38,,,1,71,,7026,38,,,1
1200000200,'1',544,,7029,12,,,1,15,,7028,34,,,1,55,,7033,34,,,1,16,,7034,34,,,1,17,,7035,34,,,1,55,,7037,34,,,1,16,,7038,34,,,1,17,,7027,34,,,1,15,,7040,34,,,1,55,,7032,34,,,1,14,,7030,34,,,1,14,,7036,34,,,1,15,,7041,34,,,1,59,,7039,34,,,1,18,,7042,34,,,1,29,,7044,34,,,1,69,,7046,34,,,1,30,,7031,34,,,1,70,,7047,34,,,1,30,,7043,34,,,1,70,,7045,34,,,1,31,,7049,34,,,1,70,,7050,34,,,1,29,,7048,34,,,1,70,,7052,34,,,1,18,,7054,34,,,1,71,,7055,34,,,1,16,,7056,34,,,1,12,,7053,34,,,1,14,,7057,34,,,1,55,,7058,34,,,1,16,,7060,34,,,1,15,,7051,34,,,1,13,,7063,34,,,1,55,,7064,34,,,1,17,,7067,34,,,1,14,,7068,34,,,1,15,,7062,34,,,1,69,,7061,34,,,1,29,,7059,34,,,1,70,,7065,34,,,1,30,,7071,34,,,1,70,,7072,34,,,1,30,,7074,34,,,1,69,,7075,34,,,1,32,,7069,34,,,1,70,,7066,34,,,1,32,,7073,34,,,1,66,,7076,34,,,1,30,,7070,34,0,14,1
1200000200,'2',722,,7080,34,,,1,30,,7079,34,,,1,71,,7083,34,,,1,30,,7077,34,,,1,70,,7082,34,,,1,30,,7081,34,,,1,71,,7085,34,,,1,30,,7084,34,,,1,70,,7078,34,,,1,31,,7087,34,,,1,70,,7089,34,,,1,30,,7086,34,,,1,70,,7091,34,,,1,30,,7092,34,,,1,70,,7088,34,,,1,30,,7090,34,,,1,70,,7094,34,,,1,30,,7096,34,,,1,70,,7093,34,,,1,30,,7098,34,,,1,70,,7099,34,,,1,29,,7095,34,,,1,69,,7097,34,,,1,28,,7103,34,,,1,70,,7102,34,,,1,31,,7100,34,,,1,69,,7104,34,,,1,29,,7106,34,,,1,70,,7105,34,,,1,30,,7108,34,,,1,70,,7101,34,,,1,30,,7107,34,,,1,70,,7109,34,,,1
1200000200,'3',722,,7110,34,,,1,30,,7111,34,,,1,71,,7112,34,,,1,30,,7113,34,,,1,70,,7114,34,,,1,30,,7118,34,,,1,71,,7116,34,,,1,30,,7120,34,,,1,70,,7117,34,,,1,31,,7115,34,,,1,70,,7119,34,,,1,30,,7122,34,,,1,70,,7121,34,,,1,30,,7123,34,,,1,70,,7125,34,,,1,30,,7127,34,,,1,70,,7130,34,,,1,30,,7132,34,,,1,70,,7124,34,,,1,30,,7126,34,,,1,70,,7128,34,,,1,29,,7131,34,,,1,69,,7133,34,,,1,28,,7135,34,,,1,70,,7134,34,,,1,31,,7129,34,,,1,69,,7136,34,,,1
1200000400,'1',654,,7504,36,,,1,56,,7505,36,,,1
