1300,'1',648,,5808,40,,,2,86,,5806,40,,,2,84,,5807,40,,,2,793,,5809,40,,,2,107,,5811,40,,,2,14,,5810,40,,,2,71,,5813,40,,,2,32,,5812,40,,,2
1300,'16',901,,5815,40,,,2,3,,5814,35,,,2
1501,'1',1525,,5837,5,,,2,77,,5840,5,,,2,21,,5842,5,,,2,81,,5838,5,0,41,2,30,,5841,5,,,2
1601,'1',638,,5859,5,,,2,63,,5861,5,,,2,31,,5860,5,,,2,174,,5858,5,0,41,2
905231701,'27',2224,,6491,5,4,,2,30,,6494,5,4,,2,70,,6489,5,4,,2,30,,6492,5,4,,2,70,,6490,5,4,,2,30,,6493,5,4,,2,70,,6495,5,4,,2
905231701,'28',2224,,6498,5,4,,2,30,,6501,5,4,,2,70,,6496,5,4,,2,30,,6499,5,4,,2,70,,6497,5,4,,2,30,,6500,5,4,,2,70,,6502,5,4,,2
905231701,'29',2224,,6505,5,4,,2,30,,6508,5,4,,2,70,,6503,5,4,,2,30,,6506,5,4,,2,70,,6504,5,4,,2,30,,6507,5,4,,2,70,,6509,5,4,,2
1200000200,'1',535,,7028,5,,,1,14,,7033,5,,,1,55,,7034,5,,,1,16,,7035,5,,,1,15,,7037,5,,,1,14,,7038,5,,,1,57,,7027,5,,,1,15,,7040,5,,,1,15,,7032,5,,,1,15,,7030,5,,,1,54,,7036,5,,,1,15,,7041,5,,,1,18,,7039,5,,,1,21,,7042,5,,,1,70,,7044,5,,,1,29,,7046,5,,,1,70,,7031,5,,,1,30,,7047,5,,,1,69,,7043,5,,,1,29,,7045,5,,,1,72,,7049,5,,,1,30,,7050,5,,,1,69,,7048,5,,,1,30,,7052,5,,,1,58,,7054,5,,,1,30,,7055,5,,,1,55,,7056,5,,,1,12,,7053,5,,,1,13,,7057,5,,,1,13,,7058,5,,,1,14,,7060,5,,,1,55,,7051,5,,,1,15,,7063,5,,,1,16,,7064,5,,,1,17,,7067,5,,,1,57,,7068,5,,,1,16,,7062,5,,,1,30,,7061,5,,,1,70,,7059,5,,,1,30,,7065,5,,,1,70,,7071,5,,,1,30,,7072,5,,,1,70,,7074,5,,,1,30,,7075,5,,,1,72,,7069,5,,,1,71,,7066,5,,,1,32,,7073,5,,,1,67,,7076,5,,,1,30,,7070,5,0,14,1
1200000200,'2',658,,7080,5,,,1,70,,7079,5,,,1,30,,7083,5,,,1,70,,7077,5,,,1,30,,7082,5,,,1,70,,7081,5,,,1,30,,7085,5,,,1,70,,7084,5,,,1,30,,7078,5,,,1,70,,7087,5,,,1,30,,7089,5,,,1,69,,7086,5,,,1,30,,7091,5,,,1,70,,7092,5,,,1,31,,7088,5,,,1,70,,7090,5,,,1,30,,7094,5,,,1,70,,7096,5,,,1,30,,7093,5,,,1,70,,7098,5,,,1,30,,7099,5,,,1,71,,7095,5,,,1,30,,7097,5,,,1,69,,7103,5,,,1,30,,7102,5,,,1,71,,7100,5,,,1,30,,7104,5,,,1,69,,7106,5,,,1,30,,7105,5,,,1,70,,7108,5,,,1,30,,7101,5,,,1,70,,7107,5,,,1,30,,7109,5,,,1
1200000200,'3',658,,7110,5,,,1,70,,7111,5,,,1,30,,7112,5,,,1,70,,7113,5,,,1,30,,7114,5,,,1,70,,7118,5,,,1,30,,7116,5,,,1,70,,7120,5,,,1,30,,7117,5,,,1,70,,7115,5,,,1,30,,7119,5,,,1,69,,7122,5,,,1,30,,7121,5,,,1,70,,7123,5,,,1,31,,7125,5,,,1,70,,7127,5,,,1,30,,7130,5,,,1,70,,7132,5,,,1,30,,7124,5,,,1,70,,7126,5,,,1,30,,7128,5,,,1,71,,7131,5,,,1,30,,7133,5,,,1,69,,7135,5,,,1,30,,7134,5,,,1,71,,7129,5,,,1,30,,7136,5,,,1
