22100,'15',733,,6288,33,,,2
22200,'15',733,,6289,29,,,2
23100,'15',740,,6293,66,,,2
5003701,'1',1719,,6396,17,,,2
5003801,'1',1653,,6398,17,,,2,91,,6397,17,,,2
1200000100,'1',633,,7141,50,,,1,70,,7142,50,,,1,20,,7143,50,,,1,30,,7146,50,0,16 1 17,1,70,,7144,50,,,1
1200000201,'1',610,,7262,5,,,1,37,,7265,17,,,1,55,,7264,17,,,1,19,,7269,17,,,1,23,,7271,17,,,1,60,,7273,17,,,1,20,,7276,17,,,1,16,,7277,17,,,1,16,,7263,17,,,1,54,,7280,17,,,1,14,,7268,17,,,1,11,,7266,17,,,1,12,,7275,17,,,1,12,,7281,17,,,1,54,,7278,17,,,1,17,,7282,17,,,1,70,,7284,17,,,1,29,,7286,17,,,1,30,,7267,17,,,1,72,,7287,17,,,1,70,,7283,17,,,1,30,,7285,17,,,1,71,,7289,17,,,1,30,,7290,17,,,1,69,,7288,17,,,1,37,,7292,17,,,1,67,,7294,17,,,1,18,,7297,17,,,1,17,,7295,17,,,1,17,,7296,17,,,1,52,,7293,17,,,1,12,,7298,17,,,1,13,,7299,17,,,1,14,,7301,17,,,1,54,,7291,17,,,1,9,,7304,17,,,1,13,,7305,17,,,1,13,,7308,17,,,1,12,,7309,17,,,1,53,,7303,17,,,1,24,,7302,17,,,1,26,,7300,17,,,1,59,,7310,17,,,1,30,,7311,17,,,1,72,,7306,17,,,1,35,,7313,17,,,1,68,,7315,17,,,1,31,,7312,17,,,1,67,,7307,17,,,1,31,,7314,17,,,1,86,,7316,17,,,1
1200000201,'14',1642,,7317,11,,,1
1200000201,'2',641,,7321,5,,,1,79,,7318,17,,,1,30,,7326,17,,,1,71,,7324,17,,,1,31,,7322,17,,,1,71,,7328,17,,,1,31,,7319,17,,,1,71,,7327,17,,,1,31,,7325,17,,,1,71,,7330,17,,,1,30,,7329,17,,,1,71,,7320,17,,,1,72,,7332,17,,,1,31,,7334,17,,,1,70,,7331,17,,,1,30,,7336,17,,,1,71,,7337,17,,,1,30,,7333,17,,,1,69,,7335,17,,,1,31,,7339,17,,,1,72,,7341,17,,,1,30,,7338,17,,,1,67,,7343,17,,,1,29,,7344,17,,,1,25,,7340,17,,,1,65,,7342,17,,,1,28,,7348,17,,,1,69,,7347,17,,,1,31,,7345,17,,,1,67,,7349,17,,,1,28,,7351,17,,,1,70,,7350,17,,,1,30,,7353,17,,,1,70,,7346,17,,,1,29,,7352,17,,,1,89,,7354,17,,,1
1200000201,'27',2228,,7355,10,,,1,30,,7358,10,,,1,69,,7356,10,,,1,83,,7359,10,,,1,28,,7361,10,,,1,70,,7357,10,,,1,30,,7360,10,,,1
1200000201,'28',2227,,7362,10,,,1,30,,7365,10,,,1,70,,7363,10,,,1,83,,7366,10,,,1,28,,7368,10,,,1,70,,7364,10,,,1,30,,7367,10,,,1
1200000201,'29',2227,,7369,10,,,1,30,,7372,10,,,1,70,,7370,10,,,1,83,,7373,10,,,1,28,,7375,10,,,1,70,,7371,10,,,1,30,,7374,10,,,1
1200000201,'3',821,,7377,17,,,1,31,,7379,17,,,1,71,,7381,17,,,1,31,,7383,17,,,1,71,,7384,17,,,1,31,,7388,17,,,1,71,,7386,17,,,1,30,,7390,17,,,1,71,,7387,17,,,1,72,,7385,17,,,1,31,,7389,17,,,1,70,,7392,17,,,1,30,,7391,17,,,1,71,,7393,17,,,1,30,,7395,17,,,1,69,,7397,17,,,1,31,,7400,17,,,1,72,,7402,17,,,1,30,,7394,17,,,1,67,,7396,17,,,1,29,,7398,17,,,1,25,,7401,17,,,1,65,,7403,17,,,1,28,,7405,17,,,1,69,,7404,17,,,1,31,,7399,17,,,1,67,,7406,17,,,1
1200000401,'1',1703,,7635,17,,,1,24,,7633,17,,,1
