20000,'1',845,,6243,8,,,2,70,,6242,8,,,2
5002300,'1',708,,6378,67,4,,2,34,,6379,67,4,,2,69,,6380,67,4,,2
5002301,'1',1616,,6382,8,,,2,28,,6381,8,,,2
5002400,'1',742,,6384,43,4,,2,67,,6383,43,4,,2
5002401,'1',1617,,6385,8,,,2,29,,6386,8,,,2
5003400,'1',714,,6388,45,4,,2,24,,6387,45,4,,2
5003401,'1',1613,,6389,8,,,2
5003600,'1',737,,6390,33,4,,2
5003601,'1',1612,,6393,8,,,2,25,,6392,8,,,2
5003700,'1',738,,6395,73,4,,2,77,,6394,73,4,,2
5003701,'1',1641,,6396,8,,,2
5003801,'1',1613,,6398,8,,,2,97,,6397,8,,,2
1200000201,'1',625,,7140,8,,,1,15,,7139,8,,,1,19,,7144,8,,,1,63,,7146,8,,,1,19,,7148,8,,,1,59,,7151,8,,,1,16,,7152,8,,,1,16,,7138,8,,,1,14,,7155,8,,,1,55,,7143,8,,,1,11,,7141,8,,,1,12,,7150,8,,,1,13,,7156,8,,,1,14,,7153,8,,,1,57,,7157,8,,,1,30,,7159,8,,,1,69,,7161,8,,,1,30,,7142,8,,,1,70,,7162,8,,,1,30,,7158,8,,,1,70,,7160,8,,,1,31,,7164,8,,,1,70,,7165,8,,,1,29,,7163,8,,,1,71,,7167,8,,,1,22,,7169,8,,,1,15,,7172,8,,,1,55,,7170,8,,,1,17,,7171,8,,,1,12,,7168,8,,,1,14,,7173,8,,,1,15,,7174,8,,,1,57,,7176,8,,,1,16,,7166,8,,,1,11,,7179,8,,,1,15,,7180,8,,,1,55,,7183,8,,,1,13,,7184,8,,,1,14,,7178,8,,,1,67,,7177,8,,,1,26,,7175,8,,,1,19,,7185,8,,,1,70,,7186,8,,,1,32,,7181,8,,,1,75,,7188,8,,,1,30,,7190,8,,,1,71,,7187,8,,,1,28,,7182,8,,,1,71,,7189,8,,,1,86,,7191,8,,,1
1200000201,'2',702,,7193,8,,,1,30,,7201,8,,,1,70,,7199,8,,,1,31,,7197,8,,,1,71,,7203,8,,,1,30,,7194,8,,,1,70,,7202,8,,,1,31,,7200,8,,,1,71,,7205,8,,,1,30,,7204,8,,,1,71,,7195,8,,,1,32,,7207,8,,,1,70,,7209,8,,,1,30,,7206,8,,,1,70,,7211,8,,,1,31,,7212,8,,,1,70,,7208,8,,,1,29,,7210,8,,,1,70,,7214,8,,,1,32,,7216,8,,,1,70,,7213,8,,,1,30,,7218,8,,,1,69,,7219,8,,,1,27,,7215,8,,,1,65,,7217,8,,,1,28,,7223,8,,,1,29,,7222,8,,,1,71,,7220,8,,,1,27,,7224,8,,,1,68,,7226,8,,,1,31,,7225,8,,,1,70,,7228,8,,,1,30,,7221,8,,,1,69,,7227,8,,,1,89,,7229,8,,,1
1200000201,'27',2210,,7230,1,,,1,30,,7233,1,,,1,70,7,7231,1,,,1,43,20,7234,1,,,1,68,18,7236,1,,,1,30,5,7232,1,,,1,70,7,7235,1,,,1
1200000201,'28',2210,,7237,1,,,1,30,,7240,1,,,1,70,7,7238,1,,,1,43,20,7241,1,,,1,68,18,7243,1,,,1,30,5,7239,1,,,1,70,7,7242,1,,,1
1200000201,'29',2210,,7244,1,,,1,30,,7247,1,,,1,70,7,7245,1,,,1,43,20,7248,1,,,1,68,18,7250,1,,,1,30,5,7246,1,,,1,70,7,7249,1,,,1
1200000201,'3',802,,7252,8,,,1,31,,7254,8,,,1,71,,7256,8,,,1,30,,7258,8,,,1,70,,7259,8,,,1,31,,7263,8,,,1,71,,7261,8,,,1,30,,7265,8,,,1,71,,7262,8,,,1,32,,7260,8,,,1,70,,7264,8,,,1,30,,7267,8,,,1,70,,7266,8,,,1,31,,7268,8,,,1,70,,7270,8,,,1,29,,7272,8,,,1,70,,7275,8,,,1,32,,7277,8,,,1,70,,7269,8,,,1,30,,7271,8,,,1,69,,7273,8,,,1,27,,7276,8,,,1,65,,7278,8,,,1,28,,7280,8,,,1,29,,7279,8,,,1,71,,7274,8,,,1,27,,7281,8,,,1
1200000301,'1',652,,7381,8,,,1,59,,7385,8,,,1,14,,7387,8,4,,1,20,,7391,8,,,1,3,,7384,8,4,,1,56,,7393,8,4,,1,9,,7386,8,,,1,12,,7389,8,4,,1,14,,7394,8,,,1,66,,7382,8,,,1,30,,7392,8,,,1,67,,7390,8,,,1,33,,7395,8,,,1,73,,7396,8,,,1,30,,7398,8,,,1,70,,7400,8,,,1,32,,7402,8,,,1,70,,7397,8,,,1,30,,7399,8,,,1,68,,7401,8,,,1,30,,7403,8,,,1,69,,7404,8,,,1,20,,7407,8,,,1,17,,7405,8,,,1,15,,7410,8,,,1,59,,7409,8,,,1,13,,7414,8,,,1,16,,7412,8,,,1,57,,7413,8,,,1,18,,7416,8,,,1,17,,7408,8,,,1,15,,7411,8,,,1,56,,7406,8,,,1,33,,7415,8,,,1,63,,7419,8,,,1,24,,7417,8,,,1,71,,7418,8,,,1,30,,7420,8,,,1,70,,7421,8,,,1,33,,7424,8,,,1
1200000301,'2',731,,7428,8,,,1,70,,7431,8,,,1,31,,7434,8,,,1,71,,7437,8,,,1,30,,7429,8,,,1,71,,7432,8,,,1,30,,7435,8,,,1,71,,7438,8,,,1,31,,7430,8,,,1,71,,7433,8,,,1,31,,7436,8,,,1,70,,7439,8,,,1,31,,7440,8,,,1,70,,7443,8,,,1,30,,7449,8,,,1,70,,7446,8,,,1,30,,7441,8,,,1,70,,7444,8,,,1,31,,7450,8,,,1,68,,7447,8,,,1,30,,7442,8,,,1,69,,7445,8,,,1,28,,7451,8,,,1,67,,7448,8,,,1
1200000301,'27',2210,,7459,1,,,1,30,,7462,1,,,1,70,,7464,1,,,1,43,13,7460,1,,,1,68,12,7463,1,,,1,30,12,7458,1,,,1,70,12,7461,1,,,1
1200000301,'28',2210,,7466,1,,,1,30,,7469,1,,,1,70,,7471,1,,,1,43,13,7467,1,,,1,68,12,7470,1,,,1,30,12,7465,1,,,1,70,12,7468,1,,,1
1200000301,'29',2210,,7473,1,,,1,30,,7476,1,,,1,70,,7478,1,,,1,43,13,7474,1,,,1,68,12,7477,1,,,1,30,12,7472,1,,,1,70,12,7475,1,,,1
1200000301,'3',801,,7479,8,,,1,31,,7481,8,,,1,71,,7487,8,,,1,30,,7484,8,,,1,71,,7480,8,,,1,30,,7482,8,,,1,71,,7488,8,,,1,31,,7485,8,,,1,71,,7489,8,,,1,31,,7483,8,,,1,70,,7491,8,,,1,31,,7486,8,,,1,70,,7490,8,,,1,30,,7493,8,,,1,70,,7492,8,,,1,30,,7496,8,,,1,70,,7498,8,,,1,31,,7494,8,,,1,68,,7502,8,,,1,30,,7497,8,,,1,69,,7499,8,,,1,28,,7495,8,,,1,67,,7503,8,,,1
1200000401,'1',744,,7506,8,4,,1,59,,7507,8,4,,1,820,,7510,8,,,1,27,,7508,8,,,1
