1301,'71',647,,4409,10,,,2,82,,4410,10,,,2,73,,4408,10,,,2,806,,4413,10,,,2,16,,4411,10,,,2,80,,4414,10,,,2,30,,4412,10,,,2
11501,'83',1613,,4853,3,,,2
12501,'83',1607,,4857,3,,,2
12601,'83',1616,,4859,3,,,2
12701,'83',1607,,4861,3,,,2
13601,'83',1613,,4868,3,,,2
13801,'83',1609,,4871,3,,,2
15601,'83',1609,,4876,3,,,2
22501,'83',1616,,4928,3,,,2
23501,'83',1611,,4936,3,,,2
24501,'83',1613,,4942,3,,,2
24601,'83',1612,,4944,3,,,2
32501,'83',1608,,4948,3,,,2
34501,'83',1609,,4950,3,,,2
35501,'83',1613,,4956,3,,,2
37501,'83',1617,,4958,3,,,2
38501,'83',1616,,4968,3,,,2
1001101,'71',553,,4973,2,0,29 1 38 1 31 1 39 6 7,1,71,,4970,2,0,29 1 38 1 31 1 39 6 7,1,29,,4974,2,0,29 1 38 1 31 1 39 6 7,1,72,,4971,2,0,29 1 38 1 31 1 39 6 7,1,24,,4976,2,0,29 1 38 1 31 1 39 6 7,1,82,,4972,2,0,29 1 38 1 31 1 39 6 7,1,26,,4977,2,0,12 13,1,58,,4978,2,0,29 1 38 1 31 1 39 6 7,1,30,,4975,2,0,29 1 38 1 31 1 39 6 7,1,75,,4979,2,0,29 1 38 1 31 1 39 6 7,1,30,,4982,2,0,29 1 38 1 31 1 39 6 7,1,75,,4980,2,0,29 1 38 1 31 1 39 6 7,1,30,,4983,2,0,29 1 38 1 31 1 39 6 7,1,73,,4981,2,0,29 1 38 1 31 1 39 6 7,1,30,,4984,2,0,29 1 38 1 31 1 39 6 7,1,77,,4986,2,0,29 1 38 1 31 1 39 6 7,1,70,,4985,2,0,29 1 38 1 31 1 39 6 7,1,48,,4987,2,0,29 1 38 1 31 1 39 6 7,1,70,,4989,2,0,29 1 38 1 31 1 39 6 7,1,84,,4988,2,0,29 1 38 1 31 1 39 6 7,1,26,,4990,2,0,29 1 38 1 31 1 39 6 7,1,23,,4993,2,0,29 1 38 1 31 1 39 6 7,1,67,,4991,2,0,29 1 38 1 31 1 39 6 7,1,35,,4994,2,0,29 1 38 1 31 1 39 6 7,1,69,,4992,2,0,29 1 38 1 31 1 39 6 7,1,31,,4995,2,0,29 1 38 1 31 1 39 6 7,1,100,,4996,2,0,29 1 38 1 31 1 39 6 7,1,100,,4997,2,0,29 1 38 1 31 1 39 6 7,1,100,,4998,2,0,29 1 38 1 31 1 39 6 7,1,100,,4999,2,0,12 13,1
1001101,'72',755,,5000,2,0,29 1 38 1 31 1 39 6 7,1,101,,5001,2,0,29 1 38 1 31 1 39 6 7,1,101,,5002,2,0,29 1 38 1 31 1 39 6 7,1,100,,5004,2,0,29 1 38 1 31 1 39 6 7,1,98,,5005,2,0,29 1 38 1 31 1 39 6 7,1,100,,5006,2,0,29 1 38 1 31 1 39 6 7,1,101,,5007,2,0,29 1 38 1 31 1 39 6 7,1,100,,5008,2,0,29 1 38 1 31 1 39 6 7,1,100,,5009,2,0,29 1 38 1 31 1 39 6 7,1,100,,5010,2,0,29 1 38 1 31 1 39 6 7,1,101,,5011,2,0,29 1 38 1 31 1 39 6 7,1,100,,5012,2,0,29 1 38 1 31 1 39 6 7,1,100,,5013,2,0,29 1 38 1 31 1 39 6 7,1,100,,5014,2,0,29 1 38 1 31 1 39 6 7,1,100,,5015,2,0,29 1 38 1 31 1 39 6 7,1,100,,5016,2,0,12 13,1
1001101,'73',957,,5018,2,0,29 1 38 1 31 1 39 6 7,1,100,,5019,2,0,29 1 38 1 31 1 39 6 7,1,98,,5020,2,0,29 1 38 1 31 1 39 6 7,1,100,,5021,2,0,29 1 38 1 31 1 39 6 7,1,101,,5022,2,0,29 1 38 1 31 1 39 6 7,1,100,,5023,2,0,29 1 38 1 31 1 39 6 7,1,100,,5024,2,0,29 1 38 1 31 1 39 6 7,1,100,,5025,2,0,29 1 38 1 31 1 39 6 7,1,101,,5026,2,0,29 1 38 1 31 1 39 6 7,1
