905231701,'27',2313,,6491,77,4,,2,29,,6494,77,4,,2,70,,6489,77,4,,2,30,,6492,77,4,,2,70,,6490,77,4,,2,30,,6493,77,4,,2,70,,6495,77,4,,2
905231701,'28',2313,,6498,77,4,,2,29,,6501,77,4,,2,70,,6496,77,4,,2,30,,6499,77,4,,2,70,,6497,77,4,,2,30,,6500,77,4,,2,70,,6502,77,4,,2
905231701,'29',2313,,6505,77,4,,2,29,,6508,77,4,,2,70,,6503,77,4,,2,30,,6506,77,4,,2,70,,6504,77,4,,2,30,,6507,77,4,,2,70,,6509,77,4,,2
1200000101,'1',1620,,7148,81,,,1,32,,7149,81,,,1,71,,7150,81,,,1,30,,7151,81,,,1
1200000301,'1',622,,7508,30,,,1,28,,7513,30,,,1,77,,7506,43,,,1,20,,7510,43,,,1,75,,7516,43,,,1,29,,7511,43,,,1,65,,7519,43,,,1,25,,7507,43,,,1,69,,7517,43,,,1,27,,7515,43,,,1,73,,7520,43,,,1,33,,7521,43,,,1,70,,7523,43,,,1,34,,7525,43,,,1,72,,7527,43,,,1,28,,7522,43,,,1,70,,7524,43,,,1,28,,7526,43,,,1,71,,7528,43,,,1,36,,7529,43,,,1,60,,7532,40,,,1,23,,7530,40,,,1,18,,7535,40,,,1,59,,7534,40,,,1,11,,7539,40,,,1,13,,7537,40,,,1,14,,7538,40,,,1,56,,7541,40,,,1,14,,7533,40,,,1,12,,7536,40,,,1,15,,7531,40,,,1,68,,7540,40,,,1,24,,7544,43,,,1,64,,7542,43,,,1,31,,7543,43,,,1,70,,7545,43,,,1,29,,7546,43,,,1,73,,7549,43,,,1,31,,7547,30,,,1,70,,7550,30,,,1,28,,7548,30,,,1,70,,7551,30,,,1,39,,7552,30,,,1
1200000301,'2',802,,7553,43,,,1,30,,7556,43,,,1,71,,7559,43,,,1,32,,7562,43,,,1,71,,7554,43,,,1,32,,7557,43,,,1,71,,7560,43,,,1,31,,7563,43,,,1,71,,7555,43,,,1,31,,7558,43,,,1,71,,7561,43,,,1,31,,7564,43,,,1,71,,7565,43,,,1,30,,7568,43,,,1,70,,7574,43,,,1,30,,7571,43,,,1,70,,7566,43,,,1,31,,7569,43,,,1,71,,7575,43,,,1,27,,7572,43,,,1,68,,7567,43,,,1,28,,7570,43,,,1,67,,7576,43,,,1,27,,7573,43,,,1,75,,7577,30,,,1,100,,7578,30,,,1,96,,7579,30,,,1,98,,7580,30,,,1,38,,7581,30,,,1,102,,7582,30,,,1
1200000301,'27',2236,,7584,33,,,1,70,,7587,33,,,1,30,,7589,33,,,1,83,,7585,33,,,1,28,,7588,33,,,1,70,,7583,33,,,1,30,,7586,33,,,1
1200000301,'28',2236,,7591,33,,,1,70,,7594,33,,,1,30,,7596,33,,,1,83,,7592,33,,,1,28,,7595,33,,,1,70,,7590,33,,,1,30,,7593,33,,,1
1200000301,'29',2236,,7598,33,,,1,70,,7601,33,,,1,30,,7603,33,,,1,83,,7599,33,,,1,28,,7602,33,,,1,70,,7597,33,,,1,30,,7600,33,,,1
1200000301,'3',832,,7604,43,,,1,71,,7606,43,,,1,32,,7612,43,,,1,71,,7609,43,,,1,32,,7605,43,,,1,71,,7607,43,,,1,31,,7613,43,,,1,71,,7610,43,,,1,31,,7614,43,,,1,71,,7608,43,,,1,31,,7616,43,,,1,71,,7611,43,,,1,30,,7615,43,,,1,70,,7618,43,,,1,30,,7617,43,,,1,70,,7621,43,,,1,31,,7623,43,,,1,71,,7619,43,,,1,27,,7627,43,,,1,68,,7622,43,,,1,28,,7624,43,,,1,67,,7620,43,,,1,27,,7628,43,,,1,75,,7625,30,,,1,121,,7626,30,,,1
