11900,'16',851,,6228,35,,,2
12500,'12',837,,6229,15,,,2
12700,'12',843,,6231,6,,,2
12900,'16',846,,6232,16,,,2
905231701,'27',2234,,6491,18,4,,2,70,,6494,18,4,,2,30,,6489,18,4,,2,70,,6492,18,4,,2,30,,6490,18,4,,2,70,,6493,18,4,,2,30,,6495,18,4,,2
905231701,'28',2234,,6498,18,4,,2,70,,6501,18,4,,2,30,,6496,18,4,,2,70,,6499,18,4,,2,30,,6497,18,4,,2,70,,6500,18,4,,2,30,,6502,18,4,,2
905231701,'29',2234,,6505,18,4,,2,70,,6508,18,4,,2,30,,6503,18,4,,2,70,,6506,18,4,,2,30,,6504,18,4,,2,70,,6507,18,4,,2,30,,6509,18,4,,2
1200000101,'1',1519,,7023,15,,,1,31,,7024,15,,,1,68,,7025,15,,,1,36,,7026,15,,,1
1200000200,'1',545,,7028,18,,,1,55,,7033,18,,,1,15,,7034,18,,,1,16,,7035,18,,,1,15,,7037,18,,,1,55,,7038,18,,,1,17,,7027,18,,,1,15,,7040,18,,,1,16,,7032,18,,,1,54,,7030,18,,,1,14,,7036,18,,,1,15,,7041,18,,,1,18,,7039,18,,,1,60,,7042,18,,,1,29,,7044,18,,,1,69,,7046,18,,,1,30,,7031,18,,,1,70,,7047,18,,,1,30,,7043,18,,,1,69,,7045,18,,,1,32,,7049,18,,,1,70,,7050,18,,,1,29,,7048,18,,,1,70,,7052,18,,,1,18,,7054,18,,,1,30,,7055,18,,,1,55,,7056,18,,,1,12,,7053,18,,,1,13,,7057,18,,,1,15,,7058,18,,,1,54,,7060,18,,,1,15,,7051,18,,,1,15,,7063,18,,,1,15,,7064,18,,,1,57,,7067,18,,,1,16,,7068,18,,,1,15,,7062,18,,,1,70,,7061,18,,,1,30,,7059,18,,,1,70,,7065,18,,,1,30,,7071,18,,,1,70,,7072,18,,,1,30,,7074,18,,,1,70,,7075,18,,,1,32,,7069,18,,,1,70,,7066,18,,,1,32,,7073,18,,,1,67,,7076,18,,,1,30,,7070,18,0,14,1
1200000200,'2',708,,7080,18,,,1,30,,7079,18,,,1,70,,7083,18,,,1,30,,7077,18,,,1,70,,7082,18,,,1,30,,7081,18,,,1,70,,7085,18,,,1,30,,7084,18,,,1,70,,7078,18,,,1,30,,7087,18,,,1,70,,7089,18,,,1,30,,7086,18,,,1,70,,7091,18,,,1,30,,7092,18,,,1,70,,7088,18,,,1,30,,7090,18,,,1,70,,7094,18,,,1,30,,7096,18,,,1,70,,7093,18,,,1,30,,7098,18,,,1,70,,7099,18,,,1,31,,7095,18,,,1,70,,7097,18,,,1,29,,7103,18,,,1,70,,7102,18,,,1,31,,7100,18,,,1,69,,7104,18,,,1,29,,7106,18,,,1,70,,7105,18,,,1,30,,7108,18,,,1,70,,7101,18,,,1,30,,7107,18,,,1,70,,7109,18,,,1
1200000200,'3',708,,7110,18,,,1,30,,7111,18,,,1,70,,7112,18,,,1,30,,7113,18,,,1,70,,7114,18,,,1,30,,7118,18,,,1,70,,7116,18,,,1,30,,7120,18,,,1,70,,7117,18,,,1,30,,7115,18,,,1,70,,7119,18,,,1,30,,7122,18,,,1,70,,7121,18,,,1,30,,7123,18,,,1,70,,7125,18,,,1,30,,7127,18,,,1,70,,7130,18,,,1,30,,7132,18,,,1,70,,7124,18,,,1,30,,7126,18,,,1,70,,7128,18,,,1,31,,7131,18,,,1,70,,7133,18,,,1,29,,7135,18,,,1,70,,7134,18,,,1,31,,7129,18,,,1,69,,7136,18,,,1
1200000400,'1',638,,7504,20,,,1,15,,7505,20,,,1
