20000,'1',839,,6243,3,,,2,70,,6242,3,,,2
5002300,'1',702,,6378,62,4,,2,33,,6379,62,4,,2,69,,6380,62,4,,2
5002301,'1',1609,,6382,3,,,2,29,,6381,3,,,2
5002400,'1',735,,6384,38,4,,2,67,,6383,38,4,,2
5002401,'1',1610,,6385,3,,,2,30,,6386,3,,,2
5003400,'1',708,,6388,40,4,,2,23,,6387,40,4,,2
5003401,'1',1606,,6389,3,,,2
5003600,'1',730,,6390,28,4,,2
5003601,'1',1605,,6393,3,,,2,25,,6392,3,,,2
5003700,'1',731,,6395,68,4,,2,77,,6394,68,4,,2
5003701,'1',1634,,6396,3,,,2
5003801,'1',1606,,6398,3,,,2,97,,6397,3,,,2
1200000201,'1',619,,7265,3,,,1,15,,7264,3,,,1,19,,7269,3,,,1,62,,7271,3,,,1,19,,7273,3,,,1,19,,7276,3,,,1,56,,7277,3,,,1,16,,7263,3,,,1,15,,7280,3,,,1,15,,7268,3,,,1,51,,7266,3,,,1,12,,7275,3,,,1,13,,7281,3,,,1,14,,7278,3,,,1,57,,7282,3,,,1,30,,7284,3,,,1,69,,7286,3,,,1,30,,7267,3,,,1,70,,7287,3,,,1,30,,7283,3,,,1,70,,7285,3,,,1,31,,7289,3,,,1,70,,7290,3,,,1,29,,7288,3,,,1,71,,7292,3,,,1,19,,7294,3,,,1,17,,7297,3,,,1,15,,7295,3,,,1,57,,7296,3,,,1,12,,7293,3,,,1,14,,7298,3,,,1,15,,7299,3,,,1,57,,7301,3,,,1,16,,7291,3,,,1,11,,7304,3,,,1,15,,7305,3,,,1,55,,7308,3,,,1,13,,7309,3,,,1,15,,7303,3,,,1,67,,7302,3,,,1,26,,7300,3,,,1,19,,7310,3,,,1,70,,7311,3,,,1,32,,7306,3,,,1,75,,7313,3,,,1,30,,7315,3,,,1,71,,7312,3,,,1,28,,7307,3,,,1,71,,7314,3,,,1,86,,7316,3,,,1
1200000201,'2',656,,7318,3,,,1,70,,7326,3,,,1,30,,7324,3,,,1,71,,7322,3,,,1,31,,7328,3,,,1,70,,7319,3,,,1,30,,7327,3,,,1,71,,7325,3,,,1,71,,7330,3,,,1,30,,7329,3,,,1,71,,7320,3,,,1,32,,7332,3,,,1,70,,7334,3,,,1,30,,7331,3,,,1,70,,7336,3,,,1,31,,7337,3,,,1,70,,7333,3,,,1,29,,7335,3,,,1,70,,7339,3,,,1,32,,7341,3,,,1,70,,7338,3,,,1,30,,7343,3,,,1,69,,7344,3,,,1,27,,7340,3,,,1,25,,7342,3,,,1,68,,7348,3,,,1,29,,7347,3,,,1,71,,7345,3,,,1,27,,7349,3,,,1,68,,7351,3,,,1,31,,7350,3,,,1,70,,7353,3,,,1,30,,7346,3,,,1,69,,7352,3,,,1,89,,7354,3,,,1
1200000201,'3',756,,7377,3,,,1,71,,7379,3,,,1,31,,7381,3,,,1,70,,7383,3,,,1,30,,7384,3,,,1,71,,7388,3,,,1,71,,7386,3,,,1,30,,7390,3,,,1,71,,7387,3,,,1,32,,7385,3,,,1,70,,7389,3,,,1,30,,7392,3,,,1,70,,7391,3,,,1,31,,7393,3,,,1,70,,7395,3,,,1,29,,7397,3,,,1,70,,7400,3,,,1,32,,7402,3,,,1,70,,7394,3,,,1,30,,7396,3,,,1,69,,7398,3,,,1,27,,7401,3,,,1,25,,7403,3,,,1,68,,7405,3,,,1,29,,7404,3,,,1,71,,7399,3,,,1,27,,7406,3,,,1
1200000301,'1',646,,7506,3,,,1,59,,7510,3,,,1,13,,7512,3,4,,1,20,,7516,3,,,1,3,,7509,3,4,,1,16,,7518,3,4,,1,49,,7511,3,,,1,12,,7514,3,4,,1,15,,7519,3,,,1,26,,7507,3,,,1,70,,7517,3,,,1,27,,7515,3,,,1,73,,7520,3,,,1,73,,7521,3,,,1,30,,7523,3,,,1,70,,7525,3,,,1,32,,7527,3,,,1,70,,7522,3,,,1,30,,7524,3,,,1,68,,7526,3,,,1,30,,7528,3,,,1,69,,7529,3,,,1,17,,7532,3,,,1,19,,7530,3,,,1,15,,7535,3,,,1,59,,7534,3,,,1,13,,7539,3,,,1,16,,7537,3,,,1,17,,7538,3,,,1,58,,7541,3,,,1,17,,7533,3,,,1,15,,7536,3,,,1,56,,7531,3,,,1,34,,7540,3,,,1,63,,7544,3,,,1,24,,7542,3,,,1,31,,7543,3,,,1,70,,7545,3,,,1,30,,7546,3,,,1,73,,7549,3,,,1
1200000301,'2',725,,7553,3,,,1,30,,7556,3,,,1,71,,7559,3,,,1,31,,7562,3,,,1,70,,7554,3,,,1,31,,7557,3,,,1,70,,7560,3,,,1,31,,7563,3,,,1,71,,7555,3,,,1,71,,7558,3,,,1,31,,7561,3,,,1,70,,7564,3,,,1,31,,7565,3,,,1,70,,7568,3,,,1,30,,7574,3,,,1,70,,7571,3,,,1,30,,7566,3,,,1,70,,7569,3,,,1,31,,7575,3,,,1,68,,7572,3,,,1,30,,7567,3,,,1,69,,7570,3,,,1,28,,7576,3,,,1,27,,7573,3,,,1
1200000301,'3',755,,7604,3,,,1,71,,7606,3,,,1,31,,7612,3,,,1,70,,7609,3,,,1,31,,7605,3,,,1,70,,7607,3,,,1,31,,7613,3,,,1,71,,7610,3,,,1,71,,7614,3,,,1,31,,7608,3,,,1,70,,7616,3,,,1,31,,7611,3,,,1,70,,7615,3,,,1,30,,7618,3,,,1,70,,7617,3,,,1,30,,7621,3,,,1,70,,7623,3,,,1,31,,7619,3,,,1,68,,7627,3,,,1,30,,7622,3,,,1,69,,7624,3,,,1,28,,7620,3,,,1,27,,7628,3,,,1
1200000401,'1',737,,7631,3,4,,1,19,,7632,3,4,,1,860,,7635,3,,,1,27,,7633,3,,,1
