1300,'1',631,,5808,19,,,2,85,,5806,19,,,2,84,,5807,19,,,2,753,,5809,19,,,2,148,,5811,19,,,2,14,,5810,19,,,2,32,,5813,19,,,2,72,,5812,19,,,2
1300,'16',843,,5815,19,,,2,3,,5814,14,,,2
1501,'1',1213,,5834,7,0,41,2,103,,5835,7,0,41,2,95,,5836,7,0,41,2,36,,5839,7,0,41,2,92,,5837,24,,,2,81,,5840,24,,,2,21,,5842,24,,,2,77,,5838,24,0,41,2,28,,5841,24,,,2,78,,5844,7,0,41,2,33,,5845,7,0,41,2,102,,5846,7,0,41,2,153,,5843,7,0,41,2,41,,5847,7,0,41,2
1601,'1',651,,5859,24,,,2,64,,5861,24,,,2,31,,5860,24,,,2,173,,5858,24,0,41,2,95,,5862,7,0,41,2,99,,5863,7,0,41,2
20000,'1',920,,6243,20,4,,2,28,,6242,20,4,,2,1189,,6244,8,4,,2,218,,6245,8,4,,2
20000,'2',1909,,6246,8,4,,2,445,,6247,8,4,,2
21000,'1',1116,,6255,26,4,,2,33,,6256,26,4,,2,585,,6258,26,4,,2,69,,6260,26,4,,2,28,,6259,26,4,,2,80,,6257,26,4,,2,132,,6261,26,4,,2
21000,'2',1251,,6262,26,4,,2,71,,6263,26,4,,2,31,,6264,26,4,,2,71,,6265,26,4,,2,496,,6266,26,4,,2,93,,6267,26,4,,2
21000,'3',1220,,6269,26,4,,2,133,,6268,26,4,,2,172,,6270,26,4,,2,100,,6271,26,4,,2
35000,'13',911,,6306,7,4,,2
38000,'1',1706,,6312,21,4,,2,46,,6310,21,4,,2,86,,6311,21,4,,2
1200000100,'1',655,,7016,76,,,1,72,,7017,76,,,1,22,,7018,76,,,1,69,,7021,76,0,16 1 17,1,29,,7019,76,,,1
2000001501,'2',802,,7563,7,,,2,101,,7564,7,,,2,100,,7565,7,,,2,102,,7566,7,,,2,101,,7567,7,,,2,101,,7568,7,,,2,201,,7569,7,,,2,101,,7570,7,,,2,103,,7571,7,,,2,97,,7572,7,,,2,93,,7573,7,,,2
2000001501,'3',903,,7574,7,,,2,100,,7575,7,,,2,102,,7576,7,,,2,101,,7577,7,,,2,101,,7578,7,,,2,201,,7579,7,,,2,101,,7580,7,,,2,103,,7581,7,,,2,97,,7582,7,,,2,93,,7583,7,,,2
