2300,'1',552,,5924,8,0,14,2,194,,5919,8,0,14,2,79,,5927,8,0,14,2,76,,5904,8,0,14,2,36,,5906,8,0,14,2,70,,5905,8,0,14,2,30,,5907,8,0,14,2,70,,5908,8,0,14,2,30,,5909,8,0,14,2,77,,5912,8,0,14,2,30,,5910,8,0,14,2,70,,5913,8,0,14,2,30,,5911,8,0,14,2,71,,5914,8,0,14,2,33,,5915,8,0,14,2,72,,5917,8,0,14,2,118,,5918,8,0,14,2,77,,5916,8,0,14,2,24,,5925,8,0,14,2,73,,5920,8,0,14,2,30,,5926,8,0,14,2,73,,5921,8,0,14,2,102,,5922,8,0,14,2,95,,5923,8,0,14,2
2300,'2',629,,5930,8,0,14,2,100,,5931,8,0,14,2,101,,5932,8,0,14,2,102,,5933,8,0,14,2,102,,5934,8,0,14,2,102,,5935,8,0,14,2,101,,5936,8,0,14,2,108,,5937,8,0,14,2,100,,5938,8,0,14,2,100,,5939,8,0,14,2,101,,5940,8,0,14,2,88,,5941,8,0,14,2
2300,'3',729,,5942,8,0,14,2,101,,5943,8,0,14,2,102,,5944,8,0,14,2,102,,5945,8,0,14,2,102,,5946,8,0,14,2,101,,5947,8,0,14,2,108,,5948,8,0,14,2,100,,5949,8,0,14,2,100,,5950,8,0,14,2,101,,5951,8,0,14,2,88,,5952,8,0,14,2
2301,'1',1515,,5966,56,4,,2,91,,5964,56,4,,2,614,,5972,56,4,,2
2301,'2',1229,,5985,56,4,,2,600,,5991,56,4,,2
2301,'3',1229,,5996,56,4,,2,600,,6002,56,4,,2
23100,'15',709,,6293,20,,,2
23500,'12',757,,6295,31,,,2
5002300,'1',616,,6378,8,,,2,25,,6379,8,,,2,69,,6380,8,,,2
5002301,'1',1743,,6381,66,4,,2
