20000,'1',838,,6243,2,,,2,70,,6242,2,,,2
5002300,'1',701,,6378,61,4,,2,33,,6379,61,4,,2,69,,6380,61,4,,2
5002301,'1',1608,,6382,2,,,2,29,,6381,2,,,2
5002400,'1',734,,6384,37,4,,2,67,,6383,37,4,,2
5002401,'1',1609,,6385,2,,,2,30,,6386,2,,,2
5003400,'1',707,,6388,39,4,,2,23,,6387,39,4,,2
5003401,'1',1605,,6389,2,,,2
5003600,'1',729,,6390,27,4,,2
5003601,'1',1604,,6393,2,,,2,25,,6392,2,,,2
5003700,'1',730,,6395,67,4,,2,77,,6394,67,4,,2
5003701,'1',1633,,6396,2,,,2
5003801,'1',1605,,6398,2,,,2,97,,6397,2,,,2
1200000201,'1',619,6,7140,2,,,1,15,6,7139,2,,,1,19,6,7144,2,,,1,61,6,7146,2,,,1,19,6,7148,2,,,1,19,6,7151,2,,,1,56,6,7152,2,,,1,16,6,7138,2,,,1,15,6,7155,2,,,1,15,6,7143,2,,,1,51,46,7141,2,,,1,12,6,7150,2,,,1,13,6,7156,2,,,1,14,6,7153,2,,,1,57,46,7157,2,,,1,30,6,7159,2,,,1,69,46,7161,2,,,1,30,6,7142,2,,,1,70,46,7162,2,,,1,30,6,7158,2,,,1,70,46,7160,2,,,1,31,6,7164,2,,,1,70,46,7165,2,,,1,29,6,7163,2,,,1,71,46,7167,2,,,1,19,6,7169,2,,,1,17,,7172,2,,,1,15,6,7170,2,,,1,57,6,7171,2,,,1,12,6,7168,2,,,1,14,6,7173,2,,,1,15,6,7174,2,,,1,57,6,7176,2,,,1,16,6,7166,2,,,1,11,6,7179,2,,,1,15,6,7180,2,,,1,55,46,7183,2,,,1,13,6,7184,2,,,1,15,6,7178,2,,,1,27,6,7177,2,,,1,66,5,7175,2,,,1,19,5,7185,2,,,1,70,5,7186,2,,,1,32,5,7181,2,,,1,76,8,7188,2,,,1,30,4,7190,2,,,1,71,3,7187,2,,,1,28,3,7182,2,,,1,71,2,7189,2,,,1,86,62,7191,2,,,1
1200000201,'2',656,6,7193,2,,,1,70,6,7201,2,,,1,30,6,7199,2,,,1,71,6,7197,2,,,1,31,6,7203,2,,,1,70,6,7194,2,,,1,30,6,7202,2,,,1,71,6,7200,2,,,1,71,46,7205,2,,,1,30,6,7204,2,,,1,71,46,7195,2,,,1,32,6,7207,2,,,1,70,46,7209,2,,,1,30,6,7206,2,,,1,70,46,7211,2,,,1,31,6,7212,2,,,1,70,46,7208,2,,,1,29,6,7210,2,,,1,70,46,7214,2,,,1,32,6,7216,2,,,1,70,46,7213,2,,,1,30,6,7218,2,,,1,69,46,7219,2,,,1,27,6,7215,2,,,1,25,6,7217,2,,,1,68,6,7223,2,,,1,29,5,7222,2,,,1,71,5,7220,2,,,1,27,3,7224,2,,,1,68,2,7226,2,,,1,31,3,7225,2,,,1,70,3,7228,2,,,1,30,3,7221,2,,,1,69,2,7227,2,,,1,89,61,7229,2,,,1
1200000201,'3',756,6,7252,2,,,1,71,6,7254,2,,,1,31,6,7256,2,,,1,70,6,7258,2,,,1,30,6,7259,2,,,1,71,6,7263,2,,,1,71,46,7261,2,,,1,30,6,7265,2,,,1,71,46,7262,2,,,1,32,6,7260,2,,,1,70,46,7264,2,,,1,30,6,7267,2,,,1,70,46,7266,2,,,1,31,6,7268,2,,,1,70,46,7270,2,,,1,29,6,7272,2,,,1,70,46,7275,2,,,1,32,6,7277,2,,,1,70,46,7269,2,,,1,30,6,7271,2,,,1,69,46,7273,2,,,1,27,6,7276,2,,,1,25,6,7278,2,,,1,68,6,7280,2,,,1,29,5,7279,2,,,1,71,5,7274,2,,,1,27,3,7281,2,,,1
1200000301,'1',646,6,7381,2,,,1,59,47,7385,2,,,1,12,,7387,2,4,,1,20,7,7391,2,,,1,3,,7384,2,4,,1,16,,7393,2,4,,1,49,48,7386,2,,,1,12,8,7389,2,4,,1,15,8,7394,2,,,1,26,6,7382,2,,,1,70,6,7392,2,,,1,27,6,7390,2,,,1,73,6,7395,2,,,1,73,46,7396,2,,,1,30,6,7398,2,,,1,70,46,7400,2,,,1,32,6,7402,2,,,1,70,46,7397,2,,,1,30,6,7399,2,,,1,68,46,7401,2,,,1,30,6,7403,2,,,1,69,46,7404,2,,,1,17,6,7407,2,,,1,19,7,7405,2,,,1,15,,7410,2,,,1,59,10,7409,2,,,1,13,,7414,2,,,1,16,11,7412,2,,,1,17,,7413,2,,,1,58,,7416,2,,,1,17,4,7408,2,,,1,15,,7411,2,,,1,56,45,7406,2,,,1,34,6,7415,2,,,1,23,6,7419,2,,,1,64,5,7417,2,,,1,31,5,7418,2,,,1,70,5,7420,2,,,1,30,5,7421,2,,,1,74,9,7424,2,,,1
1200000301,'2',725,5,7428,2,,,1,30,5,7431,2,,,1,71,5,7434,2,,,1,31,5,7437,2,,,1,70,5,7429,2,,,1,31,5,7432,2,,,1,70,6,7435,2,,,1,31,6,7438,2,,,1,71,6,7430,2,,,1,71,46,7433,2,,,1,31,6,7436,2,,,1,70,46,7439,2,,,1,31,6,7440,2,,,1,70,46,7443,2,,,1,30,6,7449,2,,,1,70,46,7446,2,,,1,30,6,7441,2,,,1,70,46,7444,2,,,1,31,6,7450,2,,,1,68,46,7447,2,,,1,30,6,7442,2,,,1,69,45,7445,2,,,1,28,5,7451,2,,,1,27,3,7448,2,,,1
1200000301,'3',755,5,7479,2,,,1,71,5,7481,2,,,1,31,5,7487,2,,,1,70,5,7484,2,,,1,31,5,7480,2,,,1,70,6,7482,2,,,1,31,6,7488,2,,,1,71,6,7485,2,,,1,71,46,7489,2,,,1,31,6,7483,2,,,1,70,46,7491,2,,,1,31,6,7486,2,,,1,70,46,7490,2,,,1,30,6,7493,2,,,1,70,46,7492,2,,,1,30,6,7496,2,,,1,70,46,7498,2,,,1,31,6,7494,2,,,1,68,46,7502,2,,,1,30,6,7497,2,,,1,69,45,7499,2,,,1,28,5,7495,2,,,1,27,3,7503,2,,,1
1200000401,'1',736,,7506,2,4,,1,19,,7507,2,4,,1,860,,7510,2,,,1,27,,7508,2,,,1
