2201,'14',1636,,5902,2,0,14,2
2301,'14',1635,,5979,2,,,2,1,,5978,2,0,14,2
3400,'1',621,,6032,35,,,2,117,,6033,37,,,2,79,,6031,35,,,2,794,,6037,35,,,2,102,,6034,37,,,2,27,,6035,37,,,2,92,,6036,37,,,2
3401,'14',1635,,6048,2,,,2
3501,'1',557,,6049,31,,,2,98,,6050,33,,,2,84,,6051,33,,,2,97,,6052,33,,,2,82,,6053,33,,,2,39,,6054,33,,,2,85,,6055,33,,,2,85,,6056,33,,,2,86,,6057,33,,,2,45,,6058,33,,,2,85,,6059,33,,,2,85,,6060,33,,,2,85,,6061,33,,,2,100,,6062,33,,,2,44,,6064,33,,,2,80,,6065,33,,,2,82,,6066,33,,,2,83,,6067,33,,,2,34,,6063,33,,,2,77,,6068,33,,,2,26,,6069,33,,,2,71,,6070,33,,,2,27,,6071,33,,,2,78,,6072,33,,,2,30,,6073,33,,,2,68,,6074,33,,,2,25,,6075,33,,,2
3501,'2',720,,6076,33,,,2,30,,6077,33,,,2,70,,6078,33,,,2,30,,6079,33,,,2,71,,6080,33,,,2,33,,6081,33,,,2,88,,6082,33,,,2,85,,6083,33,,,2,87,,6084,33,,,2,87,,6085,33,,,2,49,,6086,33,,,2,85,,6088,33,,,2,86,,6089,33,,,2,85,,6090,33,,,2,45,,6091,33,,,2,81,,6092,33,,,2,83,,6087,33,,,2,39,,6093,33,,,2,78,,6094,33,,,2,85,,6095,33,,,2,30,,6096,33,,,2,68,,6097,33,,,2,28,,6098,33,,,2,70,,6099,33,,,2,30,,6100,33,,,2,68,,6101,33,,,2,25,,6102,33,,,2
3501,'3',850,,6103,33,,,2,71,,6104,33,,,2,33,,6105,33,,,2,88,,6106,33,,,2,85,,6107,33,,,2,87,,6108,33,,,2,87,,6109,33,,,2,49,,6110,33,,,2,85,,6111,33,,,2,86,,6112,33,,,2,85,,6114,33,,,2,45,,6115,33,,,2,81,,6116,33,,,2,83,,6117,33,,,2,39,,6118,33,,,2,78,,6119,33,,,2,85,,6113,33,,,2
3600,'1',629,,6120,31,,,2
3600,'13',904,,6121,31,,,2
20001,'1',602,,6248,7,0,14,2,24,,6249,7,0,14,2,815,,6250,7,,,2,74,,6251,7,,,2
20001,'2',633,,6252,7,,,2,19,,6253,7,0,14,2,51,,6254,7,,,2
1200000201,'14',1632,,7192,4,,,1
2000003400,'2',732,,7617,35,,,2,85,,7618,37,,,2,86,,7619,37,,,2,45,,7620,37,,,2,87,,7621,37,,,2,86,,7622,37,,,2,85,,7623,37,,,2,48,,7624,37,,,2,171,,7625,37,,,2,83,,7626,37,,,2,47,,7627,37,,,2,83,,7628,37,,,2,90,,7629,37,,,2,82,,7630,37,,,2,41,,7631,37,,,2
2000003400,'3',817,,7632,35,,,2,86,,7633,37,,,2,45,,7634,37,,,2,87,,7635,37,,,2,86,,7636,37,,,2,85,,7637,37,,,2,48,,7638,37,,,2,171,,7639,37,,,2,83,,7640,37,,,2,47,,7641,37,,,2,83,,7642,37,,,2,90,,7643,37,,,2,82,,7644,37,,,2,41,,7645,37,,,2
