2200,'1',603,,5864,17,0,14,2,27,,5873,55,0,14,2,22,,5865,17,0,14,2,70,,5877,17,0,14,2,26,,5879,55,0,14,2,83,,5878,17,0,14,2,88,,5874,17,0,14,2,109,,5866,17,0,14,2,100,,5867,17,0,14,2,100,,5868,17,0,14,2,100,,5870,17,0,14,2,102,,5871,17,0,14,2,103,,5880,3,0,14,2,25,,5872,3,0,14,2,153,,5869,3,0,14,2,29,,5875,3,0,14,2,100,,5876,3,0,14,2
2300,'1',609,,5924,47,0,14,2,196,,5919,47,0,14,2,40,,5927,47,0,14,2,73,,5904,47,0,14,2,36,,5906,47,0,14,2,70,,5905,47,0,14,2,30,,5907,47,0,14,2,70,,5908,47,0,14,2,30,,5909,47,0,14,2,70,,5912,33,0,14,2,30,,5910,33,0,14,2,70,,5913,33,0,14,2,30,,5911,33,0,14,2,71,,5914,33,0,14,2,33,,5915,33,0,14,2,73,,5917,33,0,14,2,119,,5918,33,0,14,2,77,,5916,33,0,14,2,24,,5925,33,0,14,2,71,,5920,33,0,14,2,30,,5926,33,0,14,2,73,,5921,33,0,14,2,102,,5922,33,0,14,2,95,,5923,33,0,14,2
2300,'13',844,,5928,11,,,2
2300,'2',647,,5930,47,0,14,2,100,,5931,47,0,14,2,101,,5932,47,0,14,2,102,,5933,47,0,14,2,102,,5934,47,0,14,2,102,,5935,47,0,14,2,101,,5936,47,0,14,2,101,,5937,33,0,14,2,100,,5938,33,0,14,2,100,,5939,33,0,14,2,101,,5940,33,0,14,2,88,,5941,33,0,14,2
2300,'3',747,,5942,47,0,14,2,101,,5943,47,0,14,2,102,,5944,47,0,14,2,102,,5945,47,0,14,2,102,,5946,47,0,14,2,101,,5947,47,0,14,2,101,,5948,33,0,14,2,100,,5949,33,0,14,2,100,,5950,33,0,14,2,101,,5951,33,0,14,2,88,,5952,33,0,14,2
2400,'1',639,,6004,23,,,2,163,,6003,23,,,2
6500,'1',642,,6220,44,,,2,59,,6221,44,,,2,30,,6222,44,,,2
22100,'15',712,,6288,17,,,2
5002300,'1',637,,6378,47,,,2,66,,6379,47,,,2,29,,6380,47,,,2
5002400,'1',702,,6384,23,,,2,28,,6383,23,,,2
1200000100,'1',556,,7140,38,0,14,1,64,,7141,38,,,1,30,,7142,38,,,1,59,,7143,38,,,1,30,,7146,38,0,16 1 17,1,71,,7144,38,,,1
1200000300,'1',618,,7407,38,,,1,16,,7410,38,,,1,14,,7412,38,,,1,10,,7415,38,,,1,49,,7409,38,,,1,16,,7417,38,,,1,14,,7413,38,,,1,15,,7418,38,,,1,56,,7420,38,,,1,16,,7408,38,,,1,15,,7411,38,,,1,15,,7416,38,,,1,70,,7414,38,,,1,32,,7419,38,,,1,73,,7421,38,,,1,30,,7423,38,,,1,70,,7425,38,,,1,72,,7427,38,,,1,30,,7422,38,,,1,70,,7424,38,,,1,28,,7426,38,,,1,30,,7428,38,,,1,69,,7429,38,,,1,74,,7430,38,,,1,31,,7433,40,,,1,67,,7434,40,,,1,28,,7435,40,,,1,72,,7432,40,,,1,31,,7431,40,,,1,73,,7436,40,,,1,24,,7439,38,,,1,27,,7437,38,,,1,61,,7441,38,,,1,30,,7442,38,,,1,72,,7440,38,,,1,33,,7447,38,,,1,66,,7438,38,,,1,27,,7443,38,,,1,70,,7444,38,,,1,30,,7448,38,,,1,66,,7445,38,,,1,30,,7449,38,,,1,68,,7446,38,,,1
1200000300,'2',656,,7450,38,,,1,70,,7453,38,,,1,30,,7456,38,,,1,71,,7459,38,,,1,30,,7451,38,,,1,71,,7454,38,,,1,30,,7457,38,,,1,71,,7460,38,,,1,71,,7452,38,,,1,30,,7455,38,,,1,71,,7458,38,,,1,30,,7461,38,,,1,71,,7462,38,,,1,30,,7466,38,,,1,70,,7472,38,,,1,30,,7469,38,,,1,70,,7463,38,,,1,30,,7467,38,,,1,69,,7473,38,,,1,30,,7470,38,,,1,70,,7464,38,,,1,30,,7468,38,,,1,69,,7474,38,,,1,30,,7471,38,,,1,19,,7465,38,,,1,94,,7475,38,,,1,100,,7476,38,,,1,96,,7477,38,,,1,99,,7478,38,,,1,177,,7479,38,,,1
1200000300,'3',726,,7480,38,,,1,30,,7482,38,,,1,71,,7488,38,,,1,30,,7485,38,,,1,71,,7481,38,,,1,30,,7483,38,,,1,71,,7489,38,,,1,71,,7486,38,,,1,30,,7490,38,,,1,71,,7484,38,,,1,30,,7492,38,,,1,71,,7487,38,,,1,30,,7491,38,,,1,70,,7494,38,,,1,30,,7493,38,,,1,70,,7498,38,,,1,30,,7501,38,,,1,69,,7495,38,,,1,30,,7504,38,,,1,70,,7499,38,,,1,30,,7502,38,,,1,69,,7496,38,,,1,30,,7505,38,,,1,19,,7500,38,,,1,94,,7497,38,,,1,157,,7503,38,,,1
2000002200,'1',644,,7709,64,0,18 19 20,2,90,,7711,36,0,18 19 20,2,100,,7713,36,0,18 19 20,2
2000002201,'1',1625,,7714,68,,,2,83,,7715,68,,,2,48,,7716,68,,,2,84,,7717,68,,,2
