1100,'1',613,,5753,12,,,1,25,,5748,84,,,1,75,,5754,84,,,1,30,,5749,84,,,1,74,,5755,84,,,1,30,,5750,84,,,1,58,,5751,84,,,1,29,,5756,84,,,1,74,,5752,84,,,1,30,,5757,84,,,1,75,,5758,84,,,1,30,,5761,84,,,1,74,,5759,84,,,1,30,,5762,84,,,1,77,,5760,84,,,1,30,,5763,84,,,1,88,,5764,84,,,1,71,,5766,84,,,1,36,,5765,84,,,1,72,,5767,84,,,1,81,,5770,84,,,1,22,,5768,84,,,1,21,,5772,84,,,1,66,,5771,84,,,1,34,,5773,84,,,1,68,,5769,84,,,1,30,,5774,84,,,1,100,,5775,84,,,1,100,,5776,84,,,1,99,,5777,84,,,1,100,,5778,84,,,1
1100,'2',743,,5779,84,,,1,102,,5780,84,,,1,99,,5781,84,,,1,102,,5782,84,,,1,100,,5783,84,,,1,100,,5784,84,,,1,102,,5785,84,,,1,99,,5786,84,,,1,100,,5787,84,,,1,99,,5788,84,,,1,99,,5789,84,,,1,99,,5790,84,,,1,98,,5792,84,,,1,100,,5793,84,,,1,100,,5791,84,,,1,100,,5795,84,,,1,100,,5794,84,,,1
1100,'3',944,,5796,84,,,1,102,,5797,84,,,1,100,,5798,84,,,1,100,,5799,84,,,1,102,,5800,84,,,1,99,,5801,84,,,1,100,,5802,84,,,1,99,,5803,84,,,1,99,,5804,84,,,1,99,,5805,84,,,1
5004200,'11',645,,6399,2,,,2
905231701,'27',2239,,6491,24,4,,2,69,,6494,24,4,,2,30,,6489,24,4,,2,70,,6492,24,4,,2,30,,6490,24,4,,2,70,,6493,24,4,,2,30,,6495,24,4,,2
905231701,'28',2239,,6498,24,4,,2,69,,6501,24,4,,2,30,,6496,24,4,,2,70,,6499,24,4,,2,30,,6497,24,4,,2,70,,6500,24,4,,2,30,,6502,24,4,,2
905231701,'29',2239,,6505,24,4,,2,69,,6508,24,4,,2,30,,6503,24,4,,2,70,,6506,24,4,,2,30,,6504,24,4,,2,70,,6507,24,4,,2,30,,6509,24,4,,2
1200000101,'1',1531,,7148,28,,,1,71,,7149,28,,,1,30,,7150,28,,,1,73,,7151,28,,,1
1200000200,'1',536,,7154,2,,,1,15,,7153,24,,,1,55,,7158,24,,,1,15,,7159,24,,,1,16,,7160,24,,,1,15,,7162,24,,,1,55,,7163,24,,,1,17,,7152,24,,,1,15,,7165,24,,,1,16,,7157,24,,,1,54,,7155,24,,,1,14,,7161,24,,,1,15,,7166,24,,,1,19,,7164,24,,,1,59,,7167,24,,,1,29,,7169,24,,,1,69,,7171,24,,,1,30,,7156,24,,,1,70,,7172,24,,,1,30,,7168,24,,,1,70,,7170,24,,,1,31,,7174,24,,,1,70,,7175,24,,,1,29,,7173,24,,,1,70,,7177,24,,,1,18,,7179,24,,,1,70,,7180,24,,,1,15,,7181,24,,,1,12,,7178,24,,,1,14,,7182,24,,,1,15,,7183,24,,,1,55,,7185,24,,,1,15,,7176,24,,,1,14,,7188,24,,,1,15,,7189,24,,,1,57,,7192,24,,,1,15,,7193,24,,,1,15,,7187,24,,,1,70,,7186,24,,,1,30,,7184,24,,,1,70,,7190,24,,,1,30,,7196,24,,,1,70,,7197,24,,,1,30,,7199,24,,,1,69,,7200,24,,,1,32,,7194,24,,,1,70,,7191,24,,,1,32,,7198,24,,,1,66,,7201,24,,,1,30,,7195,24,0,14,1
1200000200,'2',714,,7205,24,,,1,30,,7204,24,,,1,70,,7208,24,,,1,30,,7202,24,,,1,70,,7207,24,,,1,30,,7206,24,,,1,70,,7210,24,,,1,30,,7209,24,,,1,70,,7203,24,,,1,30,,7212,24,,,1,70,,7214,24,,,1,30,,7211,24,,,1,70,,7216,24,,,1,30,,7217,24,,,1,70,,7213,24,,,1,30,,7215,24,,,1,70,,7219,24,,,1,30,,7221,24,,,1,70,,7218,24,,,1,30,,7223,24,,,1,70,,7224,24,,,1,31,,7220,24,,,1,69,,7222,24,,,1,29,,7228,24,,,1,70,,7227,24,,,1,31,,7225,24,,,1,69,,7229,24,,,1,29,,7231,24,,,1,70,,7230,24,,,1,30,,7233,24,,,1,70,,7226,24,,,1,30,,7232,24,,,1,70,,7234,24,,,1
1200000200,'3',714,,7235,24,,,1,30,,7236,24,,,1,70,,7237,24,,,1,30,,7238,24,,,1,70,,7239,24,,,1,30,,7243,24,,,1,70,,7241,24,,,1,30,,7245,24,,,1,70,,7242,24,,,1,30,,7240,24,,,1,70,,7244,24,,,1,30,,7247,24,,,1,70,,7246,24,,,1,30,,7248,24,,,1,70,,7250,24,,,1,30,,7252,24,,,1,70,,7255,24,,,1,30,,7257,24,,,1,70,,7249,24,,,1,30,,7251,24,,,1,70,,7253,24,,,1,31,,7256,24,,,1,69,,7258,24,,,1,29,,7260,24,,,1,70,,7259,24,,,1,31,,7254,24,,,1,69,,7261,24,,,1
1200000400,'1',644,,7629,26,,,1,15,,7630,26,,,1
