20000,'1',843,,6243,7,,,2,70,,6242,7,,,2
5002300,'1',706,,6378,66,4,,2,34,,6379,66,4,,2,69,,6380,66,4,,2
5002301,'1',1614,,6382,7,,,2,28,,6381,7,,,2
5002400,'1',740,,6384,42,4,,2,67,,6383,42,4,,2
5002401,'1',1615,,6385,7,,,2,29,,6386,7,,,2
5003400,'1',712,,6388,44,4,,2,24,,6387,44,4,,2
5003401,'1',1611,,6389,7,,,2
5003600,'1',735,,6390,32,4,,2
5003601,'1',1610,,6393,7,,,2,25,,6392,7,,,2
5003700,'1',736,,6395,72,4,,2,77,,6394,72,4,,2
5003701,'1',1639,,6396,7,,,2
5003801,'1',1611,,6398,7,,,2,97,,6397,7,,,2
1200000201,'1',623,,7265,7,,,1,15,,7264,7,,,1,19,,7269,7,,,1,63,,7271,7,,,1,19,,7273,7,,,1,19,,7276,7,,,1,56,,7277,7,,,1,16,,7263,7,,,1,14,,7280,7,,,1,15,,7268,7,,,1,51,,7266,7,,,1,12,,7275,7,,,1,13,,7281,7,,,1,14,,7278,7,,,1,57,,7282,7,,,1,30,,7284,7,,,1,69,,7286,7,,,1,30,,7267,7,,,1,70,,7287,7,,,1,30,,7283,7,,,1,70,,7285,7,,,1,31,,7289,7,,,1,70,,7290,7,,,1,29,,7288,7,,,1,71,,7292,7,,,1,21,,7294,7,,,1,16,,7297,7,,,1,15,,7295,7,,,1,57,,7296,7,,,1,12,,7293,7,,,1,14,,7298,7,,,1,15,,7299,7,,,1,57,,7301,7,,,1,16,,7291,7,,,1,11,,7304,7,,,1,15,,7305,7,,,1,55,,7308,7,,,1,13,,7309,7,,,1,14,,7303,7,,,1,67,,7302,7,,,1,26,,7300,7,,,1,19,,7310,7,,,1,70,,7311,7,,,1,32,,7306,7,,,1,75,,7313,7,,,1,30,,7315,7,,,1,71,,7312,7,,,1,28,,7307,7,,,1,71,,7314,7,,,1,86,,7316,7,,,1
1200000201,'2',700,,7318,7,,,1,30,,7326,7,,,1,70,,7324,7,,,1,31,,7322,7,,,1,71,,7328,7,,,1,30,,7319,7,,,1,70,,7327,7,,,1,31,,7325,7,,,1,71,,7330,7,,,1,30,,7329,7,,,1,71,,7320,7,,,1,32,,7332,7,,,1,70,,7334,7,,,1,30,,7331,7,,,1,70,,7336,7,,,1,31,,7337,7,,,1,70,,7333,7,,,1,29,,7335,7,,,1,70,,7339,7,,,1,32,,7341,7,,,1,70,,7338,7,,,1,30,,7343,7,,,1,69,,7344,7,,,1,27,,7340,7,,,1,65,,7342,7,,,1,28,,7348,7,,,1,29,,7347,7,,,1,71,,7345,7,,,1,27,,7349,7,,,1,68,,7351,7,,,1,31,,7350,7,,,1,70,,7353,7,,,1,30,,7346,7,,,1,69,,7352,7,,,1,89,,7354,7,,,1
1200000201,'3',800,,7377,7,,,1,31,,7379,7,,,1,71,,7381,7,,,1,30,,7383,7,,,1,70,,7384,7,,,1,31,,7388,7,,,1,71,,7386,7,,,1,30,,7390,7,,,1,71,,7387,7,,,1,32,,7385,7,,,1,70,,7389,7,,,1,30,,7392,7,,,1,70,,7391,7,,,1,31,,7393,7,,,1,70,,7395,7,,,1,29,,7397,7,,,1,70,,7400,7,,,1,32,,7402,7,,,1,70,,7394,7,,,1,30,,7396,7,,,1,69,,7398,7,,,1,27,,7401,7,,,1,65,,7403,7,,,1,28,,7405,7,,,1,29,,7404,7,,,1,71,,7399,7,,,1,27,,7406,7,,,1
1200000301,'1',650,,7506,7,,,1,59,,7510,7,,,1,14,,7512,7,4,,1,20,,7516,7,,,1,3,,7509,7,4,,1,56,,7518,7,4,,1,9,,7511,7,,,1,12,,7514,7,4,,1,14,,7519,7,,,1,66,,7507,7,,,1,30,,7517,7,,,1,67,,7515,7,,,1,33,,7520,7,,,1,73,,7521,7,,,1,30,,7523,7,,,1,70,,7525,7,,,1,32,,7527,7,,,1,70,,7522,7,,,1,30,,7524,7,,,1,68,,7526,7,,,1,30,,7528,7,,,1,69,,7529,7,,,1,19,,7532,7,,,1,18,,7530,7,,,1,15,,7535,7,,,1,59,,7534,7,,,1,13,,7539,7,,,1,16,,7537,7,,,1,57,,7538,7,,,1,18,,7541,7,,,1,17,,7533,7,,,1,15,,7536,7,,,1,56,,7531,7,,,1,33,,7540,7,,,1,63,,7544,7,,,1,24,,7542,7,,,1,31,,7543,7,,,1,70,,7545,7,,,1,30,,7546,7,,,1,73,,7549,7,,,1
1200000301,'2',729,,7553,7,,,1,30,,7556,7,,,1,71,,7559,7,,,1,71,,7562,7,,,1,30,,7554,7,,,1,71,,7557,7,,,1,30,,7560,7,,,1,71,,7563,7,,,1,31,,7555,7,,,1,71,,7558,7,,,1,31,,7561,7,,,1,70,,7564,7,,,1,31,,7565,7,,,1,70,,7568,7,,,1,30,,7574,7,,,1,70,,7571,7,,,1,30,,7566,7,,,1,70,,7569,7,,,1,31,,7575,7,,,1,68,,7572,7,,,1,30,,7567,7,,,1,69,,7570,7,,,1,28,,7576,7,,,1,67,,7573,7,,,1
1200000301,'3',759,,7604,7,,,1,71,,7606,7,,,1,71,,7612,7,,,1,30,,7609,7,,,1,71,,7605,7,,,1,30,,7607,7,,,1,71,,7613,7,,,1,31,,7610,7,,,1,71,,7614,7,,,1,31,,7608,7,,,1,70,,7616,7,,,1,31,,7611,7,,,1,70,,7615,7,,,1,30,,7618,7,,,1,70,,7617,7,,,1,30,,7621,7,,,1,70,,7623,7,,,1,31,,7619,7,,,1,68,,7627,7,,,1,30,,7622,7,,,1,69,,7624,7,,,1,28,,7620,7,,,1,67,,7628,7,,,1
1200000401,'1',742,,7631,7,4,,1,59,,7632,7,4,,1,820,,7635,7,,,1,27,,7633,7,,,1
