20000,'71',842,,4882,6,,,2,70,,4879,6,,,2,27,,4881,6,,,2,69,,4880,6,,,2
5002300,'71',705,,5028,65,4,,2,34,,5027,65,4,,2,69,,5029,65,4,,2
5002301,'71',1532,,5032,6,,,2,81,,5031,6,,,2,28,,5030,6,,,2
5002400,'71',739,,5034,41,4,,2,67,,5033,41,4,,2
5002401,'71',1533,,5037,6,,,2,81,,5035,6,,,2,29,,5036,6,,,2
5003400,'71',711,,5039,43,4,,2,23,,5038,43,4,,2
5003401,'71',1610,,5040,6,,,2
5003600,'71',734,,5042,42,4,,2
5003601,'71',1530,,5045,6,,,2,79,,5043,6,,,2,25,,5044,6,,,2
5003700,'71',734,,5047,71,4,,2,76,,5048,71,4,,2
5003701,'71',1531,,5050,6,,,2,107,,5049,6,,,2
5003701,'81',1803,,5051,6,,,2
5003801,'71',1610,,5053,6,,,2,97,,5052,6,,,2
1200000201,'71',622,,5205,6,0,29,1,15,,5204,6,0,29,1,19,,5208,6,0,29,1,50,,5214,6,0,29,1,3,,5211,6,4,,1,11,,5203,6,0,29,1,14,,5213,6,0,29,1,18,,5207,6,0,29,1,58,,5218,6,0,29,1,15,,5202,6,0,29,1,14,,5221,6,0,29,1,15,,5206,6,0,29,1,52,,5223,6,0,29,1,12,,5216,6,0,29,1,13,,5224,6,0,29,1,15,,5209,6,0,29,1,12,,5225,6,0,29,1,57,,5217,6,0,29,1,18,,5219,6,0,29,1,14,,5226,6,0,29,1,55,,5222,6,0,29,1,15,,5228,6,0,29,1,15,,5229,6,0,29,1,15,,5230,6,0,29,1,55,,5232,6,0,29,1,15,,5233,6,0,29,1,15,,5235,6,0,29,1,15,,5236,6,0,29,1,55,,5237,6,0,29,1,16,,5227,6,0,29,1,15,,5239,6,0,29,1,15,,5240,6,0,29,1,55,,5241,6,0,29,1,14,,5231,6,0,29,1,15,,5238,6,0,29,1,15,,5234,6,0,29,1,62,,5242,6,0,29,1,16,,5243,6,0,29,1,15,,5244,6,0,29,1,14,,5245,6,0,29,1,59,,5246,6,0,29,1,9,,5247,6,0,29,1,14,,5249,6,0,29,1,15,,5251,6,0,29,1,57,,5254,6,0,29,1,16,,5255,6,0,29,1,11,,5256,6,0,29,1,15,,5259,6,0,29,1,59,,5260,6,0,29,1,10,,5257,6,0,29,1,13,,5258,6,0,29,1,14,,5250,6,0,29,1,54,,5248,6,0,29,1,14,,5261,6,0,29,1,14,,5252,6,0,29,1,20,,5262,6,0,29,1,70,,5263,6,0,29,1,32,,5265,6,0,29,1,76,,5267,6,0,29,1,30,,5269,6,0,29,1,71,,5264,6,0,29,1,28,,5266,6,0,29,1,71,,5268,6,0,29,1,86,,5270,6,0,29,1
1200000201,'72',646,,5272,6,0,29,1,71,,5271,6,0,29,1,30,,5273,6,0,29,1,71,,5279,6,0,29,1,30,,5284,6,0,29,1,72,,5277,6,0,29,1,31,,5276,6,0,29,1,68,,5282,6,0,29,1,30,,5283,6,0,29,1,71,,5285,6,0,29,1,29,,5274,6,0,29,1,71,,5280,6,0,29,1,30,,5278,6,0,29,1,69,,5286,6,0,29,1,32,,5287,6,0,29,1,69,,5289,6,0,29,1,33,,5288,6,0,29,1,69,,5291,6,0,29,1,29,,5292,6,0,29,1,72,,5293,6,0,29,1,31,,5294,6,0,29,1,68,,5295,6,0,29,1,29,,5290,6,0,29,1,70,,5297,6,0,29,1,28,,5296,6,0,29,1,79,,5300,6,0,29,1,29,,5302,6,0,29,1,71,,5298,6,0,29,1,27,,5304,6,0,29,1,68,,5305,6,0,29,1,31,,5301,6,0,29,1,70,,5303,6,0,29,1,29,,5299,6,0,29,1,69,,5306,6,0,29,1,90,,5307,6,0,29,1
1200000201,'73',747,,5308,6,0,29,1,71,,5311,6,0,29,1,30,,5315,6,0,29,1,72,,5318,6,0,29,1,31,,5310,6,0,29,1,68,,5314,6,0,29,1,30,,5317,6,0,29,1,71,,5320,6,0,29,1,29,,5321,6,0,29,1,71,,5312,6,0,29,1,30,,5322,6,0,29,1,69,,5324,6,0,29,1,32,,5323,6,0,29,1,69,,5326,6,0,29,1,33,,5325,6,0,29,1,69,,5328,6,0,29,1,29,,5329,6,0,29,1,72,,5330,6,0,29,1,31,,5331,6,0,29,1,68,,5333,6,0,29,1,29,,5327,6,0,29,1,70,,5336,6,0,29,1,28,,5334,6,0,29,1,79,,5338,6,0,29,1,29,,5332,6,0,29,1,71,,5337,6,0,29,1,27,,5335,6,0,29,1
1200000201,'81',1457,,5341,6,0,29,1
1200000201,'89',718,,5342,6,4,,1,25,,5344,6,4,,1,87,,5343,6,4,,1,702,,5345,6,0,29,1,13,,5346,6,0,29,1
1200000301,'71',650,,5454,6,0,30,1,59,,5458,6,0,30,1,13,,5459,6,4,,1,13,,5462,6,4,,1,9,,5466,6,0,30,1,1,,5457,6,4,,1,10,,5464,6,4,,1,50,,5468,6,4,,1,5,,5463,6,0,30,1,4,,5461,6,4,,1,23,,5469,6,0,30,1,67,,5455,6,0,30,1,30,,5465,6,0,30,1,67,,5467,6,0,30,1,36,,5470,6,0,30,1,20,,5471,6,0,30,1,60,,5473,6,0,30,1,20,,5475,6,0,30,1,20,,5476,6,0,30,1,60,,5478,6,0,30,1,22,,5480,6,0,30,1,20,,5472,6,0,30,1,60,,5474,6,0,30,1,20,,5481,6,0,30,1,18,,5477,6,0,30,1,60,,5479,6,0,30,1,19,,5483,6,0,30,1,20,,5484,6,0,30,1,55,,5485,6,0,30,1,13,,5486,6,0,30,1,17,,5482,6,0,30,1,15,,5494,6,0,30,1,59,,5490,6,0,30,1,13,,5493,6,0,30,1,16,,5488,6,0,30,1,57,,5487,6,0,30,1,18,,5497,6,0,30,1,19,,5496,6,0,30,1,13,,5495,6,0,30,1,58,,5492,6,0,30,1,13,,5489,6,0,30,1,18,,5491,6,0,30,1,60,,5498,6,0,30,1,27,,5499,6,0,30,1,31,,5501,6,0,30,1,70,,5500,6,0,30,1,30,,5502,6,0,30,1,74,,5505,6,0,30,1
1200000301,'72',729,,5511,6,0,30,1,30,,5510,6,0,30,1,71,,5514,6,0,30,1,70,,5515,6,0,30,1,30,,5516,6,0,30,1,70,,5509,6,0,30,1,30,,5513,6,0,30,1,70,,5512,6,0,30,1,30,,5517,6,0,30,1,70,,5518,6,0,30,1,31,,5520,6,0,30,1,69,,5519,6,0,30,1,31,,5522,6,0,30,1,70,,5523,6,0,30,1,31,,5524,6,0,30,1,70,,5525,6,0,30,1,29,,5526,6,0,30,1,70,,5521,6,0,30,1,32,,5528,6,0,30,1,70,,5527,6,0,30,1,30,,5530,6,0,30,1,69,,5529,6,0,30,1,30,,5531,6,0,30,1,24,,5535,6,0,30,1
1200000301,'73',759,,5539,6,0,30,1,71,,5541,6,0,30,1,70,,5542,6,0,30,1,30,,5543,6,0,30,1,70,,5544,6,0,30,1,30,,5540,6,0,30,1,70,,5545,6,0,30,1,30,,5547,6,0,30,1,70,,5546,6,0,30,1,31,,5549,6,0,30,1,69,,5548,6,0,30,1,31,,5551,6,0,30,1,70,,5552,6,0,30,1,31,,5553,6,0,30,1,70,,5554,6,0,30,1,29,,5555,6,0,30,1,70,,5550,6,0,30,1,32,,5557,6,0,30,1,70,,5556,6,0,30,1,30,,5559,6,0,30,1,69,,5558,6,0,30,1,30,,5560,6,0,30,1,24,,5563,6,0,30,1
1200000401,'71',755,,5569,6,4,,1,56,,5570,6,4,,1,15,,5568,6,4,,1,790,,5572,6,0,31,1,31,,5571,6,0,31,1,67,,5575,6,0,31,1
