2200,'71',619,,4456,43,0,14,2,28,,4471,81,0,14,2,63,,4457,43,0,14,2,30,,4472,43,0,14,2,66,,4474,81,0,14,2,43,,4473,43,,,2,87,,4458,43,0,14,2,75,,4460,43,0,14,2,32,,4459,43,0,14,2,72,,4461,43,0,14,2,30,,4465,43,0,14,2,70,,4462,43,0,14,2,31,,4466,43,0,14,2,70,,4463,43,0,14,2,30,,4475,43,0,14,2,70,,4464,43,0,14,2,29,,4476,43,0,14,2,74,,4469,43,0,14,2,31,,4467,29,0,14,2,65,,4470,29,0,14,2,108,,4468,29,0,14,2,34,,4477,29,0,14,2,100,,4478,29,0,14,2
2200,'87',851,,4479,26,,,2
2300,'71',615,,4520,55,0,14,2,191,,4525,55,0,14,2,45,,4529,55,,,2,70,,4507,55,0,14,2,36,,4510,55,0,14,2,70,,4508,55,0,14,2,31,,4511,55,0,14,2,70,,4509,55,0,14,2,30,,4512,55,0,14,2,71,,4515,41,0,14,2,30,,4513,41,0,14,2,70,,4516,41,0,14,2,30,,4514,41,0,14,2,72,,4517,41,0,14,2,74,,4518,41,0,14,2,31,,4528,41,0,14,2,117,,4530,41,0,14,2,75,,4519,41,0,14,2,28,,4526,41,0,14,2,70,,4521,41,0,14,2,30,,4527,41,0,14,2,75,,4522,41,0,14,2,100,,4523,41,0,14,2,97,,4524,41,0,14,2
2300,'72',655,,4531,55,0,14,2,101,,4532,55,0,14,2,101,,4533,55,0,14,2,101,,4534,55,0,14,2,101,,4535,55,0,14,2,100,,4536,55,0,14,2,141,,4537,55,0,14,2,101,,4538,41,0,14,2,100,,4539,41,0,14,2,100,,4540,41,0,14,2,100,,4541,41,0,14,2,102,,4542,41,0,14,2
2300,'73',756,,4543,55,0,14,2,101,,4544,55,0,14,2,101,,4545,55,0,14,2,101,,4546,55,0,14,2,100,,4547,55,0,14,2,141,,4548,55,0,14,2,101,,4549,41,0,14,2,100,,4550,41,0,14,2,100,,4551,41,0,14,2,100,,4552,41,0,14,2,102,,4553,41,0,14,2
2300,'87',850,,4554,19,,,2
20000,'71',901,,4882,13,,,2,29,,4879,13,,,2,26,,4881,13,,,2,69,,4880,13,,,2,689,,4883,1,,,2,235,,4884,1,,,2,174,,4886,1,,,2,219,,4885,1,,,2
20000,'72',2339,,4887,1,,,2
22100,'84',727,,4923,29,,,2
22200,'84',727,,4925,25,,,2
23100,'84',734,,4931,62,,,2
23200,'84',725,,4933,21,,,2
32500,'82',808,,4947,17,,,2
5003401,'71',1647,,5040,13,,,2
5003601,'71',1602,,5045,13,,,2,44,,5043,13,,,2,64,,5044,13,,,2
5003701,'71',1603,,5050,13,,,2,110,,5049,13,,,2
5003701,'81',1826,,5051,13,,,2
5003801,'71',1647,,5053,13,,,2,91,,5052,13,,,2
5004301,'81',1643,,5057,7,4,,2,95,,5059,7,4,,2,89,,5058,7,4,,2
1200000100,'71',602,,5060,46,4,,1,25,,5061,46,0,34 35 6 31,1,30,,5062,46,0,34 35 6 31,1,60,,5063,46,0,34 35 6 31,1,30,,5066,46,0,16 1 17,1,70,,5064,46,0,34 35 6 31,1
1200000201,'71',605,3,5201,1,0,29,1,35,,5205,13,0,29,1,15,,5204,13,0,29,1,59,,5208,13,0,29,1,10,,5214,13,0,29,1,15,,5203,13,0,29,1,15,,5213,13,0,29,1,59,,5207,13,0,29,1,18,,5218,13,0,29,1,15,,5202,13,0,29,1,54,,5221,13,0,29,1,14,,5206,13,0,29,1,12,,5223,13,0,29,1,12,,5216,13,0,29,1,12,,5224,13,0,29,1,55,,5209,13,0,29,1,12,,5225,13,0,29,1,17,,5217,13,0,29,1,18,,5219,13,0,29,1,54,,5226,13,0,29,1,15,,5222,13,0,29,1,15,,5228,13,0,29,1,15,,5229,13,0,29,1,55,,5230,13,0,29,1,17,,5232,13,0,29,1,15,,5233,13,0,29,1,15,,5235,13,0,29,1,55,,5236,13,0,29,1,15,,5237,13,0,29,1,16,,5227,13,0,29,1,15,,5239,13,0,29,1,55,,5240,13,0,29,1,15,,5241,13,0,29,1,14,,5231,13,0,29,1,15,,5238,13,0,29,1,57,,5234,13,0,29,1,27,,5242,13,0,29,1,19,,5243,13,0,29,1,58,,5244,13,0,29,1,16,,5245,13,0,29,1,6,,5253,1,0,29,1,14,,5246,13,0,29,1,9,,5247,13,0,29,1,53,,5249,13,0,29,1,12,,5251,13,0,29,1,15,,5254,13,0,29,1,13,,5255,13,0,29,1,49,,5256,13,0,29,1,13,,5259,13,0,29,1,17,,5260,13,0,29,1,9,,5257,13,0,29,1,12,,5258,13,0,29,1,53,,5250,13,0,29,1,12,,5248,13,0,29,1,14,,5261,13,0,29,1,14,,5252,13,0,29,1,60,,5262,13,0,29,1,30,,5263,13,0,29,1,72,,5265,13,0,29,1,35,,5267,13,0,29,1,69,,5269,13,0,29,1,31,,5264,13,0,29,1,68,,5266,13,0,29,1,31,,5268,13,0,29,1,86,,5270,13,0,29,1
1200000201,'72',702,,5272,13,0,29,1,31,,5271,13,0,29,1,70,,5273,13,0,29,1,31,,5279,13,0,29,1,70,,5284,13,0,29,1,32,,5277,13,0,29,1,72,,5276,13,0,29,1,29,,5282,13,0,29,1,70,,5283,13,0,29,1,31,,5285,13,0,29,1,69,,5274,13,0,29,1,31,,5280,13,0,29,1,70,,5278,13,0,29,1,30,,5286,13,0,29,1,72,,5287,13,0,29,1,29,,5289,13,0,29,1,73,,5288,13,0,29,1,29,,5291,13,0,29,1,69,,5292,13,0,29,1,33,,5293,13,0,29,1,71,,5294,13,0,29,1,27,,5295,13,0,29,1,68,,5290,13,0,29,1,30,,5297,13,0,29,1,66,,5296,13,0,29,1,39,,5300,13,0,29,1,69,,5302,13,0,29,1,31,,5298,13,0,29,1,67,,5304,13,0,29,1,28,,5305,13,0,29,1,70,,5301,13,0,29,1,30,,5303,13,0,29,1,69,,5299,13,0,29,1,29,,5306,13,0,29,1,90,,5307,13,0,29,1
1200000201,'73',803,,5308,13,0,29,1,31,,5311,13,0,29,1,70,,5315,13,0,29,1,32,,5318,13,0,29,1,72,,5310,13,0,29,1,29,,5314,13,0,29,1,70,,5317,13,0,29,1,31,,5320,13,0,29,1,69,,5321,13,0,29,1,31,,5312,13,0,29,1,70,,5322,13,0,29,1,30,,5324,13,0,29,1,72,,5323,13,0,29,1,29,,5326,13,0,29,1,73,,5325,13,0,29,1,29,,5328,13,0,29,1,69,,5329,13,0,29,1,33,,5330,13,0,29,1,71,,5331,13,0,29,1,27,,5333,13,0,29,1,68,,5327,13,0,29,1,30,,5336,13,0,29,1,66,,5334,13,0,29,1,39,,5338,13,0,29,1,69,,5332,13,0,29,1,31,,5337,13,0,29,1,67,,5335,13,0,29,1
1200000201,'81',648,,5339,1,0,29,1,55,,5340,1,0,29,1,819,,5341,13,0,29,1
1200000201,'89',1604,,5345,13,0,29,1,15,,5346,13,0,29,1
1200000300,'71',845,,5351,46,4,,1,55,,5357,46,4,,1,15,,5360,46,4,,1,15,,5358,46,4,,1,15,,5355,46,4,,1,60,,5362,46,4,,1,20,,5364,46,4,,1,20,,5366,46,4,,1,60,,5368,46,4,,1,20,,5369,46,4,,1,20,,5371,46,4,,1,62,,5373,46,4,,1,20,,5365,46,4,,1,20,,5367,46,4,,1,60,,5374,46,4,,1,18,,5370,46,4,,1,20,,5372,46,4,,1,59,,5376,46,4,,1,20,,5378,46,4,,1,19,,5380,46,4,,1,65,,5375,46,4,,1,31,,5383,48,4,,1,68,,5377,48,4,,1,29,,5379,48,4,,1,73,,5384,48,4,,1,28,,5382,48,4,,1,73,,5381,48,4,,1,21,,5385,46,4,,1,70,,5386,46,4,,1,21,,5388,46,4,,1,30,,5390,46,4,,1,72,,5391,46,4,,1,33,,5395,46,4,,1,66,,5389,46,4,,1,27,,5387,46,4,,1,70,,5392,46,4,,1,30,,5396,46,4,,1,66,,5393,46,4,,1,30,,5397,46,4,,1,68,,5394,46,4,,1
1200000300,'72',650,,5398,46,4,,1,70,,5399,46,4,,1,30,,5404,46,4,,1,70,,5408,46,4,,1,32,,5402,46,4,,1,71,,5401,46,4,,1,28,,5406,46,4,,1,70,,5407,46,4,,1,31,,5409,46,4,,1,69,,5400,46,4,,1,31,,5405,46,4,,1,70,,5403,46,4,,1,29,,5410,46,4,,1,72,,5411,46,4,,1,29,,5413,46,4,,1,73,,5412,46,4,,1,29,,5415,46,4,,1,69,,5416,46,4,,1,30,,5417,46,4,,1,71,,5418,46,4,,1,29,,5419,46,4,,1,69,,5414,46,4,,1,31,,5421,46,4,,1,69,,5420,46,4,,1,33,,5422,46,4,,1,94,,5423,46,4,,1,100,,5424,46,4,,1,96,,5425,46,4,,1,99,,5426,46,4,,1,177,,5427,46,4,,1
1200000300,'73',720,,5428,46,4,,1,30,,5430,46,4,,1,70,,5433,46,4,,1,32,,5435,46,4,,1,71,,5429,46,4,,1,28,,5432,46,4,,1,70,,5434,46,4,,1,31,,5436,46,4,,1,69,,5437,46,4,,1,31,,5431,46,4,,1,70,,5438,46,4,,1,29,,5440,46,4,,1,72,,5439,46,4,,1,29,,5442,46,4,,1,73,,5441,46,4,,1,29,,5444,46,4,,1,69,,5445,46,4,,1,30,,5446,46,4,,1,71,,5447,46,4,,1,29,,5448,46,4,,1,69,,5443,46,4,,1,31,,5450,46,4,,1,69,,5449,46,4,,1,33,,5451,46,4,,1,94,,5452,46,4,,1,157,,5453,46,4,,1
1200000301,'71',709,,5454,13,4,,1,20,,5458,13,4,,1,77,,5466,13,4,,1,27,,5463,13,4,,1,26,,5469,13,4,,1,66,,5455,13,4,,1,29,,5465,13,4,,1,67,,5467,13,4,,1,36,,5470,13,4,,1,60,,5471,13,4,,1,20,,5473,13,4,,1,20,,5475,13,4,,1,63,,5476,13,4,,1,20,,5478,13,4,,1,62,,5480,13,4,,1,19,,5472,13,4,,1,20,,5474,13,4,,1,60,,5481,13,4,,1,18,,5477,13,4,,1,20,,5479,13,4,,1,19,,5483,13,4,,1,65,,5484,13,4,,1,396,,5498,13,4,,1,27,,5499,13,4,,1,71,,5501,13,4,,1,30,,5500,13,4,,1,70,,5502,13,4,,1,33,,5505,13,4,,1
1200000301,'72',746,,5511,13,4,,1,70,,5510,13,4,,1,31,,5514,13,4,,1,70,,5515,13,4,,1,31,,5516,13,4,,1,71,,5509,13,4,,1,30,,5513,13,4,,1,70,,5512,13,4,,1,30,,5517,13,4,,1,70,,5518,13,4,,1,31,,5520,13,4,,1,70,,5519,13,4,,1,31,,5522,13,4,,1,70,,5523,13,4,,1,31,,5524,13,4,,1,70,,5525,13,4,,1,29,,5526,13,4,,1,71,,5521,13,4,,1,32,,5528,13,4,,1,70,,5527,13,4,,1,28,,5530,13,4,,1,69,,5529,13,4,,1,29,,5531,13,4,,1,64,,5535,13,4,,1
1200000301,'73',816,,5539,13,4,,1,31,,5541,13,4,,1,70,,5542,13,4,,1,31,,5543,13,4,,1,71,,5544,13,4,,1,30,,5540,13,4,,1,70,,5545,13,4,,1,30,,5547,13,4,,1,70,,5546,13,4,,1,31,,5549,13,4,,1,70,,5548,13,4,,1,31,,5551,13,4,,1,70,,5552,13,4,,1,31,,5553,13,4,,1,70,,5554,13,4,,1,29,,5555,13,4,,1,71,,5550,13,4,,1,32,,5557,13,4,,1,70,,5556,13,4,,1,28,,5559,13,4,,1,69,,5558,13,4,,1,29,,5560,13,4,,1,64,,5563,13,4,,1
1200000401,'71',1653,,5572,13,0,31,1,68,,5571,13,0,31,1,22,,5575,13,0,31,1
