3101,'1',607,,6012,38,,,2,30,,6014,38,,,2,68,,6013,70,,,2,32,,6011,70,,,2,103,,6015,70,,,2,105,,6016,70,,,2,99,,6017,70,,,2,100,,6018,70,,,2,106,,6019,70,,,2,102,,6020,70,,,2,101,,6021,70,,,2,100,,6022,70,,,2,97,,6023,70,,,2,71,,6026,70,,,2,31,,6027,70,,,2,71,,6024,70,,,2,33,,6028,70,,,2,64,,6025,70,,,2,36,,6029,70,,,2
3800,'1',809,,6171,39,,,2,103,,6172,39,,,2,99,,6173,39,,,2,102,,6174,39,,,2,115,,6175,39,,,2,102,,6176,39,,,2,102,,6177,39,,,2,106,,6178,39,,,2,119,,6179,39,,,2,72,,6180,39,,,2,174,,6181,39,,,2,56,,6182,39,,,2,96,,6183,39,,,2,100,,6184,39,,,2,98,,6185,39,,,2
3800,'2',737,,6186,39,,,2,101,,6187,39,,,2,103,,6188,39,,,2,101,,6189,39,,,2,102,,6190,39,,,2,156,,6191,39,,,2,102,,6192,39,,,2,101,,6193,39,,,2,100,,6194,39,,,2,102,,6195,39,,,2,99,,6196,39,,,2,54,,6197,39,,,2,96,,6198,39,,,2,100,,6199,39,,,2,97,,6200,39,,,2,101,,6201,39,,,2
3800,'3',838,,6202,39,,,2,103,,6203,39,,,2,101,,6204,39,,,2,102,,6205,39,,,2,156,,6206,39,,,2,102,,6207,39,,,2,101,,6208,39,,,2,100,,6209,39,,,2,102,,6210,39,,,2,99,,6211,39,,,2,54,,6212,39,,,2,96,,6213,39,,,2
3900,'1',633,,6215,14,,,2,80,,6216,14,,,2,31,,6214,14,,,2
38000,'1',1651,,6312,10,,,2,87,,6310,10,,,2,87,,6311,10,,,2
38100,'15',721,,6316,31,,,2
5003801,'1',1724,,6398,70,,,2,89,,6397,70,,,2
2000003101,'2',710,,7594,39,,,2,102,,7595,71,,,2,101,,7596,71,,,2,101,,7597,71,,,2,101,,7598,71,,,2,101,,7599,71,,,2,101,,7600,71,,,2,215,,7601,71,,,2,101,,7602,71,,,2,101,,7603,71,,,2,96,,7604,71,,,2
2000003101,'3',812,,7606,39,,,2,101,,7607,71,,,2,101,,7608,71,,,2,101,,7609,71,,,2,101,,7610,71,,,2,101,,7611,71,,,2,215,,7612,71,,,2,101,,7613,71,,,2,101,,7614,71,,,2,96,,7615,71,,,2
