13801,'63',1616,,3188,11,,,2
34501,'63',1615,,3274,11,,,2
35501,'63',1619,,3280,11,,,2
5004200,'51',650,,3400,4,,,2
1200000101,'51',1533,,3416,30,,,1,72,,3417,30,,,1,30,,3415,30,,,1,74,,3418,30,,,1
1200000200,'51',538,,3421,4,0,36 37,1,15,,3420,26,0,36 37,1,55,,3424,26,0,36 37,1,8,,3429,4,0,36 37,1,7,,3426,26,0,36 37,1,16,,3428,26,0,36 37,1,15,,3423,26,0,36 37,1,55,,3433,26,0,36 37,1,17,,3419,26,0,36 37,1,15,,3435,26,0,36 37,1,16,,3422,26,0,36 37,1,54,,3430,26,0,36 37,1,14,,3431,26,0,36 37,1,15,,3427,26,0,36 37,1,19,,3425,26,0,36 37,1,54,,3436,26,0,36 37,1,17,,3432,26,0,36 37,1,17,,3434,26,0,36 37,1,54,,3437,26,0,36 37,1,15,,3439,26,0,36 37,1,15,,3440,26,0,36 37,1,15,,3442,26,0,36 37,1,55,,3443,26,0,36 37,1,15,,3445,26,0,36 37,1,15,,3446,26,0,36 37,1,15,,3447,26,0,36 37,1,55,,3448,26,0,36 37,1,15,,3449,26,0,36 37,1,16,,3438,26,0,36 37,1,15,,3441,26,0,36 37,1,55,,3451,26,0,36 37,1,15,,3452,26,0,36 37,1,14,,3444,26,0,36 37,1,15,,3450,26,0,36 37,1,55,,3454,26,0,36 37,1,21,,3455,26,0,36 37,1,12,,3456,26,0,36 37,1,15,,3457,26,0,36 37,1,55,,3458,26,0,36 37,1,15,,3459,26,0,36 37,1,12,,3460,26,0,36 37,1,14,,3453,26,0,36 37,1,55,,3461,26,0,36 37,1,15,,3464,26,0,36 37,1,8,,3467,13,0,36 37,1,8,,3466,26,0,36 37,1,13,,3465,26,0,36 37,1,15,,3470,26,0,36 37,1,57,,3468,26,0,36 37,1,15,,3469,26,0,36 37,1,15,,3463,26,0,36 37,1,55,,3472,26,0,36 37,1,15,,3473,26,0,36 37,1,15,,3474,26,0,36 37,1,15,,3462,26,0,36 37,1,70,,3476,26,0,36 37,1,30,,3479,26,0,36 37,1,70,,3480,26,0,36 37,1,30,,3475,26,0,36 37,1,69,,3482,26,0,36 37,1,32,,3477,26,0,36 37,1,70,,3471,26,0,36 37,1,32,,3481,26,0,36 37,1,66,,3483,26,0,36 37,1,30,,3478,26,0,14,1
1200000200,'52',716,,3485,26,0,36 37,1,30,,3488,26,0,36 37,1,70,,3489,26,0,36 37,1,30,,3490,26,0,36 37,1,70,,3484,26,0,36 37,1,30,,3487,26,0,36 37,1,70,,3486,26,0,36 37,1,30,,3491,26,0,36 37,1,70,,3492,26,0,36 37,1,31,,3494,26,0,36 37,1,69,,3493,26,0,36 37,1,30,,3496,26,0,36 37,1,70,,3497,26,0,36 37,1,30,,3498,26,0,36 37,1,70,,3499,26,0,36 37,1,30,,3500,26,0,36 37,1,70,,3495,26,0,36 37,1,30,,3502,26,0,36 37,1,70,,3501,26,0,36 37,1,30,,3505,26,0,36 37,1,70,,3504,26,0,36 37,1,31,,3507,26,0,36 37,1,69,,3508,26,0,36 37,1,29,,3509,26,0,36 37,1,70,,3511,26,0,36 37,1,31,,3503,26,0,36 37,1,69,,3513,26,0,36 37,1,29,,3514,26,0,36 37,1,70,,3510,26,0,36 37,1,30,,3512,26,0,36 37,1,70,,3506,26,0,36 37,1,30,,3515,26,0,36 37,1,70,,3516,26,0,36 37,1
1200000200,'53',716,,3517,26,0,36 37,1,30,,3519,26,0,36 37,1,70,,3520,26,0,36 37,1,30,,3521,26,0,36 37,1,70,,3522,26,0,36 37,1,30,,3518,26,0,36 37,1,70,,3523,26,0,36 37,1,30,,3525,26,0,36 37,1,70,,3524,26,0,36 37,1,31,,3527,26,0,36 37,1,69,,3526,26,0,36 37,1,30,,3529,26,0,36 37,1,70,,3530,26,0,36 37,1,30,,3531,26,0,36 37,1,70,,3532,26,0,36 37,1,30,,3534,26,0,36 37,1,70,,3528,26,0,36 37,1,30,,3537,26,0,36 37,1,70,,3535,26,0,36 37,1,30,,3539,26,0,36 37,1,70,,3538,26,0,36 37,1,31,,3541,26,0,36 37,1,69,,3542,26,0,36 37,1,29,,3543,26,0,36 37,1,70,,3533,26,0,36 37,1,31,,3540,26,0,36 37,1,69,,3536,26,0,36 37,1
1200000200,'54',616,,3544,26,0,36 37,1,30,,3546,26,0,36 37,1,55,,3555,4,0,36 37,1,15,,3550,26,0,36 37,1,15,,3560,4,0,36 37,1,15,,3548,26,0,36 37,1,55,,3545,4,0,36 37,1,15,,3558,26,0,36 37,1,15,,3547,4,0,36 37,1,15,,3552,26,0,36 37,1,55,,3551,4,0,36 37,1,15,,3556,26,0,36 37,1,15,,3549,4,0,36 37,1,15,,3561,26,0,36 37,1,55,,3559,4,0,36 37,1,15,,3553,26,0,36 37,1,15,,3566,4,0,36 37,1,15,,3564,26,0,36 37,1,55,,3557,4,0,36 37,1,15,,3567,26,0,36 37,1,15,,3571,4,0,36 37,1,16,,3569,26,0,36 37,1,54,,3554,4,0,36 37,1,15,,3562,26,0,36 37,1,15,,3565,4,0,36 37,1,15,,3573,26,0,36 37,1,55,,3568,4,0,36 37,1,15,,3575,26,0,36 37,1,15,,3570,4,0,36 37,1,15,,3577,26,0,36 37,1,55,,3563,4,0,36 37,1,15,,3579,26,0,36 37,1,15,,3574,4,0,36 37,1,15,,3582,26,0,36 37,1,55,,3576,4,0,36 37,1,15,,3572,26,0,36 37,1,15,,3578,4,0,36 37,1,15,,3586,26,0,36 37,1,55,,3580,4,0,36 37,1,15,,3584,26,0,36 37,1,15,,3583,4,0,36 37,1,15,,3589,26,0,36 37,1,55,,3591,4,0,36 37,1,15,,3588,26,0,36 37,1,15,,3593,4,0,36 37,1,16,,3587,26,0,36 37,1,69,,3585,26,0,36 37,1,29,,3595,26,0,36 37,1,70,,3581,26,0,36 37,1,31,,3594,26,0,36 37,1,69,,3596,26,0,36 37,1,29,,3597,26,0,36 37,1,70,,3592,26,0,36 37,1,30,,3600,26,0,36 37,1,70,,3590,26,0,36 37,1,30,,3598,26,0,36 37,1,70,,3599,26,0,36 37,1
1200000200,'69',630,,3601,4,0,36 37,1,21,,3603,4,0,36 37,1
1200000400,'51',646,,4092,28,,,1,55,,4093,28,,,1,16,,4094,28,,,1,16,,4091,28,,,1
