2200,'1',553,,5864,1,,,2,67,,5873,39,,,2,22,,5865,1,,,2,70,64,5877,1,,,2,27,,5879,39,,,2,83,17,5878,1,,,2,89,52,5874,1,,,2,109,,5866,1,,,2,100,3,5867,1,,,2,100,2,5868,1,,,2,100,,5870,1,,,2,102,3,5871,1,,,2
2200,'71',553,,4456,1,,,2,67,,4471,39,,,2,22,,4457,1,,,2,70,64,4472,1,,,2,27,,4474,39,,,2,83,17,4473,1,0,14 1 15,2,89,,4458,1,,,2,35,,4460,1,,,2,72,11,4459,1,,,2,32,6,4461,1,,,2,70,,4465,1,,,2,30,4,4462,1,,,2,71,5,4466,1,,,2,30,4,4463,1,,,2,70,,4475,1,,,2,30,4,4464,1,,,2,69,3,4476,1,,,2,34,,4469,1,,,2
2201,'1',1524,,5900,31,,,2,80,,5891,31,,,2,96,,5888,31,,,2,30,,5895,31,,,2,70,,5889,31,,,2,29,,5896,31,,,2,27,,5901,31,,,2,64,,5897,31,,,2
2201,'14',1700,,5903,35,,,2
2201,'71',1524,,4491,33,,,2,25,,4493,33,,,2,55,,4500,33,,,2,51,,4501,37,,,2,71,,4502,33,,,2,74,,4492,33,,,2,31,,4503,33,,,2,25,,4505,33,,,2,64,,4504,33,,,2
2201,'88',1655,,4506,37,,,2
22100,'15',702,,6288,1,,,2
22100,'84',702,,4923,1,,,2
22101,'85',1538,,4924,29,,,2
22500,'12',809,,6290,15,,,2
22500,'82',809,,4927,15,,,2
22501,'83',1648,,4928,7,,,2
22900,'13',838,20,6291,1,,,2
22900,'87',838,26,4929,1,,,2
22901,'14',1637,,6292,8,,,2
22901,'88',1637,,4930,8,,,2
