3101,'1',614,,541,40,,,2,30,,542,40,,,2,78,,540,66,,,2,28,,546,66,,,2,94,,547,66,,,2,14,,545,40,,,2,91,,543,66,,,2,84,,548,66,,,2,87,,549,66,,,2,99,,550,66,,,2,85,,544,66,,,2,47,,551,66,,,2,84,,554,66,,,2,91,,555,66,,,2,91,,552,66,,,2,37,,556,66,,,2,56,,553,66,,,2,33,,557,66,,,2,64,,561,66,,,2,25,,558,66,,,2,79,,560,66,,,2,28,,559,66,,,2
3101,'3',614,,564,40,,,2,30,,565,40,,,2,78,,563,66,,,2,28,,566,66,,,2,94,,567,66,,,2,105,,568,66,,,2,84,,569,66,,,2,87,,570,66,,,2,99,,571,66,,,2,85,,572,66,,,2,47,,573,66,,,2,84,,574,66,,,2,91,,575,66,,,2,91,,576,66,,,2,37,,579,66,,,2,56,,577,66,,,2,33,,580,66,,,2,64,,578,66,,,2,25,,581,66,,,2,79,,583,66,,,2,28,,582,66,,,2
3101,'4',614,,586,40,,,2,30,,590,40,,,2,78,,585,66,,,2,28,,587,66,,,2,94,,588,66,,,2,105,,589,66,,,2,84,,591,66,,,2,87,,592,66,,,2,99,,593,66,,,2,85,,596,66,,,2,47,,597,66,,,2,84,,594,66,,,2,91,,595,66,,,2,91,,598,66,,,2,37,,602,66,,,2,56,,599,66,,,2,33,,603,66,,,2,64,,600,66,,,2,25,,604,66,,,2,79,,601,66,,,2,28,,605,66,,,2
3600,'1',624,,750,29,,,2,177,,751,29,,,2,54,,752,29,,,2,161,,753,29,,,2,101,,754,29,,,2,100,,755,29,,,2,103,,756,29,,,2,100,,757,29,,,2,100,,758,29,,,2,305,,759,29,,,2,90,,760,29,,,2,92,,761,29,,,2,97,,762,29,,,2,104,,763,29,,,2,93,,764,29,,,2
3600,'3',624,,765,29,,,2,177,,766,29,,,2,215,,767,29,,,2,101,,768,29,,,2,100,,770,29,,,2,103,,769,29,,,2,100,,771,29,,,2,100,,772,29,,,2,305,,773,29,,,2,90,,774,29,,,2,92,,775,29,,,2,97,,776,29,,,2,104,,777,29,,,2,93,,778,29,,,2
3600,'4',624,,779,29,,,2,177,,783,29,,,2,215,,782,29,,,2,101,,780,29,,,2,100,,781,29,,,2,103,,784,29,,,2,100,,785,29,,,2,100,,786,29,,,2,305,,787,29,,,2,90,,790,29,,,2,92,,791,29,,,2,97,,792,29,,,2,104,,788,29,,,2,93,,789,29,,,2
3600,'6',738,,793,29,,,2,100,,794,29,,,2,101,,795,29,,,2,100,,796,29,,,2,105,,797,29,,,2,100,,798,29,,,2,100,,799,29,,,2,102,,800,29,,,2,101,,801,29,,,2,99,,802,29,,,2,97,,807,29,,,2,96,,808,29,,,2,91,,809,29,,,2,109,,803,29,,,2,99,,804,29,,,2,97,,805,29,,,2,93,,806,29,,,2
3600,'8',838,,810,29,,,2,101,,811,29,,,2,100,,812,29,,,2,105,,813,29,,,2,100,,814,29,,,2,100,,815,29,,,2,102,,816,29,,,2,101,,817,29,,,2,99,,818,29,,,2,97,,819,29,,,2,96,,820,29,,,2,91,,821,29,,,2
5003600,'1',659,,1343,29,,,2,68,,1342,29,,,2
5003600,'3',659,,1345,29,,,2,68,,1344,29,,,2
5003600,'4',659,,1347,29,,,2,68,,1346,29,,,2
5003601,'1',1621,,1350,43,,,2,84,,1348,43,,,2,22,,1349,43,,,2
5003601,'3',1653,,1351,43,,,2,67,,1352,43,,,2
5003601,'4',1658,,1353,43,,,2,62,,1354,43,,,2
2000003101,'6',720,,2460,40,,,2,101,,2461,66,,,2,102,,2462,66,,,2,100,,2463,66,,,2,101,,2464,66,,,2,100,,2465,66,,,2,100,,2466,66,,,2,198,,2467,66,,,2,101,,2468,66,,,2,101,,2469,66,,,2,99,,2470,66,,,2
2000003101,'8',821,,2472,40,,,2,102,,2473,66,,,2,100,,2474,66,,,2,101,,2475,66,,,2,100,,2476,66,,,2,100,,2477,66,,,2,198,,2478,66,,,2,101,,2479,66,,,2,101,,2480,66,,,2,99,,2481,66,,,2
