2300,'1',551,,5924,7,,,2,194,,5919,7,,,2,79,,5927,7,,,2,76,,5904,7,,,2,36,,5906,7,,,2,70,,5905,7,,,2,30,,5907,7,,,2,70,,5908,7,,,2,30,,5909,7,,,2,77,,5912,7,,,2,30,,5910,7,,,2,70,,5913,7,,,2,30,,5911,7,,,2,71,,5914,7,,,2,33,,5915,7,,,2,72,,5917,7,,,2,118,,5918,7,,,2,77,,5916,7,,,2,24,,5925,7,,,2,73,,5920,7,,,2,30,,5926,7,,,2,73,,5921,7,,,2,102,,5922,7,,,2,95,,5923,7,,,2
2300,'2',629,,5930,7,,,2,100,,5931,7,,,2,101,,5932,7,,,2,102,,5933,7,,,2,102,,5934,7,,,2,102,,5935,7,,,2,101,,5936,7,,,2,108,,5937,7,,,2,100,,5938,7,,,2,100,,5939,7,,,2,101,,5940,7,,,2,88,,5941,7,,,2
2300,'3',729,,5942,7,,,2,101,,5943,7,,,2,102,,5944,7,,,2,102,,5945,7,,,2,102,,5946,7,,,2,101,,5947,7,,,2,108,,5948,7,,,2,100,,5949,7,,,2,100,,5950,7,,,2,101,,5951,7,,,2,88,,5952,7,,,2
2300,'71',551,,4520,7,,,2,189,,4525,7,,,2,84,,4529,7,0,14 1 15,2,33,,4507,7,,,2,76,,4510,7,,,2,70,,4508,7,,,2,31,,4511,7,,,2,70,,4509,7,,,2,30,,4512,7,,,2,78,,4515,7,,,2,30,,4513,7,,,2,70,,4516,7,,,2,30,,4514,7,,,2,72,,4517,7,,,2,33,,4518,7,,,2,70,,4528,7,,,2,116,,4530,7,,,2,75,,4519,7,,,2,28,,4526,7,,,2,73,,4521,7,,,2,30,,4527,7,,,2,75,,4522,7,,,2,100,,4523,7,,,2,97,,4524,7,,,2
2300,'72',631,,4531,7,,,2,101,,4532,7,,,2,101,,4533,7,,,2,101,,4534,7,,,2,101,,4535,7,,,2,100,,4536,7,,,2,101,,4537,7,,,2,108,,4538,7,,,2,100,,4539,7,,,2,100,,4540,7,,,2,100,,4541,7,,,2,102,,4542,7,,,2
2300,'73',732,,4543,7,,,2,101,,4544,7,,,2,101,,4545,7,,,2,101,,4546,7,,,2,100,,4547,7,,,2,101,,4548,7,,,2,108,,4549,7,,,2,100,,4550,7,,,2,100,,4551,7,,,2,100,,4552,7,,,2,102,,4553,7,,,2
2301,'1',1514,,5966,55,,,2,91,,5964,55,,,2,614,,5972,55,,,2
2301,'2',1228,,5985,55,,,2,600,,5991,55,,,2
2301,'3',1228,,5996,55,,,2,600,,6002,55,,,2
2301,'71',1209,,4558,55,,,2,305,,4576,55,,,2,42,,4567,55,,,2,663,,4574,55,,,2
2301,'72',1239,,4584,55,,,2,602,,4590,55,,,2
2301,'73',1239,,4595,55,,,2,602,,4601,55,,,2
23100,'15',708,,6293,19,,,2
23100,'84',708,,4931,19,,,2
23101,'85',1547,,4932,66,,,2
23500,'12',756,,6295,30,,,2
23500,'82',756,,4935,30,,,2
23501,'83',1712,,4936,52,,,2
5002300,'1',615,,6378,7,,,2,25,,6379,7,,,2,69,,6380,7,,,2
5002300,'71',615,,5028,7,,,2,25,,5027,7,,,2,69,,5029,7,,,2
5002301,'1',1742,,6381,65,,,2
5002301,'71',1742,,5030,65,,,2
