905231701,'27',2319,,6491,89,4,,2,29,,6494,89,4,,2,70,,6489,89,4,,2,30,,6492,89,4,,2,70,,6490,89,4,,2,30,,6493,89,4,,2,70,,6495,89,4,,2
905231701,'28',2319,,6498,89,4,,2,29,,6501,89,4,,2,70,,6496,89,4,,2,30,,6499,89,4,,2,70,,6497,89,4,,2,30,,6500,89,4,,2,70,,6502,89,4,,2
905231701,'29',2319,,6505,89,4,,2,29,,6508,89,4,,2,70,,6503,89,4,,2,30,,6506,89,4,,2,70,,6504,89,4,,2,30,,6507,89,4,,2,70,,6509,89,4,,2
1200000101,'1',1627,,7148,93,,,1,32,,7149,93,,,1,71,,7150,93,,,1,29,,7151,93,,,1
1200000101,'71',1623,,5070,93,,,1,32,,5071,93,,,1,71,,5069,93,,,1,29,,5072,93,,,1
1200000301,'1',628,,7508,42,,,1,28,,7513,42,,,1,77,,7506,55,,,1,20,,7510,55,,,1,75,,7516,55,,,1,29,,7511,55,,,1,65,,7519,55,,,1,25,,7507,55,,,1,69,,7517,55,,,1,27,,7515,55,,,1,73,,7520,55,,,1,33,,7521,55,,,1,70,,7523,55,,,1,34,,7525,55,,,1,72,,7527,55,,,1,28,,7522,55,,,1,70,,7524,55,,,1,28,,7526,55,,,1,72,,7528,55,,,1,36,,7529,55,,,1,60,,7532,52,,,1,23,,7530,52,,,1,58,,7535,52,,,1,19,,7534,52,,,1,11,,7539,52,,,1,12,,7537,52,,,1,14,,7538,52,,,1,56,,7541,52,,,1,14,,7533,52,,,1,12,,7536,52,,,1,15,,7531,52,,,1,68,,7540,52,,,1,24,,7544,55,,,1,64,,7542,55,,,1,31,,7543,55,,,1,70,,7545,55,,,1,29,,7546,55,,,1,73,,7549,55,,,1,31,,7547,42,,,1,70,,7550,42,,,1,28,,7548,42,,,1,70,,7551,42,,,1,39,,7552,42,,,1
1200000301,'2',808,,7553,55,,,1,30,,7556,55,,,1,71,,7559,55,,,1,32,,7562,55,,,1,71,,7554,55,,,1,32,,7557,55,,,1,71,,7560,55,,,1,31,,7563,55,,,1,71,,7555,55,,,1,31,,7558,55,,,1,71,,7561,55,,,1,31,,7564,55,,,1,71,,7565,55,,,1,30,,7568,55,,,1,70,,7574,55,,,1,30,,7571,55,,,1,70,,7566,55,,,1,31,,7569,55,,,1,71,,7575,55,,,1,27,,7572,55,,,1,68,,7567,55,,,1,28,,7570,55,,,1,67,,7576,55,,,1,27,,7573,55,,,1,75,,7577,42,,,1,100,,7578,42,,,1,96,,7579,42,,,1,98,,7580,42,,,1,37,,7581,42,,,1,102,,7582,42,,,1
1200000301,'27',2242,,7584,45,,,1,70,,7587,45,,,1,30,,7589,45,,,1,83,,7585,45,,,1,28,,7588,45,,,1,70,,7583,45,,,1,30,,7586,45,,,1
1200000301,'28',2242,,7591,45,,,1,70,,7594,45,,,1,30,,7596,45,,,1,83,,7592,45,,,1,28,,7595,45,,,1,70,,7590,45,,,1,30,,7593,45,,,1
1200000301,'29',2242,,7598,45,,,1,70,,7601,45,,,1,30,,7603,45,,,1,83,,7599,45,,,1,28,,7602,45,,,1,70,,7597,45,,,1,30,,7600,45,,,1
1200000301,'3',838,,7604,55,,,1,71,,7606,55,,,1,32,,7612,55,,,1,71,,7609,55,,,1,32,,7605,55,,,1,71,,7607,55,,,1,31,,7613,55,,,1,71,,7610,55,,,1,31,,7614,55,,,1,71,,7608,55,,,1,31,,7616,55,,,1,71,,7611,55,,,1,30,,7615,55,,,1,70,,7618,55,,,1,30,,7617,55,,,1,70,,7621,55,,,1,31,,7623,55,,,1,71,,7619,55,,,1,27,,7627,55,,,1,68,,7622,55,,,1,28,,7624,55,,,1,67,,7620,55,,,1,27,,7628,55,,,1,75,,7625,42,,,1,121,,7626,42,,,1
1200000301,'71',628,,5456,42,,,1,28,,5460,42,,,1,78,,5454,55,,,1,20,,5458,55,,,1,77,,5466,55,,,1,27,,5463,55,,,1,66,,5469,55,,,1,26,,5455,55,,,1,69,,5465,55,,,1,27,,5467,55,,,1,76,,5470,55,,,1,20,,5471,55,,,1,60,,5473,55,,,1,20,,5475,55,,,1,24,,5476,55,,,1,60,,5478,55,,,1,21,,5480,55,,,1,19,,5472,55,,,1,60,,5474,55,,,1,20,,5481,55,,,1,18,,5477,55,,,1,61,,5479,55,,,1,20,,5483,55,,,1,25,,5484,55,,,1,53,,5485,52,,,1,16,,5486,52,,,1,23,,5482,52,,,1,58,,5494,52,,,1,19,,5490,52,,,1,11,,5493,52,,,1,12,,5488,52,,,1,14,,5487,52,,,1,56,,5497,52,,,1,16,,5496,52,,,1,10,,5495,52,,,1,17,,5492,52,,,1,51,,5489,52,,,1,15,,5491,52,,,1,22,,5498,55,,,1,67,,5499,55,,,1,31,,5501,55,,,1,70,,5500,55,,,1,29,,5502,55,,,1,73,,5505,55,,,1,30,,5503,42,,,1,70,,5506,42,,,1,28,,5504,42,,,1,70,,5507,42,,,1,39,,5508,42,,,1
1200000301,'72',809,,5511,55,,,1,30,,5510,55,,,1,71,,5514,55,,,1,30,,5515,55,,,1,71,,5516,55,,,1,31,,5509,55,,,1,72,,5513,55,,,1,30,,5512,55,,,1,70,,5517,55,,,1,30,,5518,55,,,1,71,,5520,55,,,1,30,,5519,55,,,1,71,,5522,55,,,1,30,,5523,55,,,1,71,,5524,55,,,1,30,,5525,55,,,1,69,,5526,55,,,1,31,,5521,55,,,1,72,,5528,55,,,1,29,,5527,55,,,1,68,,5530,55,,,1,28,,5529,55,,,1,69,,5531,55,,,1,24,,5535,55,,,1,78,,5532,42,,,1,100,,5533,42,,,1,95,,5534,42,,,1,99,,5536,42,,,1,38,,5537,42,,,1,102,,5538,42,,,1
1200000301,'73',839,,5539,55,,,1,71,,5541,55,,,1,30,,5542,55,,,1,71,,5543,55,,,1,31,,5544,55,,,1,72,,5540,55,,,1,30,,5545,55,,,1,70,,5547,55,,,1,30,,5546,55,,,1,71,,5549,55,,,1,30,,5548,55,,,1,71,,5551,55,,,1,30,,5552,55,,,1,71,,5553,55,,,1,30,,5554,55,,,1,69,,5555,55,,,1,31,,5550,55,,,1,72,,5557,55,,,1,29,,5556,55,,,1,68,,5559,55,,,1,28,,5558,55,,,1,69,,5560,55,,,1,24,,5563,55,,,1,78,,5561,42,,,1,121,,5562,42,,,1
2000002200,'1',609,,7709,11,0,18 19 20,2
2000002200,'71',609,,5649,11,0,18 19 20,2
