1100,'1',617,,5748,48,,,1,34,,5754,48,,,1,68,,5749,48,,,1,34,,5755,48,,,1,70,,5750,48,,,1,18,,5751,48,,,1,70,,5756,48,,,1,34,,5752,48,,,1,70,,5757,48,,,1,35,,5758,48,,,1,70,,5761,48,,,1,33,,5759,48,,,1,70,,5762,48,,,1,77,,5760,48,,,1,30,,5763,48,,,1,88,,5764,48,,,1,30,,5766,48,,,1,75,,5765,48,,,1,30,,5767,48,,,1,85,,5770,48,,,1,62,,5768,48,,,1,22,,5772,48,,,1,26,,5771,48,,,1,76,,5773,48,,,1,28,,5769,48,,,1,70,,5774,48,,,1,100,,5775,48,,,1,100,,5776,48,,,1,100,,5777,48,,,1,100,,5778,48,,,1
1100,'2',719,,5779,48,,,1,102,,5780,48,,,1,100,,5781,48,,,1,102,,5782,48,,,1,100,,5783,48,,,1,100,,5784,48,,,1,101,,5785,48,,,1,99,,5786,48,,,1,100,,5787,48,,,1,100,,5788,48,,,1,99,,5789,48,,,1,100,,5790,48,,,1,99,,5792,48,,,1,100,,5793,48,,,1,100,,5791,48,,,1,100,,5795,48,,,1,100,,5794,48,,,1
1100,'3',921,,5796,48,,,1,102,,5797,48,,,1,100,,5798,48,,,1,100,,5799,48,,,1,101,,5800,48,,,1,99,,5801,48,,,1,100,,5802,48,,,1,100,,5803,48,,,1,99,,5804,48,,,1,100,,5805,48,,,1
1100,'71',617,,4339,48,,,1,34,,4343,48,,,1,68,,4340,48,,,1,34,,4344,48,,,1,70,,4341,48,,,1,18,,4345,48,,,1,70,,4350,48,,,1,34,,4346,48,,,1,70,,4351,48,,,1,35,,4347,48,,,1,70,,4352,48,,,1,33,,4348,48,,,1,70,,4353,48,,,1,77,,4349,48,,,1,30,,4354,48,,,1,88,,4358,48,,,1,30,,4355,48,,,1,75,,4359,48,,,1,30,,4356,48,,,1,83,,4360,49,,,1,64,,4357,48,,,1,22,,4363,48,,,1,26,,4361,48,,,1,76,,4364,48,,,1,28,,4362,48,,,1,70,,4365,48,,,1,100,,4366,48,,,1,100,,4367,48,,,1,100,,4368,48,,,1,100,,4369,48,,,1
1100,'72',719,,4370,48,,,1,102,,4371,48,,,1,100,,4372,48,,,1,102,,4373,48,,,1,100,,4374,48,,,1,100,,4375,48,,,1,101,,4376,48,,,1,99,,4377,48,,,1,100,,4378,48,,,1,100,,4379,48,,,1,99,,4380,48,,,1,100,,4381,48,,,1,99,,4384,48,,,1,100,,4382,48,,,1,100,,4383,48,,,1,100,,4386,48,,,1,100,,4385,48,,,1
1100,'73',921,,4387,48,,,1,102,,4388,48,,,1,100,,4389,48,,,1,100,,4390,48,,,1,101,,4391,48,,,1,99,,4392,48,,,1,100,,4393,48,,,1,100,,4394,48,,,1,99,,4395,48,,,1,100,,4396,48,,,1
11100,'15',708,,6226,12,,,2
11100,'86',708,,4850,12,,,2
11500,'12',831,,6227,8,,,2
11500,'82',831,,4852,8,,,2
1200000101,'1',1514,,7148,7,,,1,30,,7149,7,,,1,67,,7150,7,,,1,38,,7151,7,,,1
1200000101,'71',1514,,5070,7,,,1,30,,5071,7,,,1,67,,5069,7,,,1,40,,5072,7,,,1
1200000400,'1',633,,7629,12,,,1,15,,7630,12,,,1
1200000400,'71',633,,5565,12,,,1,15,,5566,12,,,1,55,,5567,12,,,1,16,,5564,12,,,1
