2301,'1',633,,5973,25,,,2,70,,5974,25,,,2,110,,5976,25,,,2,41,,5953,25,,,2,72,,5977,25,,,2,23,,5954,25,,,2,81,,5955,25,,,2,70,,5957,25,,,2,30,,5956,25,,,2,76,,5958,38,,,2,31,,5959,38,,,2,70,,5961,38,,,2,30,,5960,38,,,2,70,,5962,38,,,2,31,,5963,38,,,2,71,,5966,38,,,2,91,,5964,38,,,2,28,,5967,38,,,2,76,,5965,38,,,2,101,,5968,38,,,2,26,,5975,38,,,2,77,,5969,38,,,2,102,,5970,38,,,2,90,,5971,38,,,2,114,,5972,38,,,2
2301,'2',710,,5980,25,,,2,100,,5981,25,,,2,101,,5982,25,,,2,102,,5983,25,,,2,102,,5984,25,,,2,108,,5985,38,,,2,101,,5986,38,,,2,101,,5987,38,,,2,100,,5988,38,,,2,100,,5989,38,,,2,101,,5990,38,,,2,97,,5991,38,,,2
2301,'3',810,,5992,25,,,2,101,,5993,25,,,2,102,,5994,25,,,2,102,,5995,25,,,2,108,,5996,38,,,2,101,,5997,38,,,2,101,,5998,38,,,2,100,,5999,38,,,2,100,,6000,38,,,2,101,,6001,38,,,2,97,,6002,38,,,2
2301,'71',633,,4569,25,,,2,70,,4577,25,,,2,110,,4578,25,,,2,38,,4555,25,,,2,72,,4559,25,,,2,29,,4556,25,,,2,75,,4560,25,,,2,31,,4557,25,,,2,70,,4561,25,,,2,76,,4558,38,,,2,30,,4562,38,,,2,71,,4564,38,,,2,30,,4563,38,,,2,70,,4565,38,,,2,30,,4566,38,,,2,74,,4576,38,,,2,42,,4567,38,,,2,108,,4568,42,,,2,143,,4570,38,,,2,31,,4575,38,,,2,75,,4571,38,,,2,100,,4572,38,,,2,92,,4573,38,,,2,114,,4574,38,,,2
2301,'72',725,,4579,25,,,2,100,,4580,25,,,2,101,,4581,25,,,2,102,,4582,25,,,2,100,,4583,25,,,2,106,,4584,38,,,2,102,,4585,38,,,2,101,,4586,38,,,2,101,,4587,38,,,2,100,,4588,38,,,2,102,,4589,38,,,2,96,,4590,38,,,2
2301,'73',825,,4591,25,,,2,101,,4592,25,,,2,102,,4593,25,,,2,100,,4594,25,,,2,106,,4595,38,,,2,102,,4596,38,,,2,101,,4597,38,,,2,101,,4598,38,,,2,100,,4599,38,,,2,102,,4600,38,,,2,96,,4601,38,,,2
23100,'15',700,,6293,2,,,2
23100,'84',700,,4931,2,,,2
23101,'85',1537,,4932,49,,,2
23500,'12',748,,6295,13,,,2
23500,'82',748,,4935,13,,,2
23501,'83',1705,,4936,35,,,2
5002301,'1',1713,,6382,48,,,2,24,,6381,48,,,2
5002301,'71',1627,,5032,48,,,2,86,,5031,48,,,2,24,,5030,48,,,2
