2300,'1',600,,5924,29,,,2,154,,5919,29,,,2,80,,5927,29,,,2,75,,5904,29,,,2,36,,5906,29,,,2,70,,5905,29,,,2,30,,5907,29,,,2,70,,5908,29,,,2,30,,5909,29,,,2
2300,'2',637,,5930,29,,,2,100,,5931,29,,,2,101,,5932,29,,,2,102,,5933,29,,,2,102,,5934,29,,,2,102,,5935,29,,,2,101,,5936,29,,,2
2300,'3',737,,5942,29,,,2,101,,5943,29,,,2,102,,5944,29,,,2,102,,5945,29,,,2,102,,5946,29,,,2,101,,5947,29,,,2
2300,'71',600,,4520,29,,,2,149,,4525,29,,,2,85,,4529,29,0,14 1 15,2,72,,4507,29,,,2,36,,4510,29,,,2,70,,4508,29,,,2,31,,4511,29,,,2,70,,4509,29,,,2,30,,4512,29,,,2
2300,'72',639,,4531,29,,,2,101,,4532,29,,,2,101,,4533,29,,,2,101,,4534,29,,,2,101,,4535,29,,,2,100,,4536,29,,,2,101,,4537,29,,,2
2300,'73',740,,4543,29,,,2,101,,4544,29,,,2,101,,4545,29,,,2,101,,4546,29,,,2,100,,4547,29,,,2,101,,4548,29,,,2
23100,'15',719,,6293,41,,,2
23100,'84',719,,4931,41,,,2
23500,'12',806,,6295,52,,,2
23500,'82',806,,4935,52,,,2
5002300,'1',626,,6378,29,,,2,25,,6379,29,,,2,69,,6380,29,,,2
5002300,'71',626,,5028,29,,,2,25,,5027,29,,,2,69,,5029,29,,,2
