3900,'1',629,,6215,5,0,32,2,80,,6216,5,0,32,2,31,,6214,5,0,32,2
3900,'71',638,,4838,5,0,14,2,69,,4840,5,0,14,2,38,,4839,5,0,14,2,92,,4837,5,0,14,2
3901,'1',1645,,6219,31,4,,2,87,,6217,31,4,,2,87,,6218,31,4,,2
3901,'71',1649,,4843,28,4,,2,82,,4842,28,4,,2,80,,4841,28,4,,2
37500,'12',811,,6309,5,,,2
37500,'82',811,,4957,5,,,2
37501,'83',1659,,4958,32,4,,2
38000,'1',1645,,6312,1,0,38,2,87,,6310,1,0,38,2,87,,6311,1,0,38,2
38000,'71',1649,,4961,1,,,2,82,,4960,1,,,2,80,,4959,1,,,2
5003700,'71',621,,5046,32,,,2
5003701,'1',1743,,6396,54,,,2
5003701,'71',1639,,5050,54,,,2,106,,5049,54,,,2
5003701,'81',1858,,5051,54,,,2
5003801,'1',1714,,6398,51,,,2,89,,6397,51,,,2
5003801,'71',1713,,5053,51,,,2,89,,5052,51,,,2
