2300,'1',551,,5924,5,,,2,194,,5919,5,,,2,79,,5927,5,,,2,76,,5904,5,,,2,36,,5906,5,,,2,70,,5905,5,,,2,30,,5907,5,,,2,70,,5908,5,,,2,30,,5909,5,,,2,77,,5912,5,,,2,30,,5910,5,,,2,70,,5913,5,,,2,30,,5911,5,,,2,71,,5914,5,,,2,33,,5915,5,,,2,72,,5917,5,,,2,118,,5918,5,,,2,77,,5916,5,,,2,24,,5925,5,,,2,73,,5920,5,,,2,30,,5926,5,,,2,73,,5921,5,,,2,102,,5922,5,,,2,95,,5923,5,,,2
2300,'2',629,,5930,5,,,2,100,,5931,5,,,2,101,,5932,5,,,2,102,,5933,5,,,2,102,,5934,5,,,2,102,,5935,5,,,2,101,,5936,5,,,2,108,,5937,5,,,2,100,,5938,5,,,2,100,,5939,5,,,2,101,,5940,5,,,2,88,,5941,5,,,2
2300,'3',729,,5942,5,,,2,101,,5943,5,,,2,102,,5944,5,,,2,102,,5945,5,,,2,102,,5946,5,,,2,101,,5947,5,,,2,108,,5948,5,,,2,100,,5949,5,,,2,100,,5950,5,,,2,101,,5951,5,,,2,88,,5952,5,,,2
2300,'71',551,,4520,5,,,2,189,,4525,5,,,2,84,,4529,5,0,14 1 15,2,33,,4507,5,,,2,76,,4510,5,,,2,70,,4508,5,,,2,31,,4511,5,,,2,70,,4509,5,,,2,30,,4512,5,,,2,78,,4515,5,,,2,30,,4513,5,,,2,70,,4516,5,,,2,30,,4514,5,,,2,72,,4517,5,,,2,33,,4518,5,,,2,70,,4528,5,,,2,116,,4530,5,,,2,75,,4519,5,,,2,28,,4526,5,,,2,73,,4521,5,,,2,30,,4527,5,,,2,75,,4522,5,,,2,100,,4523,5,,,2,97,,4524,5,,,2
2300,'72',631,,4531,5,,,2,101,,4532,5,,,2,101,,4533,5,,,2,101,,4534,5,,,2,101,,4535,5,,,2,100,,4536,5,,,2,101,,4537,5,,,2,108,,4538,5,,,2,100,,4539,5,,,2,100,,4540,5,,,2,100,,4541,5,,,2,102,,4542,5,,,2
2300,'73',732,,4543,5,,,2,101,,4544,5,,,2,101,,4545,5,,,2,101,,4546,5,,,2,100,,4547,5,,,2,101,,4548,5,,,2,108,,4549,5,,,2,100,,4550,5,,,2,100,,4551,5,,,2,100,,4552,5,,,2,102,,4553,5,,,2
2301,'1',1513,,5966,53,,,2,91,,5964,53,,,2,614,,5972,53,,,2
2301,'2',1227,,5985,53,,,2,600,,5991,53,,,2
2301,'3',1227,,5996,53,,,2,600,,6002,53,,,2
2301,'71',1208,,4558,53,,,2,305,,4576,53,,,2,42,,4567,53,,,2,663,,4574,53,,,2
2301,'72',1238,,4584,53,,,2,602,,4590,53,,,2
2301,'73',1238,,4595,53,,,2,602,,4601,53,,,2
23100,'15',706,,6293,17,,,2
23100,'84',706,,4931,17,,,2
23101,'85',1546,,4932,64,,,2
23500,'12',754,,6295,28,,,2
23500,'82',754,,4935,28,,,2
23501,'83',1711,,4936,50,,,2
5002300,'1',615,,6378,5,,,2,25,,6379,5,,,2,69,,6380,5,,,2
5002300,'71',615,,5028,5,,,2,25,,5027,5,,,2,69,,5029,5,,,2
5002301,'1',1741,,6381,63,,,2
5002301,'71',1741,,5030,63,,,2
