1500,'1',551,,5823,9,,,2,68,,5825,9,,,2,29,,5827,9,,,2,70,,5826,12,,,2,30,,5829,12,,,2,80,,5828,12,0,10 11,2,111,,5824,9,0,12 13,2,100,,5830,9,0,12 13,2,100,,5831,9,0,12 13,2,103,,5832,8,0,12 13,2
1500,'71',551,,4416,9,,,2,68,,4417,9,,,2,29,,4421,9,,,2,72,,4420,8,,,2,28,,4418,8,,,2,81,,4422,9,0,10 11,2,112,,4419,8,0,12 13,2,115,,4423,8,0,12 13,2,156,,4424,8,0,12 13,2,30,,4425,8,0,12 13,2,117,,4427,8,0,12 13,2,156,,4428,8,,,2,96,,4426,8,,,2,37,,4431,9,,,2,68,,4430,8,,,2,100,,4432,8,0,12 13,2,111,,4433,8,0,12 13,2,104,,4434,8,0,12 13,2
13100,'15',706,,6233,9,,,2
13100,'84',706,,4864,9,,,2
15600,'12',817,,6240,9,,,2
15600,'82',817,,4875,9,,,2
15800,'16',826,,6241,3,,,2
15800,'87',826,,4877,3,,,2
2000001500,'2',735,,7667,9,,,2,100,,7668,8,,,2,100,,7669,8,,,2,94,,7670,8,,,2,109,,7671,8,,,2,101,,7672,8,,,2,201,,7673,9,,,2,101,,7674,8,,,2,95,,7675,8,,,2,106,,7676,8,,,2,93,,7677,8,,,2
2000001500,'3',835,,7678,9,,,2,100,,7679,8,,,2,94,,7680,8,,,2,109,,7681,8,,,2,101,,7682,8,,,2,201,,7683,9,,,2,101,,7684,8,,,2,95,,7685,8,,,2,106,,7686,8,,,2,93,,7687,8,,,2
2000001500,'72',728,,5607,9,,,2,101,,5608,8,,,2,103,,5609,8,,,2,100,,5610,8,,,2,102,,5611,8,,,2,100,,5612,8,,,2,190,,5613,9,,,2,99,,5614,8,,,2,95,,5615,8,,,2,108,,5616,8,,,2,98,,5617,8,,,2
2000001500,'73',829,,5618,9,,,2,103,,5619,8,,,2,100,,5620,8,,,2,102,,5621,8,,,2,100,,5622,8,,,2,190,,5623,9,,,2,99,,5624,8,,,2,95,,5625,8,,,2,108,,5626,8,,,2,98,,5627,8,,,2
