2301,'1',635,,5973,31,,,2,70,,5974,31,,,2,110,,5976,31,,,2,41,,5953,31,,,2,72,,5977,31,,,2,23,,5954,31,,,2,81,,5955,31,,,2,70,,5957,31,,,2,30,,5956,31,,,2,76,,5958,44,,,2,31,,5959,44,,,2,70,,5961,44,,,2,30,,5960,44,,,2,70,,5962,44,,,2,31,,5963,44,,,2,71,,5966,44,,,2,91,,5964,44,,,2,28,,5967,44,,,2,76,,5965,44,,,2,101,,5968,44,,,2,26,,5975,44,,,2,77,,5969,44,,,2,102,,5970,44,,,2,90,,5971,44,,,2,114,,5972,44,,,2
2301,'2',712,,5980,31,,,2,100,,5981,31,,,2,101,,5982,31,,,2,102,,5983,31,,,2,102,,5984,31,,,2,108,,5985,44,,,2,101,,5986,44,,,2,101,,5987,44,,,2,100,,5988,44,,,2,100,,5989,44,,,2,101,,5990,44,,,2,97,,5991,44,,,2
2301,'3',812,,5992,31,,,2,101,,5993,31,,,2,102,,5994,31,,,2,102,,5995,31,,,2,108,,5996,44,,,2,101,,5997,44,,,2,101,,5998,44,,,2,100,,5999,44,,,2,100,,6000,44,,,2,101,,6001,44,,,2,97,,6002,44,,,2
2301,'71',635,,4569,31,,,2,70,,4577,31,,,2,110,,4578,31,,,2,38,,4555,31,,,2,72,,4559,31,,,2,29,,4556,31,,,2,75,,4560,31,,,2,71,,4557,31,,,2,30,,4561,31,,,2,76,,4558,44,,,2,30,,4562,44,,,2,71,,4564,44,,,2,30,,4563,44,,,2,70,,4565,44,,,2,30,,4566,44,,,2,74,,4576,44,,,2,42,,4567,44,,,2,148,,4568,48,,,2,103,,4570,44,,,2,31,,4575,44,,,2,75,,4571,44,,,2,100,,4572,44,,,2,92,,4573,44,,,2,114,,4574,44,,,2
2301,'72',727,,4579,31,,,2,100,,4580,31,,,2,101,,4581,31,,,2,102,,4582,31,,,2,100,,4583,31,,,2,106,,4584,44,,,2,102,,4585,44,,,2,101,,4586,44,,,2,101,,4587,44,,,2,100,,4588,44,,,2,102,,4589,44,,,2,96,,4590,44,,,2
2301,'73',827,,4591,31,,,2,101,,4592,31,,,2,102,,4593,31,,,2,100,,4594,31,,,2,106,,4595,44,,,2,102,,4596,44,,,2,101,,4597,44,,,2,101,,4598,44,,,2,100,,4599,44,,,2,102,,4600,44,,,2,96,,4601,44,,,2
23100,'15',703,,6293,8,,,2
23100,'84',703,,4931,8,,,2
23101,'85',1541,,4932,55,,,2
23500,'12',751,,6295,19,,,2
23500,'82',751,,4935,19,,,2
23501,'83',1707,,4936,41,,,2
5002301,'1',1715,,6382,54,,,2,24,,6381,54,,,2
5002301,'71',1629,,5032,54,,,2,86,,5031,54,,,2,24,,5030,54,,,2
