2300,'1',557,,5924,22,,,2,194,,5919,22,,,2,79,,5927,22,,,2,76,,5904,22,,,2,36,,5906,22,,,2,70,,5905,22,,,2,30,,5907,22,,,2,70,,5908,22,,,2,30,,5909,22,,,2
2300,'2',634,,5930,22,,,2,100,,5931,22,,,2,101,,5932,22,,,2,102,,5933,22,,,2,102,,5934,22,,,2,102,,5935,22,,,2,101,,5936,22,,,2
2300,'3',734,,5942,22,,,2,101,,5943,22,,,2,102,,5944,22,,,2,102,,5945,22,,,2,102,,5946,22,,,2,101,,5947,22,,,2
2300,'71',557,,4520,22,,,2,189,,4525,22,,,2,84,,4529,22,0,14 1 15,2,73,,4507,22,,,2,36,,4510,22,,,2,70,,4508,22,,,2,31,,4511,22,,,2,70,,4509,22,,,2,30,,4512,22,,,2
2300,'72',636,,4531,22,,,2,101,,4532,22,,,2,101,,4533,22,,,2,101,,4534,22,,,2,101,,4535,22,,,2,100,,4536,22,,,2,101,,4537,22,,,2
2300,'73',737,,4543,22,,,2,101,,4544,22,,,2,101,,4545,22,,,2,101,,4546,22,,,2,100,,4547,22,,,2,101,,4548,22,,,2
23100,'15',715,,6293,34,,,2
23100,'84',715,,4931,34,,,2
23500,'12',802,,6295,45,,,2
23500,'82',802,,4935,45,,,2
5002300,'1',622,,6378,22,,,2,25,,6379,22,,,2,69,,6380,22,,,2
5002300,'71',622,,5028,22,,,2,25,,5027,22,,,2,69,,5029,22,,,2
