24101,'85',1528,,4938,18,,,2
24501,'83',1654,,4942,12,,,2
905231701,'27',2307,,6491,63,4,,2,29,,6494,63,4,,2,70,,6489,63,4,,2,30,,6492,63,4,,2,70,,6490,63,4,,2,30,,6493,63,4,,2,70,,6495,63,4,,2
905231701,'28',2307,,6498,63,4,,2,29,,6501,63,4,,2,70,,6496,63,4,,2,30,,6499,63,4,,2,70,,6497,63,4,,2,30,,6500,63,4,,2,70,,6502,63,4,,2
905231701,'29',2307,,6505,63,4,,2,29,,6508,63,4,,2,70,,6503,63,4,,2,30,,6506,63,4,,2,70,,6504,63,4,,2,30,,6507,63,4,,2,70,,6509,63,4,,2
1200000101,'1',1613,,7148,67,,,1,32,,7149,67,,,1,71,,7150,67,,,1,30,,7151,67,,,1
1200000101,'71',1609,,5070,67,,,1,32,,5071,67,,,1,71,,5069,67,,,1,30,,5072,67,,,1
1200000301,'1',616,,7508,16,,,1,28,,7513,16,,,1,77,,7506,29,,,1,20,,7510,29,,,1,75,,7516,29,,,1,29,,7511,29,,,1,65,,7519,29,,,1,25,,7507,29,,,1,69,,7517,29,,,1,27,,7515,29,,,1,73,,7520,29,,,1,33,,7521,29,,,1,70,,7523,29,,,1,33,,7525,29,,,1,72,,7527,29,,,1,29,,7522,29,,,1,70,,7524,29,,,1,28,,7526,29,,,1,70,,7528,29,,,1,36,,7529,29,,,1,60,,7532,26,,,1,23,,7530,26,,,1,18,,7535,26,,,1,59,,7534,26,,,1,11,,7539,26,,,1,13,,7537,26,,,1,14,,7538,26,,,1,16,,7541,26,,,1,54,,7533,26,,,1,12,,7536,26,,,1,15,,7531,26,,,1,69,,7540,26,,,1,24,,7544,29,,,1,24,,7542,29,,,1,71,,7543,29,,,1,30,,7545,29,,,1,69,,7546,29,,,1,73,,7549,29,,,1,31,,7547,16,,,1,70,,7550,16,,,1,28,,7548,16,,,1,30,,7551,16,,,1,79,,7552,16,,,1
1200000301,'2',756,,7553,29,,,1,70,,7556,29,,,1,31,,7559,29,,,1,72,,7562,29,,,1,71,,7554,29,,,1,32,,7557,29,,,1,71,,7560,29,,,1,31,,7563,29,,,1,71,,7555,29,,,1,31,,7558,29,,,1,71,,7561,29,,,1,31,,7564,29,,,1,71,,7565,29,,,1,30,,7568,29,,,1,70,,7574,29,,,1,30,,7571,29,,,1,70,,7566,29,,,1,31,,7569,29,,,1,71,,7575,29,,,1,27,,7572,29,,,1,68,,7567,29,,,1,28,,7570,29,,,1,67,,7576,29,,,1,27,,7573,29,,,1,75,,7577,16,,,1,100,,7578,16,,,1,56,,7579,16,,,1,98,,7580,16,,,1,78,,7581,16,,,1,102,,7582,16,,,1
1200000301,'27',2230,,7584,19,,,1,70,,7587,19,,,1,30,,7589,19,,,1,83,,7585,19,,,1,28,,7588,19,,,1,70,,7583,19,,,1,30,,7586,19,,,1
1200000301,'28',2230,,7591,19,,,1,70,,7594,19,,,1,30,,7596,19,,,1,83,,7592,19,,,1,28,,7595,19,,,1,70,,7590,19,,,1,30,,7593,19,,,1
1200000301,'29',2230,,7598,19,,,1,70,,7601,19,,,1,30,,7603,19,,,1,83,,7599,19,,,1,28,,7602,19,,,1,70,,7597,19,,,1,30,,7600,19,,,1
1200000301,'3',826,,7604,29,,,1,31,,7606,29,,,1,72,,7612,29,,,1,71,,7609,29,,,1,32,,7605,29,,,1,71,,7607,29,,,1,31,,7613,29,,,1,71,,7610,29,,,1,31,,7614,29,,,1,71,,7608,29,,,1,31,,7616,29,,,1,71,,7611,29,,,1,30,,7615,29,,,1,70,,7618,29,,,1,30,,7617,29,,,1,70,,7621,29,,,1,31,,7623,29,,,1,71,,7619,29,,,1,27,,7627,29,,,1,68,,7622,29,,,1,28,,7624,29,,,1,67,,7620,29,,,1,27,,7628,29,,,1,75,,7625,16,,,1,121,,7626,16,,,1
1200000301,'71',616,,5456,16,,,1,28,,5460,16,,,1,78,,5454,29,,,1,20,,5458,29,,,1,77,,5466,29,,,1,27,,5463,29,,,1,66,,5469,29,,,1,26,,5455,29,,,1,69,,5465,29,,,1,27,,5467,29,,,1,76,,5470,29,,,1,20,,5471,29,,,1,20,,5473,29,,,1,60,,5475,29,,,1,23,,5476,29,,,1,20,,5478,29,,,1,62,,5480,29,,,1,19,,5472,29,,,1,20,,5474,29,,,1,60,,5481,29,,,1,18,,5477,29,,,1,20,,5479,29,,,1,59,,5483,29,,,1,25,,5484,29,,,1,13,,5485,26,,,1,56,,5486,26,,,1,23,,5482,26,,,1,18,,5494,26,,,1,59,,5490,26,,,1,11,,5493,26,,,1,13,,5488,26,,,1,14,,5487,26,,,1,16,,5497,26,,,1,56,,5496,26,,,1,10,,5495,26,,,1,17,,5492,26,,,1,11,,5489,26,,,1,56,,5491,26,,,1,22,,5498,29,,,1,27,,5499,29,,,1,71,,5501,29,,,1,30,,5500,29,,,1,69,,5502,29,,,1,73,,5505,29,,,1,30,,5503,16,,,1,70,,5506,16,,,1,28,,5504,16,,,1,30,,5507,16,,,1,79,,5508,16,,,1
1200000301,'72',757,,5511,29,,,1,70,,5510,29,,,1,31,,5514,29,,,1,70,,5515,29,,,1,31,,5516,29,,,1,71,,5509,29,,,1,72,,5513,29,,,1,30,,5512,29,,,1,70,,5517,29,,,1,30,,5518,29,,,1,71,,5520,29,,,1,30,,5519,29,,,1,71,,5522,29,,,1,30,,5523,29,,,1,71,,5524,29,,,1,30,,5525,29,,,1,69,,5526,29,,,1,31,,5521,29,,,1,72,,5528,29,,,1,29,,5527,29,,,1,68,,5530,29,,,1,28,,5529,29,,,1,69,,5531,29,,,1,24,,5535,29,,,1,78,,5532,16,,,1,100,,5533,16,,,1,56,,5534,16,,,1,99,,5536,16,,,1,78,,5537,16,,,1,102,,5538,16,,,1
1200000301,'73',827,,5539,29,,,1,31,,5541,29,,,1,70,,5542,29,,,1,31,,5543,29,,,1,71,,5544,29,,,1,72,,5540,29,,,1,30,,5545,29,,,1,70,,5547,29,,,1,30,,5546,29,,,1,71,,5549,29,,,1,30,,5548,29,,,1,71,,5551,29,,,1,30,,5552,29,,,1,71,,5553,29,,,1,30,,5554,29,,,1,69,,5555,29,,,1,31,,5550,29,,,1,72,,5557,29,,,1,29,,5556,29,,,1,68,,5559,29,,,1,28,,5558,29,,,1,69,,5560,29,,,1,24,,5563,29,,,1,78,,5561,16,,,1,121,,5562,16,,,1
