1501,'1',1229,,5834,31,0,41,2,103,,5835,31,0,41,2,95,,5836,31,0,41,2,77,,5839,31,0,41,2,52,,5837,48,,,2,85,,5840,48,,,2,60,,5842,48,,,2,34,,5838,48,0,41,2,68,,5841,48,,,2,37,,5844,31,0,41,2,73,,5845,31,0,41,2,102,,5846,31,0,41,2,112,,5843,31,0,41,2,81,,5847,31,0,41,2
1501,'71',707,,4438,49,0,41,2,24,,4436,49,0,41,2,74,,4439,49,0,41,2,123,,4437,32,0,41,2,115,,4440,32,0,41,2,116,,4441,32,0,41,2,70,,4442,32,0,41,2,117,,4444,32,0,41,2,156,,4445,32,0,41,2,54,,4443,49,0,41,2,89,,4446,49,0,41,2,55,,4448,49,0,41,2,29,,4450,49,0,41,2,75,,4449,49,0,41,2,36,,4447,32,0,41,2,76,,4451,32,0,41,2,105,,4452,32,0,41,2,105,,4453,32,0,41,2,82,,4454,32,0,41,2
1501,'88',1702,,4455,34,0,41,2
13101,'85',1559,,4865,71,,,2
15601,'83',1633,,4876,24,,,2
15801,'88',1648,,4878,22,,,2
2000001501,'2',818,,7688,31,,,2,101,,7689,31,,,2,100,,7690,31,,,2,102,,7691,31,,,2,101,,7692,31,,,2,102,,7693,31,,,2,201,,7694,31,,,2,101,,7695,31,,,2,103,,7696,31,,,2,96,,7697,31,,,2,93,,7698,31,,,2
2000001501,'3',919,,7699,31,,,2,100,,7700,31,,,2,102,,7701,31,,,2,101,,7702,31,,,2,102,,7703,31,,,2,201,,7704,31,,,2,101,,7705,31,,,2,103,,7706,31,,,2,96,,7707,31,,,2,93,,7708,31,,,2
2000001501,'72',812,,5628,32,,,2,102,,5629,32,,,2,103,,5630,32,,,2,108,,5631,32,,,2,94,,5632,32,,,2,109,,5633,32,,,2,182,,5634,32,,,2,99,,5635,32,,,2,103,,5636,32,,,2,98,,5637,32,,,2,98,,5638,32,,,2
2000001501,'73',914,,5639,32,,,2,103,,5640,32,,,2,108,,5641,32,,,2,94,,5642,32,,,2,109,,5643,32,,,2,182,,5644,32,,,2,99,,5645,32,,,2,103,,5646,32,,,2,98,,5647,32,,,2,98,,5648,32,,,2
