2300,'1',554,,5924,14,,,2,194,,5919,14,,,2,79,,5927,14,,,2,76,,5904,14,,,2,36,,5906,14,,,2,70,,5905,14,,,2,30,,5907,14,,,2,70,,5908,14,,,2,30,,5909,14,,,2,77,,5912,14,,,2,30,,5910,14,,,2,70,,5913,14,,,2,30,,5911,14,,,2,71,,5914,14,,,2,33,,5915,14,,,2,72,,5917,14,,,2,118,,5918,14,,,2,77,,5916,14,,,2,24,,5925,14,,,2,73,,5920,14,,,2,30,,5926,14,,,2,73,,5921,14,,,2,102,,5922,14,,,2,95,,5923,14,,,2
2300,'2',631,,5930,14,,,2,100,,5931,14,,,2,101,,5932,14,,,2,102,,5933,14,,,2,102,,5934,14,,,2,102,,5935,14,,,2,101,,5936,14,,,2,108,,5937,14,,,2,100,,5938,14,,,2,100,,5939,14,,,2,101,,5940,14,,,2,88,,5941,14,,,2
2300,'3',731,,5942,14,,,2,101,,5943,14,,,2,102,,5944,14,,,2,102,,5945,14,,,2,102,,5946,14,,,2,101,,5947,14,,,2,108,,5948,14,,,2,100,,5949,14,,,2,100,,5950,14,,,2,101,,5951,14,,,2,88,,5952,14,,,2
2300,'71',554,,4520,14,,,2,189,,4525,14,,,2,84,,4529,14,0,14 1 15,2,73,,4507,14,,,2,36,,4510,14,,,2,70,,4508,14,,,2,31,,4511,14,,,2,70,,4509,14,,,2,30,,4512,14,,,2,78,,4515,14,,,2,30,,4513,14,,,2,70,,4516,14,,,2,30,,4514,14,,,2,72,,4517,14,,,2,33,,4518,14,,,2,70,,4528,14,,,2,116,,4530,14,,,2,75,,4519,14,,,2,28,,4526,14,,,2,73,,4521,14,,,2,30,,4527,14,,,2,75,,4522,14,,,2,100,,4523,14,,,2,97,,4524,14,,,2
2300,'72',633,,4531,14,,,2,101,,4532,14,,,2,101,,4533,14,,,2,101,,4534,14,,,2,101,,4535,14,,,2,100,,4536,14,,,2,101,,4537,14,,,2,108,,4538,14,,,2,100,,4539,14,,,2,100,,4540,14,,,2,100,,4541,14,,,2,102,,4542,14,,,2
2300,'73',734,,4543,14,,,2,101,,4544,14,,,2,101,,4545,14,,,2,101,,4546,14,,,2,100,,4547,14,,,2,101,,4548,14,,,2,108,,4549,14,,,2,100,,4550,14,,,2,100,,4551,14,,,2,100,,4552,14,,,2,102,,4553,14,,,2
23100,'15',711,,6293,26,,,2
23100,'84',711,,4931,26,,,2
23500,'12',759,,6295,37,,,2
23500,'82',759,,4935,37,,,2
23501,'83',1715,,4936,59,,,2
5002300,'1',618,,6378,14,,,2,25,,6379,14,,,2,69,,6380,14,,,2
5002300,'71',618,,5028,14,,,2,25,,5027,14,,,2,69,,5029,14,,,2
