2200,'1',556,,5864,6,,,2,67,,5873,44,,,2,22,,5865,6,,,2,70,,5877,6,,,2,26,,5879,44,,,2,83,,5878,6,,,2,89,,5874,6,,,2,109,,5866,6,,,2,100,,5867,6,,,2,100,,5868,6,,,2,100,,5870,6,,,2,102,,5871,6,,,2
2200,'71',556,,4456,6,,,2,67,,4471,44,,,2,22,,4457,6,,,2,70,,4472,6,,,2,26,,4474,44,,,2,83,,4473,6,0,14 1 15,2,89,,4458,6,,,2,35,,4460,6,,,2,72,,4459,6,,,2,32,,4461,6,,,2,70,,4465,6,,,2,30,,4462,6,,,2,71,,4466,6,,,2,30,,4463,6,,,2,70,,4475,6,,,2,30,,4464,6,,,2,69,,4476,6,,,2,34,,4469,6,,,2
2201,'1',1526,,5900,36,,,2,80,,5891,36,,,2,96,,5888,36,,,2,30,,5895,36,,,2,70,,5889,36,,,2,29,,5896,36,,,2,27,,5901,36,,,2,64,,5897,36,,,2
2201,'14',1702,,5903,40,,,2
2201,'71',1526,,4491,38,,,2,25,,4493,38,,,2,55,,4500,38,,,2,51,,4501,42,,,2,71,,4502,38,,,2,74,,4492,38,,,2,31,,4503,38,,,2,25,,4505,38,,,2,64,,4504,38,,,2
2201,'88',1657,,4506,42,,,2
22100,'15',704,,6288,6,,,2
22100,'84',704,,4923,6,,,2
22101,'85',1541,,4924,34,,,2
22500,'12',812,,6290,20,,,2
22500,'82',812,,4927,20,,,2
22501,'83',1650,,4928,12,,,2
22900,'13',840,,6291,6,,,2
22900,'87',840,,4929,6,,,2
22901,'14',1639,,6292,13,,,2
22901,'88',1639,,4930,13,,,2
