3900,'1',629,,6215,6,0,32,2,80,,6216,6,0,32,2,31,,6214,6,0,32,2
3900,'71',638,,4838,6,0,14,2,69,,4840,6,0,14,2,38,,4839,6,0,14,2,92,,4837,6,0,14,2
37500,'12',812,,6309,6,,,2
37500,'82',812,,4957,6,,,2
38000,'1',1645,,6312,2,0,38,2,87,,6310,2,0,38,2,87,,6311,2,0,38,2
38000,'71',1649,,4961,2,,,2,82,,4960,2,,,2,80,,4959,2,,,2
5003700,'71',622,,5046,33,,,2
5003701,'1',1744,,6396,55,,,2
5003701,'71',1640,,5050,55,,,2,106,,5049,55,,,2
5003701,'81',1859,,5051,55,,,2
5003801,'1',1714,,6398,52,,,2,89,,6397,52,,,2
5003801,'71',1713,,5053,52,,,2,89,,5052,52,,,2
