20001,'71',1455,,4892,18,4,,2,73,,4893,18,4,,2
20001,'72',633,,4896,18,4,,2,78,,4898,18,4,,2
5002300,'71',653,,5028,56,4,,2,72,,5027,56,4,,2,29,,5029,56,4,,2
5002400,'71',725,,5034,32,4,,2,27,,5033,32,4,,2
5003400,'71',658,,5039,34,4,,2,62,,5038,34,4,,2
5003600,'71',720,,5042,33,4,,2,27,,5041,33,4,,2
5003700,'71',659,,5046,69,4,,2,61,,5047,62,4,,2,36,,5048,62,4,,2
5004200,'81',725,,5054,29,4,,2
5004300,'81',714,,5055,9,4,,2,115,,5056,9,4,,2
1200000200,'71',603,,5075,29,4,,1,15,,5074,51,4,,1,19,,5078,51,4,,1,10,,5082,29,4,,1,9,,5080,51,4,,1,57,,5081,51,4,,1,18,,5077,51,4,,1,18,,5085,51,4,,1,55,,5073,51,4,,1,15,,5087,51,4,,1,15,,5076,51,4,,1,13,,5089,51,4,,1,12,,5083,51,4,,1,53,,5090,51,4,,1,15,,5079,51,4,,1,12,,5091,51,4,,1,17,,5084,51,4,,1,57,,5086,51,4,,1,14,,5092,51,4,,1,15,,5088,51,4,,1,15,,5094,51,4,,1,55,,5095,51,4,,1,15,,5096,51,4,,1,15,,5098,51,4,,1,15,,5099,51,4,,1,55,,5101,51,4,,1,15,,5102,51,4,,1,15,,5103,51,4,,1,16,,5093,51,4,,1,55,,5105,51,4,,1,15,,5106,51,4,,1,15,,5107,51,4,,1,14,,5097,51,4,,1,55,,5104,51,4,,1,15,,5100,51,4,,1,22,,5108,51,4,,1,52,,5109,51,4,,1,16,,5110,51,4,,1,15,,5111,51,4,,1,16,,5112,51,4,,1,52,,5113,51,4,,1,14,,5115,51,4,,1,15,,5117,51,4,,1,16,,5119,51,4,,1,9,,5121,38,4,,1,48,,5120,51,4,,1,12,,5122,51,4,,1,15,,5125,51,4,,1,15,,5126,51,4,,1,14,,5123,51,4,,1,54,,5124,51,4,,1,14,,5116,51,4,,1,15,,5114,51,4,,1,15,,5128,51,4,,1,54,,5118,51,4,,1,30,,5129,51,4,,1,70,,5127,51,4,,1,30,,5133,51,4,,1,70,,5135,51,4,,1,29,,5136,51,4,,1,72,,5130,51,4,,1,29,,5132,51,4,,1,72,,5134,51,4,,1,26,,5137,51,4,,1
1200000200,'72',741,,5139,51,4,,1,70,,5142,51,4,,1,30,,5143,51,4,,1,70,,5144,51,4,,1,30,,5138,51,4,,1,70,,5141,51,4,,1,30,,5140,51,4,,1,70,,5145,51,4,,1,30,,5146,51,4,,1,71,,5148,51,4,,1,29,,5147,51,4,,1,71,,5150,51,4,,1,30,,5151,51,4,,1,71,,5152,51,4,,1,30,,5153,51,4,,1,69,,5154,51,4,,1,30,,5149,51,4,,1,70,,5156,51,4,,1,30,,5155,51,4,,1,70,,5159,51,4,,1,30,,5158,51,4,,1,71,,5161,51,4,,1,27,,5162,51,4,,1,69,,5163,51,4,,1,30,,5165,51,4,,1,71,,5157,51,4,,1,29,,5167,51,4,,1,69,,5168,51,4,,1,30,,5164,51,4,,1,70,,5166,51,4,,1,30,,5160,51,4,,1,70,,5169,51,4,,1,30,,5170,51,4,,1
1200000200,'73',741,,5171,51,4,,1,70,,5173,51,4,,1,30,,5174,51,4,,1,70,,5175,51,4,,1,30,,5176,51,4,,1,70,,5172,51,4,,1,30,,5177,51,4,,1,70,,5179,51,4,,1,30,,5178,51,4,,1,71,,5181,51,4,,1,29,,5180,51,4,,1,71,,5183,51,4,,1,30,,5184,51,4,,1,71,,5185,51,4,,1,30,,5186,51,4,,1,69,,5188,51,4,,1,30,,5182,51,4,,1,70,,5191,51,4,,1,30,,5189,51,4,,1,70,,5193,51,4,,1,30,,5192,51,4,,1,71,,5195,51,4,,1,27,,5196,51,4,,1,69,,5197,51,4,,1,30,,5187,51,4,,1,71,,5194,51,4,,1,29,,5190,51,4,,1
1200000200,'89',704,,5198,29,4,,1,24,,5200,29,4,,1,87,,5199,20,4,,1
1200000300,'71',631,,5347,47,4,,1,18,,5350,47,4,,1,58,,5352,47,4,,1,13,,5354,47,4,,1,10,,5349,47,4,,1,10,,5356,47,4,,1,10,,5359,47,4,,1,9,,5353,47,4,,1,55,,5361,47,4,,1,14,,5363,47,4,,1,15,,5348,47,4,,1,16,,5351,49,4,,1,54,,5357,49,4,,1,13,,5360,49,4,,1,14,,5358,49,4,,1,15,,5355,49,4,,1,60,,5362,49,4,,1,20,,5364,49,4,,1,20,,5366,49,4,,1,60,,5368,49,4,,1,20,,5369,49,4,,1,20,,5371,49,4,,1,62,,5373,49,4,,1,20,,5365,49,4,,1,20,,5367,49,4,,1,60,,5374,49,4,,1,18,,5370,49,4,,1,20,,5372,49,4,,1,59,,5376,49,4,,1,20,,5378,49,4,,1,19,,5380,49,4,,1,65,,5375,49,4,,1,31,,5383,51,4,,1,68,,5377,51,4,,1,29,,5379,51,4,,1,73,,5384,51,4,,1,28,,5382,51,4,,1,73,,5381,51,4,,1,21,,5385,49,4,,1,68,,5386,49,4,,1,21,,5388,49,4,,1,70,,5390,49,4,,1,32,,5391,49,4,,1,73,,5395,49,4,,1
1200000300,'72',658,,5398,49,4,,1,70,,5399,49,4,,1,30,,5404,49,4,,1,70,,5408,49,4,,1,72,,5402,49,4,,1,31,,5401,49,4,,1,69,,5406,49,4,,1,30,,5407,49,4,,1,71,,5409,49,4,,1,29,,5400,49,4,,1,71,,5405,49,4,,1,30,,5403,49,4,,1,69,,5410,49,4,,1,32,,5411,49,4,,1,69,,5413,49,4,,1,33,,5412,49,4,,1,69,,5415,49,4,,1,29,,5416,49,4,,1,70,,5417,49,4,,1,31,,5418,49,4,,1,68,,5419,49,4,,1,29,,5414,49,4,,1,71,,5421,49,4,,1,29,,5420,49,4,,1
1200000300,'73',728,,5428,49,4,,1,30,,5430,49,4,,1,70,,5433,49,4,,1,72,,5435,49,4,,1,31,,5429,49,4,,1,69,,5432,49,4,,1,30,,5434,49,4,,1,71,,5436,49,4,,1,29,,5437,49,4,,1,71,,5431,49,4,,1,30,,5438,49,4,,1,69,,5440,49,4,,1,32,,5439,49,4,,1,69,,5442,49,4,,1,33,,5441,49,4,,1,69,,5444,49,4,,1,29,,5445,49,4,,1,70,,5446,49,4,,1,31,,5447,49,4,,1,68,,5448,49,4,,1,29,,5443,49,4,,1,71,,5450,49,4,,1,29,,5449,49,4,,1
1200000400,'71',722,,5565,53,4,,1,18,,5566,53,4,,1,16,,5567,53,4,,1,55,,5564,53,4,,1
