3400,'1',616,,6032,27,,,2,115,,6033,29,,,2,79,,6031,27,,,2,793,,6037,27,,,2,103,,6034,29,,,2,27,,6035,29,,,2,92,,6036,29,,,2
3400,'13',845,,6038,29,0,24 1 15,2
3400,'71',616,,4634,27,,,2,115,,4635,29,,,2,77,,4636,27,,,2,37,,4633,29,0,24 1 15,2,677,,4637,18,,,2,81,,4638,27,,,2,50,,4639,29,,,2,81,,4640,29,,,2,89,,4641,29,,,2
32501,'83',1634,,4948,43,,,2
34501,'83',1643,,4950,46,,,2
35101,'85',1524,,4954,18,,,2
5003400,'1',640,,6388,27,,,2,62,,6387,27,,,2
5003400,'71',640,,5039,27,,,2,61,,5038,27,,,2
2000003400,'2',725,,7742,27,,,2,85,,7743,29,,,2,46,,7744,29,,,2,85,,7745,29,,,2,87,,7746,29,,,2,86,,7747,29,,,2,45,,7748,29,,,2,88,,7749,29,,,2,171,,7750,29,,,2,83,,7751,29,,,2,47,,7752,29,,,2,83,,7753,29,,,2,90,,7754,29,,,2,82,,7755,29,,,2,41,,7756,29,,,2
2000003400,'3',810,,7757,27,,,2,46,,7758,29,,,2,85,,7759,29,,,2,87,,7760,29,,,2,86,,7761,29,,,2,45,,7762,29,,,2,88,,7763,29,,,2,171,,7764,29,,,2,83,,7765,29,,,2,47,,7766,29,,,2,83,,7767,29,,,2,90,,7768,29,,,2,82,,7769,29,,,2,41,,7770,29,,,2
2000003400,'72',725,,5682,27,,,2,85,,5683,29,,,2,45,,5684,29,,,2,85,,5685,29,,,2,85,,5686,29,,,2,86,,5687,29,,,2,45,,5688,29,,,2,85,,5689,29,,,2,174,,5690,29,,,2,41,,5691,29,,,2,92,,5692,29,,,2,78,,5693,29,,,2,93,,5694,29,,,2,38,,5695,29,,,2,87,,5696,29,,,2
2000003400,'73',810,,5697,27,,,2,45,,5698,29,,,2,85,,5699,29,,,2,85,,5700,29,,,2,86,,5701,29,,,2,45,,5702,29,,,2,85,,5703,29,,,2,174,,5704,29,,,2,41,,5705,29,,,2,92,,5706,29,,,2,78,,5707,29,,,2,93,,5708,29,,,2,38,,5709,29,,,2,87,,5710,29,,,2
