3501,'1',548,,6049,19,,,2,94,,6050,21,,,2,82,,6051,21,,,2,98,,6052,21,,,2,84,,6053,21,,,2,39,,6054,21,,,2,85,,6055,21,,,2,85,,6056,21,,,2,86,,6057,21,,,2,45,,6058,21,,,2,85,,6059,21,,,2,85,,6060,21,,,2,85,,6061,21,,,2,58,,6062,21,,,2,84,,6064,21,,,2,82,,6065,21,,,2,82,,6066,21,,,2,44,,6067,21,,,2,74,,6063,21,,,2,79,,6068,21,,,2,26,,6069,21,,,2,71,,6070,21,,,2,27,,6071,21,,,2,78,,6072,21,,,2,30,,6073,21,,,2,68,,6074,21,,,2,25,,6075,21,,,2
3501,'2',709,,6076,21,,,2,30,,6077,21,,,2,70,,6078,21,,,2,30,,6079,21,,,2,69,,6080,21,,,2,33,,6081,21,,,2,86,,6082,21,,,2,85,,6083,21,,,2,47,,6084,21,,,2,87,,6085,21,,,2,89,,6086,21,,,2,85,,6088,21,,,2,86,,6089,21,,,2,45,,6090,21,,,2,85,,6091,21,,,2,84,,6092,21,,,2,83,,6087,21,,,2,42,,6093,21,,,2,78,,6094,21,,,2,85,,6095,21,,,2,30,,6096,21,,,2,68,,6097,21,,,2,28,,6098,21,,,2,70,,6099,21,,,2,30,,6100,21,,,2,68,,6101,21,,,2,25,,6102,21,,,2
3501,'3',839,,6103,21,,,2,69,,6104,21,,,2,33,,6105,21,,,2,86,,6106,21,,,2,85,,6107,21,,,2,47,,6108,21,,,2,87,,6109,21,,,2,89,,6110,21,,,2,85,,6111,21,,,2,86,,6112,21,,,2,45,,6114,21,,,2,85,,6115,21,,,2,84,,6116,21,,,2,83,,6117,21,,,2,42,,6118,21,,,2,78,,6119,21,,,2,85,,6113,21,,,2
3501,'71',551,,4652,19,,,2,96,,4653,21,,,2,70,,4654,21,,,2,110,,4658,21,,,2,80,,4655,21,,,2,40,,4656,21,,,2,97,,4659,21,,,2,102,,4660,21,,,2,98,,4657,21,,,2,101,,4662,21,,,2,102,,4661,21,,,2,153,,4663,21,,,2,33,,4664,21,,,2,76,,4665,21,,,2,34,,4666,21,,,2,104,,4667,21,,,2,90,,4670,21,,,2,92,,4671,21,,,2,98,,4672,21,,,2,108,,4668,21,,,2,93,,4669,21,,,2
3501,'72',702,,4673,21,,,2,100,,4674,21,,,2,101,,4675,21,,,2,100,,4676,21,,,2,100,,4677,21,,,2,101,,4678,21,,,2,106,,4679,21,,,2,102,,4680,21,,,2,101,,4681,21,,,2,100,,4682,21,,,2,92,,4683,21,,,2,97,,4684,21,,,2,56,,4685,21,,,2,150,,4686,21,,,2,98,,4687,21,,,2,98,,4688,21,,,2,98,,4689,21,,,2
3501,'73',903,,4690,21,,,2,100,,4691,21,,,2,100,,4692,21,,,2,101,,4693,21,,,2,106,,4694,21,,,2,102,,4695,21,,,2,101,,4696,21,,,2,100,,4697,21,,,2,92,,4698,21,,,2,97,,4699,21,,,2,56,,4700,21,,,2,143,,4701,21,,,2
35100,'15',715,,6307,18,,,2
35100,'84',715,,4953,18,,,2
35101,'85',1541,,4954,42,,,2
35500,'12',805,,6308,18,,,2
35500,'82',808,,4955,18,,,2
35501,'83',1654,,4956,52,,,2
5003601,'1',1651,,6393,21,,,2,64,,6392,21,,,2
