3101,'1',609,,6012,40,0,8 1 32,2,30,,6014,40,0,8 1 32,2,67,,6013,72,0,8 1 32,2,32,,6011,72,0,8 1 32,2,104,,6015,72,0,8 1 32,2,105,,6016,72,0,8 1 32,2,99,,6017,72,0,8 1 32,2,100,,6018,72,0,8 1 32,2,106,,6019,72,0,8 1 32,2,102,,6020,72,0,8 1 32,2,101,,6021,72,0,8 1 32,2,100,,6022,72,0,8 1 32,2,97,,6023,72,0,8 1 32,2,71,,6026,72,0,8 1 32,2,31,,6027,72,0,8 1 32,2,71,,6024,72,0,8 1 32,2,33,,6028,72,0,8 1 32,2,64,,6025,72,0,8 1 32,2,36,,6029,72,0,8 1 32,2
3800,'1',811,,6171,41,,,2,103,,6172,41,,,2,99,,6173,41,,,2,102,,6174,41,,,2,115,,6175,41,,,2,102,,6176,41,,,2,102,,6177,41,,,2,106,,6178,41,,,2,119,,6179,41,,,2,72,,6180,41,,,2,174,,6181,41,,,2,96,,6182,41,,,2,56,,6183,41,,,2,100,,6184,41,,,2,98,,6185,41,,,2
3800,'2',739,,6186,41,,,2,101,,6187,41,,,2,103,,6188,41,,,2,101,,6189,41,,,2,102,,6190,41,,,2,156,,6191,41,,,2,102,,6192,41,,,2,101,,6193,41,,,2,100,,6194,41,,,2,102,,6195,41,,,2,99,,6196,41,,,2,94,,6197,41,,,2,56,,6198,41,,,2,100,,6199,41,,,2,97,,6200,41,,,2,101,,6201,41,,,2
3800,'3',840,,6202,41,,,2,103,,6203,41,,,2,101,,6204,41,,,2,102,,6205,41,,,2,156,,6206,41,,,2,102,,6207,41,,,2,101,,6208,41,,,2,100,,6209,41,,,2,102,,6210,41,,,2,99,,6211,41,,,2,94,,6212,41,,,2,56,,6213,41,,,2
3800,'71',809,,4794,41,,,2,105,,4795,41,,,2,98,,4796,41,,,2,102,,4797,41,,,2,113,,4798,41,,,2,102,,4799,41,,,2,102,,4800,41,,,2,109,,4801,48,,,2,115,,4802,41,,,2,95,,4803,41,,,2,152,,4804,41,,,2,57,,4805,41,,,2,96,,4806,41,,,2,101,,4807,41,,,2,99,,4808,41,,,2
3800,'72',743,,4809,41,,,2,100,,4810,41,,,2,102,,4811,41,,,2,100,,4812,41,,,2,101,,4813,41,,,2,111,,4814,41,,,2,100,,4815,41,,,2,102,,4816,41,,,2,100,,4817,41,,,2,100,,4818,41,,,2,98,,4819,41,,,2,100,,4820,41,,,2,98,,4822,41,,,2,99,,4823,41,,,2,99,,4824,41,,,2,100,,4821,41,,,2
3800,'73',843,,4825,41,,,2,102,,4826,41,,,2,100,,4827,41,,,2,101,,4828,41,,,2,111,,4829,41,,,2,100,,4830,41,,,2,102,,4831,41,,,2,100,,4832,41,,,2,100,,4833,41,,,2,98,,4834,41,,,2,100,,4835,41,,,2,147,,4836,41,,,2
3900,'1',639,,6215,24,0,32,2,80,,6216,24,0,32,2,31,,6214,24,0,32,2
31100,'15',745,,6300,50,,,2
31100,'84',745,,4945,50,,,2
35100,'15',728,,6307,37,,,2
35500,'12',818,,6308,37,,,2
38000,'1',1653,,6312,12,0,38,2,87,,6310,12,0,38,2,86,,6311,12,0,38,2
38000,'71',1657,,4961,12,,,2,82,,4960,12,,,2,79,,4959,12,,,2
38100,'15',732,,6316,42,,,2
38100,'84',732,,4965,42,,,2
38500,'12',824,,6317,29,,,2
38500,'82',824,,4967,29,,,2
5003801,'1',1726,,6398,72,,,2,89,,6397,72,,,2
5003801,'71',1725,,5053,72,,,2,89,,5052,72,,,2
2000003101,'2',712,,7719,41,0,8 1 32,2,102,,7720,73,0,8 1 32,2,101,,7721,73,0,8 1 32,2,101,,7722,73,0,8 1 32,2,101,,7723,73,0,8 1 32,2,101,,7724,73,0,8 1 32,2,101,,7725,73,0,8 1 32,2,215,,7726,73,0,8 1 32,2,101,,7727,73,0,8 1 32,2,101,,7728,73,0,8 1 32,2,96,,7729,73,0,8 1 32,2
2000003101,'3',814,,7731,41,0,8 1 32,2,101,,7732,73,0,8 1 32,2,101,,7733,73,0,8 1 32,2,101,,7734,73,0,8 1 32,2,101,,7735,73,0,8 1 32,2,101,,7736,73,0,8 1 32,2,215,,7737,73,0,8 1 32,2,101,,7738,73,0,8 1 32,2,101,,7739,73,0,8 1 32,2,96,,7740,73,0,8 1 32,2
