22100,'84',731,,4923,32,,,2
22200,'84',731,,4925,28,,,2
23100,'84',738,,4931,65,,,2
23200,'84',729,,4933,24,,,2
35500,'82',820,,4955,34,,,2
5003701,'71',1606,,5050,16,,,2,110,,5049,16,,,2
5003701,'81',1829,,5051,16,,,2
5003801,'71',1650,,5053,16,,,2,91,,5052,16,,,2
1200000100,'71',630,,5061,49,,,1,70,,5062,49,,,1,20,,5063,49,,,1,30,,5066,49,0,16 1 17,1,70,,5064,49,,,1
1200000201,'71',608,,5201,4,,,1,35,,5205,16,,,1,15,,5204,16,,,1,59,,5208,16,,,1,10,,5214,16,,,1,15,,5203,16,,,1,15,,5213,16,,,1,59,,5207,16,,,1,18,,5218,16,,,1,15,,5202,16,,,1,54,,5221,16,,,1,14,,5206,16,,,1,12,,5223,16,,,1,12,,5216,16,,,1,12,,5224,16,,,1,55,,5209,16,,,1,12,,5225,16,,,1,17,,5217,16,,,1,18,,5219,16,,,1,54,,5226,16,,,1,15,,5222,16,,,1,15,,5228,16,,,1,15,,5229,16,,,1,55,,5230,16,,,1,17,,5232,16,,,1,15,,5233,16,,,1,15,,5235,16,,,1,55,,5236,16,,,1,15,,5237,16,,,1,16,,5227,16,,,1,15,,5239,16,,,1,55,,5240,16,,,1,15,,5241,16,,,1,14,,5231,16,,,1,15,,5238,16,,,1,57,,5234,16,,,1,27,,5242,16,,,1,60,,5243,16,,,1,18,,5244,16,,,1,15,,5245,16,,,1,6,,5253,4,,,1,14,,5246,16,,,1,49,,5247,16,,,1,13,,5249,16,,,1,12,,5251,16,,,1,15,,5254,16,,,1,13,,5255,16,,,1,49,,5256,16,,,1,13,,5259,16,,,1,17,,5260,16,,,1,9,,5257,16,,,1,12,,5258,16,,,1,53,,5250,16,,,1,12,,5248,16,,,1,14,,5261,16,,,1,14,,5252,16,,,1,60,,5262,16,,,1,30,,5263,16,,,1,72,,5265,16,,,1,35,,5267,16,,,1,68,,5269,16,,,1,31,,5264,16,,,1,68,,5266,16,,,1,31,,5268,16,,,1,86,,5270,16,,,1
1200000201,'72',704,,5272,16,,,1,31,,5271,16,,,1,70,,5273,16,,,1,32,,5279,16,,,1,70,,5284,16,,,1,32,,5277,16,,,1,72,,5276,16,,,1,29,,5282,16,,,1,70,,5283,16,,,1,31,,5285,16,,,1,69,,5274,16,,,1,31,,5280,16,,,1,70,,5278,16,,,1,30,,5286,16,,,1,72,,5287,16,,,1,29,,5289,16,,,1,73,,5288,16,,,1,29,,5291,16,,,1,69,,5292,16,,,1,33,,5293,16,,,1,71,,5294,16,,,1,27,,5295,16,,,1,68,,5290,16,,,1,30,,5297,16,,,1,65,,5296,16,,,1,39,,5300,16,,,1,69,,5302,16,,,1,31,,5298,16,,,1,67,,5304,16,,,1,28,,5305,16,,,1,70,,5301,16,,,1,30,,5303,16,,,1,69,,5299,16,,,1,29,,5306,16,,,1,90,,5307,16,,,1
1200000201,'73',805,,5308,16,,,1,32,,5311,16,,,1,70,,5315,16,,,1,32,,5318,16,,,1,72,,5310,16,,,1,29,,5314,16,,,1,70,,5317,16,,,1,31,,5320,16,,,1,69,,5321,16,,,1,31,,5312,16,,,1,70,,5322,16,,,1,30,,5324,16,,,1,72,,5323,16,,,1,29,,5326,16,,,1,73,,5325,16,,,1,29,,5328,16,,,1,69,,5329,16,,,1,33,,5330,16,,,1,71,,5331,16,,,1,27,,5333,16,,,1,68,,5327,16,,,1,30,,5336,16,,,1,65,,5334,16,,,1,39,,5338,16,,,1,69,,5332,16,,,1,31,,5337,16,,,1,67,,5335,16,,,1
1200000201,'81',651,,5339,4,,,1,55,,5340,4,,,1,819,,5341,16,,,1
1200000201,'89',1608,,5345,16,,,1,15,,5346,16,,,1
1200000401,'71',1656,,5572,16,,,1,68,,5571,16,,,1,22,,5575,16,,,1
