13100,'15',745,,6233,64,,,2
13100,'84',745,,4864,64,,,2
32501,'83',1622,,4948,24,,,2
34501,'83',1624,,4950,21,,,2
35501,'83',1629,,4956,21,,,2
5004200,'11',656,,6399,14,,,2
5004200,'81',658,,5054,14,,,2
905231701,'27',2248,,6491,36,4,,2,69,,6494,36,4,,2,30,,6489,36,4,,2,70,,6492,36,4,,2,30,,6490,36,4,,2,70,,6493,36,4,,2,30,,6495,36,4,,2
905231701,'28',2248,,6498,36,4,,2,69,,6501,36,4,,2,30,,6496,36,4,,2,70,,6499,36,4,,2,30,,6497,36,4,,2,70,,6500,36,4,,2,30,,6502,36,4,,2
905231701,'29',2248,,6505,36,4,,2,69,,6508,36,4,,2,30,,6503,36,4,,2,70,,6506,36,4,,2,30,,6504,36,4,,2,70,,6507,36,4,,2,30,,6509,36,4,,2
1200000101,'1',1545,,7148,40,,,1,72,,7149,40,,,1,31,,7150,40,,,1,71,,7151,40,,,1
1200000101,'71',1544,,5070,40,,,1,72,,5071,40,,,1,31,,5069,40,,,1,72,,5072,40,,,1
1200000200,'1',546,,7154,14,,,1,55,,7153,36,,,1,15,,7158,36,,,1,15,,7159,36,,,1,18,,7160,36,,,1,55,,7162,36,,,1,16,,7163,36,,,1,17,,7152,36,,,1,15,,7165,36,,,1,55,,7157,36,,,1,14,,7155,36,,,1,14,,7161,36,,,1,15,,7166,36,,,1,58,,7164,36,,,1,19,,7167,36,,,1,29,,7169,36,,,1,69,,7171,36,,,1,30,,7156,36,,,1,70,,7172,36,,,1,30,,7168,36,,,1,70,,7170,36,,,1,31,,7174,36,,,1,70,,7175,36,,,1,29,,7173,36,,,1,70,,7177,36,,,1,18,,7179,36,,,1,71,,7180,36,,,1,16,,7181,36,,,1,12,,7178,36,,,1,14,,7182,36,,,1,55,,7183,36,,,1,16,,7185,36,,,1,15,,7176,36,,,1,13,,7188,36,,,1,55,,7189,36,,,1,17,,7192,36,,,1,13,,7193,36,,,1,15,,7187,36,,,1,69,,7186,36,,,1,30,,7184,36,,,1,69,,7190,36,,,1,30,,7196,36,,,1,70,,7197,36,,,1,30,,7199,36,,,1,69,,7200,36,,,1,32,,7194,36,,,1,70,,7191,36,,,1,32,,7198,36,,,1,66,,7201,36,,,1,30,,7195,36,0,14,1
1200000200,'2',724,,7205,36,,,1,30,,7204,36,,,1,71,,7208,36,,,1,30,,7202,36,,,1,70,,7207,36,,,1,30,,7206,36,,,1,70,,7210,36,,,1,30,,7209,36,,,1,70,,7203,36,,,1,31,,7212,36,,,1,70,,7214,36,,,1,30,,7211,36,,,1,70,,7216,36,,,1,31,,7217,36,,,1,70,,7213,36,,,1,29,,7215,36,,,1,70,,7219,36,,,1,30,,7221,36,,,1,70,,7218,36,,,1,30,,7223,36,,,1,70,,7224,36,,,1,30,,7220,36,,,1,68,,7222,36,,,1,28,,7228,36,,,1,70,,7227,36,,,1,31,,7225,36,,,1,69,,7229,36,,,1,29,,7231,36,,,1,70,,7230,36,,,1,30,,7233,36,,,1,70,,7226,36,,,1,30,,7232,36,,,1,70,,7234,36,,,1
1200000200,'3',724,,7235,36,,,1,30,,7236,36,,,1,71,,7237,36,,,1,30,,7238,36,,,1,70,,7239,36,,,1,30,,7243,36,,,1,70,,7241,36,,,1,30,,7245,36,,,1,70,,7242,36,,,1,31,,7240,36,,,1,70,,7244,36,,,1,30,,7247,36,,,1,70,,7246,36,,,1,31,,7248,36,,,1,70,,7250,36,,,1,29,,7252,36,,,1,70,,7255,36,,,1,30,,7257,36,,,1,70,,7249,36,,,1,30,,7251,36,,,1,70,,7253,36,,,1,30,,7256,36,,,1,68,,7258,36,,,1,28,,7260,36,,,1,70,,7259,36,,,1,31,,7254,36,,,1,69,,7261,36,,,1
1200000200,'71',545,,5075,14,,,1,55,,5074,36,,,1,15,,5078,36,,,1,8,,5082,14,,,1,8,,5080,36,,,1,17,,5081,36,,,1,55,,5077,36,,,1,16,,5085,36,,,1,17,,5073,36,,,1,15,,5087,36,,,1,55,,5076,36,,,1,14,,5089,36,,,1,14,,5083,36,,,1,15,,5090,36,,,1,59,,5079,36,,,1,13,,5091,36,,,1,17,,5084,36,,,1,17,,5086,36,,,1,54,,5092,36,,,1,15,,5088,36,,,1,15,,5094,36,,,1,15,,5095,36,,,1,55,,5096,36,,,1,15,,5098,36,,,1,15,,5099,36,,,1,15,,5101,36,,,1,55,,5102,36,,,1,15,,5103,36,,,1,16,,5093,36,,,1,15,,5105,36,,,1,55,,5106,36,,,1,15,,5107,36,,,1,14,,5097,36,,,1,15,,5104,36,,,1,55,,5100,36,,,1,21,,5108,36,,,1,12,,5109,36,,,1,16,,5110,36,,,1,55,,5111,36,,,1,16,,5112,36,,,1,12,,5113,36,,,1,14,,5115,36,,,1,55,,5117,36,,,1,15,,5119,36,,,1,8,,5121,23,,,1,8,,5120,36,,,1,13,,5122,36,,,1,55,,5125,36,,,1,17,,5126,36,,,1,14,,5123,36,,,1,14,,5124,36,,,1,54,,5116,36,,,1,15,,5114,36,,,1,15,,5128,36,,,1,15,,5118,36,,,1,70,,5129,36,,,1,30,,5127,36,,,1,70,,5133,36,,,1,30,,5135,36,,,1,69,,5136,36,,,1,32,,5130,36,,,1,70,,5132,36,,,1,32,,5134,36,,,1,66,,5137,36,,,1,30,,5131,36,0,14,1
1200000200,'72',724,,5139,36,,,1,30,,5142,36,,,1,70,,5143,36,,,1,30,,5144,36,,,1,70,,5138,36,,,1,30,,5141,36,,,1,70,,5140,36,,,1,30,,5145,36,,,1,70,,5146,36,,,1,31,,5148,36,,,1,69,,5147,36,,,1,30,,5150,36,,,1,70,,5151,36,,,1,31,,5152,36,,,1,70,,5153,36,,,1,29,,5154,36,,,1,70,,5149,36,,,1,30,,5156,36,,,1,70,,5155,36,,,1,30,,5159,36,,,1,70,,5158,36,,,1,31,,5161,36,,,1,68,,5162,36,,,1,29,,5163,36,,,1,70,,5165,36,,,1,31,,5157,36,,,1,69,,5167,36,,,1,29,,5168,36,,,1,70,,5164,36,,,1,30,,5166,36,,,1,70,,5160,36,,,1,30,,5169,36,,,1,70,,5170,36,,,1
1200000200,'73',724,,5171,36,,,1,30,,5173,36,,,1,70,,5174,36,,,1,30,,5175,36,,,1,70,,5176,36,,,1,30,,5172,36,,,1,70,,5177,36,,,1,30,,5179,36,,,1,70,,5178,36,,,1,31,,5181,36,,,1,69,,5180,36,,,1,30,,5183,36,,,1,70,,5184,36,,,1,31,,5185,36,,,1,70,,5186,36,,,1,29,,5188,36,,,1,70,,5182,36,,,1,30,,5191,36,,,1,70,,5189,36,,,1,30,,5193,36,,,1,70,,5192,36,,,1,31,,5195,36,,,1,68,,5196,36,,,1,29,,5197,36,,,1,70,,5187,36,,,1,31,,5194,36,,,1,69,,5190,36,,,1
1200000200,'89',639,,5198,14,,,1,61,,5200,14,,,1,47,,5199,5,,,1
1200000400,'1',656,,7629,38,,,1,56,,7630,38,,,1
1200000400,'71',655,,5565,38,,,1,56,,5566,38,,,1,16,,5567,38,,,1,16,,5564,38,,,1
