11101,'85',1552,,4851,62,,,2
11501,'83',1628,,4853,27,,,2
1001101,'1',550,,6322,13,,,1,69,,6326,47,,,1,32,,6323,47,,,1,72,,6327,47,,,1,33,,6324,47,,,1,63,,6320,47,,,1,81,,6325,47,,,1,42,,6328,47,,,1,70,,6329,47,,,1,35,,6333,47,,,1,70,,6330,47,,,1,35,,6334,47,,,1,70,,6331,47,,,1,33,,6335,47,,,1,70,,6332,47,,,1,78,,6336,47,,,1,30,,6338,47,,,1,88,,6337,47,,,1,32,,6339,47,,,1,87,,6341,47,,,1,63,,6340,47,,,1,22,,6344,47,,,1,27,,6342,47,,,1,73,,6345,47,,,1,29,,6343,47,,,1,71,,6346,47,,,1,100,,6347,47,,,1,99,,6348,47,,,1,100,,6349,47,,,1
1001101,'2',722,,6351,13,,,1,99,,6352,47,,,1,102,,6353,47,,,1,101,,6354,47,,,1,100,,6355,47,,,1,99,,6359,47,,,1,100,,6360,47,,,1,101,,6358,47,,,1,101,,6356,47,,,1,99,,6357,47,,,1,101,,6361,47,,,1,98,,6362,47,,,1,100,,6363,47,,,1,99,,6364,47,,,1,100,,6365,47,,,1,100,,6366,47,,,1
1001101,'3',923,,6368,13,,,1,101,,6369,47,,,1,100,,6372,47,,,1,99,,6373,47,,,1,100,,6370,47,,,1,101,,6371,47,,,1,101,,6374,47,,,1,99,,6375,47,,,1,101,,6376,47,,,1,98,,6377,47,,,1
1001101,'71',550,,4969,13,,,1,69,,4973,47,,,1,32,,4970,47,,,1,72,,4974,47,,,1,33,,4971,47,,,1,63,,4976,47,,,1,81,,4972,47,,,1,42,,4978,47,,,1,70,,4975,47,,,1,35,,4979,47,,,1,70,,4982,47,,,1,35,,4980,47,,,1,70,,4983,47,,,1,33,,4981,47,,,1,70,,4984,47,,,1,78,,4986,47,,,1,30,,4985,47,,,1,88,,4987,47,,,1,32,,4989,47,,,1,87,,4988,47,,,1,63,,4990,47,,,1,22,,4993,47,,,1,27,,4991,47,,,1,73,,4994,47,,,1,29,,4992,47,,,1,71,,4995,47,,,1,100,,4996,47,,,1,99,,4997,47,,,1,100,,4998,47,,,1
1001101,'72',722,,5003,13,,,1,99,,5000,47,,,1,102,,5001,47,,,1,101,,5002,47,,,1,100,,5004,47,,,1,99,,5005,47,,,1,100,,5006,47,,,1,101,,5007,47,,,1,101,,5008,47,,,1,99,,5009,47,,,1,101,,5010,47,,,1,98,,5011,47,,,1,100,,5012,47,,,1,99,,5013,47,,,1,100,,5014,47,,,1,100,,5015,47,,,1
1001101,'73',923,,5017,13,,,1,101,,5018,47,,,1,100,,5019,47,,,1,99,,5020,47,,,1,100,,5021,47,,,1,101,,5022,47,,,1,101,,5023,47,,,1,99,,5024,47,,,1,101,,5025,47,,,1,98,,5026,47,,,1
1200000100,'1',622,,7145,9,,,1,15,,7147,9,,,1,70,,7141,90,,,1,36,,7142,90,,,1,61,,7143,90,,,1,96,,7144,90,,,1
1200000100,'71',622,,5065,9,,,1,15,,5067,9,,,1,15,,5068,9,,,1,52,,5061,90,,,1,35,,5062,90,,,1,63,,5063,90,,,1,55,,5064,90,,,1
1200000401,'1',1503,,7634,9,,,1,30,,7636,9,,,1,205,,7635,51,,,1,20,,7633,51,,,1
1200000401,'71',1503,,5573,9,,,1,30,,5574,9,,,1,198,,5572,51,,,1,24,,5571,51,,,1,62,,5575,51,,,1
