1500,'1',559,,5823,23,,,2,68,,5825,23,,,2,29,,5827,23,,,2,70,,5826,26,,,2,30,,5829,26,,,2,81,,5828,26,0,10 11,2,110,,5824,23,0,12 13,2,100,,5830,23,0,12 13,2,100,,5831,23,0,12 13,2,103,,5832,22,0,12 13,2
1500,'16',836,,5833,11,0,10 11,2
1500,'71',559,,4416,24,,,2,68,,4417,24,,,2,29,,4421,24,,,2,72,,4420,23,,,2,28,,4418,23,,,2,81,,4422,24,0,10 11,2,112,,4419,23,0,12 13,2,155,,4423,23,0,12 13,2,116,,4424,23,0,12 13,2,30,,4425,23,0,12 13,2,157,,4427,23,0,12 13,2,116,,4428,23,,,2,96,,4426,23,,,2,37,,4431,24,,,2,68,,4430,23,,,2,100,,4432,23,0,12 13,2,111,,4433,23,0,12 13,2,104,,4434,23,0,12 13,2
1500,'87',836,,4435,13,0,10 11,2
13100,'15',714,,6233,24,,,2
13100,'84',714,,4864,24,,,2
15500,'12',828,,6239,13,,,2
15500,'82',828,,4874,13,,,2
2000001500,'2',743,,7667,23,,,2,100,,7668,22,,,2,100,,7669,22,,,2,94,,7670,22,,,2,109,,7671,22,,,2,101,,7672,22,,,2,201,,7673,23,,,2,101,,7674,22,,,2,95,,7675,22,,,2,106,,7676,22,,,2,93,,7677,22,,,2
2000001500,'3',843,,7678,23,,,2,100,,7679,22,,,2,94,,7680,22,,,2,109,,7681,22,,,2,101,,7682,22,,,2,201,,7683,23,,,2,101,,7684,22,,,2,95,,7685,22,,,2,106,,7686,22,,,2,93,,7687,22,,,2
2000001500,'72',736,,5607,24,,,2,101,,5608,23,,,2,103,,5609,23,,,2,100,,5610,23,,,2,102,,5611,23,,,2,100,,5612,23,,,2,190,,5613,24,,,2,99,,5614,23,,,2,95,,5615,23,,,2,108,,5616,23,,,2,98,,5617,23,,,2
2000001500,'73',837,,5618,24,,,2,103,,5619,23,,,2,100,,5620,23,,,2,102,,5621,23,,,2,100,,5622,23,,,2,190,,5623,24,,,2,99,,5624,23,,,2,95,,5625,23,,,2,108,,5626,23,,,2,98,,5627,23,,,2
