1301,'51',653,,2636,20,,,2,83,,2637,20,,,2,73,,2635,20,,,2,810,,2640,20,,,2,15,,2639,20,,,2,77,,2641,20,,,2,30,,2638,20,,,2
1301,'68',1635,,2642,6,,,2
20000,'51',923,,3199,25,4,,2,28,,3196,25,4,,2,66,,3198,25,4,,2,29,,3197,25,4,,2,689,,3200,13,4,,2,273,,3201,13,4,,2,134,,3202,13,4,,2,258,,3203,13,4,,2
20000,'52',2355,,3204,13,4,,2
20000,'54',2355,,3205,13,4,,2
21000,'51',1124,,3220,29,4,,2,76,,3221,29,4,,2,206,,3223,29,4,,2,39,,3222,29,4,,2,277,,3224,29,4,,2,18,,3228,29,4,,2,68,,3227,29,4,,2,27,,3225,29,4,,2,81,,3226,29,4,,2,132,,3229,29,4,,2
35000,'51',916,,3275,12,4,,2
38000,'51',1714,,3285,26,4,,2,42,,3284,26,4,,2,79,,3283,26,4,,2
1200000100,'51',659,,3407,81,0,34 35 6 31,1,72,,3408,81,0,34 35 6 31,1,23,,3409,81,0,34 35 6 31,1,68,,3412,81,0,16 1 17,1,29,,3410,81,0,34 35 6 31,1
1200000201,'51',634,,3604,30,0,29,1,75,,3608,42,0,29,1,9,,3620,30,0,29,1,7,,3607,42,0,29,1,9,,3615,30,0,29,1,12,,3611,42,0,29,1,10,,3619,42,0,29,1,54,,3606,42,0,29,1,13,,3618,42,0,29,1,19,,3610,42,0,29,1,17,,3625,42,0,29,1,55,,3605,42,0,29,1,14,,3628,42,0,29,1,14,,3609,42,0,29,1,12,,3621,42,0,29,1,52,,3623,42,0,29,1,12,,3616,42,0,29,1,15,,3612,42,0,29,1,12,,3629,42,0,29,1,57,,3624,42,0,29,1,18,,3626,42,0,29,1,14,,3630,42,0,29,1,15,,3632,42,0,29,1,55,,3633,42,0,29,1,15,,3635,42,0,29,1,15,,3636,42,0,29,1,18,,3638,42,0,29,1,55,,3639,42,0,29,1,15,,3640,42,0,29,1,14,,3641,42,0,29,1,15,,3642,42,0,29,1,56,,3631,42,0,29,1,15,,3634,42,0,29,1,15,,3644,42,0,29,1,16,,3645,42,0,29,1,54,,3637,42,0,29,1,16,,3643,42,0,29,1,19,,3647,42,0,29,1,12,,3650,42,0,29,1,56,,3648,42,0,29,1,20,,3649,42,0,29,1,16,,3651,42,0,29,1,55,,3652,42,0,29,1,6,,3659,30,0,29,1,14,,3654,42,0,29,1,9,,3655,42,0,29,1,11,,3646,42,0,29,1,11,,3656,42,0,29,1,55,,3660,42,0,29,1,13,,3662,42,0,29,1,9,,3661,42,0,29,1,13,,3666,42,0,29,1,12,,3663,42,0,29,1,48,,3653,42,0,29,1,6,,3665,42,0,29,1,12,,3658,42,0,29,1,13,,3668,42,0,29,1,12,,3664,42,0,29,1,14,,3670,42,0,29,1,54,,3657,42,0,29,1,20,,3671,42,0,29,1,69,,3672,42,0,29,1,32,,3669,42,0,29,1,75,,3674,42,0,29,1,27,,3676,42,0,29,1,71,,3673,42,0,29,1,27,,3667,42,0,29,1,71,,3675,42,0,29,1,46,,3677,42,0,29,1
1200000201,'52',727,,3679,42,0,29,1,31,,3678,42,0,29,1,70,,3680,42,0,29,1,72,,3686,42,0,29,1,32,,3691,42,0,29,1,72,,3684,42,0,29,1,31,,3683,42,0,29,1,69,,3689,42,0,29,1,30,,3690,42,0,29,1,71,,3692,42,0,29,1,30,,3681,42,0,29,1,71,,3687,42,0,29,1,30,,3685,42,0,29,1,70,,3693,42,0,29,1,32,,3694,42,0,29,1,69,,3696,42,0,29,1,33,,3695,42,0,29,1,69,,3698,42,0,29,1,29,,3699,42,0,29,1,73,,3700,42,0,29,1,31,,3701,42,0,29,1,66,,3702,42,0,29,1,28,,3697,42,0,29,1,69,,3704,42,0,29,1,25,,3703,42,0,29,1,79,,3707,42,0,29,1,29,,3709,42,0,29,1,71,,3705,42,0,29,1,27,,3711,42,0,29,1,68,,3712,42,0,29,1,29,,3708,42,0,29,1,70,,3710,42,0,29,1,29,,3706,42,0,29,1,69,,3713,42,0,29,1,49,,3714,42,0,29,1
1200000201,'53',828,,3715,42,0,29,1,72,,3718,42,0,29,1,32,,3722,42,0,29,1,72,,3725,42,0,29,1,31,,3717,42,0,29,1,69,,3721,42,0,29,1,30,,3724,42,0,29,1,71,,3727,42,0,29,1,30,,3728,42,0,29,1,71,,3719,42,0,29,1,30,,3729,42,0,29,1,70,,3731,42,0,29,1,32,,3730,42,0,29,1,69,,3733,42,0,29,1,33,,3732,42,0,29,1,69,,3735,42,0,29,1,29,,3736,42,0,29,1,73,,3737,42,0,29,1,31,,3738,42,0,29,1,66,,3740,42,0,29,1,28,,3734,42,0,29,1,69,,3743,42,0,29,1,25,,3741,42,0,29,1,79,,3745,42,0,29,1,29,,3739,42,0,29,1,71,,3744,42,0,29,1,27,,3742,42,0,29,1
1200000201,'54',706,,3751,30,0,29,1,20,,3748,42,0,29,1,30,,3757,42,0,29,1,70,,3761,42,0,29,1,31,,3766,42,0,29,1,72,,3747,42,0,29,1,71,,3750,42,0,29,1,30,,3756,42,0,29,1,71,,3753,42,0,29,1,29,,3765,42,0,29,1,70,,3772,42,0,29,1,31,,3763,42,0,29,1,70,,3777,42,0,29,1,30,,3760,42,0,29,1,72,,3771,42,0,29,1,30,,3774,42,0,29,1,71,,3776,42,0,29,1,30,,3769,42,0,29,1,69,,3780,42,0,29,1,30,,3782,42,0,29,1,72,,3784,42,0,29,1,31,,3786,42,0,29,1,69,,3789,42,0,29,1,28,,3797,42,0,29,1,68,,3799,42,0,29,1,39,,3791,42,0,29,1,69,,3801,42,0,29,1,29,,3787,42,0,29,1,71,,3800,42,0,29,1,27,,3802,42,0,29,1,68,,3803,42,0,29,1,29,,3798,42,0,29,1,70,,3806,42,0,29,1,29,,3796,42,0,29,1,69,,3804,42,0,29,1,49,,3805,42,0,29,1
1200000201,'69',1637,,3810,42,0,29,1,14,,3811,42,0,29,1
1200000401,'51',1724,,4099,42,0,31,1,25,,4098,42,0,31,1,62,,4102,42,0,31,1
