3101,'1',630,,6013,13,0,8 1 32,2,72,,6011,13,0,8 1 32,2,104,,6015,13,0,8 1 32,2,105,,6016,13,0,8 1 32,2,99,,6017,13,0,8 1 32,2,100,,6018,13,0,8 1 32,2,106,,6019,13,0,8 1 32,2,102,,6020,13,0,8 1 32,2,101,,6021,13,0,8 1 32,2,100,,6022,13,0,8 1 32,2,97,,6023,13,0,8 1 32,2,31,,6026,13,0,8 1 32,2,71,,6027,13,0,8 1 32,2,31,,6024,13,0,8 1 32,2,73,,6028,13,0,8 1 32,2,24,,6025,13,0,8 1 32,2,76,,6029,13,0,8 1 32,2,290,,6030,13,0,8,2
3701,'1',540,,6122,6,0,9,2,81,,6123,13,0,9,2,103,,6124,13,,,2,105,,6125,13,0,9,2,104,,6126,13,0,9,2,97,,6127,13,0,9,2,102,,6128,13,0,9,2,115,,6129,13,0,9,2,102,,6130,13,0,9,2,102,,6131,13,0,9,2,154,,6132,13,0,9,2,142,,6133,13,0,9,2,72,,6134,13,0,9,2,101,,6135,13,0,9,2,96,,6136,13,0,9,2,96,,6137,13,0,9,2,100,,6138,13,0,9,2,100,,6139,13,0,9,2,28,,6140,13,0,9,2
3701,'2',656,,6141,13,0,9,2,100,,6142,13,0,9,2,102,,6143,13,0,9,2,142,,6144,13,0,9,2,102,,6145,13,0,9,2,116,,6146,13,0,9,2,103,,6147,13,0,9,2,100,,6148,13,0,9,2,101,,6149,13,0,9,2,100,,6150,13,0,9,2,101,,6151,13,0,9,2,95,,6152,13,0,9,2,97,,6153,13,0,9,2,96,,6154,13,0,9,2,100,,6155,13,0,9,2,101,,6156,13,0,9,2,98,,6157,13,0,9,2,28,,6158,13,0,9,2
3701,'3',756,,6159,13,0,9,2,102,,6160,13,0,9,2,142,,6161,13,0,9,2,102,,6162,13,0,9,2,116,,6163,13,0,9,2,103,,6164,13,0,9,2,100,,6165,13,0,9,2,101,,6166,13,0,9,2,100,,6167,13,0,9,2,101,,6168,13,0,9,2,95,,6169,13,0,9,2,97,,6170,13,0,9,2
3701,'71',539,,4746,6,0,9,2,185,,4749,13,,,2,105,,4748,13,0,9,2,102,,4747,13,0,9,2,98,,4750,13,0,9,2,102,,4751,13,0,9,2,113,,4752,13,0,9,2,102,,4753,13,0,9,2,102,,4754,13,0,9,2,155,,4755,13,0,9,2,113,,4756,13,0,9,2,100,,4757,13,0,9,2,101,,4758,13,0,9,2,97,,4759,13,0,9,2,97,,4760,13,0,9,2,101,,4761,13,0,9,2,102,,4762,13,0,9,2,28,,4763,13,0,9,2
3701,'72',700,,4764,13,0,9,2,100,,4765,13,0,9,2,102,,4766,13,0,9,2,100,,4767,13,0,9,2,100,,4768,13,0,9,2,112,,4769,13,0,9,2,100,,4770,13,0,9,2,100,,4771,13,0,9,2,102,,4772,13,0,9,2,100,,4773,13,0,9,2,98,,4774,13,0,9,2,100,,4775,13,0,9,2,100,,4776,13,0,9,2,97,,4779,13,0,9,2,100,,4780,13,0,9,2,101,,4781,13,0,9,2,98,,4777,13,0,9,2,28,,4778,13,0,9,2
3701,'73',800,,4782,13,0,9,2,102,,4783,13,0,9,2,100,,4784,13,0,9,2,100,,4785,13,0,9,2,112,,4786,13,0,9,2,100,,4787,13,0,9,2,100,,4788,13,0,9,2,102,,4789,13,0,9,2,100,,4790,13,0,9,2,98,,4791,13,0,9,2,100,,4792,13,0,9,2,109,,4793,13,0,9,2
3901,'1',1638,,6219,21,0,9,2,87,,6217,21,0,9,2,87,,6218,21,0,9,2
3901,'71',1642,,4843,18,,,2,82,,4842,18,,,2,80,,4841,18,,,2
31101,'85',1528,,4946,22,,,2
38001,'1',620,,6314,14,,,2,31,,6315,14,,,2
38001,'71',628,,4963,19,,,2,22,,4964,19,,,2
38101,'85',1533,,4966,29,,,2
38501,'83',1656,,4968,23,,,2
5003700,'1',632,,6395,13,,,2,76,,6394,13,,,2
5003700,'71',610,,5046,13,,,2,24,,5047,13,,,2,74,,5048,13,,,2
5003701,'1',1733,,6396,35,,,2
5003701,'71',1629,,5050,35,,,2,106,,5049,35,,,2
5003701,'81',1848,,5051,35,,,2
2000003101,'2',738,,7720,13,0,8 1 32,2,101,,7721,13,0,8 1 32,2,101,,7722,13,0,8 1 32,2,101,,7723,13,0,8 1 32,2,101,,7724,13,0,8 1 32,2,101,,7725,13,0,8 1 32,2,215,,7726,13,0,8 1 32,2,101,,7727,13,0,8 1 32,2,141,,7728,13,0,8 1 32,2,56,,7729,13,0,8 1 32,2,90,,7730,13,0,8,2
2000003101,'3',839,,7732,13,0,8 1 32,2,101,,7733,13,0,8 1 32,2,101,,7734,13,0,8 1 32,2,101,,7735,13,0,8 1 32,2,101,,7736,13,0,8 1 32,2,215,,7737,13,0,8 1 32,2,101,,7738,13,0,8 1 32,2,141,,7739,13,0,8 1 32,2,56,,7740,13,0,8 1 32,2,90,,7741,13,0,8,2
