3400,'1',609,,6032,9,,,2,114,,6033,11,,,2,79,,6031,9,,,2,752,,6037,9,,,2,104,,6034,11,,,2,68,,6035,11,,,2,92,,6036,11,,,2
3400,'13',836,,6038,11,0,24 1 15,2
3400,'71',609,,4634,9,,,2,114,,4635,11,,,2,77,,4636,9,,,2,36,,4633,11,0,24 1 15,2,718,,4638,9,,,2,91,,4639,11,,,2,82,,4640,11,,,2,89,,4641,11,,,2
13100,'15',756,,6233,77,,,2
13100,'84',756,,4864,77,,,2
5003400,'1',632,,6388,9,,,2,22,,6387,9,,,2
5003400,'71',632,,5039,9,,,2,21,,5038,9,,,2
2000003400,'2',717,,7742,9,,,2,85,,7743,11,,,2,46,,7744,11,,,2,85,,7745,11,,,2,87,,7746,11,,,2,86,,7747,11,,,2,45,,7748,11,,,2,88,,7749,11,,,2,171,,7750,11,,,2,43,,7751,11,,,2,87,,7752,11,,,2,83,,7753,11,,,2,90,,7754,11,,,2,42,,7755,11,,,2,81,,7756,11,,,2
2000003400,'3',802,,7757,9,,,2,46,,7758,11,,,2,85,,7759,11,,,2,87,,7760,11,,,2,86,,7761,11,,,2,45,,7762,11,,,2,88,,7763,11,,,2,171,,7764,11,,,2,43,,7765,11,,,2,87,,7766,11,,,2,83,,7767,11,,,2,90,,7768,11,,,2,42,,7769,11,,,2,81,,7770,11,,,2
2000003400,'72',717,,5682,9,,,2,85,,5683,11,,,2,45,,5684,11,,,2,85,,5685,11,,,2,85,,5686,11,,,2,86,,5687,11,,,2,45,,5688,11,,,2,85,,5689,11,,,2,174,,5690,11,,,2,41,,5691,11,,,2,92,,5692,11,,,2,78,,5693,11,,,2,93,,5694,11,,,2,38,,5695,11,,,2,87,,5696,11,,,2
2000003400,'73',802,,5697,9,,,2,45,,5698,11,,,2,85,,5699,11,,,2,85,,5700,11,,,2,86,,5701,11,,,2,45,,5702,11,,,2,85,,5703,11,,,2,174,,5704,11,,,2,41,,5705,11,,,2,92,,5706,11,,,2,78,,5707,11,,,2,93,,5708,11,,,2,38,,5709,11,,,2,87,,5710,11,,,2
