3800,'1',803,,6171,29,,,2,103,,6172,29,,,2,99,,6173,29,,,2,102,,6174,29,,,2,115,,6175,29,,,2,102,,6176,29,,,2,102,,6177,29,,,2,106,,6178,29,,,2,119,,6179,29,,,2,72,,6180,29,,,2,134,,6181,29,,,2,96,,6182,29,,,2,96,,6183,29,,,2,100,,6184,29,,,2,98,,6185,29,,,2
3800,'2',731,,6186,29,,,2,101,,6187,29,,,2,103,,6188,29,,,2,101,,6189,29,,,2,102,,6190,29,,,2,116,,6191,29,,,2,102,,6192,29,,,2,101,,6193,29,,,2,100,,6194,29,,,2,102,,6195,29,,,2,99,,6196,29,,,2,94,,6197,29,,,2,96,,6198,29,,,2,100,,6199,29,,,2,97,,6200,29,,,2,101,,6201,29,,,2
3800,'3',832,,6202,29,,,2,103,,6203,29,,,2,101,,6204,29,,,2,102,,6205,29,,,2,116,,6206,29,,,2,102,,6207,29,,,2,101,,6208,29,,,2,100,,6209,29,,,2,102,,6210,29,,,2,99,,6211,29,,,2,94,,6212,29,,,2,96,,6213,29,,,2
3800,'71',801,,4794,29,,,2,105,,4795,29,,,2,98,,4796,29,,,2,102,,4797,29,,,2,113,,4798,29,,,2,102,,4799,29,,,2,102,,4800,29,,,2,109,,4801,36,,,2,115,,4802,29,,,2,95,,4803,29,,,2,112,,4804,29,,,2,97,,4805,29,,,2,96,,4806,29,,,2,101,,4807,29,,,2,99,,4808,29,,,2
3800,'72',735,,4809,29,,,2,100,,4810,29,,,2,102,,4811,29,,,2,100,,4812,29,,,2,101,,4813,29,,,2,111,,4814,29,,,2,100,,4815,29,,,2,102,,4816,29,,,2,100,,4817,29,,,2,100,,4818,29,,,2,98,,4819,29,,,2,100,,4820,29,,,2,98,,4822,29,,,2,99,,4823,29,,,2,99,,4824,29,,,2,100,,4821,29,,,2
3800,'73',835,,4825,29,,,2,102,,4826,29,,,2,100,,4827,29,,,2,101,,4828,29,,,2,111,,4829,29,,,2,100,,4830,29,,,2,102,,4831,29,,,2,100,,4832,29,,,2,100,,4833,29,,,2,98,,4834,29,,,2,100,,4835,29,,,2,107,,4836,29,,,2
38100,'15',714,,6316,17,,,2
38100,'84',714,,4965,17,,,2
38500,'12',805,,6317,3,,,2
38500,'82',805,,4967,3,,,2
5003801,'1',1717,,6398,56,,,2,89,,6397,56,,,2
5003801,'71',1716,,5053,56,,,2,89,,5052,56,,,2
