3701,'1',548,,6122,20,0,9,2,81,,6123,27,0,9,2,104,,6124,27,,,2,104,,6125,27,0,9,2,104,,6126,27,0,9,2,97,,6127,27,0,9,2,102,,6128,27,0,9,2,115,,6129,27,0,9,2,102,,6130,27,0,9,2,102,,6131,27,0,9,2,154,,6132,27,0,9,2,142,,6133,27,0,9,2,72,,6134,27,0,9,2,100,,6135,27,0,9,2,96,,6136,27,0,9,2,96,,6137,27,0,9,2,100,,6138,27,0,9,2,100,,6139,27,0,9,2,28,,6140,27,0,9,2
3701,'2',703,,6141,27,0,9,2,100,,6142,27,0,9,2,102,,6143,27,0,9,2,102,,6144,27,0,9,2,102,,6145,27,0,9,2,116,,6146,27,0,9,2,103,,6147,27,0,9,2,100,,6148,27,0,9,2,101,,6149,27,0,9,2,100,,6150,27,0,9,2,101,,6151,27,0,9,2,95,,6152,27,0,9,2,97,,6153,27,0,9,2,96,,6154,27,0,9,2,100,,6155,27,0,9,2,101,,6156,27,0,9,2,98,,6157,27,0,9,2,27,,6158,27,0,9,2
3701,'3',803,,6159,27,0,9,2,102,,6160,27,0,9,2,102,,6161,27,0,9,2,102,,6162,27,0,9,2,116,,6163,27,0,9,2,103,,6164,27,0,9,2,100,,6165,27,0,9,2,101,,6166,27,0,9,2,100,,6167,27,0,9,2,101,,6168,27,0,9,2,95,,6169,27,0,9,2,97,,6170,27,0,9,2
3701,'71',547,,4746,20,0,9,2,186,,4749,27,,,2,104,,4748,27,0,9,2,102,,4747,27,0,9,2,98,,4750,27,0,9,2,102,,4751,27,0,9,2,113,,4752,27,0,9,2,102,,4753,27,0,9,2,102,,4754,27,0,9,2,155,,4755,27,0,9,2,113,,4756,27,0,9,2,100,,4757,27,0,9,2,100,,4758,27,0,9,2,97,,4759,27,0,9,2,97,,4760,27,0,9,2,101,,4761,27,0,9,2,102,,4762,27,0,9,2,28,,4763,27,0,9,2
3701,'72',707,,4764,27,0,9,2,100,,4765,27,0,9,2,102,,4766,27,0,9,2,100,,4767,27,0,9,2,100,,4768,27,0,9,2,112,,4769,27,0,9,2,100,,4770,27,0,9,2,100,,4771,27,0,9,2,102,,4772,27,0,9,2,100,,4773,27,0,9,2,98,,4774,27,0,9,2,100,,4775,27,0,9,2,100,,4776,27,0,9,2,97,,4779,27,0,9,2,100,,4780,27,0,9,2,101,,4781,27,0,9,2,98,,4777,27,0,9,2,27,,4778,27,0,9,2
3701,'73',807,,4782,27,0,9,2,102,,4783,27,0,9,2,100,,4784,27,0,9,2,100,,4785,27,0,9,2,112,,4786,27,0,9,2,100,,4787,27,0,9,2,100,,4788,27,0,9,2,102,,4789,27,0,9,2,100,,4790,27,0,9,2,98,,4791,27,0,9,2,100,,4792,27,0,9,2,109,,4793,27,0,9,2
37500,'12',816,,6309,11,,,2
37500,'82',816,,4957,11,,,2
5003700,'1',641,,6395,31,,,2,76,,6394,31,,,2
5003700,'71',625,,5046,38,,,2,18,,5047,31,,,2,74,,5048,31,,,2
5003701,'1',1747,,6396,60,,,2
5003701,'71',1643,,5050,60,,,2,106,,5049,60,,,2
5003701,'81',1902,,5051,60,,,2
