1300,'1',630,,5808,18,,,2,85,,5806,18,,,2,44,,5807,18,,,2,793,,5809,18,,,2,148,,5811,18,,,2,14,,5810,18,,,2,32,,5813,18,,,2,72,,5812,18,,,2
1300,'16',842,,5815,18,,,2,3,,5814,13,,,2
1300,'71',631,,4398,18,,,2,70,,4400,18,,,2,20,,4399,18,,,2,83,,4401,18,,,2,41,,4397,18,,,2,710,,4402,18,,,2,98,,4405,18,,,2,54,,4403,18,,,2,40,,4406,18,,,2,66,,4404,18,,,2
1300,'87',848,,4407,13,,,2
1501,'1',1213,,5834,6,0,41,2,103,,5835,6,0,41,2,95,,5836,6,0,41,2,36,,5839,6,0,41,2,92,,5837,23,,,2,80,,5840,23,,,2,21,,5842,23,,,2,77,,5838,23,0,41,2,29,,5841,23,,,2,78,,5844,6,0,41,2,33,,5845,6,0,41,2,102,,5846,6,0,41,2,152,,5843,6,0,41,2,41,,5847,6,0,41,2
1501,'71',650,,4438,23,0,41,2,64,,4436,23,0,41,2,33,,4439,23,0,41,2,165,,4437,6,0,41,2,115,,4440,6,0,41,2,116,,4441,6,0,41,2,70,,4442,6,0,41,2,117,,4444,6,0,41,2,115,,4445,6,0,41,2,94,,4443,23,0,41,2,85,,4446,23,0,41,2,16,,4448,23,0,41,2,71,,4450,23,0,41,2,36,,4449,23,0,41,2,77,,4447,6,0,41,2,76,,4451,6,0,41,2,105,,4452,6,0,41,2,105,,4453,6,0,41,2,42,,4454,6,0,41,2
1501,'88',1642,,4455,8,0,41,2
1601,'1',650,,5859,23,,,2,64,,5861,23,,,2,31,,5860,23,,,2,174,,5858,23,0,41,2,95,,5862,6,0,41,2,99,,5863,6,0,41,2
13101,'85',1536,,4865,42,,,2
20000,'1',919,,6243,19,0,38,2,28,,6242,19,0,38,2,1189,,6244,7,0,38,2,218,,6245,7,0,38,2
20000,'2',1908,,6246,7,0,38,2,445,,6247,7,0,38,2
20000,'71',917,,4882,19,,,2,28,,4879,19,,,2,66,,4881,19,,,2,29,,4880,19,,,2,689,,4883,7,,,2,273,,4884,7,,,2,134,,4886,7,,,2,218,,4885,7,,,2
20000,'72',2351,,4887,7,,,2
21000,'1',1115,,6255,25,0,38,2,33,,6256,25,0,38,2,585,,6258,25,0,38,2,69,,6260,25,0,38,2,28,,6259,25,0,38,2,80,,6257,25,0,38,2,132,,6261,25,0,38,2
21000,'2',1250,,6262,25,0,38,2,71,,6263,25,0,38,2,31,,6264,25,0,38,2,71,,6265,25,0,38,2,496,,6266,25,0,38,2,93,,6267,25,0,38,2
21000,'3',1219,,6269,25,0,38,2,133,,6268,25,0,38,2,172,,6270,25,0,38,2,100,,6271,25,0,38,2
21000,'71',1118,,4899,23,,,2,36,,4900,23,,,2,246,,4902,23,,,2,39,,4901,23,,,2,277,,4903,23,,,2,18,,4907,23,,,2,68,,4905,23,,,2,27,,4904,23,,,2,81,,4906,23,,,2,132,,4908,23,,,2
35000,'13',910,,6306,6,0,38,2
35000,'71',910,,4951,6,,,2
38000,'1',1705,,6312,20,0,38,2,46,,6310,20,0,38,2,86,,6311,20,0,38,2
38000,'71',1708,,4961,20,,,2,42,,4960,20,,,2,79,,4959,20,,,2
1001101,'1',601,,6326,17,,,1,31,,6323,17,,,1,70,,6327,17,,,1,32,,6324,17,,,1,24,,6320,17,,,1,81,,6325,17,,,1,66,,6321,17,0,12 13,1,18,,6328,17,,,1,30,,6329,17,,,1,75,,6333,17,,,1,30,,6330,17,,,1,75,,6334,17,,,1,70,,6331,17,,,1,33,,6335,17,,,1,70,,6332,17,,,1,37,,6336,17,,,1,70,,6338,17,,,1,88,,6337,17,,,1,31,,6339,17,,,1,84,,6341,17,,,1,26,,6340,17,,,1,63,,6344,17,,,1,27,,6342,17,,,1,74,,6345,17,,,1,29,,6343,17,,,1,71,,6346,17,,,1,100,,6347,17,,,1,100,,6348,17,,,1,100,,6349,17,,,1,100,,6350,17,0,12 13,1
1001101,'2',803,,6352,17,,,1,101,,6353,17,,,1,101,,6354,17,,,1,100,,6355,17,,,1,98,,6359,17,,,1,100,,6360,17,,,1,102,,6358,17,,,1,100,,6356,17,,,1,99,,6357,17,,,1,100,,6361,17,,,1,100,,6362,17,,,1,100,,6363,17,,,1,100,,6364,17,,,1,100,,6365,17,,,1,100,,6366,17,,,1,100,,6367,17,0,12 13,1
1001101,'3',1005,,6369,17,,,1,100,,6372,17,,,1,98,,6373,17,,,1,100,,6370,17,,,1,102,,6371,17,,,1,100,,6374,17,,,1,99,,6375,17,,,1,100,,6376,17,,,1,100,,6377,17,,,1
1001101,'71',601,,4973,17,,,1,31,,4970,17,,,1,70,,4974,17,,,1,32,,4971,17,,,1,24,,4976,17,,,1,81,,4972,17,,,1,66,,4977,17,0,12 13,1,18,,4978,17,,,1,30,,4975,17,,,1,75,,4979,17,,,1,30,,4982,17,,,1,75,,4980,17,,,1,70,,4983,17,,,1,33,,4981,17,,,1,70,,4984,17,,,1,37,,4986,17,,,1,70,,4985,17,,,1,88,,4987,17,,,1,31,,4989,17,,,1,84,,4988,17,,,1,26,,4990,17,,,1,63,,4993,17,,,1,27,,4991,17,,,1,74,,4994,17,,,1,29,,4992,17,,,1,71,,4995,17,,,1,100,,4996,17,,,1,100,,4997,17,,,1,100,,4998,17,,,1,100,,4999,17,0,12 13,1
1001101,'72',803,,5000,17,,,1,101,,5001,17,,,1,101,,5002,17,,,1,100,,5004,17,,,1,98,,5005,17,,,1,100,,5006,17,,,1,102,,5007,17,,,1,100,,5008,17,,,1,99,,5009,17,,,1,100,,5010,17,,,1,100,,5011,17,,,1,100,,5012,17,,,1,100,,5013,17,,,1,100,,5014,17,,,1,100,,5015,17,,,1,100,,5016,17,0,12 13,1
1001101,'73',1005,,5018,17,,,1,100,,5019,17,,,1,98,,5020,17,,,1,100,,5021,17,,,1,102,,5022,17,,,1,100,,5023,17,,,1,99,,5024,17,,,1,100,,5025,17,,,1,100,,5026,17,,,1
1200000100,'1',654,,7141,75,,,1,72,,7142,75,,,1,22,,7143,75,,,1,69,,7146,75,0,16 1 17,1,29,,7144,75,,,1
1200000100,'71',652,,5061,75,,,1,71,,5062,75,,,1,22,,5063,75,,,1,69,,5066,75,0,16 1 17,1,29,,5064,75,,,1
2000001501,'2',802,,7688,6,,,2,101,,7689,6,,,2,100,,7690,6,,,2,102,,7691,6,,,2,101,,7692,6,,,2,101,,7693,6,,,2,201,,7694,6,,,2,101,,7695,6,,,2,103,,7696,6,,,2,97,,7697,6,,,2,93,,7698,6,,,2
2000001501,'3',903,,7699,6,,,2,100,,7700,6,,,2,102,,7701,6,,,2,101,,7702,6,,,2,101,,7703,6,,,2,201,,7704,6,,,2,101,,7705,6,,,2,103,,7706,6,,,2,97,,7707,6,,,2,93,,7708,6,,,2
2000001501,'72',755,,5628,6,,,2,102,,5629,6,,,2,143,,5630,6,,,2,108,,5631,6,,,2,94,,5632,6,,,2,108,,5633,6,,,2,142,,5634,6,,,2,99,,5635,6,,,2,103,,5636,6,,,2,99,,5637,6,,,2,98,,5638,6,,,2
2000001501,'73',857,,5639,6,,,2,143,,5640,6,,,2,108,,5641,6,,,2,94,,5642,6,,,2,108,,5643,6,,,2,142,,5644,6,,,2,99,,5645,6,,,2,103,,5646,6,,,2,99,,5647,6,,,2,98,,5648,6,,,2
