905231701,'27',2314,,6491,79,4,,2,29,,6494,79,4,,2,70,,6489,79,4,,2,30,,6492,79,4,,2,70,,6490,79,4,,2,30,,6493,79,4,,2,70,,6495,79,4,,2
905231701,'28',2314,,6498,79,4,,2,29,,6501,79,4,,2,70,,6496,79,4,,2,30,,6499,79,4,,2,70,,6497,79,4,,2,30,,6500,79,4,,2,70,,6502,79,4,,2
905231701,'29',2314,,6505,79,4,,2,29,,6508,79,4,,2,70,,6503,79,4,,2,30,,6506,79,4,,2,70,,6504,79,4,,2,30,,6507,79,4,,2,70,,6509,79,4,,2
1200000101,'1',1621,,7148,83,,,1,32,,7149,83,,,1,71,,7150,83,,,1,30,,7151,83,,,1
1200000101,'71',1617,,5070,83,,,1,32,,5071,83,,,1,71,,5069,83,,,1,30,,5072,83,,,1
1200000301,'1',623,,7508,32,,,1,28,,7513,32,,,1,77,,7506,45,,,1,20,,7510,45,,,1,75,,7516,45,,,1,29,,7511,45,,,1,65,,7519,45,,,1,25,,7507,45,,,1,69,,7517,45,,,1,27,,7515,45,,,1,73,,7520,45,,,1,33,,7521,45,,,1,70,,7523,45,,,1,34,,7525,45,,,1,72,,7527,45,,,1,28,,7522,45,,,1,70,,7524,45,,,1,28,,7526,45,,,1,71,,7528,45,,,1,36,,7529,45,,,1,60,,7532,42,,,1,23,,7530,42,,,1,18,,7535,42,,,1,59,,7534,42,,,1,11,,7539,42,,,1,13,,7537,42,,,1,14,,7538,42,,,1,56,,7541,42,,,1,14,,7533,42,,,1,12,,7536,42,,,1,15,,7531,42,,,1,68,,7540,42,,,1,24,,7544,45,,,1,64,,7542,45,,,1,31,,7543,45,,,1,70,,7545,45,,,1,29,,7546,45,,,1,73,,7549,45,,,1,31,,7547,32,,,1,70,,7550,32,,,1,28,,7548,32,,,1,70,,7551,32,,,1,39,,7552,32,,,1
1200000301,'2',803,,7553,45,,,1,30,,7556,45,,,1,71,,7559,45,,,1,32,,7562,45,,,1,71,,7554,45,,,1,32,,7557,45,,,1,71,,7560,45,,,1,31,,7563,45,,,1,71,,7555,45,,,1,31,,7558,45,,,1,71,,7561,45,,,1,31,,7564,45,,,1,71,,7565,45,,,1,30,,7568,45,,,1,70,,7574,45,,,1,30,,7571,45,,,1,70,,7566,45,,,1,31,,7569,45,,,1,71,,7575,45,,,1,27,,7572,45,,,1,68,,7567,45,,,1,28,,7570,45,,,1,67,,7576,45,,,1,27,,7573,45,,,1,75,,7577,32,,,1,100,,7578,32,,,1,96,,7579,32,,,1,98,,7580,32,,,1,38,,7581,32,,,1,102,,7582,32,,,1
1200000301,'27',2237,,7584,35,,,1,70,,7587,35,,,1,30,,7589,35,,,1,83,,7585,35,,,1,28,,7588,35,,,1,70,,7583,35,,,1,30,,7586,35,,,1
1200000301,'28',2237,,7591,35,,,1,70,,7594,35,,,1,30,,7596,35,,,1,83,,7592,35,,,1,28,,7595,35,,,1,70,,7590,35,,,1,30,,7593,35,,,1
1200000301,'29',2237,,7598,35,,,1,70,,7601,35,,,1,30,,7603,35,,,1,83,,7599,35,,,1,28,,7602,35,,,1,70,,7597,35,,,1,30,,7600,35,,,1
1200000301,'3',833,,7604,45,,,1,71,,7606,45,,,1,32,,7612,45,,,1,71,,7609,45,,,1,32,,7605,45,,,1,71,,7607,45,,,1,31,,7613,45,,,1,71,,7610,45,,,1,31,,7614,45,,,1,71,,7608,45,,,1,31,,7616,45,,,1,71,,7611,45,,,1,30,,7615,45,,,1,70,,7618,45,,,1,30,,7617,45,,,1,70,,7621,45,,,1,31,,7623,45,,,1,71,,7619,45,,,1,27,,7627,45,,,1,68,,7622,45,,,1,28,,7624,45,,,1,67,,7620,45,,,1,27,,7628,45,,,1,75,,7625,32,,,1,121,,7626,32,,,1
1200000301,'71',623,,5456,32,,,1,28,,5460,32,,,1,78,,5454,45,,,1,20,,5458,45,,,1,77,,5466,45,,,1,27,,5463,45,,,1,66,,5469,45,,,1,26,,5455,45,,,1,69,,5465,45,,,1,27,,5467,45,,,1,76,,5470,45,,,1,20,,5471,45,,,1,20,,5473,45,,,1,60,,5475,45,,,1,24,,5476,45,,,1,60,,5478,45,,,1,21,,5480,45,,,1,19,,5472,45,,,1,60,,5474,45,,,1,20,,5481,45,,,1,18,,5477,45,,,1,20,,5479,45,,,1,60,,5483,45,,,1,25,,5484,45,,,1,13,,5485,42,,,1,56,,5486,42,,,1,23,,5482,42,,,1,18,,5494,42,,,1,59,,5490,42,,,1,11,,5493,42,,,1,13,,5488,42,,,1,14,,5487,42,,,1,56,,5497,42,,,1,16,,5496,42,,,1,10,,5495,42,,,1,17,,5492,42,,,1,51,,5489,42,,,1,15,,5491,42,,,1,22,,5498,45,,,1,67,,5499,45,,,1,31,,5501,45,,,1,70,,5500,45,,,1,29,,5502,45,,,1,73,,5505,45,,,1,30,,5503,32,,,1,70,,5506,32,,,1,28,,5504,32,,,1,70,,5507,32,,,1,39,,5508,32,,,1
1200000301,'72',804,,5511,45,,,1,30,,5510,45,,,1,71,,5514,45,,,1,30,,5515,45,,,1,71,,5516,45,,,1,31,,5509,45,,,1,72,,5513,45,,,1,30,,5512,45,,,1,70,,5517,45,,,1,30,,5518,45,,,1,71,,5520,45,,,1,30,,5519,45,,,1,71,,5522,45,,,1,30,,5523,45,,,1,71,,5524,45,,,1,30,,5525,45,,,1,69,,5526,45,,,1,31,,5521,45,,,1,72,,5528,45,,,1,29,,5527,45,,,1,68,,5530,45,,,1,28,,5529,45,,,1,69,,5531,45,,,1,24,,5535,45,,,1,78,,5532,32,,,1,100,,5533,32,,,1,96,,5534,32,,,1,99,,5536,32,,,1,38,,5537,32,,,1,102,,5538,32,,,1
1200000301,'73',834,,5539,45,,,1,71,,5541,45,,,1,30,,5542,45,,,1,71,,5543,45,,,1,31,,5544,45,,,1,72,,5540,45,,,1,30,,5545,45,,,1,70,,5547,45,,,1,30,,5546,45,,,1,71,,5549,45,,,1,30,,5548,45,,,1,71,,5551,45,,,1,30,,5552,45,,,1,71,,5553,45,,,1,30,,5554,45,,,1,69,,5555,45,,,1,31,,5550,45,,,1,72,,5557,45,,,1,29,,5556,45,,,1,68,,5559,45,,,1,28,,5558,45,,,1,69,,5560,45,,,1,24,,5563,45,,,1,78,,5561,32,,,1,121,,5562,32,,,1
