2300,'1',551,,5924,6,,,2,194,,5919,6,,,2,79,,5927,6,,,2,76,,5904,6,,,2,36,,5906,6,,,2,70,,5905,6,,,2,30,,5907,6,,,2,70,,5908,6,,,2,30,,5909,6,,,2,77,,5912,6,,,2,30,,5910,6,,,2,70,,5913,6,,,2,30,,5911,6,,,2,71,,5914,6,,,2,33,,5915,6,,,2,72,,5917,6,,,2,118,,5918,6,,,2,77,,5916,6,,,2,24,,5925,6,,,2,73,,5920,6,,,2,30,,5926,6,,,2,73,,5921,6,,,2,102,,5922,6,,,2,95,,5923,6,,,2
2300,'2',629,,5930,6,,,2,100,,5931,6,,,2,101,,5932,6,,,2,102,,5933,6,,,2,102,,5934,6,,,2,102,,5935,6,,,2,101,,5936,6,,,2,108,,5937,6,,,2,100,,5938,6,,,2,100,,5939,6,,,2,101,,5940,6,,,2,88,,5941,6,,,2
2300,'3',729,,5942,6,,,2,101,,5943,6,,,2,102,,5944,6,,,2,102,,5945,6,,,2,102,,5946,6,,,2,101,,5947,6,,,2,108,,5948,6,,,2,100,,5949,6,,,2,100,,5950,6,,,2,101,,5951,6,,,2,88,,5952,6,,,2
2300,'71',551,,4520,6,,,2,189,,4525,6,,,2,84,,4529,6,0,14 1 15,2,33,,4507,6,,,2,76,,4510,6,,,2,70,,4508,6,,,2,31,,4511,6,,,2,70,,4509,6,,,2,30,,4512,6,,,2,78,,4515,6,,,2,30,,4513,6,,,2,70,,4516,6,,,2,30,,4514,6,,,2,72,,4517,6,,,2,33,,4518,6,,,2,70,,4528,6,,,2,116,,4530,6,,,2,75,,4519,6,,,2,28,,4526,6,,,2,73,,4521,6,,,2,30,,4527,6,,,2,75,,4522,6,,,2,100,,4523,6,,,2,97,,4524,6,,,2
2300,'72',631,,4531,6,,,2,101,,4532,6,,,2,101,,4533,6,,,2,101,,4534,6,,,2,101,,4535,6,,,2,100,,4536,6,,,2,101,,4537,6,,,2,108,,4538,6,,,2,100,,4539,6,,,2,100,,4540,6,,,2,100,,4541,6,,,2,102,,4542,6,,,2
2300,'73',732,,4543,6,,,2,101,,4544,6,,,2,101,,4545,6,,,2,101,,4546,6,,,2,100,,4547,6,,,2,101,,4548,6,,,2,108,,4549,6,,,2,100,,4550,6,,,2,100,,4551,6,,,2,100,,4552,6,,,2,102,,4553,6,,,2
2301,'1',1514,,5966,54,,,2,91,,5964,54,,,2,614,,5972,54,,,2
2301,'2',1228,,5985,54,,,2,600,,5991,54,,,2
2301,'3',1228,,5996,54,,,2,600,,6002,54,,,2
2301,'71',1209,,4558,54,,,2,305,,4576,54,,,2,42,,4567,54,,,2,663,,4574,54,,,2
2301,'72',1239,,4584,54,,,2,602,,4590,54,,,2
2301,'73',1239,,4595,54,,,2,602,,4601,54,,,2
23100,'15',707,,6293,18,,,2
23100,'84',707,,4931,18,,,2
23101,'85',1547,,4932,65,,,2
23500,'12',755,,6295,29,,,2
23500,'82',755,,4935,29,,,2
23501,'83',1712,,4936,51,,,2
5002300,'1',615,,6378,6,,,2,25,,6379,6,,,2,69,,6380,6,,,2
5002300,'71',615,,5028,6,,,2,25,,5027,6,,,2,69,,5029,6,,,2
5002301,'1',1742,,6381,64,,,2
5002301,'71',1742,,5030,64,,,2
