2300,'1',557,,5924,24,,,2,194,,5919,24,,,2,80,,5927,24,,,2,75,,5904,24,,,2,36,,5906,24,,,2,70,,5905,24,,,2,30,,5907,24,,,2,70,,5908,24,,,2,30,,5909,24,,,2
2300,'2',634,,5930,24,,,2,100,,5931,24,,,2,101,,5932,24,,,2,102,,5933,24,,,2,102,,5934,24,,,2,102,,5935,24,,,2,101,,5936,24,,,2
2300,'3',734,,5942,24,,,2,101,,5943,24,,,2,102,,5944,24,,,2,102,,5945,24,,,2,102,,5946,24,,,2,101,,5947,24,,,2
2300,'71',557,,4520,24,,,2,189,,4525,24,,,2,85,,4529,24,0,14 1 15,2,72,,4507,24,,,2,36,,4510,24,,,2,70,,4508,24,,,2,31,,4511,24,,,2,70,,4509,24,,,2,30,,4512,24,,,2
2300,'72',636,,4531,24,,,2,101,,4532,24,,,2,101,,4533,24,,,2,101,,4534,24,,,2,101,,4535,24,,,2,100,,4536,24,,,2,101,,4537,24,,,2
2300,'73',737,,4543,24,,,2,101,,4544,24,,,2,101,,4545,24,,,2,101,,4546,24,,,2,100,,4547,24,,,2,101,,4548,24,,,2
23100,'15',716,,6293,36,,,2
23100,'84',716,,4931,36,,,2
23500,'12',803,,6295,47,,,2
23500,'82',803,,4935,47,,,2
5002300,'1',623,,6378,24,,,2,25,,6379,24,,,2,69,,6380,24,,,2
5002300,'71',623,,5028,24,,,2,25,,5027,24,,,2,69,,5029,24,,,2
