3501,'1',549,,6049,20,,,2,94,,6050,22,,,2,82,,6051,22,,,2,98,,6052,22,,,2,84,,6053,22,,,2,39,,6054,22,,,2,85,,6055,22,,,2,85,,6056,22,,,2,86,,6057,22,,,2,45,,6058,22,,,2,85,,6059,22,,,2,85,,6060,22,,,2,85,,6061,22,,,2,98,,6062,22,,,2,44,,6064,22,,,2,82,,6065,22,,,2,82,,6066,22,,,2,44,,6067,22,,,2,74,,6063,22,,,2,79,,6068,22,,,2,26,,6069,22,,,2,71,,6070,22,,,2,27,,6071,22,,,2,78,,6072,22,,,2,30,,6073,22,,,2,68,,6074,22,,,2,25,,6075,22,,,2
3501,'2',710,,6076,22,,,2,30,,6077,22,,,2,70,,6078,22,,,2,30,,6079,22,,,2,69,,6080,22,,,2,33,,6081,22,,,2,86,,6082,22,,,2,85,,6083,22,,,2,87,,6084,22,,,2,47,,6085,22,,,2,89,,6086,22,,,2,85,,6088,22,,,2,86,,6089,22,,,2,45,,6090,22,,,2,85,,6091,22,,,2,84,,6092,22,,,2,83,,6087,22,,,2,42,,6093,22,,,2,78,,6094,22,,,2,85,,6095,22,,,2,30,,6096,22,,,2,68,,6097,22,,,2,28,,6098,22,,,2,70,,6099,22,,,2,30,,6100,22,,,2,68,,6101,22,,,2,25,,6102,22,,,2
3501,'3',840,,6103,22,,,2,69,,6104,22,,,2,33,,6105,22,,,2,86,,6106,22,,,2,85,,6107,22,,,2,87,,6108,22,,,2,47,,6109,22,,,2,89,,6110,22,,,2,85,,6111,22,,,2,86,,6112,22,,,2,45,,6114,22,,,2,85,,6115,22,,,2,84,,6116,22,,,2,83,,6117,22,,,2,42,,6118,22,,,2,78,,6119,22,,,2,85,,6113,22,,,2
3501,'71',552,,4652,20,,,2,96,,4653,22,,,2,70,,4654,22,,,2,110,,4658,22,,,2,80,,4655,22,,,2,40,,4656,22,,,2,97,,4659,22,,,2,102,,4660,22,,,2,98,,4657,22,,,2,101,,4662,22,,,2,102,,4661,22,,,2,153,,4663,22,,,2,33,,4664,22,,,2,76,,4665,22,,,2,34,,4666,22,,,2,104,,4667,22,,,2,90,,4670,22,,,2,92,,4671,22,,,2,98,,4672,22,,,2,108,,4668,22,,,2,93,,4669,22,,,2
3501,'72',703,,4673,22,,,2,100,,4674,22,,,2,101,,4675,22,,,2,100,,4676,22,,,2,100,,4677,22,,,2,101,,4678,22,,,2,106,,4679,22,,,2,102,,4680,22,,,2,101,,4681,22,,,2,100,,4682,22,,,2,92,,4683,22,,,2,97,,4684,22,,,2,56,,4685,22,,,2,150,,4686,22,,,2,98,,4687,22,,,2,98,,4688,22,,,2,98,,4689,22,,,2
3501,'73',904,,4690,22,,,2,100,,4691,22,,,2,100,,4692,22,,,2,101,,4693,22,,,2,106,,4694,22,,,2,102,,4695,22,,,2,101,,4696,22,,,2,100,,4697,22,,,2,92,,4698,22,,,2,97,,4699,22,,,2,56,,4700,22,,,2,143,,4701,22,,,2
35100,'15',716,,6307,19,,,2
35100,'84',716,,4953,19,,,2
35101,'85',1542,,4954,43,,,2
35500,'12',806,,6308,19,,,2
35500,'82',809,,4955,19,,,2
35501,'83',1655,,4956,53,,,2
5003601,'1',1651,,6393,22,,,2,64,,6392,22,,,2
