'1',20260615,1,20260616,1,20260617,1,20260618,1,20260619,1,20260622,1,20260623,1,20260625,1,20260626,1,20260629,1,20260630,1,20260702,1,20260703,1,20260706,1,20260707,1,20260708,1,20260709,1,20260710,1,20260713,1,20260714,1,20260715,1,20260716,1,20260717,1,20260720,1,20260721,1,20260722,1,20260723,1,20260724,1,20260727,1,20260728,1,20260729,1,20260730,1,20260731,1,20260803,1,20260804,1,20260805,1,20260806,1,20260807,1,20260810,1,20260811,1,20260812,1,20260813,1,20260814,1,20260817,1,20260818,1,20260819,1,20260820,1,20260821,1
'11',20260821,1
'12',20260615,1,20260616,1,20260617,1,20260618,1,20260619,1,20260622,1
'13',20260615,1,20260616,1,20260617,1,20260618,1,20260619,1,20260622,1
'14',20260615,1,20260616,1,20260617,1,20260618,1,20260619,1,20260622,1
'15',20260615,1,20260616,1,20260617,1,20260618,1,20260619,1,20260622,1
'16',20260615,1,20260616,1,20260617,1,20260618,1,20260619,1,20260622,1
'2',20260620,1,20260627,1,20260704,1,20260711,1,20260718,1,20260725,1,20260801,1,20260808,1,20260815,1,20260822,1
'20',20260625,1,20260626,1
'21',20260626,1
'22',20260627,1
'23',20260628,1
'24',20260729,1,20260730,1,20260731,1
'25',20260801,1
'26',20260802,1
'27',20260709,1,20260710,1,20260713,1,20260714,1,20260715,1,20260716,1,20260717,1
'28',20260711,1,20260718,1
'29',20260712,1,20260719,1
'3',20260621,1,20260624,1,20260628,1,20260701,1,20260705,1,20260712,1,20260719,1,20260726,1,20260802,1,20260809,1,20260816,1,20260823,1
'30',20260804,1,20260806,1,20260811,1,20260813,1,20260818,1,20260820,1
'31',20260815,1,20260822,1
'32',20260606,1,20260725,1
'33',20260726,1
'71',20260511,1,20260512,1,20260513,1,20260514,1,20260515,1,20260518,1,20260519,1,20260520,1,20260521,1,20260522,1,20260525,1,20260526,1,20260527,1,20260528,1,20260529,1,20260601,1,20260602,1,20260603,1,20260604,1,20260605,1,20260608,1,20260609,1,20260610,1,20260611,1,20260612,1
'72',20260516,1,20260523,1,20260530,1,20260606,1,20260613,1
'73',20260517,1,20260524,1,20260531,1,20260607,1,20260614,1
'81',20260511,1,20260512,1,20260513,1,20260514,1,20260515,1,20260519,1,20260520,1,20260521,1,20260522,1
'82',20260511,1,20260512,1,20260513,1,20260514,1,20260515,1,20260519,1,20260520,1,20260521,1,20260522,1,20260525,1,20260526,1,20260527,1,20260528,1,20260529,1,20260601,1,20260602,1,20260603,1,20260604,1,20260605,1,20260608,1,20260609,1,20260610,1,20260611,1,20260612,1
'83',20260511,1,20260512,1,20260513,1,20260514,1,20260515,1,20260519,1,20260520,1,20260521,1,20260522,1,20260525,1,20260526,1,20260527,1,20260528,1,20260529,1,20260601,1,20260602,1,20260603,1,20260604,1,20260605,1,20260608,1,20260609,1,20260610,1,20260611,1,20260612,1
'84',20260511,1,20260512,1,20260513,1,20260514,1,20260519,1,20260520,1,20260521,1,20260522,1,20260525,1,20260526,1,20260527,1,20260528,1,20260529,1,20260601,1,20260602,1,20260603,1,20260604,1,20260605,1,20260608,1,20260609,1,20260610,1,20260611,1,20260612,1
'85',20260511,1,20260512,1,20260513,1,20260514,1,20260519,1,20260520,1,20260521,1,20260522,1,20260525,1,20260526,1,20260527,1,20260528,1,20260529,1,20260601,1,20260602,1,20260603,1,20260604,1,20260605,1,20260608,1,20260609,1,20260610,1,20260611,1,20260612,1
'86',20260511,1,20260512,1,20260513,1,20260514,1,20260519,1,20260520,1,20260521,1,20260522,1,20260525,1,20260526,1,20260527,1,20260528,1,20260529,1,20260601,1,20260602,1,20260603,1,20260604,1,20260605,1,20260608,1,20260609,1,20260610,1,20260611,1,20260612,1
'87',20260511,1,20260512,1,20260513,1,20260514,1,20260519,1,20260520,1,20260521,1,20260522,1,20260525,1,20260526,1,20260527,1,20260528,1,20260529,1,20260601,1,20260602,1,20260603,1,20260604,1,20260605,1,20260608,1,20260609,1,20260610,1,20260611,1,20260612,1
'88',20260511,1,20260512,1,20260513,1,20260514,1,20260519,1,20260520,1,20260521,1,20260522,1,20260525,1,20260526,1,20260527,1,20260528,1,20260529,1,20260601,1,20260602,1,20260603,1,20260604,1,20260605,1,20260608,1,20260609,1,20260610,1,20260611,1,20260612,1
'89',20260612,1
