2201,'71',635,,4480,23,,,2,68,,4494,23,0,23,2,30,,4481,23,0,23,2,25,,4496,23,,,2,68,,4498,23,,,2,26,,4495,23,,,2,66,,4497,23,,,2,82,,4482,23,,,2,37,,4484,23,,,2,72,,4483,23,,,2,30,,4485,23,,,2,70,,4489,23,,,2,31,,4486,23,,,2,70,,4490,23,,,2,30,,4487,23,,,2,70,,4499,23,,,2,30,,4488,23,,,2,76,,4491,23,,,2,25,,4493,23,,,2,15,,4500,23,,,2,91,,4501,27,,,2,71,,4502,23,,,2,34,,4492,23,,,2,72,,4503,23,,,2,25,,4505,23,,,2,64,,4504,23,,,2
2201,'88',1647,,4506,27,,,2
2300,'71',607,,4520,43,,,2,150,,4525,43,,,2,85,,4529,43,0,14 1 15,2,71,,4507,43,,,2,36,,4510,43,,,2,70,,4508,43,,,2,31,,4511,43,,,2,70,,4509,43,,,2,30,,4512,43,,,2
2300,'72',646,,4531,43,,,2,101,,4532,43,,,2,101,,4533,43,,,2,101,,4534,43,,,2,101,,4535,43,,,2,100,,4536,43,,,2,101,,4537,43,,,2
2300,'73',747,,4543,43,,,2,101,,4544,43,,,2,101,,4545,43,,,2,101,,4546,43,,,2,100,,4547,43,,,2,101,,4548,43,,,2
2300,'87',841,,4554,7,0,14 1 15,2
22200,'84',717,,4925,10,,,2
22201,'85',1536,,4926,38,4,,2
23500,'82',813,,4935,66,,,2
5002300,'71',634,,5028,43,,,2,66,,5027,43,,,2,29,,5029,43,,,2
