'21',5002300,71650,4,'',2,3350,4,'',2
'21',5002400,71650,4,'',2,3350,4,'',2
'1',5003400,72000,4,'',2
'21',5003400,72000,4,'',2
'71',5003400,72000,4,'',2
'1',5003600,71950,4,'',2,3050,4,'',2
'21',5003600,71950,4,'',2,3050,4,'',2
'71',5003600,71950,4,'',2,3050,4,'',2
'1',5003700,71950,4,'',2,3550,4,'',2
'21',5003700,71950,4,'',2,3550,4,'',2
'71',5003700,70100,4,'',2,1850,4,'',2,3550,4,'',2
'1',1200000200,61850,4,'',1,1500,4,'',1,1700,4,'',1,5800,4,'',1,1850,4,'',1,1900,4,'',1,5700,4,'',1,1450,4,'',1,1300,4,'',1,1200,4,'',1,1300,4,'',1,5500,4,'',1,1800,4,'',1,1500,4,'',1,7200,4,'',1,2900,4,'',1,7000,4,'',1,3100,4,'',1,7000,4,'',1,3000,4,'',1,7000,4,'',1,2900,4,'',1,7000,4,'',1,2650,4,'',1,6500,4,'',1,3000,4,'',1,1500,4,'',1,5500,4,'',1,1500,4,'',1,1500,4,'',1,1500,4,'',1,5600,4,'',1,1350,4,'',1,1300,4,'',1,1400,4,'',1,5400,4,'',1,1700,4,'',1,3400,4,'',1,6500,4,'',1,2300,4,'',1,7000,4,'',1,3000,4,'',1,7000,4,'',1,2900,4,'',1,6900,4,'',1,3000,4,'',1,7000,4,'',1,3000,4,'',1
'2',1200000200,74050,4,'',1,7000,4,'',1,3000,4,'',1,7100,4,'',1,3000,4,'',1,7100,4,'',1,3000,4,'',1,7000,4,'',1,3000,4,'',1,7000,4,'',1,3000,4,'',1,7100,4,'',1,3100,4,'',1,7000,4,'',1,3100,4,'',1,7000,4,'',1,2900,4,'',1,7000,4,'',1,2900,4,'',1,6900,4,'',1,3000,4,'',1,6800,4,'',1,3000,4,'',1,7000,4,'',1,2900,4,'',1,7000,4,'',1,3000,4,'',1,7000,4,'',1,3000,4,'',1,6900,4,'',1,3000,4,'',1,7000,4,'',1,3000,4,'',1
'21',1200000200,61850,4,'',1,1500,4,'',1,1700,4,'',1,5800,4,'',1,1850,4,'',1,1900,4,'',1,5700,4,'',1,1450,4,'',1,1300,4,'',1,1200,4,'',1,1300,4,'',1,5500,4,'',1,1800,4,'',1,1500,4,'',1,7200,4,'',1,2900,4,'',1,7000,4,'',1,3100,4,'',1,7000,4,'',1,3000,4,'',1,7000,4,'',1,2900,4,'',1,7000,4,'',1,2650,4,'',1,6500,4,'',1,3000,4,'',1,1500,4,'',1,5500,4,'',1,1500,4,'',1,1500,4,'',1,1500,4,'',1,5600,4,'',1,1350,4,'',1,1300,4,'',1,1400,4,'',1,5400,4,'',1,1700,4,'',1,3400,4,'',1,6500,4,'',1,2300,4,'',1,7000,4,'',1,3000,4,'',1,7000,4,'',1,2900,4,'',1,6900,4,'',1,3000,4,'',1,7000,4,'',1,3000,4,'',1
'22',1200000200,74050,4,'',1,7000,4,'',1,3000,4,'',1,7100,4,'',1,3000,4,'',1,7100,4,'',1,3000,4,'',1,7000,4,'',1,3000,4,'',1,7000,4,'',1,3000,4,'',1,7100,4,'',1,3100,4,'',1,7000,4,'',1,3100,4,'',1,7000,4,'',1,2900,4,'',1,7000,4,'',1,2900,4,'',1,6900,4,'',1,3000,4,'',1,6800,4,'',1,3000,4,'',1,7000,4,'',1,2900,4,'',1,7000,4,'',1,3000,4,'',1,7000,4,'',1,3000,4,'',1,6900,4,'',1,3000,4,'',1,7000,4,'',1,3000,4,'',1
'23',1200000200,74050,4,'',1,7000,4,'',1,3000,4,'',1,7100,4,'',1,3000,4,'',1,7100,4,'',1,3000,4,'',1,7000,4,'',1,3000,4,'',1,7000,4,'',1,3000,4,'',1,7100,4,'',1,3100,4,'',1,7000,4,'',1,3100,4,'',1,7000,4,'',1,2900,4,'',1,7000,4,'',1,2900,4,'',1,6900,4,'',1,3000,4,'',1,6800,4,'',1,3000,4,'',1,7000,4,'',1,2900,4,'',1,7000,4,'',1,3000,4,'',1
'3',1200000200,74050,4,'',1,7000,4,'',1,3000,4,'',1,7100,4,'',1,3000,4,'',1,7100,4,'',1,3000,4,'',1,7000,4,'',1,3000,4,'',1,7000,4,'',1,3000,4,'',1,7100,4,'',1,3100,4,'',1,7000,4,'',1,3100,4,'',1,7000,4,'',1,2900,4,'',1,7000,4,'',1,2900,4,'',1,6900,4,'',1,3000,4,'',1,6800,4,'',1,3000,4,'',1,7000,4,'',1,2900,4,'',1,7000,4,'',1,3000,4,'',1
'71',1200000200,61850,4,'',1,1500,4,'',1,1700,4,'',1,5800,4,'',1,1850,4,'',1,1900,4,'',1,5700,4,'',1,1450,4,'',1,1300,4,'',1,1200,4,'',1,1300,4,'',1,5500,4,'',1,1800,4,'',1,1500,4,'',1,1500,4,'',1,5700,4,'',1,1500,4,'',1,1400,4,'',1,1500,4,'',1,5500,4,'',1,1500,4,'',1,1600,4,'',1,5500,4,'',1,1500,4,'',1,1500,4,'',1,1500,4,'',1,5500,4,'',1,1500,4,'',1,1400,4,'',1,1500,4,'',1,1500,4,'',1,5500,4,'',1,1650,4,'',1,2000,4,'',1,5500,4,'',1,1500,4,'',1,1500,4,'',1,1500,4,'',1,5500,4,'',1,1500,4,'',1,1500,4,'',1,1500,4,'',1,5000,4,'',1,600,4,'',1,1350,4,'',1,1300,4,'',1,1400,4,'',1,5400,4,'',1,1700,4,'',1,1700,4,'',1,1700,4,'',1,6500,4,'',1,2300,4,'',1,7000,4,'',1,3000,4,'',1,7000,4,'',1,2900,4,'',1,6900,4,'',1,3000,4,'',1,7000,4,'',1,3000,4,'',1
'72',1200000200,74050,4,'',1,7000,4,'',1,3000,4,'',1,7100,4,'',1,3000,4,'',1,7100,4,'',1,3000,4,'',1,7000,4,'',1,3000,4,'',1,7000,4,'',1,3000,4,'',1,7100,4,'',1,3100,4,'',1,7000,4,'',1,3100,4,'',1,7000,4,'',1,2900,4,'',1,7000,4,'',1,2900,4,'',1,6900,4,'',1,3000,4,'',1,6800,4,'',1,3000,4,'',1,7000,4,'',1,2900,4,'',1,7000,4,'',1,3000,4,'',1,7000,4,'',1,3000,4,'',1,6900,4,'',1,3000,4,'',1,7000,4,'',1,3000,4,'',1
'73',1200000200,74050,4,'',1,7000,4,'',1,3000,4,'',1,7100,4,'',1,3000,4,'',1,7100,4,'',1,3000,4,'',1,7000,4,'',1,3000,4,'',1,7000,4,'',1,3000,4,'',1,7100,4,'',1,3100,4,'',1,7000,4,'',1,3100,4,'',1,7000,4,'',1,2900,4,'',1,7000,4,'',1,2900,4,'',1,6900,4,'',1,3000,4,'',1,6800,4,'',1,3000,4,'',1,7000,4,'',1,2900,4,'',1,7000,4,'',1,3000,4,'',1
'1',1200000300,62750,4,'',1,1700,4,'',1,5600,4,'',1,1100,4,'',1,1100,4,'',1,1650,4,'',1,1600,4,'',1,5500,4,'',1,1450,4,'',1,1300,4,'',1,1800,4,'',1,5400,4,'',1,2500,4,'',1,6600,4,'',1,3000,4,'',1,2900,4,'',1,7100,4,'',1,7300,4,'',1,3000,4,'',1,7000,4,'',1,3300,4,'',1,7000,4,'',1,3050,4,'',1,8200,4,'',1,3000,4,'',1,6800,4,'',1,3000,4,'',1,7150,4,'',1,2900,4,'',1,7100,4,'',1,2200,4,'',1,6900,4,'',1,2300,4,'',1,7000,4,'',1,3100,4,'',1,7100,4,'',1
'2',1200000300,65750,4,'',1,7000,4,'',1,3000,4,'',1,7000,4,'',1,3100,4,'',1,7000,4,'',1,3000,4,'',1,7000,4,'',1,3100,4,'',1,7000,4,'',1,7100,4,'',1,3000,4,'',1,2900,4,'',1,7100,4,'',1,7100,4,'',1,3100,4,'',1,7000,4,'',1,2900,4,'',1,7000,4,'',1,3000,4,'',1,2800,4,'',1,6900,4,'',1,3000,4,'',1,6900,4,'',1
'21',1200000300,62750,4,'',1,1700,4,'',1,5600,4,'',1,1100,4,'',1,1100,4,'',1,1650,4,'',1,1600,4,'',1,5500,4,'',1,1450,4,'',1,1300,4,'',1,1800,4,'',1,5400,4,'',1,2500,4,'',1,6600,4,'',1,3000,4,'',1,2900,4,'',1,7100,4,'',1,7300,4,'',1,3000,4,'',1,7000,4,'',1,3300,4,'',1,7000,4,'',1,3050,4,'',1,8200,4,'',1,3000,4,'',1,6800,4,'',1,3000,4,'',1,7150,4,'',1,2900,4,'',1,7100,4,'',1,2200,4,'',1,6900,4,'',1,2300,4,'',1,7000,4,'',1,3100,4,'',1,7100,4,'',1
'22',1200000300,65750,4,'',1,7000,4,'',1,3000,4,'',1,7000,4,'',1,3100,4,'',1,7000,4,'',1,3000,4,'',1,7000,4,'',1,3100,4,'',1,7000,4,'',1,7100,4,'',1,3000,4,'',1,2900,4,'',1,7100,4,'',1,7100,4,'',1,3100,4,'',1,7000,4,'',1,2900,4,'',1,7000,4,'',1,3000,4,'',1,2800,4,'',1,6900,4,'',1,3000,4,'',1,6900,4,'',1
'23',1200000300,72750,4,'',1,3000,4,'',1,7000,4,'',1,3100,4,'',1,7000,4,'',1,3000,4,'',1,7000,4,'',1,3100,4,'',1,7000,4,'',1,7100,4,'',1,3000,4,'',1,2900,4,'',1,7100,4,'',1,7100,4,'',1,3100,4,'',1,7000,4,'',1,2900,4,'',1,7000,4,'',1,3000,4,'',1,2800,4,'',1,6900,4,'',1,3000,4,'',1,6900,4,'',1
'3',1200000300,72750,4,'',1,3000,4,'',1,7000,4,'',1,3100,4,'',1,7000,4,'',1,3000,4,'',1,7000,4,'',1,3100,4,'',1,7000,4,'',1,7100,4,'',1,3000,4,'',1,2900,4,'',1,7100,4,'',1,7100,4,'',1,3100,4,'',1,7000,4,'',1,2900,4,'',1,7000,4,'',1,3000,4,'',1,2800,4,'',1,6900,4,'',1,3000,4,'',1,6900,4,'',1
'71',1200000300,62750,4,'',1,1700,4,'',1,5600,4,'',1,1100,4,'',1,1100,4,'',1,1650,4,'',1,1600,4,'',1,5500,4,'',1,1250,4,'',1,1400,4,'',1,1900,4,'',1,5400,4,'',1,2500,4,'',1,7200,4,'',1,3000,4,'',1,7100,4,'',1,3000,4,'',1,7000,4,'',1,3000,4,'',1,7000,4,'',1,3000,4,'',1,7100,4,'',1,3050,4,'',1,1300,4,'',1,6700,4,'',1,2700,4,'',1,7100,4,'',1,3000,4,'',1,6750,4,'',1,2900,4,'',1,7000,4,'',1,2900,4,'',1,6700,4,'',1,2900,4,'',1,7000,4,'',1,3000,4,'',1,7000,4,'',1
'72',1200000300,65750,4,'',1,7000,4,'',1,3000,4,'',1,7000,4,'',1,3100,4,'',1,7000,4,'',1,3000,4,'',1,7000,4,'',1,3100,4,'',1,7000,4,'',1,7100,4,'',1,3000,4,'',1,2900,4,'',1,7100,4,'',1,7100,4,'',1,3100,4,'',1,7000,4,'',1,2900,4,'',1,7000,4,'',1,3000,4,'',1,2800,4,'',1,6900,4,'',1,3000,4,'',1,6900,4,'',1
'73',1200000300,72750,4,'',1,3000,4,'',1,7000,4,'',1,3100,4,'',1,7000,4,'',1,3000,4,'',1,7000,4,'',1,3100,4,'',1,7000,4,'',1,7100,4,'',1,3000,4,'',1,2900,4,'',1,7100,4,'',1,7100,4,'',1,3100,4,'',1,7000,4,'',1,2900,4,'',1,7000,4,'',1,3000,4,'',1,2800,4,'',1,6900,4,'',1,3000,4,'',1,6900,4,'',1
