2300,'1',600,,5924,31,,,2,154,,5919,31,,,2,80,,5927,31,,,2,75,,5904,31,,,2,36,,5906,31,,,2,70,,5905,31,,,2,30,,5907,31,,,2,70,,5908,31,,,2,30,,5909,31,,,2
2300,'2',637,,5930,31,,,2,100,,5931,31,,,2,101,,5932,31,,,2,102,,5933,31,,,2,102,,5934,31,,,2,102,,5935,31,,,2,101,,5936,31,,,2
2300,'3',737,,5942,31,,,2,101,,5943,31,,,2,102,,5944,31,,,2,102,,5945,31,,,2,102,,5946,31,,,2,101,,5947,31,,,2
2300,'71',600,,4520,31,,,2,149,,4525,31,,,2,85,,4529,31,0,14 1 15,2,72,,4507,31,,,2,36,,4510,31,,,2,70,,4508,31,,,2,31,,4511,31,,,2,70,,4509,31,,,2,30,,4512,31,,,2
2300,'72',639,,4531,31,,,2,101,,4532,31,,,2,101,,4533,31,,,2,101,,4534,31,,,2,101,,4535,31,,,2,100,,4536,31,,,2,101,,4537,31,,,2
2300,'73',740,,4543,31,,,2,101,,4544,31,,,2,101,,4545,31,,,2,101,,4546,31,,,2,100,,4547,31,,,2,101,,4548,31,,,2
23100,'15',719,,6293,43,,,2
23100,'84',719,,4931,43,,,2
23500,'12',806,,6295,54,,,2
23500,'82',806,,4935,54,,,2
5002300,'1',626,,6378,31,,,2,26,,6379,31,,,2,69,,6380,31,,,2
5002300,'71',626,,5028,31,,,2,26,,5027,31,,,2,69,,5029,31,,,2
