2301,'1',1205,,5958,37,,,2,31,,5959,37,,,2,70,,5961,37,,,2,30,,5960,37,,,2,70,,5962,37,,,2,31,,5963,37,,,2,71,,5966,37,,,2,51,,5964,37,,,2,68,,5967,37,,,2,76,,5965,37,,,2,101,,5968,37,,,2,26,,5975,37,,,2,77,,5969,37,,,2,102,,5970,37,,,2,50,,5971,37,,,2,154,,5972,37,,,2
2301,'2',1222,,5985,37,,,2,101,,5986,37,,,2,101,,5987,37,,,2,100,,5988,37,,,2,100,,5989,37,,,2,101,,5990,37,,,2,97,,5991,37,,,2
2301,'3',1222,,5996,37,,,2,101,,5997,37,,,2,101,,5998,37,,,2,100,,5999,37,,,2,100,,6000,37,,,2,101,,6001,37,,,2,97,,6002,37,,,2
2301,'71',1203,,4558,37,,,2,30,,4562,37,,,2,71,,4564,37,,,2,30,,4563,37,,,2,70,,4565,37,,,2,30,,4566,37,,,2,74,,4576,37,,,2,42,,4567,37,,,2,108,,4568,41,,,2,143,,4570,37,,,2,31,,4575,37,,,2,75,,4571,37,,,2,100,,4572,37,,,2,52,,4573,37,,,2,154,,4574,37,,,2
2301,'72',1233,,4584,37,,,2,102,,4585,37,,,2,101,,4586,37,,,2,101,,4587,37,,,2,100,,4588,37,,,2,102,,4589,37,,,2,96,,4590,37,,,2
2301,'73',1233,,4595,37,,,2,102,,4596,37,,,2,101,,4597,37,,,2,101,,4598,37,,,2,100,,4599,37,,,2,102,,4600,37,,,2,96,,4601,37,,,2
23101,'85',1537,,4932,48,,,2
23501,'83',1705,,4936,34,,,2
5002301,'1',1712,,6382,47,,,2,24,,6381,47,,,2
5002301,'71',1626,,5032,47,,,2,86,,5031,47,,,2,24,,5030,47,,,2
