11100,'15',727,,6226,41,,,2
11100,'86',727,,4850,41,,,2
1200000201,'1',549,,7270,14,,,1,60,,7272,14,,,1,17,,7274,14,,,1,19,,7262,44,,,1,62,,7279,14,,,1,18,,7265,56,,,1,17,,7264,56,,,1,61,,7269,56,,,1,20,,7271,56,,,1,19,,7273,56,,,1,60,,7276,56,,,1,15,,7277,56,,,1,16,,7263,56,,,1,12,,7280,56,,,1,14,,7268,56,,,1,51,,7266,56,,,1,12,,7275,56,,,1,12,,7281,56,,,1,14,,7278,56,,,1,57,,7282,56,,,1,31,,7284,56,,,1,69,,7286,56,,,1,30,,7267,56,,,1,73,,7287,56,,,1,29,,7283,56,,,1,70,,7285,56,,,1,31,,7289,56,,,1,72,,7290,56,,,1,30,,7288,56,,,1,82,,7292,56,,,1,26,,7294,56,,,1,56,,7297,56,,,1,16,,7295,56,,,1,17,,7296,56,,,1,11,,7293,56,,,1,10,,7298,56,,,1,52,,7299,56,,,1,14,,7301,56,,,1,13,,7291,56,,,1,9,,7304,56,,,1,13,,7305,56,,,1,53,,7308,56,,,1,12,,7309,56,,,1,13,,7303,56,,,1,64,,7302,56,,,1,26,,7300,56,,,1,19,,7310,56,,,1,68,,7311,56,,,1,32,,7306,56,,,1,75,,7313,56,,,1,26,,7315,56,,,1,71,,7312,56,,,1,26,,7307,56,,,1,71,,7314,56,,,1,86,,7316,56,,,1
1200000201,'14',1722,,7317,50,,,1
1200000201,'2',647,,7323,14,,,1,68,,7321,44,,,1,39,,7318,56,,,1,70,,7326,56,,,1,31,,7324,56,,,1,72,,7322,56,,,1,32,,7328,56,,,1,71,,7319,56,,,1,71,,7327,56,,,1,32,,7325,56,,,1,72,,7330,56,,,1,31,,7329,56,,,1,71,,7320,56,,,1,32,,7332,56,,,1,71,,7334,56,,,1,30,,7331,56,,,1,70,,7336,56,,,1,31,,7337,56,,,1,70,,7333,56,,,1,30,,7335,56,,,1,71,,7339,56,,,1,31,,7341,56,,,1,67,,7338,56,,,1,25,,7343,56,,,1,68,,7344,56,,,1,25,,7340,56,,,1,25,,7342,56,,,1,67,,7348,56,,,1,29,,7347,56,,,1,71,,7345,56,,,1,27,,7349,56,,,1,68,,7351,56,,,1,29,,7350,56,,,1,70,,7353,56,,,1,29,,7346,56,,,1,68,,7352,56,,,1,89,,7354,56,,,1
1200000201,'27',2259,,7355,49,,,1,70,,7358,49,,,1,28,,7356,49,,,1,83,,7359,49,,,1,68,,7361,49,,,1,30,,7357,49,,,1,70,,7360,49,,,1
1200000201,'28',2258,,7362,49,,,1,70,,7365,49,,,1,29,,7363,49,,,1,82,,7366,49,,,1,68,,7368,49,,,1,30,,7364,49,,,1,70,,7367,49,,,1
1200000201,'29',2258,,7369,49,,,1,70,,7372,49,,,1,29,,7370,49,,,1,82,,7373,49,,,1,68,,7375,49,,,1,30,,7371,49,,,1,70,,7374,49,,,1
1200000201,'3',647,,7376,14,,,1,68,,7378,14,,,1,32,,7380,14,,,1,70,,7382,14,,,1,38,,7377,56,,,1,72,,7379,56,,,1,32,,7381,56,,,1,70,,7383,56,,,1,72,,7384,56,,,1,32,,7388,56,,,1,72,,7386,56,,,1,31,,7390,56,,,1,71,,7387,56,,,1,32,,7385,56,,,1,71,,7389,56,,,1,30,,7392,56,,,1,70,,7391,56,,,1,31,,7393,56,,,1,70,,7395,56,,,1,30,,7397,56,,,1,71,,7400,56,,,1,31,,7402,56,,,1,67,,7394,56,,,1,25,,7396,56,,,1,68,,7398,56,,,1,25,,7401,56,,,1,25,,7403,56,,,1,67,,7405,56,,,1,29,,7404,56,,,1,71,,7399,56,,,1,27,,7406,56,,,1
1200000201,'71',549,,5210,14,,,1,60,,5212,14,,,1,17,,5215,14,,,1,19,,5201,44,,,1,62,,5220,14,,,1,13,,5205,56,,,1,18,,5204,56,,,1,21,,5208,56,,,1,49,,5214,56,,,1,14,,5203,56,,,1,13,,5213,56,,,1,19,,5207,56,,,1,57,,5218,56,,,1,15,,5202,56,,,1,14,,5221,56,,,1,13,,5206,56,,,1,52,,5223,56,,,1,12,,5216,56,,,1,12,,5224,56,,,1,15,,5209,56,,,1,12,,5225,56,,,1,57,,5217,56,,,1,19,,5219,56,,,1,14,,5226,56,,,1,55,,5222,56,,,1,15,,5228,56,,,1,15,,5229,56,,,1,15,,5230,56,,,1,58,,5232,56,,,1,15,,5233,56,,,1,15,,5235,56,,,1,14,,5236,56,,,1,55,,5237,56,,,1,16,,5227,56,,,1,15,,5239,56,,,1,15,,5240,56,,,1,57,,5241,56,,,1,14,,5231,56,,,1,16,,5238,56,,,1,19,,5234,56,,,1,69,,5242,56,,,1,20,,5243,56,,,1,56,,5244,56,,,1,13,,5245,56,,,1,6,,5253,44,,,1,14,,5246,56,,,1,9,,5247,56,,,1,10,,5249,56,,,1,51,,5251,56,,,1,15,,5254,56,,,1,13,,5255,56,,,1,9,,5256,56,,,1,13,,5259,56,,,1,57,,5260,56,,,1,9,,5257,56,,,1,12,,5258,56,,,1,13,,5250,56,,,1,12,,5248,56,,,1,54,,5261,56,,,1,14,,5252,56,,,1,20,,5262,56,,,1,69,,5263,56,,,1,32,,5265,56,,,1,75,,5267,56,,,1,26,,5269,56,,,1,71,,5264,56,,,1,26,,5266,56,,,1,71,,5268,56,,,1,86,,5270,56,,,1
1200000201,'72',647,,5275,14,,,1,70,,5281,14,,,1,21,,5272,56,,,1,71,,5271,56,,,1,30,,5273,56,,,1,72,,5279,56,,,1,32,,5284,56,,,1,72,,5277,56,,,1,31,,5276,56,,,1,69,,5282,56,,,1,30,,5283,56,,,1,71,,5285,56,,,1,31,,5274,56,,,1,71,,5280,56,,,1,30,,5278,56,,,1,70,,5286,56,,,1,32,,5287,56,,,1,69,,5289,56,,,1,33,,5288,56,,,1,70,,5291,56,,,1,29,,5292,56,,,1,72,,5293,56,,,1,31,,5294,56,,,1,65,,5295,56,,,1,28,,5290,56,,,1,69,,5297,56,,,1,25,,5296,56,,,1,79,,5300,56,,,1,29,,5302,56,,,1,71,,5298,56,,,1,27,,5304,56,,,1,68,,5305,56,,,1,29,,5301,56,,,1,70,,5303,56,,,1,29,,5299,56,,,1,68,,5306,56,,,1,89,,5307,56,,,1
1200000201,'73',647,,5309,14,,,1,70,,5313,14,,,1,30,,5316,14,,,1,70,,5319,14,,,1,22,,5308,56,,,1,72,,5311,56,,,1,32,,5315,56,,,1,72,,5318,56,,,1,31,,5310,56,,,1,69,,5314,56,,,1,30,,5317,56,,,1,71,,5320,56,,,1,31,,5321,56,,,1,71,,5312,56,,,1,30,,5322,56,,,1,70,,5324,56,,,1,32,,5323,56,,,1,69,,5326,56,,,1,33,,5325,56,,,1,70,,5328,56,,,1,29,,5329,56,,,1,72,,5330,56,,,1,31,,5331,56,,,1,65,,5333,56,,,1,28,,5327,56,,,1,69,,5336,56,,,1,25,,5334,56,,,1,79,,5338,56,,,1,29,,5332,56,,,1,71,,5337,56,,,1,27,,5335,56,,,1
1200000201,'81',730,,5339,44,,,1,17,,5340,44,,,1,860,,5341,56,,,1
1200000201,'89',1651,,5345,56,,,1,53,,5346,56,,,1
