905231701,'27',2318,,6491,88,4,,2,29,,6494,88,4,,2,70,,6489,88,4,,2,30,,6492,88,4,,2,70,,6490,88,4,,2,30,,6493,88,4,,2,70,,6495,88,4,,2
905231701,'28',2318,,6498,88,4,,2,29,,6501,88,4,,2,70,,6496,88,4,,2,30,,6499,88,4,,2,70,,6497,88,4,,2,30,,6500,88,4,,2,70,,6502,88,4,,2
905231701,'29',2318,,6505,88,4,,2,29,,6508,88,4,,2,70,,6503,88,4,,2,30,,6506,88,4,,2,70,,6504,88,4,,2,30,,6507,88,4,,2,70,,6509,88,4,,2
1200000101,'1',1626,,7148,92,,,1,32,,7149,92,,,1,71,,7150,92,,,1,30,,7151,92,,,1
1200000101,'71',1622,,5070,92,,,1,32,,5071,92,,,1,71,,5069,92,,,1,30,,5072,92,,,1
1200000301,'1',627,,7508,41,,,1,28,,7513,41,,,1,77,,7506,54,,,1,20,,7510,54,,,1,75,,7516,54,,,1,29,,7511,54,,,1,65,,7519,54,,,1,25,,7507,54,,,1,69,,7517,54,,,1,27,,7515,54,,,1,73,,7520,54,,,1,33,,7521,54,,,1,70,,7523,54,,,1,34,,7525,54,,,1,72,,7527,54,,,1,28,,7522,54,,,1,70,,7524,54,,,1,28,,7526,54,,,1,72,,7528,54,,,1,36,,7529,54,,,1,60,,7532,51,,,1,23,,7530,51,,,1,18,,7535,51,,,1,59,,7534,51,,,1,11,,7539,51,,,1,12,,7537,51,,,1,14,,7538,51,,,1,56,,7541,51,,,1,14,,7533,51,,,1,12,,7536,51,,,1,15,,7531,51,,,1,68,,7540,51,,,1,24,,7544,54,,,1,64,,7542,54,,,1,31,,7543,54,,,1,70,,7545,54,,,1,29,,7546,54,,,1,73,,7549,54,,,1,31,,7547,41,,,1,70,,7550,41,,,1,28,,7548,41,,,1,70,,7551,41,,,1,39,,7552,41,,,1
1200000301,'2',807,,7553,54,,,1,30,,7556,54,,,1,71,,7559,54,,,1,32,,7562,54,,,1,71,,7554,54,,,1,32,,7557,54,,,1,71,,7560,54,,,1,31,,7563,54,,,1,71,,7555,54,,,1,31,,7558,54,,,1,71,,7561,54,,,1,31,,7564,54,,,1,71,,7565,54,,,1,30,,7568,54,,,1,70,,7574,54,,,1,30,,7571,54,,,1,70,,7566,54,,,1,31,,7569,54,,,1,71,,7575,54,,,1,27,,7572,54,,,1,68,,7567,54,,,1,28,,7570,54,,,1,67,,7576,54,,,1,27,,7573,54,,,1,75,,7577,41,,,1,100,,7578,41,,,1,96,,7579,41,,,1,98,,7580,41,,,1,37,,7581,41,,,1,102,,7582,41,,,1
1200000301,'27',2241,,7584,44,,,1,70,,7587,44,,,1,30,,7589,44,,,1,83,,7585,44,,,1,28,,7588,44,,,1,70,,7583,44,,,1,30,,7586,44,,,1
1200000301,'28',2241,,7591,44,,,1,70,,7594,44,,,1,30,,7596,44,,,1,83,,7592,44,,,1,28,,7595,44,,,1,70,,7590,44,,,1,30,,7593,44,,,1
1200000301,'29',2241,,7598,44,,,1,70,,7601,44,,,1,30,,7603,44,,,1,83,,7599,44,,,1,28,,7602,44,,,1,70,,7597,44,,,1,30,,7600,44,,,1
1200000301,'3',837,,7604,54,,,1,71,,7606,54,,,1,32,,7612,54,,,1,71,,7609,54,,,1,32,,7605,54,,,1,71,,7607,54,,,1,31,,7613,54,,,1,71,,7610,54,,,1,31,,7614,54,,,1,71,,7608,54,,,1,31,,7616,54,,,1,71,,7611,54,,,1,30,,7615,54,,,1,70,,7618,54,,,1,30,,7617,54,,,1,70,,7621,54,,,1,31,,7623,54,,,1,71,,7619,54,,,1,27,,7627,54,,,1,68,,7622,54,,,1,28,,7624,54,,,1,67,,7620,54,,,1,27,,7628,54,,,1,75,,7625,41,,,1,121,,7626,41,,,1
1200000301,'71',627,,5456,41,,,1,28,,5460,41,,,1,78,,5454,54,,,1,20,,5458,54,,,1,77,,5466,54,,,1,27,,5463,54,,,1,66,,5469,54,,,1,26,,5455,54,,,1,69,,5465,54,,,1,27,,5467,54,,,1,76,,5470,54,,,1,20,,5471,54,,,1,60,,5473,54,,,1,20,,5475,54,,,1,24,,5476,54,,,1,60,,5478,54,,,1,21,,5480,54,,,1,19,,5472,54,,,1,60,,5474,54,,,1,20,,5481,54,,,1,18,,5477,54,,,1,61,,5479,54,,,1,20,,5483,54,,,1,25,,5484,54,,,1,53,,5485,51,,,1,16,,5486,51,,,1,23,,5482,51,,,1,18,,5494,51,,,1,59,,5490,51,,,1,11,,5493,51,,,1,12,,5488,51,,,1,14,,5487,51,,,1,56,,5497,51,,,1,16,,5496,51,,,1,10,,5495,51,,,1,17,,5492,51,,,1,51,,5489,51,,,1,15,,5491,51,,,1,22,,5498,54,,,1,67,,5499,54,,,1,31,,5501,54,,,1,70,,5500,54,,,1,29,,5502,54,,,1,73,,5505,54,,,1,30,,5503,41,,,1,70,,5506,41,,,1,28,,5504,41,,,1,70,,5507,41,,,1,39,,5508,41,,,1
1200000301,'72',808,,5511,54,,,1,30,,5510,54,,,1,71,,5514,54,,,1,30,,5515,54,,,1,71,,5516,54,,,1,31,,5509,54,,,1,72,,5513,54,,,1,30,,5512,54,,,1,70,,5517,54,,,1,30,,5518,54,,,1,71,,5520,54,,,1,30,,5519,54,,,1,71,,5522,54,,,1,30,,5523,54,,,1,71,,5524,54,,,1,30,,5525,54,,,1,69,,5526,54,,,1,31,,5521,54,,,1,72,,5528,54,,,1,29,,5527,54,,,1,68,,5530,54,,,1,28,,5529,54,,,1,69,,5531,54,,,1,24,,5535,54,,,1,78,,5532,41,,,1,100,,5533,41,,,1,95,,5534,41,,,1,99,,5536,41,,,1,38,,5537,41,,,1,102,,5538,41,,,1
1200000301,'73',838,,5539,54,,,1,71,,5541,54,,,1,30,,5542,54,,,1,71,,5543,54,,,1,31,,5544,54,,,1,72,,5540,54,,,1,30,,5545,54,,,1,70,,5547,54,,,1,30,,5546,54,,,1,71,,5549,54,,,1,30,,5548,54,,,1,71,,5551,54,,,1,30,,5552,54,,,1,71,,5553,54,,,1,30,,5554,54,,,1,69,,5555,54,,,1,31,,5550,54,,,1,72,,5557,54,,,1,29,,5556,54,,,1,68,,5559,54,,,1,28,,5558,54,,,1,69,,5560,54,,,1,24,,5563,54,,,1,78,,5561,41,,,1,121,,5562,41,,,1
2000002200,'1',608,,7709,10,0,18 19 20,2
2000002200,'71',608,,5649,10,0,18 19 20,2
