11900,'16',851,,6228,34,,,2
11900,'87',851,,4854,34,,,2
905231701,'27',2233,,6491,17,4,,2,70,,6494,17,4,,2,30,,6489,17,4,,2,70,,6492,17,4,,2,30,,6490,17,4,,2,70,,6493,17,4,,2,30,,6495,17,4,,2
905231701,'28',2233,,6498,17,4,,2,70,,6501,17,4,,2,30,,6496,17,4,,2,70,,6499,17,4,,2,30,,6497,17,4,,2,70,,6500,17,4,,2,30,,6502,17,4,,2
905231701,'29',2233,,6505,17,4,,2,70,,6508,17,4,,2,30,,6503,17,4,,2,70,,6506,17,4,,2,30,,6504,17,4,,2,70,,6507,17,4,,2,30,,6509,17,4,,2
1200000101,'1',1518,,7148,14,,,1,31,,7149,14,,,1,68,,7150,14,,,1,36,,7151,14,,,1
1200000101,'71',1518,,5070,14,,,1,31,,5071,14,,,1,68,,5069,14,,,1,38,,5072,14,,,1
1200000200,'1',545,,7153,17,,,1,14,,7158,17,,,1,55,,7159,17,,,1,16,,7160,17,,,1,15,,7162,17,,,1,55,,7163,17,,,1,17,,7152,17,,,1,15,,7165,17,,,1,16,,7157,17,,,1,54,,7155,17,,,1,14,,7161,17,,,1,15,,7166,17,,,1,18,,7164,17,,,1,60,,7167,17,,,1,30,,7169,17,,,1,69,,7171,17,,,1,30,,7156,17,,,1,70,,7172,17,,,1,29,,7168,17,,,1,69,,7170,17,,,1,32,,7174,17,,,1,70,,7175,17,,,1,29,,7173,17,,,1,70,,7177,17,,,1,18,,7179,17,,,1,30,,7180,17,,,1,55,,7181,17,,,1,12,,7178,17,,,1,13,,7182,17,,,1,15,,7183,17,,,1,54,,7185,17,,,1,15,,7176,17,,,1,15,,7188,17,,,1,15,,7189,17,,,1,57,,7192,17,,,1,16,,7193,17,,,1,16,,7187,17,,,1,70,,7186,17,,,1,30,,7184,17,,,1,70,,7190,17,,,1,30,,7196,17,,,1,70,,7197,17,,,1,30,,7199,17,,,1,69,,7200,17,,,1,32,,7194,17,,,1,70,,7191,17,,,1,32,,7198,17,,,1,67,,7201,17,,,1,30,,7195,17,0,14,1
1200000200,'2',708,,7205,17,,,1,30,,7204,17,,,1,70,,7208,17,,,1,30,,7202,17,,,1,70,,7207,17,,,1,30,,7206,17,,,1,70,,7210,17,,,1,30,,7209,17,,,1,70,,7203,17,,,1,30,,7212,17,,,1,70,,7214,17,,,1,29,,7211,17,,,1,70,,7216,17,,,1,30,,7217,17,,,1,71,,7213,17,,,1,30,,7215,17,,,1,70,,7219,17,,,1,30,,7221,17,,,1,70,,7218,17,,,1,30,,7223,17,,,1,70,,7224,17,,,1,31,,7220,17,,,1,69,,7222,17,,,1,29,,7228,17,,,1,70,,7227,17,,,1,31,,7225,17,,,1,69,,7229,17,,,1,29,,7231,17,,,1,70,,7230,17,,,1,30,,7233,17,,,1,70,,7226,17,,,1,30,,7232,17,,,1,70,,7234,17,,,1
1200000200,'3',708,,7235,17,,,1,30,,7236,17,,,1,70,,7237,17,,,1,30,,7238,17,,,1,70,,7239,17,,,1,30,,7243,17,,,1,70,,7241,17,,,1,30,,7245,17,,,1,70,,7242,17,,,1,30,,7240,17,,,1,70,,7244,17,,,1,29,,7247,17,,,1,70,,7246,17,,,1,30,,7248,17,,,1,71,,7250,17,,,1,30,,7252,17,,,1,70,,7255,17,,,1,30,,7257,17,,,1,70,,7249,17,,,1,30,,7251,17,,,1,70,,7253,17,,,1,31,,7256,17,,,1,69,,7258,17,,,1,29,,7260,17,,,1,70,,7259,17,,,1,31,,7254,17,,,1,69,,7261,17,,,1
1200000200,'71',545,,5074,17,,,1,14,,5078,17,,,1,55,,5080,17,,,1,16,,5081,17,,,1,15,,5077,17,,,1,55,,5085,17,,,1,17,,5073,17,,,1,15,,5087,17,,,1,16,,5076,17,,,1,54,,5089,17,,,1,14,,5083,17,,,1,15,,5090,17,,,1,18,,5079,17,,,1,55,,5091,17,,,1,17,,5084,17,,,1,18,,5086,17,,,1,14,,5092,17,,,1,55,,5088,17,,,1,15,,5094,17,,,1,15,,5095,17,,,1,15,,5096,17,,,1,55,,5098,17,,,1,15,,5099,17,,,1,14,,5101,17,,,1,15,,5102,17,,,1,54,,5103,17,,,1,17,,5093,17,,,1,15,,5105,17,,,1,15,,5106,17,,,1,55,,5107,17,,,1,14,,5097,17,,,1,15,,5104,17,,,1,15,,5100,17,,,1,61,,5108,17,,,1,12,,5109,17,,,1,15,,5110,17,,,1,15,,5111,17,,,1,55,,5112,17,,,1,12,,5113,17,,,1,13,,5115,17,,,1,15,,5117,17,,,1,53,,5119,17,,,1,8,,5121,4,,,1,8,,5120,17,,,1,15,,5122,17,,,1,15,,5125,17,,,1,57,,5126,17,,,1,16,,5123,17,,,1,16,,5124,17,,,1,15,,5116,17,,,1,55,,5114,17,,,1,15,,5128,17,,,1,15,,5118,17,,,1,70,,5129,17,,,1,30,,5127,17,,,1,70,,5133,17,,,1,30,,5135,17,,,1,69,,5136,17,,,1,32,,5130,17,,,1,70,,5132,17,,,1,32,,5134,17,,,1,67,,5137,17,,,1,30,,5131,17,0,14,1
1200000200,'72',708,,5139,17,,,1,30,,5142,17,,,1,70,,5143,17,,,1,30,,5144,17,,,1,70,,5138,17,,,1,30,,5141,17,,,1,70,,5140,17,,,1,30,,5145,17,,,1,70,,5146,17,,,1,31,,5148,17,,,1,69,,5147,17,,,1,30,,5150,17,,,1,69,,5151,17,,,1,31,,5152,17,,,1,70,,5153,17,,,1,30,,5154,17,,,1,70,,5149,17,,,1,30,,5156,17,,,1,70,,5155,17,,,1,30,,5159,17,,,1,70,,5158,17,,,1,31,,5161,17,,,1,69,,5162,17,,,1,29,,5163,17,,,1,70,,5165,17,,,1,31,,5157,17,,,1,69,,5167,17,,,1,29,,5168,17,,,1,70,,5164,17,,,1,30,,5166,17,,,1,70,,5160,17,,,1,30,,5169,17,,,1,70,,5170,17,,,1
1200000200,'73',708,,5171,17,,,1,30,,5173,17,,,1,70,,5174,17,,,1,30,,5175,17,,,1,70,,5176,17,,,1,30,,5172,17,,,1,70,,5177,17,,,1,30,,5179,17,,,1,70,,5178,17,,,1,31,,5181,17,,,1,69,,5180,17,,,1,30,,5183,17,,,1,69,,5184,17,,,1,31,,5185,17,,,1,70,,5186,17,,,1,30,,5188,17,,,1,70,,5182,17,,,1,30,,5191,17,,,1,70,,5189,17,,,1,30,,5193,17,,,1,70,,5192,17,,,1,31,,5195,17,,,1,69,,5196,17,,,1,29,,5197,17,,,1,70,,5187,17,,,1,31,,5194,17,,,1,69,,5190,17,,,1
1200000400,'1',637,,7629,19,,,1,15,,7630,19,,,1
1200000400,'71',637,,5565,19,,,1,15,,5566,19,,,1,56,,5567,19,,,1,16,,5564,19,,,1
