3101,'1',615,,541,41,,,2,30,,542,41,,,2,78,,540,67,,,2,28,,546,67,,,2,94,,547,67,,,2,14,,545,41,,,2,91,,543,67,,,2,84,,548,67,,,2,87,,549,67,,,2,99,,550,67,,,2,85,,544,67,,,2,47,,551,67,,,2,84,,554,67,,,2,91,,555,67,,,2,91,,552,67,,,2,37,,556,67,,,2,56,,553,67,,,2,33,,557,67,,,2,64,,561,67,,,2,25,,558,67,,,2,79,,560,67,,,2,28,,559,67,,,2
3101,'3',615,,564,41,,,2,30,,565,41,,,2,78,,563,67,,,2,28,,566,67,,,2,94,,567,67,,,2,105,,568,67,,,2,84,,569,67,,,2,87,,570,67,,,2,99,,571,67,,,2,85,,572,67,,,2,47,,573,67,,,2,84,,574,67,,,2,91,,575,67,,,2,91,,576,67,,,2,37,,579,67,,,2,56,,577,67,,,2,33,,580,67,,,2,64,,578,67,,,2,25,,581,67,,,2,79,,583,67,,,2,28,,582,67,,,2
3101,'4',615,,586,41,,,2,30,,590,41,,,2,78,,585,67,,,2,28,,587,67,,,2,94,,588,67,,,2,105,,589,67,,,2,84,,591,67,,,2,87,,592,67,,,2,99,,593,67,,,2,85,,596,67,,,2,47,,597,67,,,2,84,,594,67,,,2,91,,595,67,,,2,91,,598,67,,,2,37,,602,67,,,2,56,,599,67,,,2,33,,603,67,,,2,64,,600,67,,,2,25,,604,67,,,2,79,,601,67,,,2,28,,605,67,,,2
3600,'1',625,,750,30,,,2,177,,751,30,,,2,54,,752,30,,,2,161,,753,30,,,2,101,,754,30,,,2,100,,755,30,,,2,103,,756,30,,,2,100,,757,30,,,2,100,,758,30,,,2,305,,759,30,,,2,90,,760,30,,,2,92,,761,30,,,2,97,,762,30,,,2,104,,763,30,,,2,93,,764,30,,,2
3600,'3',625,,765,30,,,2,177,,766,30,,,2,215,,767,30,,,2,101,,768,30,,,2,100,,770,30,,,2,103,,769,30,,,2,100,,771,30,,,2,100,,772,30,,,2,305,,773,30,,,2,90,,774,30,,,2,92,,775,30,,,2,97,,776,30,,,2,104,,777,30,,,2,93,,778,30,,,2
3600,'4',625,,779,30,,,2,177,,783,30,,,2,215,,782,30,,,2,101,,780,30,,,2,100,,781,30,,,2,103,,784,30,,,2,100,,785,30,,,2,100,,786,30,,,2,305,,787,30,,,2,90,,790,30,,,2,92,,791,30,,,2,97,,792,30,,,2,104,,788,30,,,2,93,,789,30,,,2
3600,'6',739,,793,30,,,2,100,,794,30,,,2,101,,795,30,,,2,100,,796,30,,,2,105,,797,30,,,2,100,,798,30,,,2,100,,799,30,,,2,102,,800,30,,,2,101,,801,30,,,2,99,,802,30,,,2,97,,807,30,,,2,96,,808,30,,,2,91,,809,30,,,2,109,,803,30,,,2,99,,804,30,,,2,97,,805,30,,,2,93,,806,30,,,2
3600,'8',839,,810,30,,,2,101,,811,30,,,2,100,,812,30,,,2,105,,813,30,,,2,100,,814,30,,,2,100,,815,30,,,2,102,,816,30,,,2,101,,817,30,,,2,99,,818,30,,,2,97,,819,30,,,2,96,,820,30,,,2,91,,821,30,,,2
5003600,'1',700,,1343,30,,,2,28,,1342,30,,,2
5003600,'3',700,,1345,30,,,2,28,,1344,30,,,2
5003600,'4',700,,1347,30,,,2,28,,1346,30,,,2
5003601,'1',1622,,1350,44,,,2,84,,1348,44,,,2,22,,1349,44,,,2
5003601,'3',1654,,1351,44,,,2,67,,1352,44,,,2
5003601,'4',1659,,1353,44,,,2,62,,1354,44,,,2
2000003101,'6',721,,2460,41,,,2,101,,2461,67,,,2,102,,2462,67,,,2,100,,2463,67,,,2,101,,2464,67,,,2,100,,2465,67,,,2,100,,2466,67,,,2,198,,2467,67,,,2,101,,2468,67,,,2,101,,2469,67,,,2,99,,2470,67,,,2
2000003101,'8',822,,2472,41,,,2,102,,2473,67,,,2,100,,2474,67,,,2,101,,2475,67,,,2,100,,2476,67,,,2,100,,2477,67,,,2,198,,2478,67,,,2,101,,2479,67,,,2,101,,2480,67,,,2,99,,2481,67,,,2
