3800,'1',802,,6171,25,,,2,103,,6172,25,,,2,99,,6173,25,,,2,102,,6174,25,,,2,115,,6175,25,,,2,102,,6176,25,,,2,102,,6177,25,,,2,106,,6178,25,,,2,119,,6179,25,,,2,72,,6180,25,,,2,134,,6181,25,,,2,96,,6182,25,,,2,96,,6183,25,,,2,100,,6184,25,,,2,98,,6185,25,,,2
3800,'2',730,,6186,25,,,2,101,,6187,25,,,2,103,,6188,25,,,2,101,,6189,25,,,2,102,,6190,25,,,2,116,,6191,25,,,2,102,,6192,25,,,2,101,,6193,25,,,2,100,,6194,25,,,2,102,,6195,25,,,2,99,,6196,25,,,2,94,,6197,25,,,2,96,,6198,25,,,2,100,,6199,25,,,2,97,,6200,25,,,2,101,,6201,25,,,2
3800,'3',831,,6202,25,,,2,103,,6203,25,,,2,101,,6204,25,,,2,102,,6205,25,,,2,116,,6206,25,,,2,102,,6207,25,,,2,101,,6208,25,,,2,100,,6209,25,,,2,102,,6210,25,,,2,99,,6211,25,,,2,94,,6212,25,,,2,96,,6213,25,,,2
3800,'71',800,,4794,25,,,2,105,,4795,25,,,2,98,,4796,25,,,2,102,,4797,25,,,2,113,,4798,25,,,2,102,,4799,25,,,2,102,,4800,25,,,2,109,,4801,32,,,2,115,,4802,25,,,2,95,,4803,25,,,2,112,,4804,25,,,2,97,,4805,25,,,2,96,,4806,25,,,2,101,,4807,25,,,2,99,,4808,25,,,2
3800,'72',734,,4809,25,,,2,100,,4810,25,,,2,102,,4811,25,,,2,100,,4812,25,,,2,101,,4813,25,,,2,111,,4814,25,,,2,100,,4815,25,,,2,102,,4816,25,,,2,100,,4817,25,,,2,100,,4818,25,,,2,98,,4819,25,,,2,100,,4820,25,,,2,98,,4822,25,,,2,99,,4823,25,,,2,99,,4824,25,,,2,100,,4821,25,,,2
3800,'73',834,,4825,25,,,2,102,,4826,25,,,2,100,,4827,25,,,2,101,,4828,25,,,2,111,,4829,25,,,2,100,,4830,25,,,2,102,,4831,25,,,2,100,,4832,25,,,2,100,,4833,25,,,2,98,,4834,25,,,2,100,,4835,25,,,2,107,,4836,25,,,2
3901,'1',1640,,6219,25,0,9,2,87,,6217,25,0,9,2,87,,6218,25,0,9,2
3901,'71',1644,,4843,22,,,2,82,,4842,22,,,2,80,,4841,22,,,2
37501,'83',1653,,4958,26,,,2
38001,'1',623,,6314,18,,,2,31,,6315,18,,,2
38001,'71',631,,4963,23,,,2,22,,4964,23,,,2
5003801,'1',1710,,6398,45,,,2,49,,6397,45,,,2
5003801,'71',1709,,5053,45,,,2,49,,5052,45,,,2
