3400,'1',609,,6032,10,,,2,114,,6033,12,,,2,79,,6031,10,,,2,752,,6037,10,,,2,104,,6034,12,,,2,68,,6035,12,,,2,92,,6036,12,,,2
3400,'13',836,,6038,12,0,24 1 15,2
3400,'71',609,,4634,10,,,2,114,,4635,12,,,2,77,,4636,10,,,2,36,,4633,12,0,24 1 15,2,718,,4638,10,,,2,91,,4639,12,,,2,82,,4640,12,,,2,89,,4641,12,,,2
13100,'15',756,,6233,78,,,2
13100,'84',756,,4864,78,,,2
5003400,'1',632,,6388,10,,,2,22,,6387,10,,,2
5003400,'71',632,,5039,10,,,2,21,,5038,10,,,2
2000003400,'2',718,,7742,10,,,2,85,,7743,12,,,2,46,,7744,12,,,2,85,,7745,12,,,2,87,,7746,12,,,2,86,,7747,12,,,2,45,,7748,12,,,2,88,,7749,12,,,2,171,,7750,12,,,2,43,,7751,12,,,2,87,,7752,12,,,2,83,,7753,12,,,2,90,,7754,12,,,2,42,,7755,12,,,2,81,,7756,12,,,2
2000003400,'3',803,,7757,10,,,2,46,,7758,12,,,2,85,,7759,12,,,2,87,,7760,12,,,2,86,,7761,12,,,2,45,,7762,12,,,2,88,,7763,12,,,2,171,,7764,12,,,2,43,,7765,12,,,2,87,,7766,12,,,2,83,,7767,12,,,2,90,,7768,12,,,2,42,,7769,12,,,2,81,,7770,12,,,2
2000003400,'72',718,,5682,10,,,2,85,,5683,12,,,2,45,,5684,12,,,2,85,,5685,12,,,2,85,,5686,12,,,2,86,,5687,12,,,2,45,,5688,12,,,2,85,,5689,12,,,2,174,,5690,12,,,2,41,,5691,12,,,2,92,,5692,12,,,2,78,,5693,12,,,2,93,,5694,12,,,2,38,,5695,12,,,2,87,,5696,12,,,2
2000003400,'73',803,,5697,10,,,2,45,,5698,12,,,2,85,,5699,12,,,2,85,,5700,12,,,2,86,,5701,12,,,2,45,,5702,12,,,2,85,,5703,12,,,2,174,,5704,12,,,2,41,,5705,12,,,2,92,,5706,12,,,2,78,,5707,12,,,2,93,,5708,12,,,2,38,,5709,12,,,2,87,,5710,12,,,2
