1500,'1',558,,5823,21,,,2,68,,5825,21,,,2,29,,5827,21,,,2,70,,5826,24,,,2,30,,5829,24,,,2,81,,5828,24,0,10 11,2,110,,5824,21,0,12 13,2,100,,5830,21,0,12 13,2,100,,5831,21,0,12 13,2,103,,5832,20,0,12 13,2
1500,'16',835,,5833,9,0,10 11,2
1500,'71',558,,4416,22,,,2,68,,4417,22,,,2,29,,4421,22,,,2,72,,4420,21,,,2,28,,4418,21,,,2,81,,4422,22,0,10 11,2,112,,4419,21,0,12 13,2,155,,4423,21,0,12 13,2,116,,4424,21,0,12 13,2,30,,4425,21,0,12 13,2,157,,4427,21,0,12 13,2,116,,4428,21,,,2,96,,4426,21,,,2,37,,4431,22,,,2,68,,4430,21,,,2,100,,4432,21,0,12 13,2,111,,4433,21,0,12 13,2,104,,4434,21,0,12 13,2
1500,'87',835,,4435,11,0,10 11,2
13100,'15',713,,6233,22,,,2
13100,'84',713,,4864,22,,,2
15500,'12',827,,6239,11,,,2
15500,'82',827,,4874,11,,,2
2000001500,'2',742,,7667,21,,,2,100,,7668,20,,,2,100,,7669,20,,,2,94,,7670,20,,,2,109,,7671,20,,,2,101,,7672,20,,,2,201,,7673,21,,,2,101,,7674,20,,,2,95,,7675,20,,,2,106,,7676,20,,,2,93,,7677,20,,,2
2000001500,'3',842,,7678,21,,,2,100,,7679,20,,,2,94,,7680,20,,,2,109,,7681,20,,,2,101,,7682,20,,,2,201,,7683,21,,,2,101,,7684,20,,,2,95,,7685,20,,,2,106,,7686,20,,,2,93,,7687,20,,,2
2000001500,'72',735,,5607,22,,,2,101,,5608,21,,,2,103,,5609,21,,,2,100,,5610,21,,,2,102,,5611,21,,,2,100,,5612,21,,,2,190,,5613,22,,,2,99,,5614,21,,,2,95,,5615,21,,,2,108,,5616,21,,,2,98,,5617,21,,,2
2000001500,'73',836,,5618,22,,,2,103,,5619,21,,,2,100,,5620,21,,,2,102,,5621,21,,,2,100,,5622,21,,,2,190,,5623,22,,,2,99,,5624,21,,,2,95,,5625,21,,,2,108,,5626,21,,,2,98,,5627,21,,,2
