11100,'15',720,,6226,31,,,2
11100,'86',720,,4850,31,,,2
11900,'16',841,,6228,18,,,2
11900,'87',841,,4854,18,,,2
1001101,'1',602,,6322,38,,,1,29,,6326,72,,,1,72,,6323,72,,,1,32,,6327,72,,,1,73,,6324,72,,,1,23,,6320,72,,,1,81,,6325,72,,,1,42,,6328,72,,,1,70,,6329,72,,,1,35,,6333,72,,,1,70,,6330,72,,,1,75,,6334,72,,,1,30,,6331,72,,,1,73,,6335,72,,,1,30,,6332,72,,,1,78,,6336,72,,,1,30,,6338,72,,,1,88,,6337,72,,,1,72,,6339,72,,,1,48,,6341,72,,,1,63,,6340,72,,,1,21,,6344,72,,,1,67,,6342,72,,,1,33,,6345,72,,,1,69,,6343,72,,,1,31,,6346,72,,,1,100,,6347,72,,,1,99,,6348,72,,,1,100,,6349,72,,,1
1001101,'2',734,,6351,38,,,1,99,,6352,72,,,1,102,,6353,72,,,1,101,,6354,72,,,1,100,,6355,72,,,1,99,,6359,72,,,1,100,,6360,72,,,1,101,,6358,72,,,1,101,,6356,72,,,1,99,,6357,72,,,1,101,,6361,72,,,1,98,,6362,72,,,1,100,,6363,72,,,1,99,,6364,72,,,1,100,,6365,72,,,1,100,,6366,72,,,1
1001101,'3',935,,6368,38,,,1,101,,6369,72,,,1,100,,6372,72,,,1,99,,6373,72,,,1,100,,6370,72,,,1,101,,6371,72,,,1,101,,6374,72,,,1,99,,6375,72,,,1,101,,6376,72,,,1,98,,6377,72,,,1
1001101,'71',602,,4969,38,,,1,29,,4973,72,,,1,72,,4970,72,,,1,32,,4974,72,,,1,73,,4971,72,,,1,23,,4976,72,,,1,81,,4972,72,,,1,42,,4978,72,,,1,70,,4975,72,,,1,35,,4979,72,,,1,70,,4982,72,,,1,75,,4980,72,,,1,30,,4983,72,,,1,73,,4981,72,,,1,30,,4984,72,,,1,78,,4986,72,,,1,30,,4985,72,,,1,88,,4987,72,,,1,72,,4989,72,,,1,48,,4988,72,,,1,63,,4990,72,,,1,21,,4993,72,,,1,67,,4991,72,,,1,33,,4994,72,,,1,69,,4992,72,,,1,31,,4995,72,,,1,100,,4996,72,,,1,99,,4997,72,,,1,100,,4998,72,,,1
1001101,'72',734,,5003,38,,,1,99,,5000,72,,,1,102,,5001,72,,,1,101,,5002,72,,,1,100,,5004,72,,,1,99,,5005,72,,,1,100,,5006,72,,,1,101,,5007,72,,,1,101,,5008,72,,,1,99,,5009,72,,,1,101,,5010,72,,,1,98,,5011,72,,,1,100,,5012,72,,,1,99,,5013,72,,,1,100,,5014,72,,,1,100,,5015,72,,,1
1001101,'73',935,,5017,38,,,1,101,,5018,72,,,1,100,,5019,72,,,1,99,,5020,72,,,1,100,,5021,72,,,1,101,,5022,72,,,1,101,,5023,72,,,1,99,,5024,72,,,1,101,,5025,72,,,1,98,,5026,72,,,1
