3701,'1',548,,822,18,0,9,2,184,,826,25,,,2,104,,823,25,0,9,2,102,,824,25,0,9,2,97,,825,25,0,9,2,102,,827,25,0,9,2,112,,828,25,0,9,2,102,,829,25,0,9,2,104,,830,25,0,9,2,152,,831,25,0,9,2,115,,832,25,0,9,2,95,,833,25,0,9,2,104,,834,25,0,9,2,100,,835,25,0,9,2,97,,836,25,0,9,2,100,,837,25,0,9,2,100,,838,25,0,9,2,27,,839,25,0,9,2
3701,'3',548,,840,18,0,9,2,74,,841,25,0,9,2,110,,842,25,0,9,2,104,,843,25,0,9,2,102,,844,25,0,9,2,97,,845,25,0,9,2,102,,846,25,0,9,2,112,,847,25,0,9,2,102,,848,25,0,9,2,104,,849,25,0,9,2,152,,850,25,0,9,2,115,,851,25,0,9,2,95,,852,25,0,9,2,104,,853,25,0,9,2,100,,854,25,0,9,2,97,,855,25,0,9,2,100,,856,25,0,9,2,100,,857,25,0,9,2,27,,858,25,0,9,2
3701,'4',548,,859,18,0,9,2,74,,860,25,0,9,2,110,,861,25,0,9,2,104,,862,25,0,9,2,102,,863,25,0,9,2,97,,864,25,0,9,2,102,,865,25,0,9,2,112,,866,25,0,9,2,102,,867,25,0,9,2,104,,868,25,0,9,2,152,,869,25,0,9,2,115,,870,25,0,9,2,95,,871,25,0,9,2,104,,872,25,0,9,2,100,,873,25,0,9,2,97,,874,25,0,9,2,100,,875,25,0,9,2,100,,876,25,0,9,2,27,,877,25,0,9,2
3701,'6',706,,878,25,0,9,2,100,,879,25,0,9,2,102,,880,25,0,9,2,100,,881,25,0,9,2,100,,882,25,0,9,2,112,,883,25,0,9,2,100,,884,25,0,9,2,100,,885,25,0,9,2,102,,886,25,0,9,2,100,,887,25,0,9,2,98,,889,25,0,9,2,100,,890,25,0,9,2,105,,888,25,0,9,2,92,,891,25,0,9,2,100,,892,25,0,9,2,101,,893,25,0,9,2,98,,894,25,0,9,2,28,,895,25,0,9,2
3701,'8',806,,896,25,0,9,2,102,,897,25,0,9,2,100,,898,25,0,9,2,100,,899,25,0,9,2,112,,900,25,0,9,2,100,,901,25,0,9,2,100,,902,25,0,9,2,102,,903,25,0,9,2,100,,904,25,0,9,2,98,,907,25,0,9,2,100,,905,25,0,9,2,105,,906,25,0,9,2
37500,'12',815,,1162,9,,,2
5003700,'1',630,,1355,36,,,2,12,,1356,29,,,2,74,,1358,29,,,2,31,,1359,29,,,2,75,,1357,36,,,2
5003700,'3',642,,1361,29,,,2,74,,1360,29,,,2
5003700,'4',642,,1362,29,,,2,74,,1363,29,,,2
5003701,'1',1644,,1365,60,,,2,102,,1364,60,,,2,110,,1366,60,,,2
5003701,'3',1738,,1367,60,,,2
5003701,'4',1739,,1368,60,,,2,114,,1369,60,,,2
