2301,'1',1159,,5958,20,,,2,71,,5959,20,,,2,70,,5961,20,,,2,30,,5960,20,,,2,70,,5962,20,,,2,31,,5963,20,,,2,71,,5966,20,,,2,51,,5964,20,,,2,68,,5967,20,,,2,36,,5965,20,,,2,101,,5968,20,,,2,66,,5975,20,,,2,77,,5969,20,,,2,102,,5970,20,,,2,50,,5971,20,,,2,154,,5972,20,,,2
2301,'14',1656,,5979,24,4,,2
2301,'2',1216,,5985,20,,,2,101,,5986,20,,,2,101,,5987,20,,,2,100,,5988,20,,,2,100,,5989,20,,,2,101,,5990,20,,,2,97,,5991,20,,,2
2301,'3',1216,,5996,20,,,2,101,,5997,20,,,2,101,,5998,20,,,2,100,,5999,20,,,2,100,,6000,20,,,2,101,,6001,20,,,2,97,,6002,20,,,2
2301,'71',1157,,4558,20,,,2,70,,4562,20,,,2,31,,4564,20,,,2,70,,4563,20,,,2,30,,4565,20,,,2,70,,4566,20,,,2,74,,4576,20,,,2,42,,4567,20,,,2,108,,4568,24,,,2,103,,4570,20,,,2,71,,4575,20,,,2,75,,4571,20,,,2,100,,4572,20,,,2,52,,4573,20,,,2,154,,4574,20,,,2
2301,'72',1227,,4584,20,,,2,102,,4585,20,,,2,101,,4586,20,,,2,101,,4587,20,,,2,100,,4588,20,,,2,102,,4589,20,,,2,96,,4590,20,,,2
2301,'73',1227,,4595,20,,,2,102,,4596,20,,,2,101,,4597,20,,,2,101,,4598,20,,,2,100,,4599,20,,,2,102,,4600,20,,,2,96,,4601,20,,,2
2301,'88',1652,,4602,24,4,,2
23501,'83',1654,,4936,17,,,2
5002301,'1',1705,,6382,30,,,2,25,,6381,30,,,2
5002301,'71',1619,,5032,30,,,2,86,,5031,30,,,2,25,,5030,30,,,2
