13500,'12',840,,6234,20,,,2
13500,'82',840,,4866,20,,,2
13600,'12',840,,6235,18,,,2
13600,'82',840,,4867,18,,,2
13800,'12',841,,6237,23,,,2
13800,'82',841,,4870,23,,,2
15500,'12',841,,6239,29,,,2
15500,'82',841,,4874,29,,,2
15600,'12',840,,6240,30,,,2
15600,'82',840,,4875,30,,,2
22500,'12',845,,6290,40,4,,2
22500,'82',845,,4927,40,4,,2
23500,'12',843,,6295,81,4,,2
23500,'82',843,,4935,81,4,,2
24500,'12',843,,6298,24,4,,2
24500,'82',843,,4941,24,4,,2
24600,'12',840,,6299,23,4,,2
24600,'82',840,,4943,23,4,,2
32500,'12',840,,6304,60,,,2
32500,'82',840,,4947,60,,,2
34500,'12',840,,6305,48,,,2
34500,'82',840,,4949,48,,,2
35500,'12',843,,6308,69,,,2
35500,'82',843,,4955,61,,,2
37500,'12',843,,6309,38,4,,2
37500,'82',843,,4957,38,4,,2
38500,'12',843,,6317,43,4,,2
38500,'82',843,,4967,43,4,,2
