3101,'1',610,,6012,43,0,8 1 32,2,31,,6014,43,0,8 1 32,2,68,,6013,75,0,8 1 32,2,32,,6011,75,0,8 1 32,2,102,,6015,75,0,8 1 32,2,105,,6016,75,0,8 1 32,2,99,,6017,75,0,8 1 32,2,100,,6018,75,0,8 1 32,2,106,,6019,75,0,8 1 32,2,102,,6020,75,0,8 1 32,2,101,,6021,75,0,8 1 32,2,100,,6022,75,0,8 1 32,2,97,,6023,75,0,8 1 32,2,71,,6026,75,0,8 1 32,2,31,,6027,75,0,8 1 32,2,71,,6024,75,0,8 1 32,2,33,,6028,75,0,8 1 32,2,64,,6025,75,0,8 1 32,2,36,,6029,75,0,8 1 32,2
3701,'1',555,,6122,36,0,9,2,82,,6123,43,0,9,2,105,,6124,43,,,2,102,,6125,43,0,9,2,104,,6126,43,0,9,2,97,,6127,43,0,9,2,102,,6128,43,0,9,2,155,,6129,43,0,9,2,102,,6130,43,0,9,2,102,,6131,43,0,9,2,114,,6132,43,0,9,2,182,,6133,43,0,9,2,32,,6134,43,0,9,2,100,,6135,43,0,9,2,96,,6136,43,0,9,2,96,,6137,43,0,9,2,100,,6138,43,0,9,2,100,,6139,43,0,9,2,25,,6140,43,0,9,2
3701,'2',710,,6141,43,0,9,2,100,,6142,43,0,9,2,102,,6143,43,0,9,2,102,,6144,43,0,9,2,102,,6145,43,0,9,2,116,,6146,43,0,9,2,103,,6147,43,0,9,2,100,,6148,43,0,9,2,101,,6149,43,0,9,2,100,,6150,43,0,9,2,101,,6151,43,0,9,2,95,,6152,43,0,9,2,97,,6153,43,0,9,2,96,,6154,43,0,9,2,100,,6155,43,0,9,2,101,,6156,43,0,9,2,98,,6157,43,0,9,2,25,,6158,43,0,9,2
3701,'3',810,,6159,43,0,9,2,102,,6160,43,0,9,2,102,,6161,43,0,9,2,102,,6162,43,0,9,2,116,,6163,43,0,9,2,103,,6164,43,0,9,2,100,,6165,43,0,9,2,101,,6166,43,0,9,2,100,,6167,43,0,9,2,101,,6168,43,0,9,2,95,,6169,43,0,9,2,97,,6170,43,0,9,2
3701,'71',554,,4746,36,0,9,2,188,,4749,43,,,2,102,,4748,43,0,9,2,102,,4747,43,0,9,2,98,,4750,43,0,9,2,102,,4751,43,0,9,2,113,,4752,43,0,9,2,142,,4753,43,0,9,2,102,,4754,43,0,9,2,115,,4755,43,0,9,2,113,,4756,43,0,9,2,100,,4757,43,0,9,2,100,,4758,43,0,9,2,97,,4759,43,0,9,2,97,,4760,43,0,9,2,101,,4761,43,0,9,2,102,,4762,43,0,9,2,25,,4763,43,0,9,2
3701,'72',714,,4764,43,0,9,2,100,,4765,43,0,9,2,102,,4766,43,0,9,2,100,,4767,43,0,9,2,100,,4768,43,0,9,2,112,,4769,43,0,9,2,100,,4770,43,0,9,2,100,,4771,43,0,9,2,102,,4772,43,0,9,2,100,,4773,43,0,9,2,98,,4774,43,0,9,2,100,,4775,43,0,9,2,100,,4776,43,0,9,2,97,,4779,43,0,9,2,100,,4780,43,0,9,2,101,,4781,43,0,9,2,98,,4777,43,0,9,2,25,,4778,43,0,9,2
3701,'73',814,,4782,43,0,9,2,102,,4783,43,0,9,2,100,,4784,43,0,9,2,100,,4785,43,0,9,2,112,,4786,43,0,9,2,100,,4787,43,0,9,2,100,,4788,43,0,9,2,102,,4789,43,0,9,2,100,,4790,43,0,9,2,98,,4791,43,0,9,2,100,,4792,43,0,9,2,109,,4793,43,0,9,2
3800,'1',812,,6171,44,,,2,103,,6172,44,,,2,99,,6173,44,,,2,102,,6174,44,,,2,115,,6175,44,,,2,102,,6176,44,,,2,102,,6177,44,,,2,106,,6178,44,,,2,159,,6179,44,,,2,32,,6180,44,,,2,174,,6181,44,,,2,96,,6182,44,,,2,56,,6183,44,,,2,100,,6184,44,,,2,98,,6185,44,,,2
3800,'2',740,,6186,44,,,2,101,,6187,44,,,2,103,,6188,44,,,2,101,,6189,44,,,2,102,,6190,44,,,2,156,,6191,44,,,2,102,,6192,44,,,2,101,,6193,44,,,2,100,,6194,44,,,2,102,,6195,44,,,2,99,,6196,44,,,2,94,,6197,44,,,2,56,,6198,44,,,2,100,,6199,44,,,2,97,,6200,44,,,2,101,,6201,44,,,2
3800,'3',841,,6202,44,,,2,103,,6203,44,,,2,101,,6204,44,,,2,102,,6205,44,,,2,156,,6206,44,,,2,102,,6207,44,,,2,101,,6208,44,,,2,100,,6209,44,,,2,102,,6210,44,,,2,99,,6211,44,,,2,94,,6212,44,,,2,56,,6213,44,,,2
3800,'71',810,,4794,44,,,2,105,,4795,44,,,2,98,,4796,44,,,2,102,,4797,44,,,2,113,,4798,44,,,2,102,,4799,44,,,2,102,,4800,44,,,2,109,,4801,51,,,2,115,,4802,44,,,2,95,,4803,44,,,2,152,,4804,44,,,2,97,,4805,44,,,2,56,,4806,44,,,2,101,,4807,44,,,2,99,,4808,44,,,2
3800,'72',744,,4809,44,,,2,100,,4810,44,,,2,102,,4811,44,,,2,100,,4812,44,,,2,101,,4813,44,,,2,111,,4814,44,,,2,100,,4815,44,,,2,142,,4816,44,,,2,100,,4817,44,,,2,100,,4818,44,,,2,58,,4819,44,,,2,100,,4820,44,,,2,98,,4822,44,,,2,99,,4823,44,,,2,99,,4824,44,,,2,100,,4821,44,,,2
3800,'73',844,,4825,44,,,2,102,,4826,44,,,2,100,,4827,44,,,2,101,,4828,44,,,2,111,,4829,44,,,2,100,,4830,44,,,2,142,,4831,44,,,2,100,,4832,44,,,2,100,,4833,44,,,2,58,,4834,44,,,2,100,,4835,44,,,2,147,,4836,44,,,2
3900,'1',645,,6215,27,0,32,2,80,,6216,27,0,32,2,31,,6214,27,0,32,2
31100,'15',748,,6300,53,,,2
31100,'84',748,,4945,53,,,2
35100,'15',730,,6307,40,,,2
35500,'12',819,,6308,40,,,2
37500,'12',825,,6309,27,,,2
37500,'82',825,,4957,27,,,2
38000,'1',1654,,6312,15,0,38,2,87,,6310,15,0,38,2,86,,6311,15,0,38,2
38000,'71',1658,,4961,15,,,2,82,,4960,15,,,2,79,,4959,15,,,2
38100,'15',734,,6316,45,,,2
38100,'84',734,,4965,45,,,2
38500,'12',825,,6317,32,,,2
38500,'82',825,,4967,32,,,2
5003700,'1',650,,6395,47,,,2,76,,6394,47,,,2
5003700,'71',633,,5046,54,,,2,18,,5047,47,,,2,74,,5048,47,,,2
5003701,'1',1754,,6396,76,,,2
5003701,'71',1650,,5050,76,,,2,106,,5049,76,,,2
5003701,'81',1909,,5051,76,,,2
5003801,'1',1727,,6398,75,,,2,89,,6397,75,,,2
5003801,'71',1726,,5053,75,,,2,89,,5052,75,,,2
2000003101,'2',713,,7719,44,0,8 1 32,2,102,,7720,76,0,8 1 32,2,101,,7721,76,0,8 1 32,2,101,,7722,76,0,8 1 32,2,101,,7723,76,0,8 1 32,2,101,,7724,76,0,8 1 32,2,101,,7725,76,0,8 1 32,2,215,,7726,76,0,8 1 32,2,101,,7727,76,0,8 1 32,2,101,,7728,76,0,8 1 32,2,96,,7729,76,0,8 1 32,2
2000003101,'3',815,,7731,44,0,8 1 32,2,101,,7732,76,0,8 1 32,2,101,,7733,76,0,8 1 32,2,101,,7734,76,0,8 1 32,2,101,,7735,76,0,8 1 32,2,101,,7736,76,0,8 1 32,2,215,,7737,76,0,8 1 32,2,101,,7738,76,0,8 1 32,2,101,,7739,76,0,8 1 32,2,96,,7740,76,0,8 1 32,2
