3600,'1',618,,750,17,,,2,136,,751,17,,,2,94,,752,17,,,2,162,,753,17,,,2,101,,754,17,,,2,100,,755,17,,,2,102,,756,17,,,2,100,,757,17,,,2,100,,758,17,,,2,305,,759,17,,,2,90,,760,17,,,2,93,,761,17,,,2,57,,762,17,,,2,144,,763,17,,,2,53,,764,17,,,2
3600,'3',618,,765,17,,,2,136,,766,17,,,2,256,,767,17,,,2,101,,768,17,,,2,100,,770,17,,,2,102,,769,17,,,2,100,,771,17,,,2,100,,772,17,,,2,305,,773,17,,,2,90,,774,17,,,2,93,,775,17,,,2,57,,776,17,,,2,144,,777,17,,,2,53,,778,17,,,2
3600,'4',618,,779,17,,,2,136,,783,17,,,2,256,,782,17,,,2,101,,780,17,,,2,100,,781,17,,,2,102,,784,17,,,2,100,,785,17,,,2,100,,786,17,,,2,305,,787,17,,,2,90,,790,17,,,2,93,,791,17,,,2,57,,792,17,,,2,144,,788,17,,,2,53,,789,17,,,2
3600,'6',731,,793,17,,,2,100,,794,17,,,2,101,,795,17,,,2,100,,796,17,,,2,105,,797,17,,,2,100,,798,17,,,2,100,,799,17,,,2,102,,800,17,,,2,101,,801,17,,,2,99,,802,17,,,2,97,,807,17,,,2,97,,808,17,,,2,91,,809,17,,,2,109,,803,17,,,2,99,,804,17,,,2,97,,805,17,,,2,93,,806,17,,,2
3600,'8',831,,810,17,,,2,101,,811,17,,,2,100,,812,17,,,2,105,,813,17,,,2,100,,814,17,,,2,100,,815,17,,,2,102,,816,17,,,2,101,,817,17,,,2,99,,818,17,,,2,97,,819,17,,,2,97,,820,17,,,2,91,,821,17,,,2
5003600,'1',651,,1343,17,,,2,68,,1342,17,,,2
5003600,'3',651,,1345,17,,,2,68,,1344,17,,,2
5003600,'4',651,,1347,17,,,2,68,,1346,17,,,2
5003601,'1',1614,,1350,31,,,2,45,,1348,31,,,2,62,,1349,31,,,2
5003601,'3',1647,,1351,31,,,2,67,,1352,31,,,2
5003601,'4',1652,,1353,31,,,2,62,,1354,31,,,2
