11100,'15',704,,6226,3,,,2
11100,'86',704,,4850,3,,,2
11900,'16',834,,6228,3,,,2
11900,'87',834,,4854,3,,,2
1001101,'1',557,,6322,23,,,1,69,,6326,57,,,1,32,,6323,57,,,1,72,,6327,57,,,1,73,,6324,57,,,1,23,,6320,57,,,1,81,,6325,57,,,1,42,,6328,57,,,1,70,,6329,57,,,1,35,,6333,57,,,1,70,,6330,57,,,1,35,,6334,57,,,1,70,,6331,57,,,1,73,,6335,57,,,1,30,,6332,57,,,1,78,,6336,57,,,1,30,,6338,57,,,1,88,,6337,57,,,1,72,,6339,57,,,1,47,,6341,57,,,1,63,,6340,57,,,1,22,,6344,57,,,1,27,,6342,57,,,1,73,,6345,57,,,1,69,,6343,57,,,1,31,,6346,57,,,1,100,,6347,57,,,1,99,,6348,57,,,1,100,,6349,57,,,1
1001101,'2',729,,6351,23,,,1,99,,6352,57,,,1,102,,6353,57,,,1,101,,6354,57,,,1,100,,6355,57,,,1,99,,6359,57,,,1,100,,6360,57,,,1,101,,6358,57,,,1,101,,6356,57,,,1,99,,6357,57,,,1,101,,6361,57,,,1,98,,6362,57,,,1,100,,6363,57,,,1,99,,6364,57,,,1,100,,6365,57,,,1,100,,6366,57,,,1
1001101,'3',930,,6368,23,,,1,101,,6369,57,,,1,100,,6372,57,,,1,99,,6373,57,,,1,100,,6370,57,,,1,101,,6371,57,,,1,101,,6374,57,,,1,99,,6375,57,,,1,101,,6376,57,,,1,98,,6377,57,,,1
1001101,'71',557,,4969,23,,,1,69,,4973,57,,,1,32,,4970,57,,,1,72,,4974,57,,,1,73,,4971,57,,,1,23,,4976,57,,,1,81,,4972,57,,,1,42,,4978,57,,,1,70,,4975,57,,,1,35,,4979,57,,,1,70,,4982,57,,,1,35,,4980,57,,,1,70,,4983,57,,,1,73,,4981,57,,,1,30,,4984,57,,,1,78,,4986,57,,,1,30,,4985,57,,,1,88,,4987,57,,,1,72,,4989,57,,,1,47,,4988,57,,,1,63,,4990,57,,,1,22,,4993,57,,,1,27,,4991,57,,,1,73,,4994,57,,,1,69,,4992,57,,,1,31,,4995,57,,,1,100,,4996,57,,,1,99,,4997,57,,,1,100,,4998,57,,,1
1001101,'72',729,,5003,23,,,1,99,,5000,57,,,1,102,,5001,57,,,1,101,,5002,57,,,1,100,,5004,57,,,1,99,,5005,57,,,1,100,,5006,57,,,1,101,,5007,57,,,1,101,,5008,57,,,1,99,,5009,57,,,1,101,,5010,57,,,1,98,,5011,57,,,1,100,,5012,57,,,1,99,,5013,57,,,1,100,,5014,57,,,1,100,,5015,57,,,1
1001101,'73',930,,5017,23,,,1,101,,5018,57,,,1,100,,5019,57,,,1,99,,5020,57,,,1,100,,5021,57,,,1,101,,5022,57,,,1,101,,5023,57,,,1,99,,5024,57,,,1,101,,5025,57,,,1,98,,5026,57,,,1
1200000400,'1',628,,7629,3,,,1,15,,7630,3,,,1
1200000400,'71',628,,5565,3,,,1,15,,5566,3,,,1,15,,5567,3,,,1,56,,5564,3,,,1
