22101,'85',1514,,4924,9,,,2
22201,'85',1514,,4926,9,,,2
23101,'85',1514,,4932,9,,,2
23201,'85',1514,,4934,9,,,2
35501,'83',1635,,4956,28,,,2
5003700,'1',657,,6395,54,,,2,76,,6394,54,,,2
5003700,'71',639,,5046,61,,,2,19,,5047,54,,,2,74,,5048,54,,,2
5004200,'11',702,,6399,21,,,2
5004200,'81',703,,5054,21,,,2
905231701,'27',2252,,6491,43,4,,2,69,,6494,43,4,,2,30,,6489,43,4,,2,70,,6492,43,4,,2,30,,6490,43,4,,2,70,,6493,43,4,,2,30,,6495,43,4,,2
905231701,'28',2252,,6498,43,4,,2,69,,6501,43,4,,2,30,,6496,43,4,,2,70,,6499,43,4,,2,30,,6497,43,4,,2,70,,6500,43,4,,2,30,,6502,43,4,,2
905231701,'29',2252,,6505,43,4,,2,69,,6508,43,4,,2,30,,6503,43,4,,2,70,,6506,43,4,,2,30,,6504,43,4,,2,70,,6507,43,4,,2,30,,6509,43,4,,2
1200000101,'1',1551,,7148,47,,,1,72,,7149,47,,,1,31,,7150,47,,,1,71,,7151,47,,,1
1200000101,'71',1549,,5070,47,,,1,72,,5071,47,,,1,31,,5069,47,,,1,72,,5072,47,,,1
1200000200,'1',551,,7154,21,,,1,55,,7153,43,,,1,15,,7158,43,,,1,16,,7159,43,,,1,18,,7160,43,,,1,55,,7162,43,,,1,16,,7163,43,,,1,17,,7152,43,,,1,15,,7165,43,,,1,55,,7157,43,,,1,14,,7155,43,,,1,14,,7161,43,,,1,15,,7166,43,,,1,58,,7164,43,,,1,18,,7167,43,,,1,69,,7169,43,,,1,29,,7171,43,,,1,70,,7156,43,,,1,30,,7172,43,,,1,70,,7168,43,,,1,30,,7170,43,,,1,71,,7174,43,,,1,30,,7175,43,,,1,69,,7173,43,,,1,30,,7177,43,,,1,18,,7179,43,,,1,71,,7180,43,,,1,17,,7181,43,,,1,12,,7178,43,,,1,54,,7182,43,,,1,15,,7183,43,,,1,16,,7185,43,,,1,16,,7176,43,,,1,52,,7188,43,,,1,15,,7189,43,,,1,17,,7192,43,,,1,13,,7193,43,,,1,55,,7187,43,,,1,29,,7186,43,,,1,29,,7184,43,,,1,69,,7190,43,,,1,30,,7196,43,,,1,70,,7197,43,,,1,30,,7199,43,,,1,69,,7200,43,,,1,32,,7194,43,,,1,69,,7191,43,,,1,72,,7198,43,,,1,26,,7201,43,,,1,30,,7195,43,0,14,1
1200000200,'2',729,,7205,43,,,1,30,,7204,43,,,1,71,,7208,43,,,1,70,,7202,43,,,1,30,,7207,43,,,1,70,,7206,43,,,1,31,,7210,43,,,1,70,,7209,43,,,1,30,,7203,43,,,1,71,,7212,43,,,1,30,,7214,43,,,1,70,,7211,43,,,1,30,,7216,43,,,1,71,,7217,43,,,1,30,,7213,43,,,1,69,,7215,43,,,1,30,,7219,43,,,1,70,,7221,43,,,1,30,,7218,43,,,1,70,,7223,43,,,1,30,,7224,43,,,1,69,,7220,43,,,1,28,,7222,43,,,1,28,,7228,43,,,1,70,,7227,43,,,1,31,,7225,43,,,1,69,,7229,43,,,1,29,,7231,43,,,1,70,,7230,43,,,1,30,,7233,43,,,1,70,,7226,43,,,1,30,,7232,43,,,1,70,,7234,43,,,1
1200000200,'3',729,,7235,43,,,1,30,,7236,43,,,1,71,,7237,43,,,1,70,,7238,43,,,1,30,,7239,43,,,1,70,,7243,43,,,1,31,,7241,43,,,1,70,,7245,43,,,1,30,,7242,43,,,1,71,,7240,43,,,1,30,,7244,43,,,1,70,,7247,43,,,1,30,,7246,43,,,1,71,,7248,43,,,1,30,,7250,43,,,1,69,,7252,43,,,1,30,,7255,43,,,1,70,,7257,43,,,1,30,,7249,43,,,1,70,,7251,43,,,1,30,,7253,43,,,1,69,,7256,43,,,1,28,,7258,43,,,1,28,,7260,43,,,1,70,,7259,43,,,1,31,,7254,43,,,1,69,,7261,43,,,1
1200000200,'71',550,,5075,21,,,1,55,,5074,43,,,1,15,,5078,43,,,1,8,,5082,21,,,1,8,,5080,43,,,1,17,,5081,43,,,1,55,,5077,43,,,1,16,,5085,43,,,1,17,,5073,43,,,1,15,,5087,43,,,1,55,,5076,43,,,1,14,,5089,43,,,1,14,,5083,43,,,1,15,,5090,43,,,1,59,,5079,43,,,1,13,,5091,43,,,1,17,,5084,43,,,1,57,,5086,43,,,1,14,,5092,43,,,1,15,,5088,43,,,1,15,,5094,43,,,1,15,,5095,43,,,1,55,,5096,43,,,1,15,,5098,43,,,1,15,,5099,43,,,1,15,,5101,43,,,1,55,,5102,43,,,1,15,,5103,43,,,1,16,,5093,43,,,1,55,,5105,43,,,1,15,,5106,43,,,1,15,,5107,43,,,1,14,,5097,43,,,1,15,,5104,43,,,1,55,,5100,43,,,1,21,,5108,43,,,1,12,,5109,43,,,1,56,,5110,43,,,1,15,,5111,43,,,1,16,,5112,43,,,1,12,,5113,43,,,1,54,,5115,43,,,1,15,,5117,43,,,1,15,,5119,43,,,1,9,,5121,30,,,1,8,,5120,43,,,1,12,,5122,43,,,1,55,,5125,43,,,1,17,,5126,43,,,1,14,,5123,43,,,1,14,,5124,43,,,1,54,,5116,43,,,1,15,,5114,43,,,1,15,,5128,43,,,1,15,,5118,43,,,1,70,,5129,43,,,1,30,,5127,43,,,1,70,,5133,43,,,1,30,,5135,43,,,1,69,,5136,43,,,1,32,,5130,43,,,1,69,,5132,43,,,1,72,,5134,43,,,1,26,,5137,43,,,1,30,,5131,43,0,14,1
1200000200,'72',729,,5139,43,,,1,30,,5142,43,,,1,70,,5143,43,,,1,30,,5144,43,,,1,70,,5138,43,,,1,30,,5141,43,,,1,70,,5140,43,,,1,30,,5145,43,,,1,70,,5146,43,,,1,71,,5148,43,,,1,29,,5147,43,,,1,30,,5150,43,,,1,70,,5151,43,,,1,71,,5152,43,,,1,30,,5153,43,,,1,29,,5154,43,,,1,70,,5149,43,,,1,30,,5156,43,,,1,70,,5155,43,,,1,30,,5159,43,,,1,70,,5158,43,,,1,71,,5161,43,,,1,28,,5162,43,,,1,29,,5163,43,,,1,70,,5165,43,,,1,31,,5157,43,,,1,69,,5167,43,,,1,29,,5168,43,,,1,70,,5164,43,,,1,30,,5166,43,,,1,70,,5160,43,,,1,30,,5169,43,,,1,70,,5170,43,,,1
1200000200,'73',729,,5171,43,,,1,30,,5173,43,,,1,70,,5174,43,,,1,30,,5175,43,,,1,70,,5176,43,,,1,30,,5172,43,,,1,70,,5177,43,,,1,30,,5179,43,,,1,70,,5178,43,,,1,71,,5181,43,,,1,29,,5180,43,,,1,30,,5183,43,,,1,70,,5184,43,,,1,71,,5185,43,,,1,30,,5186,43,,,1,29,,5188,43,,,1,70,,5182,43,,,1,30,,5191,43,,,1,70,,5189,43,,,1,30,,5193,43,,,1,70,,5192,43,,,1,71,,5195,43,,,1,28,,5196,43,,,1,29,,5197,43,,,1,70,,5187,43,,,1,31,,5194,43,,,1,69,,5190,43,,,1
1200000200,'89',644,,5198,21,,,1,61,,5200,21,,,1,47,,5199,12,,,1
1200000400,'1',702,,7629,45,,,1,16,,7630,45,,,1
1200000400,'71',700,,5565,45,,,1,16,,5566,45,,,1,16,,5567,45,,,1,16,,5564,45,,,1
