11900,'16',852,,6228,36,,,2
11900,'87',852,,4854,36,,,2
12500,'12',838,,6229,16,,,2
12500,'82',838,,4856,16,,,2
12700,'12',843,,6231,7,,,2
12700,'82',843,,4860,7,,,2
12900,'16',847,,6232,17,,,2
12900,'87',847,,4862,17,,,2
905231701,'27',2235,,6491,19,4,,2,70,,6494,19,4,,2,30,,6489,19,4,,2,70,,6492,19,4,,2,30,,6490,19,4,,2,70,,6493,19,4,,2,30,,6495,19,4,,2
905231701,'28',2235,,6498,19,4,,2,70,,6501,19,4,,2,30,,6496,19,4,,2,70,,6499,19,4,,2,30,,6497,19,4,,2,70,,6500,19,4,,2,30,,6502,19,4,,2
905231701,'29',2235,,6505,19,4,,2,70,,6508,19,4,,2,30,,6503,19,4,,2,70,,6506,19,4,,2,30,,6504,19,4,,2,70,,6507,19,4,,2,30,,6509,19,4,,2
1200000101,'1',1520,,7148,16,,,1,31,,7149,16,,,1,68,,7150,16,,,1,36,,7151,16,,,1
1200000101,'71',1520,,5070,16,,,1,31,,5071,16,,,1,68,,5069,16,,,1,38,,5072,16,,,1
1200000200,'1',546,,7153,19,,,1,55,,7158,19,,,1,15,,7159,19,,,1,16,,7160,19,,,1,15,,7162,19,,,1,55,,7163,19,,,1,17,,7152,19,,,1,15,,7165,19,,,1,16,,7157,19,,,1,54,,7155,19,,,1,14,,7161,19,,,1,15,,7166,19,,,1,18,,7164,19,,,1,60,,7167,19,,,1,29,,7169,19,,,1,69,,7171,19,,,1,30,,7156,19,,,1,70,,7172,19,,,1,30,,7168,19,,,1,69,,7170,19,,,1,32,,7174,19,,,1,70,,7175,19,,,1,29,,7173,19,,,1,70,,7177,19,,,1,18,,7179,19,,,1,30,,7180,19,,,1,55,,7181,19,,,1,12,,7178,19,,,1,13,,7182,19,,,1,15,,7183,19,,,1,55,,7185,19,,,1,15,,7176,19,,,1,14,,7188,19,,,1,15,,7189,19,,,1,57,,7192,19,,,1,16,,7193,19,,,1,15,,7187,19,,,1,70,,7186,19,,,1,30,,7184,19,,,1,70,,7190,19,,,1,30,,7196,19,,,1,70,,7197,19,,,1,30,,7199,19,,,1,70,,7200,19,,,1,32,,7194,19,,,1,70,,7191,19,,,1,32,,7198,19,,,1,67,,7201,19,,,1,30,,7195,19,0,14,1
1200000200,'2',709,,7205,19,,,1,30,,7204,19,,,1,70,,7208,19,,,1,30,,7202,19,,,1,70,,7207,19,,,1,30,,7206,19,,,1,70,,7210,19,,,1,30,,7209,19,,,1,70,,7203,19,,,1,30,,7212,19,,,1,70,,7214,19,,,1,30,,7211,19,,,1,70,,7216,19,,,1,30,,7217,19,,,1,70,,7213,19,,,1,30,,7215,19,,,1,70,,7219,19,,,1,30,,7221,19,,,1,70,,7218,19,,,1,30,,7223,19,,,1,70,,7224,19,,,1,31,,7220,19,,,1,70,,7222,19,,,1,29,,7228,19,,,1,70,,7227,19,,,1,31,,7225,19,,,1,69,,7229,19,,,1,29,,7231,19,,,1,70,,7230,19,,,1,30,,7233,19,,,1,70,,7226,19,,,1,30,,7232,19,,,1,70,,7234,19,,,1
1200000200,'3',709,,7235,19,,,1,30,,7236,19,,,1,70,,7237,19,,,1,30,,7238,19,,,1,70,,7239,19,,,1,30,,7243,19,,,1,70,,7241,19,,,1,30,,7245,19,,,1,70,,7242,19,,,1,30,,7240,19,,,1,70,,7244,19,,,1,30,,7247,19,,,1,70,,7246,19,,,1,30,,7248,19,,,1,70,,7250,19,,,1,30,,7252,19,,,1,70,,7255,19,,,1,30,,7257,19,,,1,70,,7249,19,,,1,30,,7251,19,,,1,70,,7253,19,,,1,31,,7256,19,,,1,70,,7258,19,,,1,29,,7260,19,,,1,70,,7259,19,,,1,31,,7254,19,,,1,69,,7261,19,,,1
1200000200,'71',546,,5074,19,,,1,55,,5078,19,,,1,15,,5080,19,,,1,16,,5081,19,,,1,15,,5077,19,,,1,55,,5085,19,,,1,17,,5073,19,,,1,15,,5087,19,,,1,16,,5076,19,,,1,54,,5089,19,,,1,14,,5083,19,,,1,15,,5090,19,,,1,18,,5079,19,,,1,55,,5091,19,,,1,17,,5084,19,,,1,17,,5086,19,,,1,14,,5092,19,,,1,55,,5088,19,,,1,15,,5094,19,,,1,15,,5095,19,,,1,15,,5096,19,,,1,55,,5098,19,,,1,15,,5099,19,,,1,15,,5101,19,,,1,15,,5102,19,,,1,54,,5103,19,,,1,17,,5093,19,,,1,15,,5105,19,,,1,15,,5106,19,,,1,55,,5107,19,,,1,14,,5097,19,,,1,15,,5104,19,,,1,15,,5100,19,,,1,61,,5108,19,,,1,12,,5109,19,,,1,15,,5110,19,,,1,15,,5111,19,,,1,55,,5112,19,,,1,12,,5113,19,,,1,13,,5115,19,,,1,15,,5117,19,,,1,54,,5119,19,,,1,8,,5121,6,,,1,8,,5120,19,,,1,14,,5122,19,,,1,15,,5125,19,,,1,57,,5126,19,,,1,16,,5123,19,,,1,15,,5124,19,,,1,15,,5116,19,,,1,55,,5114,19,,,1,15,,5128,19,,,1,15,,5118,19,,,1,70,,5129,19,,,1,30,,5127,19,,,1,70,,5133,19,,,1,30,,5135,19,,,1,70,,5136,19,,,1,32,,5130,19,,,1,70,,5132,19,,,1,32,,5134,19,,,1,67,,5137,19,,,1,30,,5131,19,0,14,1
1200000200,'72',710,,5139,19,,,1,30,,5142,19,,,1,70,,5143,19,,,1,29,,5144,19,,,1,70,,5138,19,,,1,30,,5141,19,,,1,70,,5140,19,,,1,30,,5145,19,,,1,70,,5146,19,,,1,31,,5148,19,,,1,69,,5147,19,,,1,30,,5150,19,,,1,70,,5151,19,,,1,30,,5152,19,,,1,70,,5153,19,,,1,30,,5154,19,,,1,70,,5149,19,,,1,30,,5156,19,,,1,70,,5155,19,,,1,30,,5159,19,,,1,70,,5158,19,,,1,31,,5161,19,,,1,69,,5162,19,,,1,30,,5163,19,,,1,70,,5165,19,,,1,31,,5157,19,,,1,69,,5167,19,,,1,29,,5168,19,,,1,70,,5164,19,,,1,30,,5166,19,,,1,70,,5160,19,,,1,30,,5169,19,,,1,70,,5170,19,,,1
1200000200,'73',710,,5171,19,,,1,30,,5173,19,,,1,70,,5174,19,,,1,29,,5175,19,,,1,70,,5176,19,,,1,30,,5172,19,,,1,70,,5177,19,,,1,30,,5179,19,,,1,70,,5178,19,,,1,31,,5181,19,,,1,69,,5180,19,,,1,30,,5183,19,,,1,70,,5184,19,,,1,30,,5185,19,,,1,70,,5186,19,,,1,30,,5188,19,,,1,70,,5182,19,,,1,30,,5191,19,,,1,70,,5189,19,,,1,30,,5193,19,,,1,70,,5192,19,,,1,31,,5195,19,,,1,69,,5196,19,,,1,30,,5197,19,,,1,70,,5187,19,,,1,31,,5194,19,,,1,69,,5190,19,,,1
1200000400,'1',639,,7629,21,,,1,15,,7630,21,,,1
1200000400,'71',639,,5565,21,,,1,15,,5566,21,,,1,56,,5567,21,,,1,16,,5564,21,,,1
