3701,'1',752,,6124,54,,,2
3701,'71',752,,4749,54,,,2
13100,'15',757,,6233,79,,,2
13100,'84',757,,4864,79,,,2
22100,'15',739,,6288,41,,,2
22100,'84',739,,4923,41,,,2
22200,'15',739,,6289,37,,,2
22200,'84',739,,4925,37,,,2
23100,'15',746,,6293,74,,,2
23100,'84',746,,4931,74,,,2
23200,'15',737,,6294,41,,,2
23200,'84',737,,4933,33,,,2
24100,'15',740,,6296,23,4,,2
24100,'84',740,,4937,23,4,,2
24200,'15',738,,6297,25,4,,2
24200,'84',738,,4939,25,4,,2
31100,'15',757,,6300,64,,,2
31100,'84',757,,4945,64,,,2
32500,'12',822,,6304,37,,,2
32500,'82',822,,4947,37,,,2
35100,'15',739,,6307,52,,,2
35100,'84',739,,4953,51,,,2
38100,'15',743,,6316,56,,,2
38100,'84',743,,4965,56,,,2
