24200,'14',722,,1144,11,,,2
24600,'12',812,,1148,9,,,2
1200000100,'1',553,,1388,33,0,14,1,64,,1390,33,,,1,29,,1391,33,,,1,59,,1392,33,,,1,29,,1394,33,0,16 1 17,1,72,,1389,33,,,1
1200000100,'3',553,,1397,33,0,14,1,64,,1400,33,,,1,29,,1401,33,,,1,59,,1402,33,,,1,29,,1404,33,0,16 1 17,1,72,,1398,33,,,1
1200000100,'4',553,,1406,33,0,14,1,64,,1408,33,,,1,29,,1409,33,,,1,59,,1410,33,,,1,29,,1412,33,0,16 1 17,1,72,,1407,33,,,1
1200000300,'1',615,,1941,33,,,1,15,,1943,33,,,1,14,,1945,33,,,1,10,,1947,33,,,1,49,,1942,33,,,1,15,,1950,33,,,1,14,,1946,33,,,1,15,,1952,33,,,1,57,,1955,33,,,1,16,,1944,33,,,1,15,,1951,33,,,1,15,,1956,33,,,1,55,,1949,33,,,1,15,,1954,33,,,1,15,,1948,33,,,1,20,,1953,33,,,1,60,,1958,33,,,1,20,,1960,33,,,1,20,,1957,33,,,1,60,,1962,33,,,1,20,,1964,33,,,1,22,,1966,33,,,1,60,,1959,33,,,1,20,,1961,33,,,1,20,,1967,33,,,1,56,,1963,33,,,1,20,,1965,33,,,1,22,,1969,33,,,1,60,,1971,33,,,1,18,,1973,33,,,1,25,,1968,33,,,1,71,,1976,35,,,1,27,,1970,35,,,1,69,,1972,35,,,1,33,,1977,35,,,1,69,,1975,35,,,1,73,,1974,35,,,1,21,,1979,33,,,1,30,,1981,33,,,1,61,,1978,33,,,1,30,,1986,33,,,1,72,,1980,33,,,1,34,,1988,33,,,1,65,,1985,33,,,1,25,,1987,33,,,1,68,,1982,33,,,1,28,,1989,33,,,1,70,,1983,33,,,1,27,,1990,33,,,1,73,,1984,33,,,1
1200000300,'3',615,,1991,33,,,1,15,,1994,33,,,1,14,,1996,33,,,1,10,,2001,33,,,1,49,,1992,33,,,1,15,,2002,33,,,1,14,,1998,33,,,1,15,,2004,33,,,1,57,,1997,33,,,1,16,,1995,33,,,1,15,,1993,33,,,1,15,,2003,33,,,1,66,,1999,33,,,1,29,,2005,33,,,1,70,,2006,33,,,1,30,,2008,33,,,1,70,,2000,33,,,1,32,,2010,33,,,1,70,,2007,33,,,1,30,,2009,33,,,1,66,,2011,33,,,1,30,,2013,33,,,1,72,,2015,33,,,1,43,,2017,33,,,1,71,,2012,35,,,1,27,,2014,35,,,1,69,,2016,35,,,1,33,,2018,35,,,1,69,,2019,35,,,1,73,,2022,35,,,1,21,,2023,33,,,1,30,,2021,33,,,1,61,,2020,33,,,1,30,,2029,33,,,1,72,,2024,33,,,1,34,,2031,33,,,1,65,,2028,33,,,1,25,,2030,33,,,1,68,,2025,33,,,1,28,,2032,33,,,1,70,,2026,33,,,1,27,,2033,33,,,1,73,,2027,33,,,1
1200000300,'4',615,,2034,33,,,1,15,,2038,33,,,1,14,,2040,33,,,1,10,,2043,33,,,1,49,,2036,33,,,1,15,,2045,33,,,1,14,,2042,33,,,1,15,,2046,33,,,1,57,,2041,33,,,1,16,,2039,33,,,1,15,,2037,33,,,1,15,,2044,33,,,1,66,,2035,33,,,1,29,,2047,33,,,1,70,,2048,33,,,1,30,,2050,33,,,1,70,,2052,33,,,1,32,,2054,33,,,1,70,,2049,33,,,1,30,,2051,33,,,1,66,,2053,33,,,1,30,,2055,33,,,1,72,,2057,33,,,1,43,,2059,33,,,1,71,,2060,35,,,1,27,,2056,35,,,1,69,,2058,35,,,1,33,,2062,35,,,1,69,,2061,35,,,1,73,,2064,35,,,1,21,,2065,33,,,1,30,,2069,33,,,1,61,,2063,33,,,1,30,,2070,33,,,1,72,,2066,33,,,1,34,,2071,33,,,1,65,,2067,33,,,1,25,,2068,33,,,1,68,,2074,33,,,1,28,,2072,33,,,1,70,,2075,33,,,1,27,,2073,33,,,1,73,,2076,33,,,1
1200000300,'6',641,,2077,33,,,1,70,,2079,33,,,1,30,,2084,33,,,1,70,,2088,33,,,1,32,,2082,33,,,1,70,,2081,33,,,1,28,,2086,33,,,1,70,,2087,33,,,1,31,,2078,33,,,1,69,,2080,33,,,1,31,,2085,33,,,1,70,,2083,33,,,1,29,,2089,33,,,1,72,,2090,33,,,1,31,,2092,33,,,1,71,,2091,33,,,1,29,,2094,33,,,1,69,,2095,33,,,1,30,,2096,33,,,1,71,,2097,33,,,1,29,,2098,33,,,1,69,,2093,33,,,1,30,,2100,33,,,1,69,,2099,33,,,1,34,,2101,33,,,1,95,,2102,33,,,1,97,,2103,33,,,1,99,,2104,33,,,1,98,,2105,33,,,1,169,,2106,33,,,1
1200000300,'7',2054,,2107,33,,,1
1200000300,'9',711,,2108,33,,,1,30,,2110,33,,,1,70,,2113,33,,,1,32,,2115,33,,,1,70,,2109,33,,,1,28,,2112,33,,,1,70,,2114,33,,,1,31,,2117,33,,,1,69,,2118,33,,,1,31,,2111,33,,,1,70,,2119,33,,,1,29,,2116,33,,,1,72,,2120,33,,,1,31,,2122,33,,,1,71,,2121,33,,,1,29,,2124,33,,,1,69,,2125,33,,,1,30,,2126,33,,,1,71,,2127,33,,,1,29,,2128,33,,,1,69,,2123,33,,,1,30,,2130,33,,,1,69,,2129,33,,,1,34,,2131,33,,,1,95,,2132,33,,,1
