3501,'1',544,,6049,10,,,2,94,,6050,12,,,2,82,,6051,12,,,2,98,,6052,12,,,2,84,,6053,12,,,2,39,,6054,12,,,2,85,,6055,12,,,2,85,,6056,12,,,2,46,,6057,12,,,2,85,,6058,12,,,2,85,,6059,12,,,2,85,,6060,12,,,2,45,,6061,12,,,2,98,,6062,12,,,2,84,,6064,12,,,2,82,,6065,12,,,2,82,,6066,12,,,2,44,,6067,12,,,2,74,,6063,12,,,2,79,,6068,12,,,2,26,,6069,12,,,2,31,,6070,12,,,2,67,,6071,12,,,2,78,,6072,12,,,2,30,,6073,12,,,2,68,,6074,12,,,2,25,,6075,12,,,2
3501,'2',705,,6076,12,,,2,30,,6077,12,,,2,70,,6078,12,,,2,30,,6079,12,,,2,69,,6080,12,,,2,33,,6081,12,,,2,86,,6082,12,,,2,85,,6083,12,,,2,47,,6084,12,,,2,87,,6085,12,,,2,89,,6086,12,,,2,85,,6088,12,,,2,86,,6089,12,,,2,45,,6090,12,,,2,85,,6091,12,,,2,84,,6092,12,,,2,43,,6087,12,,,2,82,,6093,12,,,2,78,,6094,12,,,2,85,,6095,12,,,2,30,,6096,12,,,2,68,,6097,12,,,2,28,,6098,12,,,2,70,,6099,12,,,2,30,,6100,12,,,2,28,,6101,12,,,2,65,,6102,12,,,2
3501,'3',835,,6103,12,,,2,69,,6104,12,,,2,33,,6105,12,,,2,86,,6106,12,,,2,85,,6107,12,,,2,47,,6108,12,,,2,87,,6109,12,,,2,89,,6110,12,,,2,85,,6111,12,,,2,86,,6112,12,,,2,45,,6114,12,,,2,85,,6115,12,,,2,84,,6116,12,,,2,43,,6117,12,,,2,82,,6118,12,,,2,78,,6119,12,,,2,85,,6113,12,,,2
3501,'71',547,,4652,10,,,2,96,,4653,12,,,2,70,,4654,12,,,2,110,,4658,12,,,2,80,,4655,12,,,2,40,,4656,12,,,2,97,,4659,12,,,2,102,,4660,12,,,2,98,,4657,12,,,2,101,,4662,12,,,2,102,,4661,12,,,2,113,,4663,12,,,2,73,,4664,12,,,2,76,,4665,12,,,2,34,,4666,12,,,2,104,,4667,12,,,2,90,,4670,12,,,2,92,,4671,12,,,2,98,,4672,12,,,2,108,,4668,12,,,2,93,,4669,12,,,2
3501,'72',658,,4673,12,,,2,100,,4674,12,,,2,101,,4675,12,,,2,100,,4676,12,,,2,100,,4677,12,,,2,141,,4678,12,,,2,106,,4679,12,,,2,102,,4680,12,,,2,101,,4681,12,,,2,100,,4682,12,,,2,92,,4683,12,,,2,57,,4684,12,,,2,96,,4685,12,,,2,150,,4686,12,,,2,98,,4687,12,,,2,98,,4688,12,,,2,58,,4689,12,,,2
3501,'73',859,,4690,12,,,2,100,,4691,12,,,2,100,,4692,12,,,2,141,,4693,12,,,2,106,,4694,12,,,2,102,,4695,12,,,2,101,,4696,12,,,2,100,,4697,12,,,2,92,,4698,12,,,2,57,,4699,12,,,2,96,,4700,12,,,2,103,,4701,12,,,2
35100,'15',708,,6307,9,,,2
35100,'84',710,,4953,9,,,2
35101,'85',1536,,4954,33,,,2
35500,'12',759,,6308,9,,,2
35500,'82',803,,4955,9,,,2
35501,'83',1649,,4956,43,,,2
