2301,'1',636,,471,33,,,2,70,,475,33,,,2,110,,476,33,,,2,39,,453,33,,,2,71,,457,33,,,2,29,,454,33,,,2,74,,458,33,,,2,30,,455,33,,,2,70,,459,33,,,2,76,,456,47,,,2,30,,460,47,,,2,70,,462,47,,,2,31,,461,47,,,2,70,,463,47,,,2,30,,472,47,,,2,76,,477,47,,,2,91,,473,47,,,2,99,,474,51,,,2,101,,466,47,,,2,26,,465,47,,,2,93,,467,47,,,2,89,,468,47,,,2,92,,469,47,,,2,114,,470,47,,,2
2301,'2',636,,496,33,,,2,70,,497,33,,,2,110,,502,33,,,2,39,,478,33,,,2,71,,482,33,,,2,29,,479,33,,,2,74,,483,33,,,2,30,,480,33,,,2,70,,484,33,,,2,76,,481,47,,,2,30,,485,47,,,2,70,,487,47,,,2,31,,486,47,,,2,70,,488,47,,,2,30,,498,47,,,2,76,,493,47,,,2,91,,499,47,,,2,24,,495,47,,,2,75,,500,47,,,2,101,,494,47,,,2,26,,501,47,,,2,93,,489,47,,,2,89,,490,47,,,2,92,,491,47,,,2,114,,492,47,,,2
2301,'6',728,,503,33,,,2,100,,504,33,,,2,101,,505,33,,,2,101,,506,33,,,2,100,,507,33,,,2,106,,508,47,,,2,103,,509,47,,,2,101,,510,47,,,2,101,,511,47,,,2,100,,512,47,,,2,100,,513,47,,,2,95,,514,47,,,2
2301,'8',828,,515,33,,,2,101,,516,33,,,2,101,,517,33,,,2,100,,518,33,,,2,106,,519,47,,,2,103,,520,47,,,2,101,,521,47,,,2,101,,522,47,,,2,100,,523,47,,,2,100,,524,47,,,2,95,,525,47,,,2
23100,'14',704,,1136,11,,,2
23101,'15',1543,,1137,57,,,2
23500,'12',755,,1140,21,,,2
23501,'13',1709,,1141,44,,,2
5002301,'1',1636,,1319,59,,,2,80,,1317,59,,,2,22,,1316,59,,,2,109,,1318,59,,,2
5002301,'2',1702,,1322,59,,,2,29,,1320,59,,,2,115,,1321,59,,,2
