34500,'12',828,,6305,37,,,2
34500,'82',828,,4949,37,,,2
35500,'12',833,,6308,58,,,2
35500,'82',833,,4955,50,,,2
1200000100,'1',646,,7141,65,,,1,71,,7142,65,,,1,21,,7143,65,,,1,69,,7146,65,0,16 1 17,1,30,,7144,65,,,1
1200000100,'71',644,,5061,65,,,1,70,,5062,65,,,1,21,,5063,65,,,1,69,,5066,65,0,16 1 17,1,30,,5064,65,,,1
1200000201,'1',622,,7262,20,,,1,79,,7265,32,,,1,15,,7264,32,,,1,20,,7269,32,,,1,22,,7271,32,,,1,60,,7273,32,,,1,20,,7276,32,,,1,15,,7277,32,,,1,56,,7263,32,,,1,13,,7280,32,,,1,14,,7268,32,,,1,11,,7266,32,,,1,12,,7275,32,,,1,52,,7281,32,,,1,14,,7278,32,,,1,17,,7282,32,,,1,70,,7284,32,,,1,29,,7286,32,,,1,70,,7267,32,,,1,32,,7287,32,,,1,70,,7283,32,,,1,30,,7285,32,,,1,71,,7289,32,,,1,30,,7290,32,,,1,70,,7288,32,,,1,39,,7292,32,,,1,67,,7294,32,,,1,18,,7297,32,,,1,17,,7295,32,,,1,57,,7296,32,,,1,12,,7293,32,,,1,11,,7298,32,,,1,12,,7299,32,,,1,54,,7301,32,,,1,13,,7291,32,,,1,9,,7304,32,,,1,13,,7305,32,,,1,13,,7308,32,,,1,52,,7309,32,,,1,13,,7303,32,,,1,24,,7302,32,,,1,66,,7300,32,,,1,19,,7310,32,,,1,29,,7311,32,,,1,72,,7306,32,,,1,35,,7313,32,,,1,68,,7315,32,,,1,31,,7312,32,,,1,67,,7307,32,,,1,31,,7314,32,,,1,86,,7316,32,,,1
1200000201,'14',1657,,7317,26,,,1
1200000201,'2',653,,7321,20,,,1,79,,7318,32,,,1,70,,7326,32,,,1,31,,7324,32,,,1,71,,7322,32,,,1,31,,7328,32,,,1,72,,7319,32,,,1,31,,7327,32,,,1,71,,7325,32,,,1,32,,7330,32,,,1,70,,7329,32,,,1,31,,7320,32,,,1,72,,7332,32,,,1,31,,7334,32,,,1,70,,7331,32,,,1,30,,7336,32,,,1,71,,7337,32,,,1,30,,7333,32,,,1,69,,7335,32,,,1,31,,7339,32,,,1,72,,7341,32,,,1,29,,7338,32,,,1,66,,7343,32,,,1,29,,7344,32,,,1,65,,7340,32,,,1,25,,7342,32,,,1,27,,7348,32,,,1,69,,7347,32,,,1,31,,7345,32,,,1,67,,7349,32,,,1,28,,7351,32,,,1,70,,7350,32,,,1,30,,7353,32,,,1,70,,7346,32,,,1,29,,7352,32,,,1,89,,7354,32,,,1
1200000201,'27',2239,,7355,25,,,1,70,,7358,25,,,1,29,,7356,25,,,1,83,,7359,25,,,1,28,,7361,25,,,1,70,,7357,25,,,1,30,,7360,25,,,1
1200000201,'28',2238,,7362,25,,,1,70,,7365,25,,,1,30,,7363,25,,,1,83,,7366,25,,,1,28,,7368,25,,,1,70,,7364,25,,,1,30,,7367,25,,,1
1200000201,'29',2238,,7369,25,,,1,70,,7372,25,,,1,30,,7370,25,,,1,83,,7373,25,,,1,28,,7375,25,,,1,70,,7371,25,,,1,30,,7374,25,,,1
1200000201,'3',833,,7377,32,,,1,71,,7379,32,,,1,31,,7381,32,,,1,71,,7383,32,,,1,32,,7384,32,,,1,71,,7388,32,,,1,32,,7386,32,,,1,70,,7390,32,,,1,31,,7387,32,,,1,72,,7385,32,,,1,31,,7389,32,,,1,70,,7392,32,,,1,30,,7391,32,,,1,71,,7393,32,,,1,30,,7395,32,,,1,69,,7397,32,,,1,31,,7400,32,,,1,72,,7402,32,,,1,29,,7394,32,,,1,66,,7396,32,,,1,29,,7398,32,,,1,65,,7401,32,,,1,25,,7403,32,,,1,27,,7405,32,,,1,69,,7404,32,,,1,31,,7399,32,,,1,67,,7406,32,,,1
1200000201,'71',622,,5201,20,,,1,35,,5205,32,,,1,55,,5204,32,,,1,20,,5208,32,,,1,10,,5214,32,,,1,14,,5203,32,,,1,55,,5213,32,,,1,19,,5207,32,,,1,17,,5218,32,,,1,55,,5202,32,,,1,14,,5221,32,,,1,14,,5206,32,,,1,12,,5223,32,,,1,12,,5216,32,,,1,52,,5224,32,,,1,15,,5209,32,,,1,12,,5225,32,,,1,17,,5217,32,,,1,58,,5219,32,,,1,14,,5226,32,,,1,15,,5222,32,,,1,15,,5228,32,,,1,55,,5229,32,,,1,15,,5230,32,,,1,17,,5232,32,,,1,15,,5233,32,,,1,55,,5235,32,,,1,15,,5236,32,,,1,15,,5237,32,,,1,16,,5227,32,,,1,55,,5239,32,,,1,15,,5240,32,,,1,15,,5241,32,,,1,14,,5231,32,,,1,56,,5238,32,,,1,18,,5234,32,,,1,27,,5242,32,,,1,60,,5243,32,,,1,18,,5244,32,,,1,15,,5245,32,,,1,6,,5253,20,,,1,54,,5246,32,,,1,9,,5247,32,,,1,12,,5249,32,,,1,11,,5251,32,,,1,15,,5254,32,,,1,53,,5255,32,,,1,9,,5256,32,,,1,13,,5259,32,,,1,17,,5260,32,,,1,9,,5257,32,,,1,52,,5258,32,,,1,13,,5250,32,,,1,12,,5248,32,,,1,14,,5261,32,,,1,54,,5252,32,,,1,20,,5262,32,,,1,30,,5263,32,,,1,72,,5265,32,,,1,35,,5267,32,,,1,68,,5269,32,,,1,31,,5264,32,,,1,67,,5266,32,,,1,31,,5268,32,,,1,86,,5270,32,,,1
1200000201,'72',717,,5272,32,,,1,31,,5271,32,,,1,70,,5273,32,,,1,32,,5279,32,,,1,70,,5284,32,,,1,32,,5277,32,,,1,72,,5276,32,,,1,29,,5282,32,,,1,70,,5283,32,,,1,31,,5285,32,,,1,69,,5274,32,,,1,31,,5280,32,,,1,70,,5278,32,,,1,30,,5286,32,,,1,72,,5287,32,,,1,29,,5289,32,,,1,73,,5288,32,,,1,29,,5291,32,,,1,69,,5292,32,,,1,33,,5293,32,,,1,71,,5294,32,,,1,27,,5295,32,,,1,68,,5290,32,,,1,30,,5297,32,,,1,65,,5296,32,,,1,39,,5300,32,,,1,69,,5302,32,,,1,31,,5298,32,,,1,67,,5304,32,,,1,28,,5305,32,,,1,70,,5301,32,,,1,30,,5303,32,,,1,69,,5299,32,,,1,29,,5306,32,,,1,90,,5307,32,,,1
1200000201,'73',818,,5308,32,,,1,32,,5311,32,,,1,70,,5315,32,,,1,32,,5318,32,,,1,72,,5310,32,,,1,29,,5314,32,,,1,70,,5317,32,,,1,31,,5320,32,,,1,69,,5321,32,,,1,31,,5312,32,,,1,70,,5322,32,,,1,30,,5324,32,,,1,72,,5323,32,,,1,29,,5326,32,,,1,73,,5325,32,,,1,29,,5328,32,,,1,69,,5329,32,,,1,33,,5330,32,,,1,71,,5331,32,,,1,27,,5333,32,,,1,68,,5327,32,,,1,30,,5336,32,,,1,65,,5334,32,,,1,39,,5338,32,,,1,69,,5332,32,,,1,31,,5337,32,,,1,67,,5335,32,,,1
1200000201,'81',705,,5339,20,,,1,15,,5340,20,,,1,820,,5341,32,,,1
1200000201,'89',1623,,5345,32,,,1,15,,5346,32,,,1
1200000401,'1',1718,,7635,32,,,1,22,,7633,32,,,1
1200000401,'71',1711,,5572,32,,,1,26,,5571,32,,,1,22,,5575,32,,,1
