3101,'71',649,,4610,4,,,2,64,,4612,4,,,2,95,,4614,4,,,2,110,,4619,4,,,2,85,,4615,4,,,2,47,,4616,4,,,2,96,,4617,4,,,2,87,,4620,4,,,2,85,,4621,4,,,2,86,,4622,4,,,2,48,,4623,4,,,2,86,,4624,4,,,2,80,,4627,4,,,2,16,,4625,4,,,2,78,,4628,4,,,2,25,,4631,4,,,2,66,,4629,4,,,2,36,,4626,4,,,2,68,,4630,4,,,2,251,,4632,4,0,8,2
3501,'71',543,,4652,2,,,2,96,,4653,4,,,2,70,,4654,4,,,2,110,,4658,4,,,2,40,,4655,4,,,2,80,,4656,4,,,2,97,,4659,4,,,2,102,,4660,4,,,2,98,,4657,4,,,2,101,,4662,4,,,2,102,,4661,4,,,2,113,,4663,4,,,2,73,,4664,4,,,2,76,,4665,4,,,2,34,,4666,4,,,2,104,,4667,4,,,2,90,,4670,4,,,2,92,,4671,4,,,2,98,,4672,4,,,2,108,,4668,4,,,2,93,,4669,4,,,2
3501,'72',654,,4673,4,,,2,100,,4674,4,,,2,101,,4675,4,,,2,100,,4676,4,,,2,100,,4677,4,,,2,101,,4678,4,,,2,146,,4679,4,,,2,102,,4680,4,,,2,101,,4681,4,,,2,100,,4682,4,,,2,52,,4683,4,,,2,97,,4684,4,,,2,96,,4685,4,,,2,150,,4686,4,,,2,58,,4687,4,,,2,98,,4688,4,,,2,98,,4689,4,,,2
3501,'73',855,,4690,4,,,2,100,,4691,4,,,2,100,,4692,4,,,2,101,,4693,4,,,2,146,,4694,4,,,2,102,,4695,4,,,2,101,,4696,4,,,2,100,,4697,4,,,2,52,,4698,4,,,2,97,,4699,4,,,2,96,,4700,4,,,2,103,,4701,4,,,2
22900,'87',854,,4929,17,,,2
35100,'84',706,,4953,1,,,2
35101,'85',1531,,4954,25,,,2
35500,'82',759,6,4955,1,,,2
35501,'83',1644,,4956,35,,,2
2000003101,'72',749,,5660,4,,,2,101,,5661,4,,,2,100,,5662,4,,,2,100,,5663,4,,,2,100,,5664,4,,,2,100,,5665,4,,,2,199,,5666,4,,,2,102,,5667,4,,,2,102,,5668,4,,,2,98,,5669,4,,,2,98,,5670,4,0,8,2
2000003101,'73',849,,5672,4,,,2,101,,5673,4,,,2,100,,5674,4,,,2,100,,5675,4,,,2,100,,5676,4,,,2,199,,5677,4,,,2,102,,5678,4,,,2,102,,5679,4,,,2,98,,5680,4,,,2,98,,5681,4,0,8,2
