3101,'1',629,,6013,10,0,8 1 32,2,72,,6011,10,0,8 1 32,2,104,,6015,10,0,8 1 32,2,105,,6016,10,0,8 1 32,2,99,,6017,10,0,8 1 32,2,100,,6018,10,0,8 1 32,2,106,,6019,10,0,8 1 32,2,102,,6020,10,0,8 1 32,2,101,,6021,10,0,8 1 32,2,100,,6022,10,0,8 1 32,2,97,,6023,10,0,8 1 32,2,31,,6026,10,0,8 1 32,2,71,,6027,10,0,8 1 32,2,31,,6024,10,0,8 1 32,2,73,,6028,10,0,8 1 32,2,24,,6025,10,0,8 1 32,2,76,,6029,10,0,8 1 32,2,290,,6030,10,0,8,2
3701,'1',539,,6122,3,0,9,2,81,,6123,10,0,9,2,103,,6124,10,,,2,105,,6125,10,0,9,2,104,,6126,10,0,9,2,97,,6127,10,0,9,2,102,,6128,10,0,9,2,115,,6129,10,0,9,2,102,,6130,10,0,9,2,102,,6131,10,0,9,2,154,,6132,10,0,9,2,142,,6133,10,0,9,2,72,,6134,10,0,9,2,101,,6135,10,0,9,2,96,,6136,10,0,9,2,96,,6137,10,0,9,2,100,,6138,10,0,9,2,100,,6139,10,0,9,2,28,,6140,10,0,9,2
3701,'2',654,,6141,10,0,9,2,100,,6142,10,0,9,2,102,,6143,10,0,9,2,102,,6144,10,0,9,2,142,,6145,10,0,9,2,116,,6146,10,0,9,2,103,,6147,10,0,9,2,100,,6148,10,0,9,2,101,,6149,10,0,9,2,100,,6150,10,0,9,2,101,,6151,10,0,9,2,95,,6152,10,0,9,2,97,,6153,10,0,9,2,96,,6154,10,0,9,2,100,,6155,10,0,9,2,101,,6156,10,0,9,2,98,,6157,10,0,9,2,28,,6158,10,0,9,2
3701,'3',754,,6159,10,0,9,2,102,,6160,10,0,9,2,102,,6161,10,0,9,2,142,,6162,10,0,9,2,116,,6163,10,0,9,2,103,,6164,10,0,9,2,100,,6165,10,0,9,2,101,,6166,10,0,9,2,100,,6167,10,0,9,2,101,,6168,10,0,9,2,95,,6169,10,0,9,2,97,,6170,10,0,9,2
3701,'71',538,,4746,3,0,9,2,185,,4749,10,,,2,105,,4748,10,0,9,2,102,,4747,10,0,9,2,98,,4750,10,0,9,2,102,,4751,10,0,9,2,113,,4752,10,0,9,2,102,,4753,10,0,9,2,102,,4754,10,0,9,2,155,,4755,10,0,9,2,113,,4756,10,0,9,2,100,,4757,10,0,9,2,101,,4758,10,0,9,2,97,,4759,10,0,9,2,97,,4760,10,0,9,2,101,,4761,10,0,9,2,102,,4762,10,0,9,2,28,,4763,10,0,9,2
3701,'72',658,,4764,10,0,9,2,100,,4765,10,0,9,2,142,,4766,10,0,9,2,100,,4767,10,0,9,2,100,,4768,10,0,9,2,112,,4769,10,0,9,2,100,,4770,10,0,9,2,100,,4771,10,0,9,2,102,,4772,10,0,9,2,100,,4773,10,0,9,2,98,,4774,10,0,9,2,100,,4775,10,0,9,2,100,,4776,10,0,9,2,97,,4779,10,0,9,2,100,,4780,10,0,9,2,101,,4781,10,0,9,2,98,,4777,10,0,9,2,28,,4778,10,0,9,2
3701,'73',758,,4782,10,0,9,2,142,,4783,10,0,9,2,100,,4784,10,0,9,2,100,,4785,10,0,9,2,112,,4786,10,0,9,2,100,,4787,10,0,9,2,100,,4788,10,0,9,2,102,,4789,10,0,9,2,100,,4790,10,0,9,2,98,,4791,10,0,9,2,100,,4792,10,0,9,2,109,,4793,10,0,9,2
3901,'1',1637,,6219,18,0,9,2,87,,6217,18,0,9,2,87,,6218,18,0,9,2
3901,'71',1641,,4843,15,,,2,82,,4842,15,,,2,80,,4841,15,,,2
38001,'1',619,,6314,11,,,2,31,,6315,11,,,2
38001,'71',627,,4963,16,,,2,22,,4964,16,,,2
38101,'85',1532,,4966,26,,,2
5003700,'1',630,,6395,10,,,2,76,,6394,10,,,2
5003700,'71',609,,5046,10,,,2,23,,5047,10,,,2,74,,5048,10,,,2
2000003101,'2',737,,7720,10,0,8 1 32,2,101,,7721,10,0,8 1 32,2,101,,7722,10,0,8 1 32,2,101,,7723,10,0,8 1 32,2,101,,7724,10,0,8 1 32,2,101,,7725,10,0,8 1 32,2,215,,7726,10,0,8 1 32,2,101,,7727,10,0,8 1 32,2,101,,7728,10,0,8 1 32,2,96,,7729,10,0,8 1 32,2,90,,7730,10,0,8,2
2000003101,'3',838,,7732,10,0,8 1 32,2,101,,7733,10,0,8 1 32,2,101,,7734,10,0,8 1 32,2,101,,7735,10,0,8 1 32,2,101,,7736,10,0,8 1 32,2,215,,7737,10,0,8 1 32,2,101,,7738,10,0,8 1 32,2,101,,7739,10,0,8 1 32,2,96,,7740,10,0,8 1 32,2,90,,7741,10,0,8,2
