3600,'1',620,,750,22,,,2,137,,751,22,,,2,94,,752,22,,,2,161,,753,22,,,2,101,,754,22,,,2,100,,755,22,,,2,103,,756,22,,,2,100,,757,22,,,2,100,,758,22,,,2,305,,759,22,,,2,90,,760,22,,,2,92,,761,22,,,2,97,,762,22,,,2,104,,763,22,,,2,53,,764,22,,,2
3600,'3',620,,765,22,,,2,137,,766,22,,,2,255,,767,22,,,2,101,,768,22,,,2,100,,770,22,,,2,103,,769,22,,,2,100,,771,22,,,2,100,,772,22,,,2,305,,773,22,,,2,90,,774,22,,,2,92,,775,22,,,2,97,,776,22,,,2,104,,777,22,,,2,53,,778,22,,,2
3600,'4',620,,779,22,,,2,137,,783,22,,,2,255,,782,22,,,2,101,,780,22,,,2,100,,781,22,,,2,103,,784,22,,,2,100,,785,22,,,2,100,,786,22,,,2,305,,787,22,,,2,90,,790,22,,,2,92,,791,22,,,2,97,,792,22,,,2,104,,788,22,,,2,53,,789,22,,,2
3600,'6',734,,793,22,,,2,100,,794,22,,,2,101,,795,22,,,2,100,,796,22,,,2,105,,797,22,,,2,100,,798,22,,,2,100,,799,22,,,2,102,,800,22,,,2,101,,801,22,,,2,99,,802,22,,,2,97,,807,22,,,2,97,,808,22,,,2,91,,809,22,,,2,109,,803,22,,,2,99,,804,22,,,2,97,,805,22,,,2,93,,806,22,,,2
3600,'8',834,,810,22,,,2,101,,811,22,,,2,100,,812,22,,,2,105,,813,22,,,2,100,,814,22,,,2,100,,815,22,,,2,102,,816,22,,,2,101,,817,22,,,2,99,,818,22,,,2,97,,819,22,,,2,97,,820,22,,,2,91,,821,22,,,2
5003600,'1',655,,1343,22,,,2,68,,1342,22,,,2
5003600,'3',655,,1345,22,,,2,68,,1344,22,,,2
5003600,'4',655,,1347,22,,,2,68,,1346,22,,,2
5003601,'1',1617,,1350,36,,,2,85,,1348,36,,,2,22,,1349,36,,,2
5003601,'3',1650,,1351,36,,,2,67,,1352,36,,,2
5003601,'4',1655,,1353,36,,,2,62,,1354,36,,,2
