3101,'1',606,,6012,35,0,8 1 32,2,30,,6014,35,0,8 1 32,2,67,,6013,67,0,8 1 32,2,32,,6011,67,0,8 1 32,2,104,,6015,67,0,8 1 32,2,105,,6016,67,0,8 1 32,2,99,,6017,67,0,8 1 32,2,100,,6018,67,0,8 1 32,2,106,,6019,67,0,8 1 32,2,102,,6020,67,0,8 1 32,2,101,,6021,67,0,8 1 32,2,100,,6022,67,0,8 1 32,2,97,,6023,67,0,8 1 32,2,71,,6026,67,0,8 1 32,2,31,,6027,67,0,8 1 32,2,71,,6024,67,0,8 1 32,2,33,,6028,67,0,8 1 32,2,64,,6025,67,0,8 1 32,2,36,,6029,67,0,8 1 32,2
3800,'1',808,,6171,36,,,2,103,,6172,36,,,2,99,,6173,36,,,2,102,,6174,36,,,2,115,,6175,36,,,2,102,,6176,36,,,2,102,,6177,36,,,2,106,,6178,36,,,2,119,,6179,36,,,2,72,,6180,36,,,2,174,,6181,36,,,2,56,,6182,36,,,2,96,,6183,36,,,2,100,,6184,36,,,2,98,,6185,36,,,2
3800,'2',736,,6186,36,,,2,101,,6187,36,,,2,103,,6188,36,,,2,101,,6189,36,,,2,102,,6190,36,,,2,116,,6191,36,,,2,142,,6192,36,,,2,101,,6193,36,,,2,100,,6194,36,,,2,102,,6195,36,,,2,99,,6196,36,,,2,54,,6197,36,,,2,96,,6198,36,,,2,100,,6199,36,,,2,97,,6200,36,,,2,101,,6201,36,,,2
3800,'3',837,,6202,36,,,2,103,,6203,36,,,2,101,,6204,36,,,2,102,,6205,36,,,2,116,,6206,36,,,2,142,,6207,36,,,2,101,,6208,36,,,2,100,,6209,36,,,2,102,,6210,36,,,2,99,,6211,36,,,2,54,,6212,36,,,2,96,,6213,36,,,2
3800,'71',806,,4794,36,,,2,105,,4795,36,,,2,98,,4796,36,,,2,102,,4797,36,,,2,113,,4798,36,,,2,102,,4799,36,,,2,102,,4800,36,,,2,109,,4801,43,,,2,115,,4802,36,,,2,95,,4803,36,,,2,112,,4804,36,,,2,97,,4805,36,,,2,96,,4806,36,,,2,101,,4807,36,,,2,99,,4808,36,,,2
3800,'72',740,,4809,36,,,2,100,,4810,36,,,2,102,,4811,36,,,2,100,,4812,36,,,2,101,,4813,36,,,2,111,,4814,36,,,2,100,,4815,36,,,2,102,,4816,36,,,2,100,,4817,36,,,2,100,,4818,36,,,2,98,,4819,36,,,2,100,,4820,36,,,2,98,,4822,36,,,2,99,,4823,36,,,2,99,,4824,36,,,2,100,,4821,36,,,2
3800,'73',840,,4825,36,,,2,102,,4826,36,,,2,100,,4827,36,,,2,101,,4828,36,,,2,111,,4829,36,,,2,100,,4830,36,,,2,102,,4831,36,,,2,100,,4832,36,,,2,100,,4833,36,,,2,98,,4834,36,,,2,100,,4835,36,,,2,147,,4836,36,,,2
3900,'1',633,,6215,11,0,32,2,80,,6216,11,0,32,2,31,,6214,11,0,32,2
3900,'71',642,,4838,11,0,14,2,69,,4840,11,0,14,2,38,,4839,11,0,14,2,92,,4837,11,0,14,2
31100,'15',739,,6300,42,,,2
31100,'84',739,,4945,42,,,2
38000,'1',1650,,6312,7,0,38,2,87,,6310,7,0,38,2,86,,6311,7,0,38,2
38000,'71',1654,,4961,7,,,2,82,,4960,7,,,2,79,,4959,7,,,2
38100,'15',720,,6316,28,,,2
38100,'84',720,,4965,28,,,2
38500,'12',811,,6317,14,,,2
38500,'82',811,,4967,14,,,2
5003801,'1',1723,,6398,67,,,2,89,,6397,67,,,2
5003801,'71',1722,,5053,67,,,2,89,,5052,67,,,2
2000003101,'2',709,,7719,36,0,8 1 32,2,102,,7720,68,0,8 1 32,2,101,,7721,68,0,8 1 32,2,101,,7722,68,0,8 1 32,2,101,,7723,68,0,8 1 32,2,101,,7724,68,0,8 1 32,2,101,,7725,68,0,8 1 32,2,215,,7726,68,0,8 1 32,2,101,,7727,68,0,8 1 32,2,101,,7728,68,0,8 1 32,2,96,,7729,68,0,8 1 32,2
2000003101,'3',811,,7731,36,0,8 1 32,2,101,,7732,68,0,8 1 32,2,101,,7733,68,0,8 1 32,2,101,,7734,68,0,8 1 32,2,101,,7735,68,0,8 1 32,2,101,,7736,68,0,8 1 32,2,215,,7737,68,0,8 1 32,2,101,,7738,68,0,8 1 32,2,101,,7739,68,0,8 1 32,2,96,,7740,68,0,8 1 32,2
