2301,'1',1157,,5958,18,,,2,71,,5959,18,,,2,30,,5961,18,,,2,70,,5960,18,,,2,30,,5962,18,,,2,71,,5963,18,,,2,71,,5966,18,,,2,51,,5964,18,,,2,68,,5967,18,,,2,36,,5965,18,,,2,101,,5968,18,,,2,66,,5975,18,,,2,37,,5969,18,,,2,142,,5970,18,,,2,50,,5971,18,,,2,154,,5972,18,,,2
2301,'14',1654,,5979,22,,,2
2301,'2',1214,,5985,18,,,2,101,,5986,18,,,2,101,,5987,18,,,2,100,,5988,18,,,2,100,,5989,18,,,2,101,,5990,18,,,2,97,,5991,18,,,2
2301,'3',1214,,5996,18,,,2,101,,5997,18,,,2,101,,5998,18,,,2,100,,5999,18,,,2,100,,6000,18,,,2,101,,6001,18,,,2,97,,6002,18,,,2
2301,'71',1155,,4558,18,,,2,70,,4562,18,,,2,31,,4564,18,,,2,70,,4563,18,,,2,30,,4565,18,,,2,70,,4566,18,,,2,74,,4576,18,,,2,42,,4567,18,,,2,108,,4568,22,,,2,103,,4570,18,,,2,71,,4575,18,,,2,35,,4571,18,,,2,100,,4572,18,,,2,92,,4573,18,,,2,154,,4574,18,,,2
2301,'72',1225,,4584,18,,,2,102,,4585,18,,,2,101,,4586,18,,,2,101,,4587,18,,,2,100,,4588,18,,,2,102,,4589,18,,,2,96,,4590,18,,,2
2301,'73',1225,,4595,18,,,2,102,,4596,18,,,2,101,,4597,18,,,2,101,,4598,18,,,2,100,,4599,18,,,2,102,,4600,18,,,2,96,,4601,18,,,2
2301,'88',1650,,4602,22,,,2
23501,'83',1653,,4936,15,,,2
5002301,'1',1703,,6382,28,,,2,25,,6381,28,,,2
5002301,'71',1617,,5032,28,,,2,86,,5031,28,,,2,25,,5030,28,,,2
