11501,'83',1617,,4853,11,,,2
12501,'83',1611,,4857,11,,,2
12601,'83',1620,,4859,11,,,2
12701,'83',1611,,4861,11,,,2
1001101,'1',609,,6326,29,,,1,33,,6323,29,,,1,71,,6327,29,,,1,33,,6324,29,,,1,63,,6320,29,,,1,41,,6325,29,,,1,83,,6328,29,,,1,70,,6329,29,,,1,35,,6333,29,,,1,70,,6330,29,,,1,35,,6334,29,,,1,70,,6331,29,,,1,33,,6335,29,,,1,70,,6332,29,,,1,37,,6336,29,,,1,70,,6338,29,,,1,88,,6337,29,,,1,31,,6339,29,,,1,85,,6341,29,,,1,25,,6340,29,,,1,63,,6344,29,,,1,27,,6342,29,,,1,74,,6345,29,,,1,29,,6343,29,,,1,71,,6346,29,,,1,100,,6347,29,,,1,99,,6348,29,,,1,100,,6349,29,,,1
1001101,'2',812,,6352,29,,,1,102,,6353,29,,,1,101,,6354,29,,,1,100,,6355,29,,,1,98,,6359,29,,,1,100,,6360,29,,,1,102,,6358,29,,,1,100,,6356,29,,,1,99,,6357,29,,,1,100,,6361,29,,,1,100,,6362,29,,,1,100,,6363,29,,,1,99,,6364,29,,,1,100,,6365,29,,,1,100,,6366,29,,,1
1001101,'3',1015,,6369,29,,,1,100,,6372,29,,,1,98,,6373,29,,,1,100,,6370,29,,,1,102,,6371,29,,,1,100,,6374,29,,,1,99,,6375,29,,,1,100,,6376,29,,,1,100,,6377,29,,,1
1001101,'71',609,,4973,29,,,1,33,,4970,29,,,1,71,,4974,29,,,1,33,,4971,29,,,1,63,,4976,29,,,1,41,,4972,29,,,1,83,,4978,29,,,1,70,,4975,29,,,1,35,,4979,29,,,1,70,,4982,29,,,1,35,,4980,29,,,1,70,,4983,29,,,1,33,,4981,29,,,1,70,,4984,29,,,1,37,,4986,29,,,1,70,,4985,29,,,1,88,,4987,29,,,1,31,,4989,29,,,1,85,,4988,29,,,1,25,,4990,29,,,1,63,,4993,29,,,1,27,,4991,29,,,1,74,,4994,29,,,1,29,,4992,29,,,1,71,,4995,29,,,1,100,,4996,29,,,1,99,,4997,29,,,1,100,,4998,29,,,1
1001101,'72',812,,5000,29,,,1,102,,5001,29,,,1,101,,5002,29,,,1,100,,5004,29,,,1,98,,5005,29,,,1,100,,5006,29,,,1,102,,5007,29,,,1,100,,5008,29,,,1,99,,5009,29,,,1,100,,5010,29,,,1,100,,5011,29,,,1,100,,5012,29,,,1,99,,5013,29,,,1,100,,5014,29,,,1,100,,5015,29,,,1
1001101,'73',1015,,5018,29,,,1,100,,5019,29,,,1,98,,5020,29,,,1,100,,5021,29,,,1,102,,5022,29,,,1,100,,5023,29,,,1,99,,5024,29,,,1,100,,5025,29,,,1,100,,5026,29,,,1
