34501,'83',1633,,4950,32,,,2
35501,'83',1633,,4956,25,,,2
5004200,'11',700,,6399,18,,,2
5004200,'81',701,,5054,18,,,2
905231701,'27',2251,,6491,40,4,,2,69,,6494,40,4,,2,30,,6489,40,4,,2,70,,6492,40,4,,2,30,,6490,40,4,,2,70,,6493,40,4,,2,30,,6495,40,4,,2
905231701,'28',2251,,6498,40,4,,2,69,,6501,40,4,,2,30,,6496,40,4,,2,70,,6499,40,4,,2,30,,6497,40,4,,2,70,,6500,40,4,,2,30,,6502,40,4,,2
905231701,'29',2251,,6505,40,4,,2,69,,6508,40,4,,2,30,,6503,40,4,,2,70,,6506,40,4,,2,30,,6504,40,4,,2,70,,6507,40,4,,2,30,,6509,40,4,,2
1200000101,'1',1549,,7148,44,,,1,72,,7149,44,,,1,31,,7150,44,,,1,71,,7151,44,,,1
1200000101,'71',1547,,5070,44,,,1,72,,5071,44,,,1,31,,5069,44,,,1,72,,5072,44,,,1
1200000200,'1',549,,7154,18,,,1,55,,7153,40,,,1,15,,7158,40,,,1,16,,7159,40,,,1,18,,7160,40,,,1,55,,7162,40,,,1,16,,7163,40,,,1,17,,7152,40,,,1,15,,7165,40,,,1,55,,7157,40,,,1,14,,7155,40,,,1,14,,7161,40,,,1,15,,7166,40,,,1,58,,7164,40,,,1,18,,7167,40,,,1,29,,7169,40,,,1,69,,7171,40,,,1,30,,7156,40,,,1,70,,7172,40,,,1,30,,7168,40,,,1,70,,7170,40,,,1,31,,7174,40,,,1,70,,7175,40,,,1,29,,7173,40,,,1,70,,7177,40,,,1,18,,7179,40,,,1,71,,7180,40,,,1,17,,7181,40,,,1,12,,7178,40,,,1,54,,7182,40,,,1,15,,7183,40,,,1,16,,7185,40,,,1,15,,7176,40,,,1,13,,7188,40,,,1,55,,7189,40,,,1,17,,7192,40,,,1,13,,7193,40,,,1,15,,7187,40,,,1,69,,7186,40,,,1,29,,7184,40,,,1,69,,7190,40,,,1,30,,7196,40,,,1,70,,7197,40,,,1,30,,7199,40,,,1,69,,7200,40,,,1,32,,7194,40,,,1,70,,7191,40,,,1,32,,7198,40,,,1,66,,7201,40,,,1,30,,7195,40,0,14,1
1200000200,'2',727,,7205,40,,,1,30,,7204,40,,,1,71,,7208,40,,,1,30,,7202,40,,,1,70,,7207,40,,,1,30,,7206,40,,,1,71,,7210,40,,,1,30,,7209,40,,,1,70,,7203,40,,,1,71,,7212,40,,,1,30,,7214,40,,,1,70,,7211,40,,,1,30,,7216,40,,,1,71,,7217,40,,,1,30,,7213,40,,,1,69,,7215,40,,,1,30,,7219,40,,,1,70,,7221,40,,,1,30,,7218,40,,,1,70,,7223,40,,,1,30,,7224,40,,,1,29,,7220,40,,,1,68,,7222,40,,,1,28,,7228,40,,,1,70,,7227,40,,,1,31,,7225,40,,,1,69,,7229,40,,,1,29,,7231,40,,,1,70,,7230,40,,,1,30,,7233,40,,,1,70,,7226,40,,,1,30,,7232,40,,,1,70,,7234,40,,,1
1200000200,'3',727,,7235,40,,,1,30,,7236,40,,,1,71,,7237,40,,,1,30,,7238,40,,,1,70,,7239,40,,,1,30,,7243,40,,,1,71,,7241,40,,,1,30,,7245,40,,,1,70,,7242,40,,,1,71,,7240,40,,,1,30,,7244,40,,,1,70,,7247,40,,,1,30,,7246,40,,,1,71,,7248,40,,,1,30,,7250,40,,,1,69,,7252,40,,,1,30,,7255,40,,,1,70,,7257,40,,,1,30,,7249,40,,,1,70,,7251,40,,,1,30,,7253,40,,,1,29,,7256,40,,,1,68,,7258,40,,,1,28,,7260,40,,,1,70,,7259,40,,,1,31,,7254,40,,,1,69,,7261,40,,,1
1200000200,'71',548,,5075,18,,,1,55,,5074,40,,,1,15,,5078,40,,,1,8,,5082,18,,,1,8,,5080,40,,,1,17,,5081,40,,,1,55,,5077,40,,,1,16,,5085,40,,,1,17,,5073,40,,,1,15,,5087,40,,,1,55,,5076,40,,,1,14,,5089,40,,,1,14,,5083,40,,,1,15,,5090,40,,,1,59,,5079,40,,,1,13,,5091,40,,,1,17,,5084,40,,,1,17,,5086,40,,,1,54,,5092,40,,,1,15,,5088,40,,,1,15,,5094,40,,,1,15,,5095,40,,,1,55,,5096,40,,,1,15,,5098,40,,,1,15,,5099,40,,,1,15,,5101,40,,,1,55,,5102,40,,,1,15,,5103,40,,,1,16,,5093,40,,,1,15,,5105,40,,,1,55,,5106,40,,,1,15,,5107,40,,,1,14,,5097,40,,,1,15,,5104,40,,,1,55,,5100,40,,,1,21,,5108,40,,,1,12,,5109,40,,,1,56,,5110,40,,,1,15,,5111,40,,,1,16,,5112,40,,,1,12,,5113,40,,,1,14,,5115,40,,,1,55,,5117,40,,,1,15,,5119,40,,,1,9,,5121,27,,,1,8,,5120,40,,,1,12,,5122,40,,,1,55,,5125,40,,,1,17,,5126,40,,,1,14,,5123,40,,,1,14,,5124,40,,,1,54,,5116,40,,,1,15,,5114,40,,,1,15,,5128,40,,,1,15,,5118,40,,,1,70,,5129,40,,,1,30,,5127,40,,,1,70,,5133,40,,,1,30,,5135,40,,,1,69,,5136,40,,,1,32,,5130,40,,,1,70,,5132,40,,,1,32,,5134,40,,,1,66,,5137,40,,,1,30,,5131,40,0,14,1
1200000200,'72',727,,5139,40,,,1,30,,5142,40,,,1,70,,5143,40,,,1,30,,5144,40,,,1,70,,5138,40,,,1,30,,5141,40,,,1,70,,5140,40,,,1,30,,5145,40,,,1,70,,5146,40,,,1,31,,5148,40,,,1,69,,5147,40,,,1,30,,5150,40,,,1,70,,5151,40,,,1,31,,5152,40,,,1,70,,5153,40,,,1,29,,5154,40,,,1,70,,5149,40,,,1,30,,5156,40,,,1,70,,5155,40,,,1,30,,5159,40,,,1,70,,5158,40,,,1,31,,5161,40,,,1,68,,5162,40,,,1,29,,5163,40,,,1,70,,5165,40,,,1,31,,5157,40,,,1,69,,5167,40,,,1,29,,5168,40,,,1,70,,5164,40,,,1,30,,5166,40,,,1,70,,5160,40,,,1,30,,5169,40,,,1,70,,5170,40,,,1
1200000200,'73',727,,5171,40,,,1,30,,5173,40,,,1,70,,5174,40,,,1,30,,5175,40,,,1,70,,5176,40,,,1,30,,5172,40,,,1,70,,5177,40,,,1,30,,5179,40,,,1,70,,5178,40,,,1,31,,5181,40,,,1,69,,5180,40,,,1,30,,5183,40,,,1,70,,5184,40,,,1,31,,5185,40,,,1,70,,5186,40,,,1,29,,5188,40,,,1,70,,5182,40,,,1,30,,5191,40,,,1,70,,5189,40,,,1,30,,5193,40,,,1,70,,5192,40,,,1,31,,5195,40,,,1,68,,5196,40,,,1,29,,5197,40,,,1,70,,5187,40,,,1,31,,5194,40,,,1,69,,5190,40,,,1
1200000200,'89',642,,5198,18,,,1,61,,5200,18,,,1,47,,5199,9,,,1
1200000400,'1',700,,7629,42,,,1,16,,7630,42,,,1
1200000400,'71',658,,5565,42,,,1,56,,5566,42,,,1,16,,5567,42,,,1,16,,5564,42,,,1
