2301,'1',1156,,5958,16,,,2,71,,5959,16,,,2,30,,5961,16,,,2,70,,5960,16,,,2,30,,5962,16,,,2,71,,5963,16,,,2,31,,5966,16,,,2,91,,5964,16,,,2,68,,5967,16,,,2,36,,5965,16,,,2,101,,5968,16,,,2,66,,5975,16,,,2,37,,5969,16,,,2,142,,5970,16,,,2,50,,5971,16,,,2,154,,5972,16,,,2
2301,'14',1653,,5979,20,,,2
2301,'2',1213,,5985,16,,,2,101,,5986,16,,,2,101,,5987,16,,,2,100,,5988,16,,,2,100,,5989,16,,,2,101,,5990,16,,,2,97,,5991,16,,,2
2301,'3',1213,,5996,16,,,2,101,,5997,16,,,2,101,,5998,16,,,2,100,,5999,16,,,2,100,,6000,16,,,2,101,,6001,16,,,2,97,,6002,16,,,2
2301,'71',1154,,4558,16,,,2,70,,4562,16,,,2,31,,4564,16,,,2,70,,4563,16,,,2,30,,4565,16,,,2,70,,4566,16,,,2,34,,4576,16,,,2,82,,4567,16,,,2,108,,4568,20,,,2,103,,4570,16,,,2,71,,4575,16,,,2,35,,4571,16,,,2,100,,4572,16,,,2,92,,4573,16,,,2,154,,4574,16,,,2
2301,'72',1224,,4584,16,,,2,102,,4585,16,,,2,101,,4586,16,,,2,101,,4587,16,,,2,100,,4588,16,,,2,102,,4589,16,,,2,96,,4590,16,,,2
2301,'73',1224,,4595,16,,,2,102,,4596,16,,,2,101,,4597,16,,,2,101,,4598,16,,,2,100,,4599,16,,,2,102,,4600,16,,,2,96,,4601,16,,,2
2301,'88',1649,,4602,20,,,2
23501,'83',1651,,4936,13,,,2
5002301,'1',1702,,6382,26,,,2,25,,6381,26,,,2
5002301,'71',1616,,5032,26,,,2,86,,5031,26,,,2,25,,5030,26,,,2
