2300,'1',611,,5924,50,,,2,196,,5919,50,,,2,40,,5927,50,,,2,73,,5904,50,,,2,36,,5906,50,,,2,70,,5905,50,,,2,30,,5907,50,,,2,70,,5908,50,,,2,30,,5909,50,,,2,70,,5912,36,,,2,30,,5910,36,,,2,70,,5913,36,,,2,30,,5911,36,,,2,71,,5914,36,,,2,73,,5915,36,,,2,33,,5917,36,,,2,119,,5918,36,,,2,77,,5916,36,,,2,24,,5925,36,,,2,71,,5920,36,,,2,30,,5926,36,,,2,73,,5921,36,,,2,102,,5922,36,,,2,95,,5923,36,,,2
2300,'13',846,,5928,14,0,14 1 15,2
2300,'2',649,,5930,50,,,2,100,,5931,50,,,2,101,,5932,50,,,2,102,,5933,50,,,2,102,,5934,50,,,2,102,,5935,50,,,2,101,,5936,50,,,2,101,,5937,36,,,2,100,,5938,36,,,2,100,,5939,36,,,2,101,,5940,36,,,2,88,,5941,36,,,2
2300,'3',749,,5942,50,,,2,101,,5943,50,,,2,102,,5944,50,,,2,102,,5945,50,,,2,102,,5946,50,,,2,101,,5947,50,,,2,101,,5948,36,,,2,100,,5949,36,,,2,100,,5950,36,,,2,101,,5951,36,,,2,88,,5952,36,,,2
2300,'71',611,,4520,50,,,2,191,,4525,50,,,2,45,,4529,50,0,14 1 15,2,70,,4507,50,,,2,36,,4510,50,,,2,70,,4508,50,,,2,31,,4511,50,,,2,70,,4509,50,,,2,30,,4512,50,,,2,71,,4515,36,,,2,30,,4513,36,,,2,70,,4516,36,,,2,30,,4514,36,,,2,72,,4517,36,,,2,73,,4518,36,,,2,31,,4528,36,,,2,117,,4530,36,,,2,75,,4519,36,,,2,28,,4526,36,,,2,71,,4521,36,,,2,30,,4527,36,,,2,75,,4522,36,,,2,100,,4523,36,,,2,97,,4524,36,,,2
2300,'72',651,,4531,50,,,2,101,,4532,50,,,2,101,,4533,50,,,2,101,,4534,50,,,2,101,,4535,50,,,2,100,,4536,50,,,2,101,,4537,50,,,2,101,,4538,36,,,2,100,,4539,36,,,2,100,,4540,36,,,2,100,,4541,36,,,2,102,,4542,36,,,2
2300,'73',752,,4543,50,,,2,101,,4544,50,,,2,101,,4545,50,,,2,101,,4546,50,,,2,100,,4547,50,,,2,101,,4548,50,,,2,101,,4549,36,,,2,100,,4550,36,,,2,100,,4551,36,,,2,100,,4552,36,,,2,102,,4553,36,,,2
2300,'87',846,,4554,14,0,14 1 15,2
22100,'15',720,,6288,23,,,2
22100,'84',720,,4923,23,,,2
22200,'15',722,,6289,20,,,2
22200,'84',722,,4925,20,,,2
22501,'83',1705,,4928,33,,,2
23100,'15',729,,6293,57,,,2
23100,'84',729,,4931,57,,,2
5002300,'1',639,,6378,50,,,2,67,,6379,50,,,2,30,,6380,50,,,2
5002300,'71',639,,5028,50,,,2,67,,5027,50,,,2,30,,5029,50,,,2
5002400,'1',706,,6384,26,,,2,28,,6383,26,,,2
5002400,'71',706,,5034,26,,,2,28,,5033,26,,,2
5004300,'11',659,,6400,3,,,2,160,,6401,3,,,2
5004300,'81',659,,5055,3,,,2,160,,5056,3,,,2
1200000100,'1',558,,7140,41,0,14,1,64,,7141,41,,,1,30,,7142,41,,,1,60,,7143,41,,,1,30,,7146,41,0,16 1 17,1,70,,7144,41,,,1
1200000100,'71',558,,5060,41,0,14,1,64,,5061,41,,,1,30,,5062,41,,,1,60,,5063,41,,,1,30,,5066,41,0,16 1 17,1,70,,5064,41,,,1
1200000300,'1',620,,7407,41,,,1,16,,7410,41,,,1,14,,7412,41,,,1,51,,7415,41,,,1,10,,7409,41,,,1,16,,7417,41,,,1,14,,7413,41,,,1,15,,7418,41,,,1,54,,7420,41,,,1,16,,7408,41,,,1,15,,7411,41,,,1,15,,7416,41,,,1,70,,7414,41,,,1,32,,7419,41,,,1,73,,7421,41,,,1,70,,7423,41,,,1,30,,7425,41,,,1,72,,7427,41,,,1,30,,7422,41,,,1,70,,7424,41,,,1,28,,7426,41,,,1,70,,7428,41,,,1,29,,7429,41,,,1,74,,7430,41,,,1,31,,7433,43,,,1,67,,7434,43,,,1,28,,7435,43,,,1,72,,7432,43,,,1,31,,7431,43,,,1,73,,7436,43,,,1,24,,7439,41,,,1,27,,7437,41,,,1,61,,7441,41,,,1,30,,7442,41,,,1,72,,7440,41,,,1,33,,7447,41,,,1,66,,7438,41,,,1,27,,7443,41,,,1,70,,7444,41,,,1,30,,7448,41,,,1,66,,7445,41,,,1,30,,7449,41,,,1,68,,7446,41,,,1
1200000300,'2',658,,7450,41,,,1,70,,7453,41,,,1,30,,7456,41,,,1,71,,7459,41,,,1,30,,7451,41,,,1,71,,7454,41,,,1,70,,7457,41,,,1,31,,7460,41,,,1,71,,7452,41,,,1,30,,7455,41,,,1,71,,7458,41,,,1,30,,7461,41,,,1,71,,7462,41,,,1,30,,7466,41,,,1,70,,7472,41,,,1,30,,7469,41,,,1,70,,7463,41,,,1,30,,7467,41,,,1,69,,7473,41,,,1,30,,7470,41,,,1,70,,7464,41,,,1,30,,7468,41,,,1,69,,7474,41,,,1,30,,7471,41,,,1,19,,7465,41,,,1,94,,7475,41,,,1,100,,7476,41,,,1,96,,7477,41,,,1,99,,7478,41,,,1,177,,7479,41,,,1
1200000300,'3',728,,7480,41,,,1,30,,7482,41,,,1,71,,7488,41,,,1,30,,7485,41,,,1,71,,7481,41,,,1,70,,7483,41,,,1,31,,7489,41,,,1,71,,7486,41,,,1,30,,7490,41,,,1,71,,7484,41,,,1,30,,7492,41,,,1,71,,7487,41,,,1,30,,7491,41,,,1,70,,7494,41,,,1,30,,7493,41,,,1,70,,7498,41,,,1,30,,7501,41,,,1,69,,7495,41,,,1,30,,7504,41,,,1,70,,7499,41,,,1,30,,7502,41,,,1,69,,7496,41,,,1,30,,7505,41,,,1,19,,7500,41,,,1,94,,7497,41,,,1,157,,7503,41,,,1
1200000300,'71',620,,5347,41,,,1,16,,5350,41,,,1,14,,5352,41,,,1,51,,5354,41,,,1,10,,5349,41,,,1,10,,5356,41,,,1,10,,5359,41,,,1,10,,5353,41,,,1,15,,5361,41,,,1,54,,5363,41,,,1,16,,5348,41,,,1,15,,5351,41,,,1,15,,5357,41,,,1,55,,5360,41,,,1,15,,5358,41,,,1,15,,5355,41,,,1,60,,5362,41,,,1,20,,5364,41,,,1,20,,5366,41,,,1,60,,5368,41,,,1,20,,5369,41,,,1,20,,5371,41,,,1,62,,5373,41,,,1,20,,5365,41,,,1,20,,5367,41,,,1,60,,5374,41,,,1,18,,5370,41,,,1,20,,5372,41,,,1,59,,5376,41,,,1,20,,5378,41,,,1,19,,5380,41,,,1,65,,5375,41,,,1,31,,5383,43,,,1,67,,5377,43,,,1,29,,5379,43,,,1,73,,5384,43,,,1,29,,5382,43,,,1,73,,5381,43,,,1,21,,5385,41,,,1,30,,5386,41,,,1,61,,5388,41,,,1,30,,5390,41,,,1,72,,5391,41,,,1,33,,5395,41,,,1,66,,5389,41,,,1,27,,5387,41,,,1,70,,5392,41,,,1,30,,5396,41,,,1,66,,5393,41,,,1,30,,5397,41,,,1,68,,5394,41,,,1
1200000300,'72',646,,5398,41,,,1,70,,5399,41,,,1,30,,5404,41,,,1,70,,5408,41,,,1,32,,5402,41,,,1,71,,5401,41,,,1,28,,5406,41,,,1,70,,5407,41,,,1,31,,5409,41,,,1,69,,5400,41,,,1,31,,5405,41,,,1,70,,5403,41,,,1,29,,5410,41,,,1,72,,5411,41,,,1,29,,5413,41,,,1,73,,5412,41,,,1,29,,5415,41,,,1,69,,5416,41,,,1,30,,5417,41,,,1,71,,5418,41,,,1,29,,5419,41,,,1,69,,5414,41,,,1,31,,5421,41,,,1,69,,5420,41,,,1,33,,5422,41,,,1,94,,5423,41,,,1,100,,5424,41,,,1,96,,5425,41,,,1,99,,5426,41,,,1,177,,5427,41,,,1
1200000300,'73',716,,5428,41,,,1,30,,5430,41,,,1,70,,5433,41,,,1,32,,5435,41,,,1,71,,5429,41,,,1,28,,5432,41,,,1,70,,5434,41,,,1,31,,5436,41,,,1,69,,5437,41,,,1,31,,5431,41,,,1,70,,5438,41,,,1,29,,5440,41,,,1,72,,5439,41,,,1,29,,5442,41,,,1,73,,5441,41,,,1,29,,5444,41,,,1,69,,5445,41,,,1,30,,5446,41,,,1,71,,5447,41,,,1,29,,5448,41,,,1,69,,5443,41,,,1,31,,5450,41,,,1,69,,5449,41,,,1,33,,5451,41,,,1,94,,5452,41,,,1,157,,5453,41,,,1
