20000,'1',840,,6243,4,0,38,2,70,,6242,4,0,38,2
20000,'71',840,,4882,4,,,2,70,,4879,4,,,2,27,,4881,4,,,2,69,,4880,4,,,2
5002300,'1',703,,6378,63,4,,2,33,,6379,63,4,,2,69,,6380,63,4,,2
5002300,'71',703,,5028,63,4,,2,33,,5027,63,4,,2,69,,5029,63,4,,2
5002301,'1',1610,,6382,4,,,2,29,,6381,4,,,2
5002301,'71',1529,,5032,4,,,2,81,,5031,4,,,2,29,,5030,4,,,2
5002400,'1',736,,6384,39,4,,2,67,,6383,39,4,,2
5002400,'71',736,,5034,39,4,,2,67,,5033,39,4,,2
5002401,'1',1611,,6385,4,,,2,30,,6386,4,,,2
5002401,'71',1530,,5037,4,,,2,81,,5035,4,,,2,30,,5036,4,,,2
5003400,'1',709,,6388,41,4,,2,23,,6387,41,4,,2
5003400,'71',709,,5039,41,4,,2,22,,5038,41,4,,2
5003401,'1',1607,,6389,4,,,2
5003401,'71',1607,,5040,4,,,2
5003600,'1',731,,6390,29,4,,2
5003600,'71',731,,5042,40,4,,2
5003601,'1',1606,,6393,4,,,2,25,,6392,4,,,2
5003601,'71',1527,,5045,4,,,2,79,,5043,4,,,2,26,,5044,4,,,2
5003700,'1',732,,6395,69,4,,2,77,,6394,69,4,,2
5003700,'71',731,,5047,69,4,,2,76,,5048,69,4,,2
5003701,'1',1635,,6396,4,,,2
5003701,'71',1527,,5050,4,,,2,108,,5049,4,,,2
5003701,'81',1800,,5051,4,,,2
5003801,'1',1607,,6398,4,,,2,97,,6397,4,,,2
5003801,'71',1607,,5053,4,,,2,97,,5052,4,,,2
1200000201,'1',620,,7265,4,,,1,15,,7264,4,,,1,19,,7269,4,,,1,62,,7271,4,,,1,19,,7273,4,,,1,19,,7276,4,,,1,56,,7277,4,,,1,16,,7263,4,,,1,15,,7280,4,,,1,15,,7268,4,,,1,51,,7266,4,,,1,12,,7275,4,,,1,13,,7281,4,,,1,14,,7278,4,,,1,57,,7282,4,,,1,30,,7284,4,,,1,69,,7286,4,,,1,30,,7267,4,,,1,70,,7287,4,,,1,30,,7283,4,,,1,70,,7285,4,,,1,31,,7289,4,,,1,70,,7290,4,,,1,29,,7288,4,,,1,71,,7292,4,,,1,20,,7294,4,,,1,16,,7297,4,,,1,15,,7295,4,,,1,57,,7296,4,,,1,12,,7293,4,,,1,14,,7298,4,,,1,15,,7299,4,,,1,57,,7301,4,,,1,16,,7291,4,,,1,11,,7304,4,,,1,15,,7305,4,,,1,55,,7308,4,,,1,13,,7309,4,,,1,15,,7303,4,,,1,67,,7302,4,,,1,26,,7300,4,,,1,19,,7310,4,,,1,70,,7311,4,,,1,32,,7306,4,,,1,75,,7313,4,,,1,30,,7315,4,,,1,71,,7312,4,,,1,28,,7307,4,,,1,71,,7314,4,,,1,86,,7316,4,,,1
1200000201,'2',657,,7318,4,,,1,70,,7326,4,,,1,30,,7324,4,,,1,71,,7322,4,,,1,31,,7328,4,,,1,70,,7319,4,,,1,30,,7327,4,,,1,71,,7325,4,,,1,71,,7330,4,,,1,30,,7329,4,,,1,71,,7320,4,,,1,32,,7332,4,,,1,70,,7334,4,,,1,30,,7331,4,,,1,70,,7336,4,,,1,31,,7337,4,,,1,70,,7333,4,,,1,29,,7335,4,,,1,70,,7339,4,,,1,32,,7341,4,,,1,70,,7338,4,,,1,30,,7343,4,,,1,69,,7344,4,,,1,27,,7340,4,,,1,25,,7342,4,,,1,68,,7348,4,,,1,29,,7347,4,,,1,71,,7345,4,,,1,27,,7349,4,,,1,68,,7351,4,,,1,31,,7350,4,,,1,70,,7353,4,,,1,30,,7346,4,,,1,69,,7352,4,,,1,89,,7354,4,,,1
1200000201,'3',757,,7377,4,,,1,71,,7379,4,,,1,31,,7381,4,,,1,70,,7383,4,,,1,30,,7384,4,,,1,71,,7388,4,,,1,71,,7386,4,,,1,30,,7390,4,,,1,71,,7387,4,,,1,32,,7385,4,,,1,70,,7389,4,,,1,30,,7392,4,,,1,70,,7391,4,,,1,31,,7393,4,,,1,70,,7395,4,,,1,29,,7397,4,,,1,70,,7400,4,,,1,32,,7402,4,,,1,70,,7394,4,,,1,30,,7396,4,,,1,69,,7398,4,,,1,27,,7401,4,,,1,25,,7403,4,,,1,68,,7405,4,,,1,29,,7404,4,,,1,71,,7399,4,,,1,27,,7406,4,,,1
1200000201,'71',619,,5205,4,,,1,15,,5204,4,,,1,19,,5208,4,,,1,50,,5214,4,,,1,3,,5211,4,4,,1,11,,5203,4,,,1,14,,5213,4,,,1,18,,5207,4,,,1,58,,5218,4,,,1,15,,5202,4,,,1,15,,5221,4,,,1,15,,5206,4,,,1,52,,5223,4,,,1,12,,5216,4,,,1,13,,5224,4,,,1,15,,5209,4,,,1,12,,5225,4,,,1,57,,5217,4,,,1,18,,5219,4,,,1,14,,5226,4,,,1,55,,5222,4,,,1,15,,5228,4,,,1,15,,5229,4,,,1,15,,5230,4,,,1,55,,5232,4,,,1,15,,5233,4,,,1,15,,5235,4,,,1,15,,5236,4,,,1,55,,5237,4,,,1,16,,5227,4,,,1,15,,5239,4,,,1,15,,5240,4,,,1,55,,5241,4,,,1,14,,5231,4,,,1,15,,5238,4,,,1,15,,5234,4,,,1,62,,5242,4,,,1,14,,5243,4,,,1,15,,5244,4,,,1,15,,5245,4,,,1,59,,5246,4,,,1,9,,5247,4,,,1,14,,5249,4,,,1,15,,5251,4,,,1,57,,5254,4,,,1,16,,5255,4,,,1,11,,5256,4,,,1,15,,5259,4,,,1,59,,5260,4,,,1,10,,5257,4,,,1,14,,5258,4,,,1,14,,5250,4,,,1,14,,5248,4,,,1,54,,5261,4,,,1,14,,5252,4,,,1,20,,5262,4,,,1,70,,5263,4,,,1,32,,5265,4,,,1,75,,5267,4,,,1,30,,5269,4,,,1,71,,5264,4,,,1,28,,5266,4,,,1,71,,5268,4,,,1,86,,5270,4,,,1
1200000201,'72',643,,5272,4,,,1,71,,5271,4,,,1,30,,5273,4,,,1,71,,5279,4,,,1,30,,5284,4,,,1,72,,5277,4,,,1,31,,5276,4,,,1,68,,5282,4,,,1,30,,5283,4,,,1,71,,5285,4,,,1,29,,5274,4,,,1,71,,5280,4,,,1,30,,5278,4,,,1,69,,5286,4,,,1,32,,5287,4,,,1,69,,5289,4,,,1,33,,5288,4,,,1,69,,5291,4,,,1,29,,5292,4,,,1,72,,5293,4,,,1,31,,5294,4,,,1,68,,5295,4,,,1,29,,5290,4,,,1,70,,5297,4,,,1,28,,5296,4,,,1,79,,5300,4,,,1,29,,5302,4,,,1,71,,5298,4,,,1,27,,5304,4,,,1,68,,5305,4,,,1,31,,5301,4,,,1,70,,5303,4,,,1,29,,5299,4,,,1,69,,5306,4,,,1,90,,5307,4,,,1
1200000201,'73',744,,5308,4,,,1,71,,5311,4,,,1,30,,5315,4,,,1,72,,5318,4,,,1,31,,5310,4,,,1,68,,5314,4,,,1,30,,5317,4,,,1,71,,5320,4,,,1,29,,5321,4,,,1,71,,5312,4,,,1,30,,5322,4,,,1,69,,5324,4,,,1,32,,5323,4,,,1,69,,5326,4,,,1,33,,5325,4,,,1,69,,5328,4,,,1,29,,5329,4,,,1,72,,5330,4,,,1,31,,5331,4,,,1,68,,5333,4,,,1,29,,5327,4,,,1,70,,5336,4,,,1,28,,5334,4,,,1,79,,5338,4,,,1,29,,5332,4,,,1,71,,5337,4,,,1,27,,5335,4,,,1
1200000201,'81',1455,,5341,4,,,1
1200000201,'89',716,,5342,4,4,,1,24,,5344,4,4,,1,87,,5343,4,4,,1,701,,5345,4,,,1,14,,5346,4,,,1
1200000301,'1',647,,7506,4,,,1,59,,7510,4,,,1,13,,7512,4,4,,1,20,,7516,4,,,1,3,,7509,4,4,,1,16,,7518,4,4,,1,49,,7511,4,,,1,12,,7514,4,4,,1,15,,7519,4,,,1,66,,7507,4,,,1,30,,7517,4,,,1,27,,7515,4,,,1,73,,7520,4,,,1,73,,7521,4,,,1,30,,7523,4,,,1,70,,7525,4,,,1,32,,7527,4,,,1,70,,7522,4,,,1,30,,7524,4,,,1,68,,7526,4,,,1,30,,7528,4,,,1,69,,7529,4,,,1,18,,7532,4,,,1,18,,7530,4,,,1,15,,7535,4,,,1,59,,7534,4,,,1,13,,7539,4,,,1,16,,7537,4,,,1,17,,7538,4,,,1,58,,7541,4,,,1,17,,7533,4,,,1,15,,7536,4,,,1,56,,7531,4,,,1,34,,7540,4,,,1,63,,7544,4,,,1,24,,7542,4,,,1,31,,7543,4,,,1,70,,7545,4,,,1,30,,7546,4,,,1,73,,7549,4,,,1
1200000301,'2',726,,7553,4,,,1,30,,7556,4,,,1,71,,7559,4,,,1,31,,7562,4,,,1,70,,7554,4,,,1,31,,7557,4,,,1,70,,7560,4,,,1,71,,7563,4,,,1,31,,7555,4,,,1,71,,7558,4,,,1,31,,7561,4,,,1,70,,7564,4,,,1,31,,7565,4,,,1,70,,7568,4,,,1,30,,7574,4,,,1,70,,7571,4,,,1,30,,7566,4,,,1,70,,7569,4,,,1,31,,7575,4,,,1,68,,7572,4,,,1,30,,7567,4,,,1,69,,7570,4,,,1,28,,7576,4,,,1,27,,7573,4,,,1
1200000301,'3',756,,7604,4,,,1,71,,7606,4,,,1,31,,7612,4,,,1,70,,7609,4,,,1,31,,7605,4,,,1,70,,7607,4,,,1,71,,7613,4,,,1,31,,7610,4,,,1,71,,7614,4,,,1,31,,7608,4,,,1,70,,7616,4,,,1,31,,7611,4,,,1,70,,7615,4,,,1,30,,7618,4,,,1,70,,7617,4,,,1,30,,7621,4,,,1,70,,7623,4,,,1,31,,7619,4,,,1,68,,7627,4,,,1,30,,7622,4,,,1,69,,7624,4,,,1,28,,7620,4,,,1,27,,7628,4,,,1
1200000301,'71',647,,5454,4,,,1,59,,5458,4,,,1,13,,5459,4,4,,1,13,,5462,4,4,,1,9,,5466,4,,,1,1,,5457,4,4,,1,10,,5464,4,4,,1,50,,5468,4,4,,1,5,,5463,4,,,1,4,,5461,4,4,,1,24,,5469,4,,,1,67,,5455,4,,,1,30,,5465,4,,,1,27,,5467,4,,,1,76,,5470,4,,,1,20,,5471,4,,,1,60,,5473,4,,,1,20,,5475,4,,,1,20,,5476,4,,,1,60,,5478,4,,,1,22,,5480,4,,,1,20,,5472,4,,,1,60,,5474,4,,,1,20,,5481,4,,,1,18,,5477,4,,,1,60,,5479,4,,,1,19,,5483,4,,,1,20,,5484,4,,,1,55,,5485,4,,,1,11,,5486,4,,,1,18,,5482,4,,,1,15,,5494,4,,,1,59,,5490,4,,,1,13,,5493,4,,,1,16,,5488,4,,,1,17,,5487,4,,,1,58,,5497,4,,,1,19,,5496,4,,,1,13,,5495,4,,,1,58,,5492,4,,,1,13,,5489,4,,,1,19,,5491,4,,,1,20,,5498,4,,,1,67,,5499,4,,,1,31,,5501,4,,,1,70,,5500,4,,,1,30,,5502,4,,,1,73,,5505,4,,,1
1200000301,'72',726,,5511,4,,,1,30,,5510,4,,,1,71,,5514,4,,,1,30,,5515,4,,,1,70,,5516,4,,,1,30,,5509,4,,,1,70,,5513,4,,,1,30,,5512,4,,,1,70,,5517,4,,,1,30,,5518,4,,,1,71,,5520,4,,,1,29,,5519,4,,,1,71,,5522,4,,,1,30,,5523,4,,,1,71,,5524,4,,,1,30,,5525,4,,,1,69,,5526,4,,,1,30,,5521,4,,,1,72,,5528,4,,,1,70,,5527,4,,,1,30,,5530,4,,,1,29,,5529,4,,,1,70,,5531,4,,,1,24,,5535,4,,,1
1200000301,'73',756,,5539,4,,,1,71,,5541,4,,,1,30,,5542,4,,,1,70,,5543,4,,,1,30,,5544,4,,,1,70,,5540,4,,,1,30,,5545,4,,,1,70,,5547,4,,,1,30,,5546,4,,,1,71,,5549,4,,,1,29,,5548,4,,,1,71,,5551,4,,,1,30,,5552,4,,,1,71,,5553,4,,,1,30,,5554,4,,,1,69,,5555,4,,,1,30,,5550,4,,,1,72,,5557,4,,,1,70,,5556,4,,,1,30,,5559,4,,,1,29,,5558,4,,,1,70,,5560,4,,,1,24,,5563,4,,,1
1200000401,'1',738,,7631,4,4,,1,19,,7632,4,4,,1,860,,7635,4,,,1,27,,7633,4,,,1
1200000401,'71',752,,5569,4,4,,1,56,,5570,4,4,,1,15,,5568,4,4,,1,790,,5572,4,,,1,31,,5571,4,,,1,67,,5575,4,,,1
