13800,'62',835,,3187,15,,,2
34500,'62',833,,3273,40,,,2
35500,'62',837,,3279,53,,,2
1200000100,'51',647,,3407,68,0,34 35 6 31,1,71,,3408,68,0,34 35 6 31,1,21,,3409,68,0,34 35 6 31,1,69,,3412,68,0,16 1 17,1,30,,3410,68,0,34 35 6 31,1
1200000201,'51',626,,3604,23,0,29,1,75,,3608,35,0,29,1,8,,3620,23,0,29,1,7,,3607,35,0,29,1,8,,3615,23,0,29,1,12,,3611,35,0,29,1,10,,3619,35,0,29,1,54,,3606,35,0,29,1,15,,3618,35,0,29,1,19,,3610,35,0,29,1,17,,3625,35,0,29,1,55,,3605,35,0,29,1,14,,3628,35,0,29,1,14,,3609,35,0,29,1,12,,3621,35,0,29,1,12,,3623,35,0,29,1,52,,3616,35,0,29,1,15,,3612,35,0,29,1,12,,3629,35,0,29,1,17,,3624,35,0,29,1,58,,3626,35,0,29,1,14,,3630,35,0,29,1,15,,3632,35,0,29,1,15,,3633,35,0,29,1,55,,3635,35,0,29,1,15,,3636,35,0,29,1,17,,3638,35,0,29,1,15,,3639,35,0,29,1,55,,3640,35,0,29,1,15,,3641,35,0,29,1,15,,3642,35,0,29,1,16,,3631,35,0,29,1,55,,3634,35,0,29,1,15,,3644,35,0,29,1,15,,3645,35,0,29,1,14,,3637,35,0,29,1,56,,3643,35,0,29,1,18,,3647,35,0,29,1,12,,3650,35,0,29,1,15,,3648,35,0,29,1,60,,3649,35,0,29,1,18,,3651,35,0,29,1,15,,3652,35,0,29,1,6,,3659,23,0,29,1,54,,3654,35,0,29,1,9,,3655,35,0,29,1,12,,3646,35,0,29,1,11,,3656,35,0,29,1,15,,3660,35,0,29,1,53,,3662,35,0,29,1,9,,3661,35,0,29,1,13,,3666,35,0,29,1,12,,3663,35,0,29,1,8,,3653,35,0,29,1,46,,3665,35,0,29,1,12,,3658,35,0,29,1,13,,3668,35,0,29,1,12,,3664,35,0,29,1,14,,3670,35,0,29,1,54,,3657,35,0,29,1,20,,3671,35,0,29,1,29,,3672,35,0,29,1,72,,3669,35,0,29,1,75,,3674,35,0,29,1,28,,3676,35,0,29,1,71,,3673,35,0,29,1,27,,3667,35,0,29,1,31,,3675,35,0,29,1,86,,3677,35,0,29,1
1200000201,'52',720,,3679,35,0,29,1,31,,3678,35,0,29,1,70,,3680,35,0,29,1,32,,3686,35,0,29,1,71,,3691,35,0,29,1,32,,3684,35,0,29,1,71,,3683,35,0,29,1,29,,3689,35,0,29,1,70,,3690,35,0,29,1,31,,3692,35,0,29,1,70,,3681,35,0,29,1,31,,3687,35,0,29,1,70,,3685,35,0,29,1,30,,3693,35,0,29,1,72,,3694,35,0,29,1,29,,3696,35,0,29,1,73,,3695,35,0,29,1,69,,3698,35,0,29,1,29,,3699,35,0,29,1,73,,3700,35,0,29,1,31,,3701,35,0,29,1,67,,3702,35,0,29,1,28,,3697,35,0,29,1,29,,3704,35,0,29,1,65,,3703,35,0,29,1,79,,3707,35,0,29,1,29,,3709,35,0,29,1,71,,3705,35,0,29,1,27,,3711,35,0,29,1,28,,3712,35,0,29,1,69,,3708,35,0,29,1,30,,3710,35,0,29,1,69,,3706,35,0,29,1,29,,3713,35,0,29,1,90,,3714,35,0,29,1
1200000201,'53',821,,3715,35,0,29,1,32,,3718,35,0,29,1,71,,3722,35,0,29,1,32,,3725,35,0,29,1,71,,3717,35,0,29,1,29,,3721,35,0,29,1,70,,3724,35,0,29,1,31,,3727,35,0,29,1,70,,3728,35,0,29,1,31,,3719,35,0,29,1,70,,3729,35,0,29,1,30,,3731,35,0,29,1,72,,3730,35,0,29,1,29,,3733,35,0,29,1,73,,3732,35,0,29,1,69,,3735,35,0,29,1,29,,3736,35,0,29,1,73,,3737,35,0,29,1,31,,3738,35,0,29,1,67,,3740,35,0,29,1,28,,3734,35,0,29,1,29,,3743,35,0,29,1,65,,3741,35,0,29,1,79,,3745,35,0,29,1,29,,3739,35,0,29,1,71,,3744,35,0,29,1,27,,3742,35,0,29,1
1200000201,'54',659,,3751,23,0,29,1,60,,3748,35,0,29,1,15,,3746,35,0,12 13,1,15,,3757,35,0,29,1,55,,3749,35,0,12 13,1,15,,3761,35,0,29,1,15,,3755,35,0,12 13,1,16,,3766,35,0,29,1,57,,3752,35,0,12 13,1,15,,3747,35,0,29,1,15,,3764,35,0,12 13,1,15,,3750,35,0,29,1,55,,3758,35,0,12 13,1,15,,3756,35,0,29,1,16,,3762,35,0,12 13,1,15,,3753,35,0,29,1,54,,3767,35,0,12 13,1,15,,3765,35,0,29,1,15,,3759,35,0,12 13,1,15,,3772,35,0,29,1,56,,3770,35,0,12 13,1,15,,3763,35,0,29,1,15,,3773,35,0,12 13,1,15,,3777,35,0,29,1,56,,3775,35,0,12 13,1,14,,3760,35,0,29,1,16,,3768,35,0,12 13,1,16,,3771,35,0,29,1,55,,3779,35,0,12 13,1,15,,3774,35,0,29,1,15,,3781,35,0,12 13,1,16,,3776,35,0,29,1,55,,3783,35,0,12 13,1,15,,3769,35,0,29,1,15,,3785,35,0,12 13,1,14,,3780,35,0,29,1,55,,3788,35,0,12 13,1,15,,3782,35,0,29,1,16,,3778,35,0,12 13,1,16,,3784,35,0,29,1,56,,3792,35,0,12 13,1,15,,3786,35,0,29,1,15,,3790,35,0,12 13,1,15,,3789,35,0,29,1,53,,3795,35,0,12 13,1,15,,3797,35,0,29,1,14,,3794,35,0,12 13,1,14,,3799,35,0,29,1,54,,3793,35,0,12 13,1,25,,3791,35,0,29,1,69,,3801,35,0,29,1,29,,3787,35,0,29,1,71,,3800,35,0,29,1,27,,3802,35,0,29,1,28,,3803,35,0,29,1,69,,3798,35,0,29,1,30,,3806,35,0,29,1,69,,3796,35,0,29,1,29,,3804,35,0,29,1,90,,3805,35,0,29,1
1200000201,'69',1627,,3810,35,0,29,1,15,,3811,35,0,29,1
1200000401,'51',1715,,4099,35,0,31,1,26,,4098,35,0,31,1,62,,4102,35,0,31,1
