13100,'15',746,,6233,65,,,2
13100,'84',746,,4864,65,,,2
32501,'83',1622,,4948,25,,,2
34501,'83',1625,,4950,22,,,2
35501,'83',1630,,4956,22,,,2
5004200,'11',656,,6399,15,,,2
5004200,'81',658,,5054,15,,,2
905231701,'27',2249,,6491,37,4,,2,69,,6494,37,4,,2,30,,6489,37,4,,2,70,,6492,37,4,,2,30,,6490,37,4,,2,70,,6493,37,4,,2,30,,6495,37,4,,2
905231701,'28',2249,,6498,37,4,,2,69,,6501,37,4,,2,30,,6496,37,4,,2,70,,6499,37,4,,2,30,,6497,37,4,,2,70,,6500,37,4,,2,30,,6502,37,4,,2
905231701,'29',2249,,6505,37,4,,2,69,,6508,37,4,,2,30,,6503,37,4,,2,70,,6506,37,4,,2,30,,6504,37,4,,2,70,,6507,37,4,,2,30,,6509,37,4,,2
1200000101,'1',1545,,7148,41,,,1,72,,7149,41,,,1,31,,7150,41,,,1,71,,7151,41,,,1
1200000101,'71',1544,,5070,41,,,1,72,,5071,41,,,1,31,,5069,41,,,1,73,,5072,41,,,1
1200000200,'1',546,,7154,15,,,1,55,,7153,37,,,1,15,,7158,37,,,1,16,,7159,37,,,1,17,,7160,37,,,1,55,,7162,37,,,1,16,,7163,37,,,1,17,,7152,37,,,1,15,,7165,37,,,1,55,,7157,37,,,1,14,,7155,37,,,1,14,,7161,37,,,1,15,,7166,37,,,1,59,,7164,37,,,1,18,,7167,37,,,1,29,,7169,37,,,1,69,,7171,37,,,1,30,,7156,37,,,1,70,,7172,37,,,1,30,,7168,37,,,1,70,,7170,37,,,1,31,,7174,37,,,1,70,,7175,37,,,1,29,,7173,37,,,1,70,,7177,37,,,1,18,,7179,37,,,1,71,,7180,37,,,1,16,,7181,37,,,1,12,,7178,37,,,1,14,,7182,37,,,1,55,,7183,37,,,1,16,,7185,37,,,1,16,,7176,37,,,1,12,,7188,37,,,1,55,,7189,37,,,1,17,,7192,37,,,1,14,,7193,37,,,1,15,,7187,37,,,1,69,,7186,37,,,1,29,,7184,37,,,1,70,,7190,37,,,1,30,,7196,37,,,1,70,,7197,37,,,1,30,,7199,37,,,1,69,,7200,37,,,1,32,,7194,37,,,1,70,,7191,37,,,1,32,,7198,37,,,1,66,,7201,37,,,1,30,,7195,37,0,14,1
1200000200,'2',724,,7205,37,,,1,30,,7204,37,,,1,71,,7208,37,,,1,30,,7202,37,,,1,70,,7207,37,,,1,30,,7206,37,,,1,71,,7210,37,,,1,30,,7209,37,,,1,70,,7203,37,,,1,31,,7212,37,,,1,70,,7214,37,,,1,30,,7211,37,,,1,70,,7216,37,,,1,30,,7217,37,,,1,70,,7213,37,,,1,30,,7215,37,,,1,70,,7219,37,,,1,30,,7221,37,,,1,70,,7218,37,,,1,30,,7223,37,,,1,70,,7224,37,,,1,29,,7220,37,,,1,69,,7222,37,,,1,28,,7228,37,,,1,70,,7227,37,,,1,31,,7225,37,,,1,69,,7229,37,,,1,29,,7231,37,,,1,70,,7230,37,,,1,30,,7233,37,,,1,70,,7226,37,,,1,30,,7232,37,,,1,70,,7234,37,,,1
1200000200,'3',724,,7235,37,,,1,30,,7236,37,,,1,71,,7237,37,,,1,30,,7238,37,,,1,70,,7239,37,,,1,30,,7243,37,,,1,71,,7241,37,,,1,30,,7245,37,,,1,70,,7242,37,,,1,31,,7240,37,,,1,70,,7244,37,,,1,30,,7247,37,,,1,70,,7246,37,,,1,30,,7248,37,,,1,70,,7250,37,,,1,30,,7252,37,,,1,70,,7255,37,,,1,30,,7257,37,,,1,70,,7249,37,,,1,30,,7251,37,,,1,70,,7253,37,,,1,29,,7256,37,,,1,69,,7258,37,,,1,28,,7260,37,,,1,70,,7259,37,,,1,31,,7254,37,,,1,69,,7261,37,,,1
1200000200,'71',546,,5075,15,,,1,55,,5074,37,,,1,15,,5078,37,,,1,8,,5082,15,,,1,7,,5080,37,,,1,17,,5081,37,,,1,55,,5077,37,,,1,16,,5085,37,,,1,17,,5073,37,,,1,15,,5087,37,,,1,55,,5076,37,,,1,14,,5089,37,,,1,14,,5083,37,,,1,15,,5090,37,,,1,59,,5079,37,,,1,14,,5091,37,,,1,17,,5084,37,,,1,17,,5086,37,,,1,54,,5092,37,,,1,15,,5088,37,,,1,15,,5094,37,,,1,15,,5095,37,,,1,55,,5096,37,,,1,15,,5098,37,,,1,15,,5099,37,,,1,15,,5101,37,,,1,55,,5102,37,,,1,15,,5103,37,,,1,16,,5093,37,,,1,15,,5105,37,,,1,55,,5106,37,,,1,15,,5107,37,,,1,14,,5097,37,,,1,15,,5104,37,,,1,55,,5100,37,,,1,21,,5108,37,,,1,12,,5109,37,,,1,16,,5110,37,,,1,55,,5111,37,,,1,15,,5112,37,,,1,12,,5113,37,,,1,14,,5115,37,,,1,55,,5117,37,,,1,15,,5119,37,,,1,9,,5121,24,,,1,8,,5120,37,,,1,12,,5122,37,,,1,55,,5125,37,,,1,17,,5126,37,,,1,14,,5123,37,,,1,15,,5124,37,,,1,54,,5116,37,,,1,15,,5114,37,,,1,15,,5128,37,,,1,15,,5118,37,,,1,70,,5129,37,,,1,30,,5127,37,,,1,70,,5133,37,,,1,30,,5135,37,,,1,69,,5136,37,,,1,32,,5130,37,,,1,70,,5132,37,,,1,32,,5134,37,,,1,66,,5137,37,,,1,30,,5131,37,0,14,1
1200000200,'72',725,,5139,37,,,1,30,,5142,37,,,1,70,,5143,37,,,1,30,,5144,37,,,1,70,,5138,37,,,1,30,,5141,37,,,1,70,,5140,37,,,1,30,,5145,37,,,1,70,,5146,37,,,1,31,,5148,37,,,1,69,,5147,37,,,1,30,,5150,37,,,1,70,,5151,37,,,1,30,,5152,37,,,1,70,,5153,37,,,1,30,,5154,37,,,1,70,,5149,37,,,1,30,,5156,37,,,1,70,,5155,37,,,1,30,,5159,37,,,1,70,,5158,37,,,1,31,,5161,37,,,1,68,,5162,37,,,1,29,,5163,37,,,1,70,,5165,37,,,1,31,,5157,37,,,1,69,,5167,37,,,1,29,,5168,37,,,1,70,,5164,37,,,1,30,,5166,37,,,1,70,,5160,37,,,1,30,,5169,37,,,1,70,,5170,37,,,1
1200000200,'73',725,,5171,37,,,1,30,,5173,37,,,1,70,,5174,37,,,1,30,,5175,37,,,1,70,,5176,37,,,1,30,,5172,37,,,1,70,,5177,37,,,1,30,,5179,37,,,1,70,,5178,37,,,1,31,,5181,37,,,1,69,,5180,37,,,1,30,,5183,37,,,1,70,,5184,37,,,1,30,,5185,37,,,1,70,,5186,37,,,1,30,,5188,37,,,1,70,,5182,37,,,1,30,,5191,37,,,1,70,,5189,37,,,1,30,,5193,37,,,1,70,,5192,37,,,1,31,,5195,37,,,1,68,,5196,37,,,1,29,,5197,37,,,1,70,,5187,37,,,1,31,,5194,37,,,1,69,,5190,37,,,1
1200000200,'89',639,,5198,15,,,1,61,,5200,15,,,1,47,,5199,6,,,1
1200000400,'1',656,,7629,39,,,1,56,,7630,39,,,1
1200000400,'71',655,,5565,39,,,1,56,,5566,39,,,1,16,,5567,39,,,1,16,,5564,39,,,1
