2301,'1',627,,5973,13,,,2,30,,5974,13,,,2,150,,5976,13,,,2,41,,5953,13,,,2,72,,5977,13,,,2,23,,5954,13,,,2,81,,5955,13,,,2,30,,5957,13,,,2,70,,5956,13,,,2,30,,5958,13,,,2,71,,5959,13,,,2,30,,5961,13,,,2,70,,5960,13,,,2,30,,5962,13,,,2,71,,5963,13,,,2,31,,5966,13,,,2,91,,5964,13,,,2,68,,5967,13,,,2,35,,5965,13,,,2,102,,5968,13,,,2,66,,5975,13,,,2,37,,5969,13,,,2,102,,5970,13,,,2,90,,5971,13,,,2,154,,5972,13,,,2
2301,'14',1650,,5979,17,,,2
2301,'2',704,,5980,13,,,2,100,,5981,13,,,2,101,,5982,13,,,2,102,,5983,13,,,2,102,,5984,13,,,2,102,,5985,13,,,2,101,,5986,13,,,2,101,,5987,13,,,2,100,,5988,13,,,2,100,,5989,13,,,2,101,,5990,13,,,2,97,,5991,13,,,2
2301,'3',804,,5992,13,,,2,101,,5993,13,,,2,102,,5994,13,,,2,102,,5995,13,,,2,102,,5996,13,,,2,101,,5997,13,,,2,101,,5998,13,,,2,100,,5999,13,,,2,100,,6000,13,,,2,101,,6001,13,,,2,97,,6002,13,,,2
2301,'71',627,,4569,13,,,2,30,,4577,13,,,2,150,,4578,13,,,2,38,,4555,13,,,2,72,,4559,13,,,2,29,,4556,13,,,2,75,,4560,13,,,2,31,,4557,13,,,2,70,,4561,13,,,2,30,,4558,13,,,2,70,,4562,13,,,2,31,,4564,13,,,2,70,,4563,13,,,2,30,,4565,13,,,2,70,,4566,13,,,2,34,,4576,13,,,2,82,,4567,13,,,2,107,,4568,17,,,2,104,,4570,13,,,2,71,,4575,13,,,2,35,,4571,13,,,2,100,,4572,13,,,2,92,,4573,13,,,2,154,,4574,13,,,2
2301,'72',719,,4579,13,,,2,100,,4580,13,,,2,101,,4581,13,,,2,102,,4582,13,,,2,100,,4583,13,,,2,100,,4584,13,,,2,102,,4585,13,,,2,101,,4586,13,,,2,101,,4587,13,,,2,100,,4588,13,,,2,102,,4589,13,,,2,96,,4590,13,,,2
2301,'73',819,,4591,13,,,2,101,,4592,13,,,2,102,,4593,13,,,2,100,,4594,13,,,2,100,,4595,13,,,2,102,,4596,13,,,2,101,,4597,13,,,2,101,,4598,13,,,2,100,,4599,13,,,2,102,,4600,13,,,2,96,,4601,13,,,2
2301,'88',1646,,4602,17,,,2
22501,'83',1700,,4928,25,,,2
23501,'83',1649,,4936,10,,,2
5002301,'1',1700,,6382,23,,,2,25,,6381,23,,,2
5002301,'71',1614,,5032,23,,,2,86,,5031,23,,,2,25,,5030,23,,,2
