2301,'1',1203,,5958,32,,,2,31,,5959,32,,,2,70,,5961,32,,,2,30,,5960,32,,,2,70,,5962,32,,,2,31,,5963,32,,,2,71,,5966,32,,,2,51,,5964,32,,,2,68,,5967,32,,,2,76,,5965,32,,,2,101,,5968,32,,,2,26,,5975,32,,,2,77,,5969,32,,,2,102,,5970,32,,,2,50,,5971,32,,,2,154,,5972,32,,,2
2301,'2',1220,,5985,32,,,2,101,,5986,32,,,2,101,,5987,32,,,2,100,,5988,32,,,2,100,,5989,32,,,2,101,,5990,32,,,2,97,,5991,32,,,2
2301,'3',1220,,5996,32,,,2,101,,5997,32,,,2,101,,5998,32,,,2,100,,5999,32,,,2,100,,6000,32,,,2,101,,6001,32,,,2,97,,6002,32,,,2
2301,'71',1201,,4558,32,,,2,30,,4562,32,,,2,71,,4564,32,,,2,30,,4563,32,,,2,70,,4565,32,,,2,30,,4566,32,,,2,74,,4576,32,,,2,42,,4567,32,,,2,108,,4568,36,,,2,103,,4570,32,,,2,71,,4575,32,,,2,75,,4571,32,,,2,100,,4572,32,,,2,52,,4573,32,,,2,154,,4574,32,,,2
2301,'72',1231,,4584,32,,,2,102,,4585,32,,,2,101,,4586,32,,,2,101,,4587,32,,,2,100,,4588,32,,,2,102,,4589,32,,,2,96,,4590,32,,,2
2301,'73',1231,,4595,32,,,2,102,,4596,32,,,2,101,,4597,32,,,2,101,,4598,32,,,2,100,,4599,32,,,2,102,,4600,32,,,2,96,,4601,32,,,2
23101,'85',1535,,4932,43,,,2
23501,'83',1702,,4936,29,,,2
5002301,'1',1710,,6382,42,,,2,24,,6381,42,,,2
5002301,'71',1624,,5032,42,,,2,86,,5031,42,,,2,24,,5030,42,,,2
