3401,'1',630,,6039,7,,,2,27,,6040,7,,,2,90,,6041,7,,,2,795,,6042,7,,,2,88,,6043,7,,,2,99,,6044,7,,,2,26,,6045,7,,,2,86,,6046,7,,,2,68,,6047,7,,,2
3401,'14',1644,,6048,11,,,2
3401,'71',630,,4642,7,,,2,27,,4644,7,,,2,90,,4643,7,,,2,803,,4646,7,,,2,91,,4645,11,,,2,72,,4649,7,,,2,39,,4650,7,,,2,87,,4651,7,,,2,66,,4648,7,,,2
23200,'15',726,,6294,27,,,2
32500,'12',811,,6304,23,,,2
32500,'82',811,,4947,23,,,2
34500,'12',806,,6305,6,,,2
34500,'82',806,,4949,6,,,2
35100,'84',728,,4953,37,,,2
5003401,'1',1652,,6389,19,,,2
5003401,'71',1652,,5040,19,,,2
2000003401,'2',744,,7771,7,,,2,85,,7772,7,,,2,85,,7773,7,,,2,45,,7774,7,,,2,89,,7775,7,,,2,85,,7776,7,,,2,88,,7777,7,,,2,81,,7778,7,,,2,134,,7779,7,,,2,86,,7780,7,,,2,84,,7781,7,,,2,48,,7782,7,,,2,84,,7783,7,,,2,81,,7784,7,,,2,82,,7785,7,,,2
2000003401,'3',829,,7786,7,,,2,85,,7787,7,,,2,45,,7788,7,,,2,89,,7789,7,,,2,85,,7790,7,,,2,88,,7791,7,,,2,81,,7792,7,,,2,134,,7793,7,,,2,86,,7794,7,,,2,84,,7795,7,,,2,48,,7796,7,,,2,84,,7797,7,,,2,81,,7798,7,,,2,82,,7799,7,,,2
2000003401,'72',744,,5711,7,,,2,85,,5712,7,,,2,84,,5713,7,,,2,45,,5714,7,,,2,87,,5715,7,,,2,85,,5716,7,,,2,85,,5717,7,,,2,85,,5718,7,,,2,130,,5719,7,,,2,92,,5720,7,,,2,79,,5721,7,,,2,53,,5722,7,,,2,77,,5723,7,,,2,88,,5724,7,,,2,37,,5725,7,,,2
2000003401,'73',829,,5726,7,,,2,84,,5727,7,,,2,45,,5728,7,,,2,87,,5729,7,,,2,85,,5730,7,,,2,85,,5731,7,,,2,85,,5732,7,,,2,130,,5733,7,,,2,92,,5734,7,,,2,79,,5735,7,,,2,53,,5736,7,,,2,77,,5737,7,,,2,88,,5738,7,,,2,37,,5739,7,,,2
