3600,'1',617,,750,14,,,2,136,,751,14,,,2,94,,752,14,,,2,162,,753,14,,,2,101,,754,14,,,2,100,,755,14,,,2,102,,756,14,,,2,100,,757,14,,,2,100,,758,14,,,2,305,,759,14,,,2,90,,760,14,,,2,93,,761,14,,,2,57,,762,14,,,2,144,,763,14,,,2,53,,764,14,,,2
3600,'3',617,,765,14,,,2,136,,766,14,,,2,256,,767,14,,,2,101,,768,14,,,2,100,,770,14,,,2,102,,769,14,,,2,100,,771,14,,,2,100,,772,14,,,2,305,,773,14,,,2,90,,774,14,,,2,93,,775,14,,,2,57,,776,14,,,2,144,,777,14,,,2,53,,778,14,,,2
3600,'4',617,,779,14,,,2,136,,783,14,,,2,256,,782,14,,,2,101,,780,14,,,2,100,,781,14,,,2,102,,784,14,,,2,100,,785,14,,,2,100,,786,14,,,2,305,,787,14,,,2,90,,790,14,,,2,93,,791,14,,,2,57,,792,14,,,2,144,,788,14,,,2,53,,789,14,,,2
3600,'6',729,,793,14,,,2,100,,794,14,,,2,101,,795,14,,,2,100,,796,14,,,2,105,,797,14,,,2,100,,798,14,,,2,100,,799,14,,,2,102,,800,14,,,2,101,,801,14,,,2,99,,802,14,,,2,97,,807,14,,,2,97,,808,14,,,2,91,,809,14,,,2,109,,803,14,,,2,99,,804,14,,,2,97,,805,14,,,2,93,,806,14,,,2
3600,'8',829,,810,14,,,2,101,,811,14,,,2,100,,812,14,,,2,105,,813,14,,,2,100,,814,14,,,2,100,,815,14,,,2,102,,816,14,,,2,101,,817,14,,,2,99,,818,14,,,2,97,,819,14,,,2,97,,820,14,,,2,91,,821,14,,,2
5003600,'1',649,,1343,14,,,2,68,,1342,14,,,2
5003600,'3',649,,1345,14,,,2,68,,1344,14,,,2
5003600,'4',649,,1347,14,,,2,68,,1346,14,,,2
5003601,'1',1612,,1350,28,,,2,45,,1348,28,,,2,62,,1349,28,,,2
5003601,'3',1645,,1351,28,,,2,67,,1352,28,,,2
5003601,'4',1650,,1353,28,,,2,62,,1354,28,,,2
