20000,'1',843,,6243,7,0,38,2,70,,6242,7,0,38,2
20000,'71',843,,4882,7,,,2,70,,4879,7,,,2,27,,4881,7,,,2,69,,4880,7,,,2
5002300,'1',706,,6378,66,4,,2,34,,6379,66,4,,2,69,,6380,66,4,,2
5002300,'71',706,,5028,66,4,,2,34,,5027,66,4,,2,69,,5029,66,4,,2
5002301,'1',1614,,6382,7,,,2,28,,6381,7,,,2
5002301,'71',1533,,5032,7,,,2,81,,5031,7,,,2,28,,5030,7,,,2
5002400,'1',740,,6384,42,4,,2,67,,6383,42,4,,2
5002400,'71',740,,5034,42,4,,2,67,,5033,42,4,,2
5002401,'1',1615,,6385,7,,,2,29,,6386,7,,,2
5002401,'71',1534,,5037,7,,,2,81,,5035,7,,,2,29,,5036,7,,,2
5003400,'1',712,,6388,44,4,,2,24,,6387,44,4,,2
5003400,'71',712,,5039,44,4,,2,23,,5038,44,4,,2
5003401,'1',1611,,6389,7,,,2
5003401,'71',1611,,5040,7,,,2
5003600,'1',735,,6390,32,4,,2
5003600,'71',735,,5042,43,4,,2
5003601,'1',1610,,6393,7,,,2,25,,6392,7,,,2
5003601,'71',1531,,5045,7,,,2,79,,5043,7,,,2,25,,5044,7,,,2
5003700,'1',736,,6395,72,4,,2,77,,6394,72,4,,2
5003700,'71',735,,5047,72,4,,2,76,,5048,72,4,,2
5003701,'1',1639,,6396,7,,,2
5003701,'71',1531,,5050,7,,,2,108,,5049,7,,,2
5003701,'81',1804,,5051,7,,,2
5003801,'1',1611,,6398,7,,,2,97,,6397,7,,,2
5003801,'71',1611,,5053,7,,,2,97,,5052,7,,,2
1200000201,'1',623,,7265,7,,,1,15,,7264,7,,,1,19,,7269,7,,,1,63,,7271,7,,,1,19,,7273,7,,,1,19,,7276,7,,,1,56,,7277,7,,,1,16,,7263,7,,,1,14,,7280,7,,,1,15,,7268,7,,,1,51,,7266,7,,,1,12,,7275,7,,,1,13,,7281,7,,,1,14,,7278,7,,,1,57,,7282,7,,,1,30,,7284,7,,,1,69,,7286,7,,,1,30,,7267,7,,,1,70,,7287,7,,,1,30,,7283,7,,,1,70,,7285,7,,,1,31,,7289,7,,,1,70,,7290,7,,,1,29,,7288,7,,,1,71,,7292,7,,,1,21,,7294,7,,,1,16,,7297,7,,,1,15,,7295,7,,,1,57,,7296,7,,,1,12,,7293,7,,,1,14,,7298,7,,,1,15,,7299,7,,,1,57,,7301,7,,,1,16,,7291,7,,,1,11,,7304,7,,,1,15,,7305,7,,,1,55,,7308,7,,,1,13,,7309,7,,,1,14,,7303,7,,,1,67,,7302,7,,,1,26,,7300,7,,,1,19,,7310,7,,,1,70,,7311,7,,,1,32,,7306,7,,,1,75,,7313,7,,,1,30,,7315,7,,,1,71,,7312,7,,,1,28,,7307,7,,,1,71,,7314,7,,,1,86,,7316,7,,,1
1200000201,'2',700,,7318,7,,,1,30,,7326,7,,,1,70,,7324,7,,,1,31,,7322,7,,,1,71,,7328,7,,,1,30,,7319,7,,,1,70,,7327,7,,,1,31,,7325,7,,,1,71,,7330,7,,,1,30,,7329,7,,,1,71,,7320,7,,,1,32,,7332,7,,,1,70,,7334,7,,,1,30,,7331,7,,,1,70,,7336,7,,,1,31,,7337,7,,,1,70,,7333,7,,,1,29,,7335,7,,,1,70,,7339,7,,,1,32,,7341,7,,,1,70,,7338,7,,,1,30,,7343,7,,,1,69,,7344,7,,,1,27,,7340,7,,,1,65,,7342,7,,,1,28,,7348,7,,,1,29,,7347,7,,,1,71,,7345,7,,,1,27,,7349,7,,,1,68,,7351,7,,,1,31,,7350,7,,,1,70,,7353,7,,,1,30,,7346,7,,,1,69,,7352,7,,,1,89,,7354,7,,,1
1200000201,'3',800,,7377,7,,,1,31,,7379,7,,,1,71,,7381,7,,,1,30,,7383,7,,,1,70,,7384,7,,,1,31,,7388,7,,,1,71,,7386,7,,,1,30,,7390,7,,,1,71,,7387,7,,,1,32,,7385,7,,,1,70,,7389,7,,,1,30,,7392,7,,,1,70,,7391,7,,,1,31,,7393,7,,,1,70,,7395,7,,,1,29,,7397,7,,,1,70,,7400,7,,,1,32,,7402,7,,,1,70,,7394,7,,,1,30,,7396,7,,,1,69,,7398,7,,,1,27,,7401,7,,,1,65,,7403,7,,,1,28,,7405,7,,,1,29,,7404,7,,,1,71,,7399,7,,,1,27,,7406,7,,,1
1200000201,'71',622,,5205,7,,,1,15,,5204,7,,,1,19,,5208,7,,,1,50,,5214,7,,,1,3,,5211,7,4,,1,12,,5203,7,,,1,14,,5213,7,,,1,18,,5207,7,,,1,58,,5218,7,,,1,15,,5202,7,,,1,14,,5221,7,,,1,15,,5206,7,,,1,52,,5223,7,,,1,12,,5216,7,,,1,13,,5224,7,,,1,15,,5209,7,,,1,12,,5225,7,,,1,57,,5217,7,,,1,18,,5219,7,,,1,14,,5226,7,,,1,55,,5222,7,,,1,15,,5228,7,,,1,15,,5229,7,,,1,15,,5230,7,,,1,55,,5232,7,,,1,15,,5233,7,,,1,15,,5235,7,,,1,15,,5236,7,,,1,55,,5237,7,,,1,16,,5227,7,,,1,15,,5239,7,,,1,15,,5240,7,,,1,55,,5241,7,,,1,14,,5231,7,,,1,15,,5238,7,,,1,15,,5234,7,,,1,62,,5242,7,,,1,15,,5243,7,,,1,16,,5244,7,,,1,14,,5245,7,,,1,59,,5246,7,,,1,9,,5247,7,,,1,14,,5249,7,,,1,15,,5251,7,,,1,57,,5254,7,,,1,16,,5255,7,,,1,11,,5256,7,,,1,15,,5259,7,,,1,59,,5260,7,,,1,10,,5257,7,,,1,13,,5258,7,,,1,14,,5250,7,,,1,54,,5248,7,,,1,14,,5261,7,,,1,14,,5252,7,,,1,20,,5262,7,,,1,70,,5263,7,,,1,32,,5265,7,,,1,75,,5267,7,,,1,30,,5269,7,,,1,71,,5264,7,,,1,28,,5266,7,,,1,71,,5268,7,,,1,86,,5270,7,,,1
1200000201,'72',646,,5272,7,,,1,71,,5271,7,,,1,30,,5273,7,,,1,71,,5279,7,,,1,30,,5284,7,,,1,72,,5277,7,,,1,31,,5276,7,,,1,68,,5282,7,,,1,30,,5283,7,,,1,71,,5285,7,,,1,29,,5274,7,,,1,71,,5280,7,,,1,30,,5278,7,,,1,69,,5286,7,,,1,32,,5287,7,,,1,69,,5289,7,,,1,33,,5288,7,,,1,69,,5291,7,,,1,29,,5292,7,,,1,72,,5293,7,,,1,31,,5294,7,,,1,68,,5295,7,,,1,29,,5290,7,,,1,70,,5297,7,,,1,28,,5296,7,,,1,79,,5300,7,,,1,29,,5302,7,,,1,71,,5298,7,,,1,27,,5304,7,,,1,68,,5305,7,,,1,31,,5301,7,,,1,70,,5303,7,,,1,29,,5299,7,,,1,69,,5306,7,,,1,90,,5307,7,,,1
1200000201,'73',747,,5308,7,,,1,71,,5311,7,,,1,30,,5315,7,,,1,72,,5318,7,,,1,31,,5310,7,,,1,68,,5314,7,,,1,30,,5317,7,,,1,71,,5320,7,,,1,29,,5321,7,,,1,71,,5312,7,,,1,30,,5322,7,,,1,69,,5324,7,,,1,32,,5323,7,,,1,69,,5326,7,,,1,33,,5325,7,,,1,69,,5328,7,,,1,29,,5329,7,,,1,72,,5330,7,,,1,31,,5331,7,,,1,68,,5333,7,,,1,29,,5327,7,,,1,70,,5336,7,,,1,28,,5334,7,,,1,79,,5338,7,,,1,29,,5332,7,,,1,71,,5337,7,,,1,27,,5335,7,,,1
1200000201,'81',1458,,5341,7,,,1
1200000201,'89',719,,5342,7,4,,1,25,,5344,7,4,,1,87,,5343,7,4,,1,701,,5345,7,,,1,14,,5346,7,,,1
1200000301,'1',650,,7506,7,,,1,59,,7510,7,,,1,14,,7512,7,4,,1,20,,7516,7,,,1,3,,7509,7,4,,1,56,,7518,7,4,,1,9,,7511,7,,,1,12,,7514,7,4,,1,14,,7519,7,,,1,66,,7507,7,,,1,30,,7517,7,,,1,67,,7515,7,,,1,33,,7520,7,,,1,73,,7521,7,,,1,30,,7523,7,,,1,70,,7525,7,,,1,32,,7527,7,,,1,70,,7522,7,,,1,30,,7524,7,,,1,68,,7526,7,,,1,30,,7528,7,,,1,69,,7529,7,,,1,19,,7532,7,,,1,18,,7530,7,,,1,15,,7535,7,,,1,59,,7534,7,,,1,13,,7539,7,,,1,16,,7537,7,,,1,57,,7538,7,,,1,18,,7541,7,,,1,17,,7533,7,,,1,15,,7536,7,,,1,56,,7531,7,,,1,33,,7540,7,,,1,63,,7544,7,,,1,24,,7542,7,,,1,31,,7543,7,,,1,70,,7545,7,,,1,30,,7546,7,,,1,73,,7549,7,,,1
1200000301,'2',729,,7553,7,,,1,30,,7556,7,,,1,71,,7559,7,,,1,71,,7562,7,,,1,30,,7554,7,,,1,71,,7557,7,,,1,30,,7560,7,,,1,71,,7563,7,,,1,31,,7555,7,,,1,71,,7558,7,,,1,31,,7561,7,,,1,70,,7564,7,,,1,31,,7565,7,,,1,70,,7568,7,,,1,30,,7574,7,,,1,70,,7571,7,,,1,30,,7566,7,,,1,70,,7569,7,,,1,31,,7575,7,,,1,68,,7572,7,,,1,30,,7567,7,,,1,69,,7570,7,,,1,28,,7576,7,,,1,67,,7573,7,,,1
1200000301,'3',759,,7604,7,,,1,71,,7606,7,,,1,71,,7612,7,,,1,30,,7609,7,,,1,71,,7605,7,,,1,30,,7607,7,,,1,71,,7613,7,,,1,31,,7610,7,,,1,71,,7614,7,,,1,31,,7608,7,,,1,70,,7616,7,,,1,31,,7611,7,,,1,70,,7615,7,,,1,30,,7618,7,,,1,70,,7617,7,,,1,30,,7621,7,,,1,70,,7623,7,,,1,31,,7619,7,,,1,68,,7627,7,,,1,30,,7622,7,,,1,69,,7624,7,,,1,28,,7620,7,,,1,67,,7628,7,,,1
1200000301,'71',650,,5454,7,,,1,59,,5458,7,,,1,14,,5459,7,4,,1,13,,5462,7,4,,1,9,,5466,7,,,1,1,,5457,7,4,,1,10,,5464,7,4,,1,50,,5468,7,4,,1,5,,5463,7,,,1,4,,5461,7,4,,1,23,,5469,7,,,1,67,,5455,7,,,1,30,,5465,7,,,1,67,,5467,7,,,1,36,,5470,7,,,1,20,,5471,7,,,1,60,,5473,7,,,1,20,,5475,7,,,1,20,,5476,7,,,1,60,,5478,7,,,1,22,,5480,7,,,1,60,,5472,7,,,1,20,,5474,7,,,1,20,,5481,7,,,1,18,,5477,7,,,1,60,,5479,7,,,1,19,,5483,7,,,1,20,,5484,7,,,1,55,,5485,7,,,1,12,,5486,7,,,1,18,,5482,7,,,1,15,,5494,7,,,1,59,,5490,7,,,1,13,,5493,7,,,1,16,,5488,7,,,1,57,,5487,7,,,1,18,,5497,7,,,1,19,,5496,7,,,1,13,,5495,7,,,1,58,,5492,7,,,1,13,,5489,7,,,1,18,,5491,7,,,1,60,,5498,7,,,1,27,,5499,7,,,1,31,,5501,7,,,1,70,,5500,7,,,1,30,,5502,7,,,1,73,,5505,7,,,1
1200000301,'72',729,,5511,7,,,1,30,,5510,7,,,1,71,,5514,7,,,1,70,,5515,7,,,1,30,,5516,7,,,1,70,,5509,7,,,1,30,,5513,7,,,1,70,,5512,7,,,1,30,,5517,7,,,1,70,,5518,7,,,1,31,,5520,7,,,1,69,,5519,7,,,1,31,,5522,7,,,1,70,,5523,7,,,1,31,,5524,7,,,1,70,,5525,7,,,1,29,,5526,7,,,1,70,,5521,7,,,1,32,,5528,7,,,1,70,,5527,7,,,1,30,,5530,7,,,1,69,,5529,7,,,1,30,,5531,7,,,1,24,,5535,7,,,1
1200000301,'73',759,,5539,7,,,1,71,,5541,7,,,1,70,,5542,7,,,1,30,,5543,7,,,1,70,,5544,7,,,1,30,,5540,7,,,1,70,,5545,7,,,1,30,,5547,7,,,1,70,,5546,7,,,1,31,,5549,7,,,1,69,,5548,7,,,1,31,,5551,7,,,1,70,,5552,7,,,1,31,,5553,7,,,1,70,,5554,7,,,1,29,,5555,7,,,1,70,,5550,7,,,1,32,,5557,7,,,1,70,,5556,7,,,1,30,,5559,7,,,1,69,,5558,7,,,1,30,,5560,7,,,1,24,,5563,7,,,1
1200000401,'1',742,,7631,7,4,,1,59,,7632,7,4,,1,820,,7635,7,,,1,27,,7633,7,,,1
1200000401,'71',756,,5569,7,4,,1,56,,5570,7,4,,1,15,,5568,7,4,,1,790,,5572,7,,,1,31,,5571,7,,,1,67,,5575,7,,,1
