3400,'1',614,,6032,21,,,2,114,,6033,23,,,2,79,,6031,21,,,2,752,,6037,21,,,2,144,,6034,23,,,2,28,,6035,23,,,2,92,,6036,23,,,2
3400,'13',841,,6038,23,0,24 1 15,2
3400,'71',614,,4634,21,,,2,114,,4635,23,,,2,77,,4636,21,,,2,36,,4633,23,0,24 1 15,2,677,,4637,12,,,2,41,,4638,21,,,2,91,,4639,23,,,2,82,,4640,23,,,2,89,,4641,23,,,2
34501,'83',1639,,4950,40,,,2
5003400,'1',637,,6388,21,,,2,22,,6387,21,,,2
5003400,'71',637,,5039,21,,,2,21,,5038,21,,,2
2000003400,'2',722,,7742,21,,,2,85,,7743,23,,,2,46,,7744,23,,,2,85,,7745,23,,,2,87,,7746,23,,,2,86,,7747,23,,,2,45,,7748,23,,,2,88,,7749,23,,,2,171,,7750,23,,,2,43,,7751,23,,,2,87,,7752,23,,,2,83,,7753,23,,,2,90,,7754,23,,,2,82,,7755,23,,,2,41,,7756,23,,,2
2000003400,'3',807,,7757,21,,,2,46,,7758,23,,,2,85,,7759,23,,,2,87,,7760,23,,,2,86,,7761,23,,,2,45,,7762,23,,,2,88,,7763,23,,,2,171,,7764,23,,,2,43,,7765,23,,,2,87,,7766,23,,,2,83,,7767,23,,,2,90,,7768,23,,,2,82,,7769,23,,,2,41,,7770,23,,,2
2000003400,'72',722,,5682,21,,,2,85,,5683,23,,,2,45,,5684,23,,,2,85,,5685,23,,,2,85,,5686,23,,,2,86,,5687,23,,,2,45,,5688,23,,,2,85,,5689,23,,,2,174,,5690,23,,,2,41,,5691,23,,,2,92,,5692,23,,,2,78,,5693,23,,,2,93,,5694,23,,,2,38,,5695,23,,,2,87,,5696,23,,,2
2000003400,'73',807,,5697,21,,,2,45,,5698,23,,,2,85,,5699,23,,,2,85,,5700,23,,,2,86,,5701,23,,,2,45,,5702,23,,,2,85,,5703,23,,,2,174,,5704,23,,,2,41,,5705,23,,,2,92,,5706,23,,,2,78,,5707,23,,,2,93,,5708,23,,,2,38,,5709,23,,,2,87,,5710,23,,,2
