3101,'1',604,,6012,31,0,8 1 32,2,30,,6014,31,0,8 1 32,2,67,,6013,63,0,8 1 32,2,32,,6011,63,0,8 1 32,2,104,,6015,63,0,8 1 32,2,105,,6016,63,0,8 1 32,2,99,,6017,63,0,8 1 32,2,100,,6018,63,0,8 1 32,2,106,,6019,63,0,8 1 32,2,102,,6020,63,0,8 1 32,2,101,,6021,63,0,8 1 32,2,100,,6022,63,0,8 1 32,2,97,,6023,63,0,8 1 32,2,71,,6026,63,0,8 1 32,2,31,,6027,63,0,8 1 32,2,71,,6024,63,0,8 1 32,2,33,,6028,63,0,8 1 32,2,64,,6025,63,0,8 1 32,2,36,,6029,63,0,8 1 32,2
31100,'15',737,,6300,38,,,2
31100,'84',737,,4945,38,,,2
38100,'15',717,,6316,24,,,2
38100,'84',717,,4965,24,,,2
38500,'12',808,,6317,10,,,2
38500,'82',808,,4967,10,,,2
5003801,'1',1720,,6398,63,,,2,89,,6397,63,,,2
5003801,'71',1719,,5053,63,,,2,89,,5052,63,,,2
2000003101,'2',707,,7719,32,0,8 1 32,2,102,,7720,64,0,8 1 32,2,101,,7721,64,0,8 1 32,2,101,,7722,64,0,8 1 32,2,101,,7723,64,0,8 1 32,2,101,,7724,64,0,8 1 32,2,101,,7725,64,0,8 1 32,2,215,,7726,64,0,8 1 32,2,101,,7727,64,0,8 1 32,2,101,,7728,64,0,8 1 32,2,96,,7729,64,0,8 1 32,2
2000003101,'3',809,,7731,32,0,8 1 32,2,101,,7732,64,0,8 1 32,2,101,,7733,64,0,8 1 32,2,101,,7734,64,0,8 1 32,2,101,,7735,64,0,8 1 32,2,101,,7736,64,0,8 1 32,2,215,,7737,64,0,8 1 32,2,101,,7738,64,0,8 1 32,2,101,,7739,64,0,8 1 32,2,96,,7740,64,0,8 1 32,2
