2300,'1',556,,5924,20,,,2,194,,5919,20,,,2,79,,5927,20,,,2,76,,5904,20,,,2,36,,5906,20,,,2,70,,5905,20,,,2,30,,5907,20,,,2,70,,5908,20,,,2,30,,5909,20,,,2
2300,'2',633,,5930,20,,,2,100,,5931,20,,,2,101,,5932,20,,,2,102,,5933,20,,,2,102,,5934,20,,,2,102,,5935,20,,,2,101,,5936,20,,,2
2300,'3',733,,5942,20,,,2,101,,5943,20,,,2,102,,5944,20,,,2,102,,5945,20,,,2,102,,5946,20,,,2,101,,5947,20,,,2
2300,'71',556,,4520,20,,,2,189,,4525,20,,,2,84,,4529,20,0,14 1 15,2,73,,4507,20,,,2,36,,4510,20,,,2,70,,4508,20,,,2,31,,4511,20,,,2,70,,4509,20,,,2,30,,4512,20,,,2
2300,'72',635,,4531,20,,,2,101,,4532,20,,,2,101,,4533,20,,,2,101,,4534,20,,,2,101,,4535,20,,,2,100,,4536,20,,,2,101,,4537,20,,,2
2300,'73',736,,4543,20,,,2,101,,4544,20,,,2,101,,4545,20,,,2,101,,4546,20,,,2,100,,4547,20,,,2,101,,4548,20,,,2
23100,'15',714,,6293,32,,,2
23100,'84',714,,4931,32,,,2
23500,'12',801,,6295,43,,,2
23500,'82',801,,4935,43,,,2
5002300,'1',621,,6378,20,,,2,25,,6379,20,,,2,69,,6380,20,,,2
5002300,'71',621,,5028,20,,,2,25,,5027,20,,,2,69,,5029,20,,,2
