2201,'1',639,,5883,28,,,2,68,,5892,28,0,23,2,30,,5884,28,,,2,65,,5898,28,,,2,28,,5899,28,,,2,26,,5893,28,,,2,148,,5894,28,,,2,110,,5885,28,,,2,101,,5886,28,,,2,101,,5887,28,,,2,100,,5890,28,,,2,104,,5900,28,,,2,80,,5891,28,,,2,56,,5888,28,,,2,70,,5895,28,,,2,30,,5889,28,,,2,70,,5896,28,,,2,27,,5901,28,,,2,64,,5897,28,,,2
2201,'14',1656,,5903,32,,,2
2201,'71',639,,4480,30,,,2,68,,4494,30,0,23,2,30,,4481,30,0,23,2,65,,4496,30,,,2,28,,4498,30,,,2,26,,4495,30,,,2,66,,4497,30,,,2,82,,4482,30,,,2,37,,4484,30,,,2,72,,4483,30,,,2,30,,4485,30,,,2,70,,4489,30,,,2,31,,4486,30,,,2,70,,4490,30,,,2,30,,4487,30,,,2,70,,4499,30,,,2,30,,4488,30,,,2,76,,4491,30,,,2,25,,4493,30,,,2,55,,4500,30,,,2,51,,4501,34,,,2,71,,4502,30,,,2,34,,4492,30,,,2,72,,4503,30,,,2,25,,4505,30,,,2,64,,4504,30,,,2
2201,'88',1651,,4506,34,,,2
2301,'1',625,,5973,10,,,2,30,,5974,10,,,2,150,,5976,10,,,2,41,,5953,10,,,2,72,,5977,10,,,2,23,,5954,10,,,2,81,,5955,10,,,2,30,,5957,10,,,2,70,,5956,10,,,2,30,,5958,10,,,2,71,,5959,10,,,2,30,,5961,10,,,2,70,,5960,10,,,2,30,,5962,10,,,2,71,,5963,10,,,2,31,,5966,10,,,2,91,,5964,10,,,2,67,,5967,10,,,2,35,,5965,10,,,2,102,,5968,10,,,2,67,,5975,10,,,2,37,,5969,10,,,2,102,,5970,10,,,2,90,,5971,10,,,2,154,,5972,10,,,2
2301,'14',1647,,5979,14,,,2
2301,'2',701,,5980,10,,,2,100,,5981,10,,,2,101,,5982,10,,,2,102,,5983,10,,,2,102,,5984,10,,,2,102,,5985,10,,,2,101,,5986,10,,,2,101,,5987,10,,,2,100,,5988,10,,,2,100,,5989,10,,,2,101,,5990,10,,,2,97,,5991,10,,,2
2301,'3',801,,5992,10,,,2,101,,5993,10,,,2,102,,5994,10,,,2,102,,5995,10,,,2,102,,5996,10,,,2,101,,5997,10,,,2,101,,5998,10,,,2,100,,5999,10,,,2,100,,6000,10,,,2,101,,6001,10,,,2,97,,6002,10,,,2
2301,'71',625,,4569,10,,,2,30,,4577,10,,,2,150,,4578,10,,,2,38,,4555,10,,,2,72,,4559,10,,,2,29,,4556,10,,,2,75,,4560,10,,,2,31,,4557,10,,,2,70,,4561,10,,,2,30,,4558,10,,,2,70,,4562,10,,,2,31,,4564,10,,,2,70,,4563,10,,,2,30,,4565,10,,,2,70,,4566,10,,,2,34,,4576,10,,,2,82,,4567,10,,,2,106,,4568,14,,,2,104,,4570,10,,,2,72,,4575,10,,,2,35,,4571,10,,,2,100,,4572,10,,,2,92,,4573,10,,,2,154,,4574,10,,,2
2301,'72',716,,4579,10,,,2,100,,4580,10,,,2,101,,4581,10,,,2,102,,4582,10,,,2,100,,4583,10,,,2,100,,4584,10,,,2,102,,4585,10,,,2,101,,4586,10,,,2,101,,4587,10,,,2,100,,4588,10,,,2,102,,4589,10,,,2,96,,4590,10,,,2
2301,'73',816,,4591,10,,,2,101,,4592,10,,,2,102,,4593,10,,,2,100,,4594,10,,,2,100,,4595,10,,,2,102,,4596,10,,,2,101,,4597,10,,,2,101,,4598,10,,,2,100,,4599,10,,,2,102,,4600,10,,,2,96,,4601,10,,,2
2301,'88',1643,,4602,14,,,2
2401,'1',1553,,6009,3,,,2,58,,6005,3,,,2,189,,6010,3,,,2,19,,6006,3,,,2,27,,6007,3,,,2,64,,6008,3,,,2
2401,'71',1553,,4605,3,,,2,247,,4609,3,,,2,19,,4606,3,,,2,27,,4607,3,,,2,64,,4608,3,,,2
6501,'1',1700,,6223,3,,,2,18,,6225,3,,,2,41,,6224,3,,,2
6501,'71',1657,,4847,3,,,2,61,,4848,3,,,2,41,,4849,3,,,2
22101,'85',1534,,4924,26,,,2
5002301,'1',1657,,6382,20,,,2,65,,6381,20,,,2
5002301,'71',1611,,5032,20,,,2,46,,5031,20,,,2,65,,5030,20,,,2
5002401,'1',1658,,6385,20,,,2,65,,6386,20,,,2
5002401,'71',1612,,5037,20,,,2,46,,5035,20,,,2,65,,5036,20,,,2
905231701,'27',2303,,6491,57,4,,2,29,,6494,57,4,,2,70,,6489,57,4,,2,30,,6492,57,4,,2,70,,6490,57,4,,2,30,,6493,57,4,,2,70,,6495,57,4,,2
905231701,'28',2303,,6498,57,4,,2,29,,6501,57,4,,2,70,,6496,57,4,,2,30,,6499,57,4,,2,70,,6497,57,4,,2,30,,6500,57,4,,2,70,,6502,57,4,,2
905231701,'29',2303,,6505,57,4,,2,29,,6508,57,4,,2,70,,6503,57,4,,2,30,,6506,57,4,,2,70,,6504,57,4,,2,30,,6507,57,4,,2,70,,6509,57,4,,2
1200000101,'1',1607,,7148,61,,,1,32,,7149,61,,,1,71,,7150,61,,,1,31,,7151,61,,,1
1200000101,'71',1603,,5070,61,,,1,32,,5071,61,,,1,71,,5069,61,,,1,31,,5072,61,,,1
1200000301,'1',612,,7508,10,,,1,28,,7513,10,,,1,76,,7506,23,,,1,20,,7510,23,,,1,75,,7516,23,,,1,29,,7511,23,,,1,65,,7519,23,,,1,25,,7507,23,,,1,29,,7517,23,,,1,67,,7515,23,,,1,33,,7520,23,,,1,73,,7521,23,,,1,70,,7523,23,,,1,33,,7525,23,,,1,72,,7527,23,,,1,29,,7522,23,,,1,70,,7524,23,,,1,28,,7526,23,,,1,70,,7528,23,,,1,36,,7529,23,,,1,60,,7532,20,,,1,22,,7530,20,,,1,18,,7535,20,,,1,19,,7534,20,,,1,51,,7539,20,,,1,14,,7537,20,,,1,14,,7538,20,,,1,16,,7541,20,,,1,54,,7533,20,,,1,12,,7536,20,,,1,15,,7531,20,,,1,69,,7540,20,,,1,24,,7544,23,,,1,24,,7542,23,,,1,71,,7543,23,,,1,30,,7545,23,,,1,70,,7546,23,,,1,33,,7549,23,,,1,71,,7547,10,,,1,30,,7550,10,,,1,68,,7548,10,,,1,30,,7551,10,,,1,79,,7552,10,,,1
1200000301,'2',752,,7553,23,,,1,70,,7556,23,,,1,31,,7559,23,,,1,71,,7562,23,,,1,31,,7554,23,,,1,72,,7557,23,,,1,31,,7560,23,,,1,71,,7563,23,,,1,71,,7555,23,,,1,31,,7558,23,,,1,71,,7561,23,,,1,31,,7564,23,,,1,71,,7565,23,,,1,30,,7568,23,,,1,70,,7574,23,,,1,30,,7571,23,,,1,70,,7566,23,,,1,31,,7569,23,,,1,71,,7575,23,,,1,27,,7572,23,,,1,68,,7567,23,,,1,29,,7570,23,,,1,27,,7576,23,,,1,67,,7573,23,,,1,35,,7577,10,,,1,100,,7578,10,,,1,96,,7579,10,,,1,98,,7580,10,,,1,78,,7581,10,,,1,102,,7582,10,,,1
1200000301,'27',2226,,7584,13,,,1,30,,7587,13,,,1,70,,7589,13,,,1,83,,7585,13,,,1,28,,7588,13,,,1,70,,7583,13,,,1,30,,7586,13,,,1
1200000301,'28',2226,,7591,13,,,1,30,,7594,13,,,1,70,,7596,13,,,1,83,,7592,13,,,1,28,,7595,13,,,1,70,,7590,13,,,1,30,,7593,13,,,1
1200000301,'29',2226,,7598,13,,,1,30,,7601,13,,,1,70,,7603,13,,,1,83,,7599,13,,,1,28,,7602,13,,,1,70,,7597,13,,,1,30,,7600,13,,,1
1200000301,'3',822,,7604,23,,,1,31,,7606,23,,,1,71,,7612,23,,,1,31,,7609,23,,,1,72,,7605,23,,,1,31,,7607,23,,,1,71,,7613,23,,,1,71,,7610,23,,,1,31,,7614,23,,,1,71,,7608,23,,,1,31,,7616,23,,,1,71,,7611,23,,,1,30,,7615,23,,,1,70,,7618,23,,,1,30,,7617,23,,,1,70,,7621,23,,,1,31,,7623,23,,,1,71,,7619,23,,,1,27,,7627,23,,,1,68,,7622,23,,,1,29,,7624,23,,,1,27,,7620,23,,,1,67,,7628,23,,,1,35,,7625,10,,,1,161,,7626,10,,,1
1200000301,'71',612,,5456,10,,,1,28,,5460,10,,,1,77,,5454,23,,,1,20,,5458,23,,,1,77,,5466,23,,,1,27,,5463,23,,,1,66,,5469,23,,,1,26,,5455,23,,,1,69,,5465,23,,,1,27,,5467,23,,,1,76,,5470,23,,,1,20,,5471,23,,,1,20,,5473,23,,,1,60,,5475,23,,,1,23,,5476,23,,,1,20,,5478,23,,,1,62,,5480,23,,,1,19,,5472,23,,,1,20,,5474,23,,,1,60,,5481,23,,,1,18,,5477,23,,,1,20,,5479,23,,,1,59,,5483,23,,,1,25,,5484,23,,,1,13,,5485,20,,,1,56,,5486,20,,,1,22,,5482,20,,,1,18,,5494,20,,,1,19,,5490,20,,,1,51,,5493,20,,,1,14,,5488,20,,,1,14,,5487,20,,,1,16,,5497,20,,,1,56,,5496,20,,,1,10,,5495,20,,,1,17,,5492,20,,,1,11,,5489,20,,,1,56,,5491,20,,,1,22,,5498,23,,,1,27,,5499,23,,,1,71,,5501,23,,,1,30,,5500,23,,,1,70,,5502,23,,,1,33,,5505,23,,,1,70,,5503,10,,,1,30,,5506,10,,,1,68,,5504,10,,,1,30,,5507,10,,,1,79,,5508,10,,,1
1200000301,'72',753,,5511,23,,,1,70,,5510,23,,,1,31,,5514,23,,,1,70,,5515,23,,,1,31,,5516,23,,,1,71,,5509,23,,,1,31,,5513,23,,,1,70,,5512,23,,,1,30,,5517,23,,,1,70,,5518,23,,,1,31,,5520,23,,,1,70,,5519,23,,,1,31,,5522,23,,,1,70,,5523,23,,,1,71,,5524,23,,,1,30,,5525,23,,,1,29,,5526,23,,,1,71,,5521,23,,,1,72,,5528,23,,,1,29,,5527,23,,,1,28,,5530,23,,,1,69,,5529,23,,,1,29,,5531,23,,,1,64,,5535,23,,,1,38,,5532,10,,,1,100,,5533,10,,,1,96,,5534,10,,,1,99,,5536,10,,,1,78,,5537,10,,,1,102,,5538,10,,,1
1200000301,'73',823,,5539,23,,,1,31,,5541,23,,,1,70,,5542,23,,,1,31,,5543,23,,,1,71,,5544,23,,,1,31,,5540,23,,,1,70,,5545,23,,,1,30,,5547,23,,,1,70,,5546,23,,,1,31,,5549,23,,,1,70,,5548,23,,,1,31,,5551,23,,,1,70,,5552,23,,,1,71,,5553,23,,,1,30,,5554,23,,,1,29,,5555,23,,,1,71,,5550,23,,,1,72,,5557,23,,,1,29,,5556,23,,,1,28,,5559,23,,,1,69,,5558,23,,,1,29,,5560,23,,,1,64,,5563,23,,,1,38,,5561,10,,,1,161,,5562,10,,,1
2000002200,'1',657,,7710,3,,,2,90,,7712,3,,,2
2000002200,'71',657,,5650,3,,,2,90,,5652,3,,,2
2000002201,'1',1548,,7714,3,,,2,83,,7715,3,,,2,88,,7716,3,,,2,84,,7717,3,,,2,40,,7718,3,0,21 22,2
2000002201,'71',1548,,5654,3,,,2,83,,5655,3,,,2,84,,5656,3,,,2,88,,5657,3,,,2,40,,5658,3,0,21 22,2
