1501,'1',1229,,5834,30,0,41,2,103,,5835,30,0,41,2,95,,5836,30,0,41,2,77,,5839,30,0,41,2,52,,5837,47,,,2,84,,5840,47,,,2,61,,5842,47,,,2,34,,5838,47,0,41,2,68,,5841,47,,,2,37,,5844,30,0,41,2,73,,5845,30,0,41,2,102,,5846,30,0,41,2,112,,5843,30,0,41,2,81,,5847,30,0,41,2
1501,'71',707,,4438,48,0,41,2,24,,4436,48,0,41,2,74,,4439,48,0,41,2,123,,4437,31,0,41,2,115,,4440,31,0,41,2,116,,4441,31,0,41,2,70,,4442,31,0,41,2,117,,4444,31,0,41,2,156,,4445,31,0,41,2,54,,4443,48,0,41,2,89,,4446,48,0,41,2,55,,4448,48,0,41,2,29,,4450,48,0,41,2,75,,4449,48,0,41,2,36,,4447,31,0,41,2,76,,4451,31,0,41,2,105,,4452,31,0,41,2,105,,4453,31,0,41,2,82,,4454,31,0,41,2
1501,'88',1702,,4455,33,0,41,2
13101,'85',1559,,4865,70,,,2
15601,'83',1633,,4876,23,,,2
15801,'88',1647,,4878,21,,,2
2000001501,'2',818,,7688,30,,,2,101,,7689,30,,,2,100,,7690,30,,,2,102,,7691,30,,,2,101,,7692,30,,,2,102,,7693,30,,,2,201,,7694,30,,,2,101,,7695,30,,,2,103,,7696,30,,,2,96,,7697,30,,,2,93,,7698,30,,,2
2000001501,'3',919,,7699,30,,,2,100,,7700,30,,,2,102,,7701,30,,,2,101,,7702,30,,,2,102,,7703,30,,,2,201,,7704,30,,,2,101,,7705,30,,,2,103,,7706,30,,,2,96,,7707,30,,,2,93,,7708,30,,,2
2000001501,'72',811,,5628,31,,,2,102,,5629,31,,,2,103,,5630,31,,,2,108,,5631,31,,,2,94,,5632,31,,,2,109,,5633,31,,,2,182,,5634,31,,,2,99,,5635,31,,,2,103,,5636,31,,,2,98,,5637,31,,,2,98,,5638,31,,,2
2000001501,'73',913,,5639,31,,,2,103,,5640,31,,,2,108,,5641,31,,,2,94,,5642,31,,,2,109,,5643,31,,,2,182,,5644,31,,,2,99,,5645,31,,,2,103,,5646,31,,,2,98,,5647,31,,,2,98,,5648,31,,,2
