1100,'1',602,,5748,15,,,1,33,,5754,15,,,1,68,,5749,15,,,1,34,,5755,15,,,1,70,,5750,15,,,1,18,,5751,15,,,1,30,,5756,15,,,1,74,,5752,15,,,1,30,,5757,15,,,1,75,,5758,15,,,1,70,,5761,15,,,1,33,,5759,15,,,1,70,,5762,15,,,1,37,,5760,15,,,1,70,,5763,15,,,1,88,,5764,15,,,1,30,,5766,15,,,1,75,,5765,15,,,1,30,,5767,15,,,1,84,,5770,15,,,1,24,,5768,15,,,1,62,,5772,15,,,1,26,,5771,15,,,1,76,,5773,15,,,1,28,,5769,15,,,1,70,,5774,15,,,1,100,,5775,15,,,1,100,,5776,15,,,1,100,,5777,15,,,1,100,,5778,15,,,1
1100,'2',703,,5779,15,,,1,101,,5780,15,,,1,101,,5781,15,,,1,102,,5782,15,,,1,100,,5783,15,,,1,100,,5784,15,,,1,101,,5785,15,,,1,99,,5786,15,,,1,100,,5787,15,,,1,100,,5788,15,,,1,100,,5789,15,,,1,100,,5790,15,,,1,99,,5792,15,,,1,100,,5793,15,,,1,100,,5791,15,,,1,100,,5795,15,,,1,100,,5794,15,,,1
1100,'3',905,,5796,15,,,1,102,,5797,15,,,1,100,,5798,15,,,1,100,,5799,15,,,1,101,,5800,15,,,1,99,,5801,15,,,1,100,,5802,15,,,1,100,,5803,15,,,1,100,,5804,15,,,1,100,,5805,15,,,1
1100,'71',602,,4339,15,,,1,33,,4343,15,,,1,68,,4340,15,,,1,34,,4344,15,,,1,70,,4341,15,,,1,18,,4345,15,,,1,30,,4350,15,,,1,74,,4346,15,,,1,30,,4351,15,,,1,75,,4347,15,,,1,70,,4352,15,,,1,33,,4348,15,,,1,70,,4353,15,,,1,37,,4349,15,,,1,70,,4354,15,,,1,88,,4358,15,,,1,30,,4355,15,,,1,75,,4359,15,,,1,30,,4356,15,,,1,82,,4360,16,,,1,26,,4357,15,,,1,62,,4363,15,,,1,26,,4361,15,,,1,76,,4364,15,,,1,28,,4362,15,,,1,70,,4365,15,,,1,100,,4366,15,,,1,100,,4367,15,,,1,100,,4368,15,,,1,100,,4369,15,,,1
1100,'72',703,,4370,15,,,1,101,,4371,15,,,1,101,,4372,15,,,1,102,,4373,15,,,1,100,,4374,15,,,1,100,,4375,15,,,1,101,,4376,15,,,1,99,,4377,15,,,1,100,,4378,15,,,1,100,,4379,15,,,1,100,,4380,15,,,1,100,,4381,15,,,1,99,,4384,15,,,1,100,,4382,15,,,1,100,,4383,15,,,1,100,,4386,15,,,1,100,,4385,15,,,1
1100,'73',905,,4387,15,,,1,102,,4388,15,,,1,100,,4389,15,,,1,100,,4390,15,,,1,101,,4391,15,,,1,99,,4392,15,,,1,100,,4393,15,,,1,100,,4394,15,,,1,100,,4395,15,,,1,100,,4396,15,,,1
11101,'85',1537,,4851,36,,,2
905231701,'27',2226,,6491,8,4,,2,30,,6494,8,4,,2,70,,6489,8,4,,2,30,,6492,8,4,,2,70,,6490,8,4,,2,30,,6493,8,4,,2,70,,6495,8,4,,2
905231701,'28',2226,,6498,8,4,,2,30,,6501,8,4,,2,70,,6496,8,4,,2,30,,6499,8,4,,2,70,,6497,8,4,,2,30,,6500,8,4,,2,70,,6502,8,4,,2
905231701,'29',2226,,6505,8,4,,2,30,,6508,8,4,,2,70,,6503,8,4,,2,30,,6506,8,4,,2,70,,6504,8,4,,2,30,,6507,8,4,,2,70,,6509,8,4,,2
1200000200,'1',537,,7153,8,,,1,14,,7158,8,,,1,55,,7159,8,,,1,16,,7160,8,,,1,15,,7162,8,,,1,15,,7163,8,,,1,57,,7152,8,,,1,15,,7165,8,,,1,15,,7157,8,,,1,15,,7155,8,,,1,54,,7161,8,,,1,15,,7166,8,,,1,18,,7164,8,,,1,60,,7167,8,,,1,30,,7169,8,,,1,69,,7171,8,,,1,30,,7156,8,,,1,70,,7172,8,,,1,29,,7168,8,,,1,29,,7170,8,,,1,72,,7174,8,,,1,70,,7175,8,,,1,29,,7173,8,,,1,30,,7177,8,,,1,58,,7179,8,,,1,30,,7180,8,,,1,55,,7181,8,,,1,12,,7178,8,,,1,13,,7182,8,,,1,14,,7183,8,,,1,14,,7185,8,,,1,55,,7176,8,,,1,15,,7188,8,,,1,16,,7189,8,,,1,17,,7192,8,,,1,56,,7193,8,,,1,16,,7187,8,,,1,70,,7186,8,,,1,30,,7184,8,,,1,70,,7190,8,,,1,30,,7196,8,,,1,70,,7197,8,,,1,30,,7199,8,,,1,70,,7200,8,,,1,32,,7194,8,,,1,71,,7191,8,,,1,32,,7198,8,,,1,67,,7201,8,,,1,30,,7195,8,0,14,1
1200000200,'2',700,,7205,8,,,1,30,,7204,8,,,1,70,,7208,8,,,1,30,,7202,8,,,1,70,,7207,8,,,1,30,,7206,8,,,1,70,,7210,8,,,1,30,,7209,8,,,1,70,,7203,8,,,1,30,,7212,8,,,1,70,,7214,8,,,1,29,,7211,8,,,1,30,,7216,8,,,1,70,,7217,8,,,1,71,,7213,8,,,1,30,,7215,8,,,1,70,,7219,8,,,1,30,,7221,8,,,1,70,,7218,8,,,1,30,,7223,8,,,1,70,,7224,8,,,1,31,,7220,8,,,1,70,,7222,8,,,1,29,,7228,8,,,1,70,,7227,8,,,1,31,,7225,8,,,1,70,,7229,8,,,1,29,,7231,8,,,1,70,,7230,8,,,1,30,,7233,8,,,1,70,,7226,8,,,1,30,,7232,8,,,1,70,,7234,8,,,1
1200000200,'3',700,,7235,8,,,1,30,,7236,8,,,1,70,,7237,8,,,1,30,,7238,8,,,1,70,,7239,8,,,1,30,,7243,8,,,1,70,,7241,8,,,1,30,,7245,8,,,1,70,,7242,8,,,1,30,,7240,8,,,1,70,,7244,8,,,1,29,,7247,8,,,1,30,,7246,8,,,1,70,,7248,8,,,1,71,,7250,8,,,1,30,,7252,8,,,1,70,,7255,8,,,1,30,,7257,8,,,1,70,,7249,8,,,1,30,,7251,8,,,1,70,,7253,8,,,1,31,,7256,8,,,1,70,,7258,8,,,1,29,,7260,8,,,1,70,,7259,8,,,1,31,,7254,8,,,1,70,,7261,8,,,1
1200000200,'71',537,,5074,8,,,1,14,,5078,8,,,1,55,,5080,8,,,1,16,,5081,8,,,1,15,,5077,8,,,1,15,,5085,8,,,1,57,,5073,8,,,1,15,,5087,8,,,1,15,,5076,8,,,1,15,,5089,8,,,1,54,,5083,8,,,1,15,,5090,8,,,1,18,,5079,8,,,1,15,,5091,8,,,1,57,,5084,8,,,1,18,,5086,8,,,1,14,,5092,8,,,1,55,,5088,8,,,1,15,,5094,8,,,1,15,,5095,8,,,1,15,,5096,8,,,1,55,,5098,8,,,1,15,,5099,8,,,1,14,,5101,8,,,1,15,,5102,8,,,1,14,,5103,8,,,1,57,,5093,8,,,1,15,,5105,8,,,1,15,,5106,8,,,1,55,,5107,8,,,1,14,,5097,8,,,1,15,,5104,8,,,1,15,,5100,8,,,1,61,,5108,8,,,1,12,,5109,8,,,1,15,,5110,8,,,1,15,,5111,8,,,1,55,,5112,8,,,1,12,,5113,8,,,1,13,,5115,8,,,1,14,,5117,8,,,1,13,,5119,8,,,1,56,,5120,8,,,1,15,,5122,8,,,1,16,,5125,8,,,1,17,,5126,8,,,1,56,,5123,8,,,1,16,,5124,8,,,1,15,,5116,8,,,1,55,,5114,8,,,1,15,,5128,8,,,1,15,,5118,8,,,1,70,,5129,8,,,1,30,,5127,8,,,1,70,,5133,8,,,1,30,,5135,8,,,1,70,,5136,8,,,1,32,,5130,8,,,1,71,,5132,8,,,1,32,,5134,8,,,1,67,,5137,8,,,1,30,,5131,8,0,14,1
1200000200,'72',701,,5139,8,,,1,30,,5142,8,,,1,70,,5143,8,,,1,29,,5144,8,,,1,70,,5138,8,,,1,30,,5141,8,,,1,70,,5140,8,,,1,30,,5145,8,,,1,70,,5146,8,,,1,31,,5148,8,,,1,69,,5147,8,,,1,30,,5150,8,,,1,29,,5151,8,,,1,71,,5152,8,,,1,70,,5153,8,,,1,30,,5154,8,,,1,70,,5149,8,,,1,30,,5156,8,,,1,70,,5155,8,,,1,30,,5159,8,,,1,70,,5158,8,,,1,31,,5161,8,,,1,69,,5162,8,,,1,30,,5163,8,,,1,70,,5165,8,,,1,31,,5157,8,,,1,69,,5167,8,,,1,29,,5168,8,,,1,30,,5164,8,,,1,70,,5166,8,,,1,30,,5160,8,,,1,70,,5169,8,,,1,30,,5170,8,,,1
1200000200,'73',701,,5171,8,,,1,30,,5173,8,,,1,70,,5174,8,,,1,29,,5175,8,,,1,70,,5176,8,,,1,30,,5172,8,,,1,70,,5177,8,,,1,30,,5179,8,,,1,70,,5178,8,,,1,31,,5181,8,,,1,69,,5180,8,,,1,30,,5183,8,,,1,29,,5184,8,,,1,71,,5185,8,,,1,70,,5186,8,,,1,30,,5188,8,,,1,70,,5182,8,,,1,30,,5191,8,,,1,70,,5189,8,,,1,30,,5193,8,,,1,70,,5192,8,,,1,31,,5195,8,,,1,69,,5196,8,,,1,30,,5197,8,,,1,70,,5187,8,,,1,31,,5194,8,,,1,69,,5190,8,,,1
