2201,'1',626,,5883,3,,,2,28,,5892,3,0,23,2,70,,5884,3,,,2,25,,5898,3,,,2,68,,5899,3,,,2,26,,5893,3,,,2,108,,5894,3,,,2,150,,5885,3,,,2,101,,5886,3,,,2,101,,5887,3,,,2,100,,5890,3,,,2,103,,5900,3,,,2,40,,5891,3,,,2,96,,5888,3,,,2,70,,5895,3,,,2,31,,5889,3,,,2,70,,5896,3,,,2,27,,5901,3,,,2,64,,5897,3,,,2
2201,'14',1642,,5903,7,,,2
2201,'71',626,,4480,3,,,2,28,,4494,3,0,23,2,70,,4481,3,0,23,2,25,,4496,3,,,2,68,,4498,3,,,2,26,,4495,3,,,2,66,,4497,3,,,2,42,,4482,3,,,2,77,,4484,3,,,2,72,,4483,3,,,2,30,,4485,3,,,2,70,,4489,3,,,2,31,,4486,3,,,2,70,,4490,3,,,2,30,,4487,3,,,2,70,,4499,3,,,2,30,,4488,3,,,2,75,,4491,3,,,2,25,,4493,3,,,2,15,,4500,3,,,2,91,,4501,7,,,2,71,,4502,3,,,2,35,,4492,3,,,2,72,,4503,3,,,2,25,,4505,3,,,2,64,,4504,3,,,2
2201,'88',1637,,4506,7,,,2
2301,'1',620,,5973,3,,,2,30,,5974,3,,,2,150,,5976,3,,,2,41,,5953,3,,,2,72,,5977,3,,,2,23,,5954,3,,,2,81,,5955,3,,,2,30,,5957,3,,,2,70,,5956,3,,,2,30,,5958,3,,,2,71,,5959,3,,,2,30,,5961,3,,,2,70,,5960,3,,,2,30,,5962,3,,,2,71,,5963,3,,,2,31,,5966,3,,,2,91,,5964,3,,,2,66,,5967,3,,,2,35,,5965,3,,,2,103,,5968,3,,,2,67,,5975,3,,,2,37,,5969,3,,,2,102,,5970,3,,,2,90,,5971,3,,,2,114,,5972,3,,,2
2301,'14',1641,,5979,7,,,2
2301,'2',657,,5980,3,,,2,100,,5981,3,,,2,101,,5982,3,,,2,142,,5983,3,,,2,102,,5984,3,,,2,102,,5985,3,,,2,101,,5986,3,,,2,101,,5987,3,,,2,100,,5988,3,,,2,100,,5989,3,,,2,101,,5990,3,,,2,97,,5991,3,,,2
2301,'3',757,,5992,3,,,2,101,,5993,3,,,2,142,,5994,3,,,2,102,,5995,3,,,2,102,,5996,3,,,2,101,,5997,3,,,2,101,,5998,3,,,2,100,,5999,3,,,2,100,,6000,3,,,2,101,,6001,3,,,2,97,,6002,3,,,2
2301,'71',620,,4569,3,,,2,30,,4577,3,,,2,150,,4578,3,,,2,38,,4555,3,,,2,72,,4559,3,,,2,29,,4556,3,,,2,75,,4560,3,,,2,31,,4557,3,,,2,70,,4561,3,,,2,30,,4558,3,,,2,70,,4562,3,,,2,31,,4564,3,,,2,70,,4563,3,,,2,30,,4565,3,,,2,70,,4566,3,,,2,34,,4576,3,,,2,82,,4567,3,,,2,105,,4568,7,,,2,105,,4570,3,,,2,72,,4575,3,,,2,35,,4571,3,,,2,100,,4572,3,,,2,92,,4573,3,,,2,114,,4574,3,,,2
2301,'72',712,,4579,3,,,2,100,,4580,3,,,2,101,,4581,3,,,2,102,,4582,3,,,2,100,,4583,3,,,2,100,,4584,3,,,2,102,,4585,3,,,2,101,,4586,3,,,2,101,,4587,3,,,2,100,,4588,3,,,2,102,,4589,3,,,2,96,,4590,3,,,2
2301,'73',812,,4591,3,,,2,101,,4592,3,,,2,102,,4593,3,,,2,100,,4594,3,,,2,100,,4595,3,,,2,102,,4596,3,,,2,101,,4597,3,,,2,101,,4598,3,,,2,100,,4599,3,,,2,102,,4600,3,,,2,96,,4601,3,,,2
2301,'88',1637,,4602,7,,,2
20001,'1',1445,,6250,12,,,2,74,,6251,12,,,2
20001,'2',636,,6252,12,,,2,70,,6254,12,,,2
20001,'71',1449,,4892,17,,,2,72,,4893,17,,,2
20001,'72',628,,4896,17,,,2,78,,4898,17,,,2
22100,'15',725,,6288,28,,,2
22100,'84',725,,4923,28,,,2
22101,'85',1522,,4924,16,,,2
23101,'85',1521,,4932,16,,,2
23200,'15',721,,6294,20,,,2
23200,'84',723,,4933,20,,,2
23201,'85',1522,,4934,16,,,2
32500,'12',806,,6304,16,,,2
32500,'82',806,,4947,16,,,2
32501,'83',1639,,4948,49,,,2
5002300,'1',643,,6378,55,,,2,68,,6379,55,,,2,30,,6380,55,,,2
5002300,'71',643,,5028,55,,,2,68,,5027,55,,,2,30,,5029,55,,,2
5002301,'1',1650,,6382,13,,,2,66,,6381,13,,,2
5002301,'71',1604,,5032,13,,,2,46,,5031,13,,,2,66,,5030,13,,,2
5002400,'1',711,,6384,31,,,2,28,,6383,31,,,2
5002400,'71',711,,5034,31,,,2,28,,5033,31,,,2
5002401,'1',1651,,6385,13,,,2,66,,6386,13,,,2
5002401,'71',1605,,5037,13,,,2,46,,5035,13,,,2,66,,5036,13,,,2
5003400,'1',647,,6388,33,,,2,62,,6387,33,,,2
5003400,'71',647,,5039,33,,,2,61,,5038,33,,,2
5003600,'71',708,,5042,32,,,2,25,,5041,32,4,,2
5003700,'1',709,,6395,61,,,2,36,,6394,61,,,2
5003700,'71',648,,5046,68,4,,2,60,,5047,61,,,2,34,,5048,61,,,2
5004200,'11',714,,6399,28,,,2
5004200,'81',713,,5054,28,,,2
5004300,'11',704,,6400,8,,,2,118,,6401,8,,,2
5004300,'81',704,,5055,8,,,2,118,,5056,8,,,2
5004301,'11',1646,,6402,8,,,2,95,,6403,8,,,2,89,,6404,8,,,2
5004301,'81',1646,,5057,8,,,2,95,,5059,8,,,2,89,,5058,8,,,2
905231701,'27',2259,,6491,50,4,,2,69,,6494,50,4,,2,30,,6489,50,4,,2,70,,6492,50,4,,2,30,,6490,50,4,,2,70,,6493,50,4,,2,30,,6495,50,4,,2
905231701,'28',2259,,6498,50,4,,2,69,,6501,50,4,,2,30,,6496,50,4,,2,70,,6499,50,4,,2,30,,6497,50,4,,2,70,,6500,50,4,,2,30,,6502,50,4,,2
905231701,'29',2259,,6505,50,4,,2,69,,6508,50,4,,2,30,,6503,50,4,,2,70,,6506,50,4,,2,30,,6504,50,4,,2,70,,6507,50,4,,2,30,,6509,50,4,,2
1200000101,'1',1601,,7148,54,,,1,32,,7149,54,,,1,71,,7150,54,,,1,31,,7151,54,,,1
1200000101,'71',1557,,5070,54,,,1,72,,5071,54,,,1,71,,5069,54,,,1,31,,5072,54,,,1
1200000200,'1',558,,7154,28,,,1,55,,7153,50,,,1,16,,7158,50,,,1,18,,7159,50,,,1,59,,7160,50,,,1,16,,7162,50,,,1,16,,7163,50,,,1,17,,7152,50,,,1,55,,7165,50,,,1,15,,7157,50,,,1,14,,7155,50,,,1,13,,7161,50,,,1,55,,7166,50,,,1,15,,7164,50,,,1,18,,7167,50,,,1,69,,7169,50,,,1,29,,7171,50,,,1,70,,7156,50,,,1,30,,7172,50,,,1,70,,7168,50,,,1,30,,7170,50,,,1,71,,7174,50,,,1,30,,7175,50,,,1,69,,7173,50,,,1,31,,7177,50,,,1,18,,7179,50,,,1,72,,7180,50,,,1,17,,7181,50,,,1,12,,7178,50,,,1,54,,7182,50,,,1,15,,7183,50,,,1,16,,7185,50,,,1,16,,7176,50,,,1,52,,7188,50,,,1,15,,7189,50,,,1,16,,7192,50,,,1,13,,7193,50,,,1,55,,7187,50,,,1,28,,7186,50,,,1,68,,7184,50,,,1,29,,7190,50,,,1,70,,7196,50,,,1,30,,7197,50,,,1,70,,7199,50,,,1,29,,7200,50,,,1,72,,7194,50,,,1,29,,7191,50,,,1,72,,7198,50,,,1,26,,7201,50,,,1
1200000200,'2',736,,7205,50,,,1,70,,7204,50,,,1,31,,7208,50,,,1,70,,7202,50,,,1,30,,7207,50,,,1,71,,7206,50,,,1,31,,7210,50,,,1,70,,7209,50,,,1,31,,7203,50,,,1,72,,7212,50,,,1,30,,7214,50,,,1,70,,7211,50,,,1,30,,7216,50,,,1,71,,7217,50,,,1,30,,7213,50,,,1,69,,7215,50,,,1,30,,7219,50,,,1,70,,7221,50,,,1,30,,7218,50,,,1,70,,7223,50,,,1,29,,7224,50,,,1,69,,7220,50,,,1,26,,7222,50,,,1,68,,7228,50,,,1,30,,7227,50,,,1,71,,7225,50,,,1,29,,7229,50,,,1,69,,7231,50,,,1,30,,7230,50,,,1,70,,7233,50,,,1,30,,7226,50,,,1,70,,7232,50,,,1,30,,7234,50,,,1
1200000200,'3',736,,7235,50,,,1,70,,7236,50,,,1,31,,7237,50,,,1,70,,7238,50,,,1,30,,7239,50,,,1,71,,7243,50,,,1,31,,7241,50,,,1,70,,7245,50,,,1,31,,7242,50,,,1,72,,7240,50,,,1,30,,7244,50,,,1,70,,7247,50,,,1,30,,7246,50,,,1,71,,7248,50,,,1,30,,7250,50,,,1,69,,7252,50,,,1,30,,7255,50,,,1,70,,7257,50,,,1,30,,7249,50,,,1,70,,7251,50,,,1,29,,7253,50,,,1,69,,7256,50,,,1,26,,7258,50,,,1,68,,7260,50,,,1,30,,7259,50,,,1,71,,7254,50,,,1,29,,7261,50,,,1
1200000200,'71',557,,5075,28,,,1,55,,5074,50,,,1,16,,5078,50,,,1,8,,5082,28,,,1,9,,5080,50,,,1,57,,5081,50,,,1,16,,5077,50,,,1,17,,5085,50,,,1,16,,5073,50,,,1,55,,5087,50,,,1,15,,5076,50,,,1,14,,5089,50,,,1,13,,5083,50,,,1,55,,5090,50,,,1,17,,5079,50,,,1,13,,5091,50,,,1,17,,5084,50,,,1,57,,5086,50,,,1,14,,5092,50,,,1,15,,5088,50,,,1,15,,5094,50,,,1,55,,5095,50,,,1,15,,5096,50,,,1,15,,5098,50,,,1,15,,5099,50,,,1,55,,5101,50,,,1,15,,5102,50,,,1,15,,5103,50,,,1,16,,5093,50,,,1,55,,5105,50,,,1,15,,5106,50,,,1,15,,5107,50,,,1,14,,5097,50,,,1,55,,5104,50,,,1,15,,5100,50,,,1,22,,5108,50,,,1,12,,5109,50,,,1,56,,5110,50,,,1,15,,5111,50,,,1,16,,5112,50,,,1,12,,5113,50,,,1,54,,5115,50,,,1,15,,5117,50,,,1,15,,5119,50,,,1,9,,5121,37,,,1,8,,5120,50,,,1,52,,5122,50,,,1,15,,5125,50,,,1,16,,5126,50,,,1,14,,5123,50,,,1,54,,5124,50,,,1,14,,5116,50,,,1,15,,5114,50,,,1,15,,5128,50,,,1,55,,5118,50,,,1,30,,5129,50,,,1,70,,5127,50,,,1,30,,5133,50,,,1,70,,5135,50,,,1,29,,5136,50,,,1,72,,5130,50,,,1,29,,5132,50,,,1,72,,5134,50,,,1,26,,5137,50,,,1
1200000200,'72',736,,5139,50,,,1,70,,5142,50,,,1,30,,5143,50,,,1,70,,5144,50,,,1,30,,5138,50,,,1,70,,5141,50,,,1,30,,5140,50,,,1,70,,5145,50,,,1,30,,5146,50,,,1,71,,5148,50,,,1,29,,5147,50,,,1,71,,5150,50,,,1,30,,5151,50,,,1,71,,5152,50,,,1,30,,5153,50,,,1,69,,5154,50,,,1,30,,5149,50,,,1,70,,5156,50,,,1,30,,5155,50,,,1,70,,5159,50,,,1,30,,5158,50,,,1,71,,5161,50,,,1,27,,5162,50,,,1,69,,5163,50,,,1,30,,5165,50,,,1,71,,5157,50,,,1,29,,5167,50,,,1,69,,5168,50,,,1,30,,5164,50,,,1,70,,5166,50,,,1,30,,5160,50,,,1,70,,5169,50,,,1,30,,5170,50,,,1
1200000200,'73',736,,5171,50,,,1,70,,5173,50,,,1,30,,5174,50,,,1,70,,5175,50,,,1,30,,5176,50,,,1,70,,5172,50,,,1,30,,5177,50,,,1,70,,5179,50,,,1,30,,5178,50,,,1,71,,5181,50,,,1,29,,5180,50,,,1,71,,5183,50,,,1,30,,5184,50,,,1,71,,5185,50,,,1,30,,5186,50,,,1,69,,5188,50,,,1,30,,5182,50,,,1,70,,5191,50,,,1,30,,5189,50,,,1,70,,5193,50,,,1,30,,5192,50,,,1,71,,5195,50,,,1,27,,5196,50,,,1,69,,5197,50,,,1,30,,5187,50,,,1,71,,5194,50,,,1,29,,5190,50,,,1
1200000200,'89',653,,5198,28,,,1,62,,5200,28,,,1,87,,5199,19,,,1
1200000300,'1',624,,7407,46,,,1,16,,7410,46,,,1,15,,7412,46,,,1,51,,7415,46,,,1,10,,7409,46,,,1,16,,7417,46,,,1,14,,7413,46,,,1,55,,7418,46,,,1,14,,7420,46,,,1,16,,7408,46,,,1,18,,7411,48,,,1,55,,7416,48,,,1,30,,7414,48,,,1,72,,7419,48,,,1,33,,7421,48,,,1,70,,7423,48,,,1,30,,7425,48,,,1,72,,7427,48,,,1,30,,7422,48,,,1,70,,7424,48,,,1,28,,7426,48,,,1,70,,7428,48,,,1,29,,7429,48,,,1,74,,7430,48,,,1,31,,7433,50,,,1,68,,7434,50,,,1,28,,7435,50,,,1,72,,7432,50,,,1,30,,7431,50,,,1,73,,7436,50,,,1,24,,7439,48,,,1,66,,7437,48,,,1,21,,7441,48,,,1,30,,7442,48,,,1,72,,7440,48,,,1,73,,7447,48,,,1
1200000300,'2',706,,7450,48,,,1,30,,7453,48,,,1,70,,7456,48,,,1,31,,7459,48,,,1,70,,7451,48,,,1,31,,7454,48,,,1,70,,7457,48,,,1,31,,7460,48,,,1,71,,7452,48,,,1,31,,7455,48,,,1,71,,7458,48,,,1,30,,7461,48,,,1,71,,7462,48,,,1,30,,7466,48,,,1,70,,7472,48,,,1,30,,7469,48,,,1,70,,7463,48,,,1,30,,7467,48,,,1,69,,7473,48,,,1,28,,7470,48,,,1,70,,7464,48,,,1,30,,7468,48,,,1,69,,7474,48,,,1,30,,7471,48,,,1
1200000300,'3',736,,7480,48,,,1,70,,7482,48,,,1,31,,7488,48,,,1,70,,7485,48,,,1,31,,7481,48,,,1,70,,7483,48,,,1,31,,7489,48,,,1,71,,7486,48,,,1,31,,7490,48,,,1,71,,7484,48,,,1,30,,7492,48,,,1,71,,7487,48,,,1,30,,7491,48,,,1,70,,7494,48,,,1,30,,7493,48,,,1,70,,7498,48,,,1,30,,7501,48,,,1,69,,7495,48,,,1,28,,7504,48,,,1,70,,7499,48,,,1,30,,7502,48,,,1,69,,7496,48,,,1,30,,7505,48,,,1
1200000300,'71',624,,5347,46,,,1,16,,5350,46,,,1,15,,5352,46,,,1,51,,5354,46,,,1,10,,5349,46,,,1,10,,5356,46,,,1,10,,5359,46,,,1,10,,5353,46,,,1,55,,5361,46,,,1,14,,5363,46,,,1,16,,5348,46,,,1,18,,5351,48,,,1,55,,5357,48,,,1,15,,5360,48,,,1,15,,5358,48,,,1,15,,5355,48,,,1,60,,5362,48,,,1,20,,5364,48,,,1,20,,5366,48,,,1,60,,5368,48,,,1,20,,5369,48,,,1,20,,5371,48,,,1,62,,5373,48,,,1,20,,5365,48,,,1,20,,5367,48,,,1,60,,5374,48,,,1,18,,5370,48,,,1,20,,5372,48,,,1,59,,5376,48,,,1,20,,5378,48,,,1,19,,5380,48,,,1,65,,5375,48,,,1,31,,5383,50,,,1,68,,5377,50,,,1,29,,5379,50,,,1,73,,5384,50,,,1,28,,5382,50,,,1,73,,5381,50,,,1,21,,5385,48,,,1,69,,5386,48,,,1,21,,5388,48,,,1,30,,5390,48,,,1,72,,5391,48,,,1,73,,5395,48,,,1
1200000300,'72',653,,5398,48,,,1,70,,5399,48,,,1,30,,5404,48,,,1,70,,5408,48,,,1,32,,5402,48,,,1,71,,5401,48,,,1,29,,5406,48,,,1,70,,5407,48,,,1,31,,5409,48,,,1,69,,5400,48,,,1,31,,5405,48,,,1,70,,5403,48,,,1,29,,5410,48,,,1,72,,5411,48,,,1,29,,5413,48,,,1,73,,5412,48,,,1,29,,5415,48,,,1,69,,5416,48,,,1,30,,5417,48,,,1,71,,5418,48,,,1,28,,5419,48,,,1,69,,5414,48,,,1,31,,5421,48,,,1,69,,5420,48,,,1
1200000300,'73',723,,5428,48,,,1,30,,5430,48,,,1,70,,5433,48,,,1,32,,5435,48,,,1,71,,5429,48,,,1,29,,5432,48,,,1,70,,5434,48,,,1,31,,5436,48,,,1,69,,5437,48,,,1,31,,5431,48,,,1,70,,5438,48,,,1,29,,5440,48,,,1,72,,5439,48,,,1,29,,5442,48,,,1,73,,5441,48,,,1,29,,5444,48,,,1,69,,5445,48,,,1,30,,5446,48,,,1,71,,5447,48,,,1,28,,5448,48,,,1,69,,5443,48,,,1,31,,5450,48,,,1,69,,5449,48,,,1
1200000301,'1',608,,7508,3,,,1,28,,7513,3,,,1,75,,7506,16,,,1,20,,7510,16,,,1,75,,7516,16,,,1,29,,7511,16,,,1,65,,7519,16,,,1,25,,7507,16,,,1,29,,7517,16,,,1,67,,7515,16,,,1,33,,7520,16,,,1,73,,7521,16,,,1,30,,7523,16,,,1,73,,7525,16,,,1,72,,7527,16,,,1,29,,7522,16,,,1,70,,7524,16,,,1,28,,7526,16,,,1,30,,7528,16,,,1,75,,7529,16,,,1,20,,7532,13,,,1,61,,7530,13,,,1,18,,7535,13,,,1,19,,7534,13,,,1,52,,7539,13,,,1,14,,7537,13,,,1,14,,7538,13,,,1,16,,7541,13,,,1,54,,7533,13,,,1,12,,7536,13,,,1,15,,7531,13,,,1,29,,7540,13,,,1,65,,7544,16,,,1,24,,7542,16,,,1,71,,7543,16,,,1,30,,7545,16,,,1,70,,7546,16,,,1,33,,7549,16,,,1,72,,7547,3,,,1,30,,7550,3,,,1,68,,7548,3,,,1,30,,7551,3,,,1,79,,7552,3,,,1
1200000301,'2',747,,7553,16,,,1,70,,7556,16,,,1,31,,7559,16,,,1,71,,7562,16,,,1,31,,7554,16,,,1,72,,7557,16,,,1,31,,7560,16,,,1,71,,7563,16,,,1,31,,7555,16,,,1,71,,7558,16,,,1,31,,7561,16,,,1,71,,7564,16,,,1,31,,7565,16,,,1,70,,7568,16,,,1,30,,7574,16,,,1,70,,7571,16,,,1,30,,7566,16,,,1,71,,7569,16,,,1,71,,7575,16,,,1,27,,7572,16,,,1,28,,7567,16,,,1,69,,7570,16,,,1,27,,7576,16,,,1,67,,7573,16,,,1,35,,7577,3,,,1,100,,7578,3,,,1,96,,7579,3,,,1,99,,7580,3,,,1,78,,7581,3,,,1,102,,7582,3,,,1
1200000301,'27',2222,,7584,6,,,1,30,,7587,6,,,1,70,,7589,6,,,1,83,,7585,6,,,1,28,,7588,6,,,1,70,,7583,6,,,1,30,,7586,6,,,1
1200000301,'28',2222,,7591,6,,,1,30,,7594,6,,,1,70,,7596,6,,,1,83,,7592,6,,,1,28,,7595,6,,,1,70,,7590,6,,,1,30,,7593,6,,,1
1200000301,'29',2222,,7598,6,,,1,30,,7601,6,,,1,70,,7603,6,,,1,83,,7599,6,,,1,28,,7602,6,,,1,70,,7597,6,,,1,30,,7600,6,,,1
1200000301,'3',817,,7604,16,,,1,31,,7606,16,,,1,71,,7612,16,,,1,31,,7609,16,,,1,72,,7605,16,,,1,31,,7607,16,,,1,71,,7613,16,,,1,31,,7610,16,,,1,71,,7614,16,,,1,31,,7608,16,,,1,71,,7616,16,,,1,31,,7611,16,,,1,70,,7615,16,,,1,30,,7618,16,,,1,70,,7617,16,,,1,30,,7621,16,,,1,71,,7623,16,,,1,71,,7619,16,,,1,27,,7627,16,,,1,28,,7622,16,,,1,69,,7624,16,,,1,27,,7620,16,,,1,67,,7628,16,,,1,35,,7625,3,,,1,161,,7626,3,,,1
1200000301,'71',608,,5456,3,,,1,28,,5460,3,,,1,76,,5454,16,,,1,20,,5458,16,,,1,77,,5466,16,,,1,27,,5463,16,,,1,66,,5469,16,,,1,26,,5455,16,,,1,29,,5465,16,,,1,67,,5467,16,,,1,76,,5470,16,,,1,20,,5471,16,,,1,20,,5473,16,,,1,60,,5475,16,,,1,23,,5476,16,,,1,20,,5478,16,,,1,62,,5480,16,,,1,19,,5472,16,,,1,20,,5474,16,,,1,60,,5481,16,,,1,18,,5477,16,,,1,20,,5479,16,,,1,59,,5483,16,,,1,25,,5484,16,,,1,12,,5485,13,,,1,16,,5486,13,,,1,61,,5482,13,,,1,18,,5494,13,,,1,19,,5490,13,,,1,52,,5493,13,,,1,14,,5488,13,,,1,14,,5487,13,,,1,16,,5497,13,,,1,56,,5496,13,,,1,10,,5495,13,,,1,17,,5492,13,,,1,11,,5489,13,,,1,16,,5491,13,,,1,63,,5498,16,,,1,27,,5499,16,,,1,71,,5501,16,,,1,30,,5500,16,,,1,70,,5502,16,,,1,33,,5505,16,,,1,71,,5503,3,,,1,30,,5506,3,,,1,68,,5504,3,,,1,30,,5507,3,,,1,79,,5508,3,,,1
1200000301,'72',748,,5511,16,,,1,70,,5510,16,,,1,31,,5514,16,,,1,70,,5515,16,,,1,31,,5516,16,,,1,71,,5509,16,,,1,31,,5513,16,,,1,70,,5512,16,,,1,30,,5517,16,,,1,70,,5518,16,,,1,31,,5520,16,,,1,70,,5519,16,,,1,31,,5522,16,,,1,70,,5523,16,,,1,31,,5524,16,,,1,70,,5525,16,,,1,29,,5526,16,,,1,71,,5521,16,,,1,32,,5528,16,,,1,69,,5527,16,,,1,28,,5530,16,,,1,69,,5529,16,,,1,29,,5531,16,,,1,64,,5535,16,,,1,38,,5532,3,,,1,100,,5533,3,,,1,96,,5534,3,,,1,99,,5536,3,,,1,78,,5537,3,,,1,102,,5538,3,,,1
1200000301,'73',818,,5539,16,,,1,31,,5541,16,,,1,70,,5542,16,,,1,31,,5543,16,,,1,71,,5544,16,,,1,31,,5540,16,,,1,70,,5545,16,,,1,30,,5547,16,,,1,70,,5546,16,,,1,31,,5549,16,,,1,70,,5548,16,,,1,31,,5551,16,,,1,70,,5552,16,,,1,31,,5553,16,,,1,70,,5554,16,,,1,29,,5555,16,,,1,71,,5550,16,,,1,32,,5557,16,,,1,69,,5556,16,,,1,28,,5559,16,,,1,69,,5558,16,,,1,29,,5560,16,,,1,64,,5563,16,,,1,38,,5561,3,,,1,161,,5562,3,,,1
1200000400,'1',714,,7629,52,,,1,17,,7630,52,,,1
1200000400,'71',710,,5565,52,,,1,16,,5566,52,,,1,16,,5567,52,,,1,16,,5564,52,,,1
