1501,'1',1231,,5834,33,0,41,2,103,,5835,33,0,41,2,95,,5836,33,0,41,2,77,,5839,33,0,41,2,52,,5837,50,,,2,85,,5840,50,,,2,60,,5842,50,,,2,34,,5838,50,0,41,2,68,,5841,50,,,2,37,,5844,33,0,41,2,73,,5845,33,0,41,2,102,,5846,33,0,41,2,112,,5843,33,0,41,2,81,,5847,33,0,41,2
1501,'71',709,,4438,51,0,41,2,24,,4436,51,0,41,2,74,,4439,51,0,41,2,123,,4437,34,0,41,2,115,,4440,34,0,41,2,156,,4441,34,0,41,2,30,,4442,34,0,41,2,117,,4444,34,0,41,2,156,,4445,34,0,41,2,54,,4443,51,0,41,2,89,,4446,51,0,41,2,55,,4448,51,0,41,2,29,,4450,51,0,41,2,75,,4449,51,0,41,2,36,,4447,34,0,41,2,76,,4451,34,0,41,2,105,,4452,34,0,41,2,105,,4453,34,0,41,2,82,,4454,34,0,41,2
1501,'88',1704,,4455,36,0,41,2
13101,'85',1601,,4865,73,,,2
15601,'83',1635,,4876,26,,,2
15801,'88',1649,,4878,24,,,2
2000001501,'2',820,,7688,33,,,2,101,,7689,33,,,2,100,,7690,33,,,2,102,,7691,33,,,2,101,,7692,33,,,2,102,,7693,33,,,2,201,,7694,33,,,2,101,,7695,33,,,2,103,,7696,33,,,2,96,,7697,33,,,2,93,,7698,33,,,2
2000001501,'3',921,,7699,33,,,2,100,,7700,33,,,2,102,,7701,33,,,2,101,,7702,33,,,2,102,,7703,33,,,2,201,,7704,33,,,2,101,,7705,33,,,2,103,,7706,33,,,2,96,,7707,33,,,2,93,,7708,33,,,2
2000001501,'72',813,,5628,34,,,2,102,,5629,34,,,2,103,,5630,34,,,2,108,,5631,34,,,2,94,,5632,34,,,2,109,,5633,34,,,2,182,,5634,34,,,2,99,,5635,34,,,2,103,,5636,34,,,2,98,,5637,34,,,2,98,,5638,34,,,2
2000001501,'73',915,,5639,34,,,2,103,,5640,34,,,2,108,,5641,34,,,2,94,,5642,34,,,2,109,,5643,34,,,2,182,,5644,34,,,2,99,,5645,34,,,2,103,,5646,34,,,2,98,,5647,34,,,2,98,,5648,34,,,2
