1100,'1',557,,5748,7,,,1,73,,5754,7,,,1,28,,5749,7,,,1,74,,5755,7,,,1,70,,5750,7,,,1,18,,5751,7,,,1,30,,5756,7,,,1,74,,5752,7,,,1,30,,5757,7,,,1,75,,5758,7,,,1,30,,5761,7,,,1,73,,5759,7,,,1,70,,5762,7,,,1,37,,5760,7,,,1,70,,5763,7,,,1,48,,5764,7,,,1,70,,5766,7,,,1,75,,5765,7,,,1,30,,5767,7,,,1,84,,5770,7,,,1,24,,5768,7,,,1,62,,5772,7,,,1,26,,5771,7,,,1,76,,5773,7,,,1,28,,5769,7,,,1,70,,5774,7,,,1,100,,5775,7,,,1,100,,5776,7,,,1,100,,5777,7,,,1,100,,5778,7,,,1
1100,'2',659,,5779,7,,,1,141,,5780,7,,,1,101,,5781,7,,,1,101,,5782,7,,,1,100,,5783,7,,,1,100,,5784,7,,,1,101,,5785,7,,,1,99,,5786,7,,,1,100,,5787,7,,,1,100,,5788,7,,,1,100,,5789,7,,,1,100,,5790,7,,,1,100,,5792,7,,,1,100,,5793,7,,,1,100,,5791,7,,,1,100,,5795,7,,,1,100,,5794,7,,,1
1100,'3',901,,5796,7,,,1,101,,5797,7,,,1,100,,5798,7,,,1,100,,5799,7,,,1,101,,5800,7,,,1,99,,5801,7,,,1,100,,5802,7,,,1,100,,5803,7,,,1,100,,5804,7,,,1,100,,5805,7,,,1
1100,'71',557,,4339,7,,,1,73,,4343,7,,,1,28,,4340,7,,,1,74,,4344,7,,,1,70,,4341,7,,,1,18,,4345,7,,,1,30,,4350,7,,,1,74,,4346,7,,,1,30,,4351,7,,,1,75,,4347,7,,,1,30,,4352,7,,,1,73,,4348,7,,,1,70,,4353,7,,,1,37,,4349,7,,,1,70,,4354,7,,,1,48,,4358,7,,,1,70,,4355,7,,,1,75,,4359,7,,,1,30,,4356,7,,,1,82,,4360,8,,,1,26,,4357,7,,,1,62,,4363,7,,,1,26,,4361,7,,,1,76,,4364,7,,,1,28,,4362,7,,,1,70,,4365,7,,,1,100,,4366,7,,,1,100,,4367,7,,,1,100,,4368,7,,,1,100,,4369,7,,,1
1100,'72',659,,4370,7,,,1,141,,4371,7,,,1,101,,4372,7,,,1,101,,4373,7,,,1,100,,4374,7,,,1,100,,4375,7,,,1,101,,4376,7,,,1,99,,4377,7,,,1,100,,4378,7,,,1,100,,4379,7,,,1,100,,4380,7,,,1,100,,4381,7,,,1,100,,4384,7,,,1,100,,4382,7,,,1,100,,4383,7,,,1,100,,4386,7,,,1,100,,4385,7,,,1
1100,'73',901,,4387,7,,,1,101,,4388,7,,,1,100,,4389,7,,,1,100,,4390,7,,,1,101,,4391,7,,,1,99,,4392,7,,,1,100,,4393,7,,,1,100,,4394,7,,,1,100,,4395,7,,,1,100,,4396,7,,,1
1500,'1',618,,5823,49,,,2,30,,5825,49,,,2,70,,5827,49,,,2,31,,5826,52,,,2,70,,5829,52,,,2
1500,'71',618,,4416,50,,,2,30,,4417,50,,,2,70,,4421,50,,,2,33,,4420,49,,,2,68,,4418,49,,,2,728,,4428,49,,,2,62,,4429,18,,,2,35,,4426,49,,,2,76,,4431,50,,,2,27,,4430,49,,,2
1600,'1',1541,,5851,33,,,2,68,,5854,18,,,2,33,,5850,36,,,2,77,,5852,36,,,2,25,,5855,36,,,2
11101,'85',1533,,4851,32,,,2
