3401,'1',633,,6039,14,,,2,67,,6040,14,,,2,51,,6041,14,,,2,794,,6042,14,,,2,89,,6043,14,,,2,98,,6044,14,,,2,26,,6045,14,,,2,86,,6046,14,,,2,68,,6047,14,,,2
3401,'14',1648,,6048,18,,,2
3401,'71',633,,4642,14,,,2,67,,4644,14,,,2,51,,4643,14,,,2,802,,4646,14,,,2,92,,4645,18,,,2,71,,4649,14,,,2,39,,4650,14,,,2,87,,4651,14,,,2,66,,4648,14,,,2
34500,'12',810,,6305,13,,,2
34500,'82',810,,4949,13,,,2
5003401,'1',1656,,6389,26,,,2
5003401,'71',1656,,5040,26,,,2
2000003401,'2',747,,7771,14,,,2,85,,7772,14,,,2,85,,7773,14,,,2,85,,7774,14,,,2,49,,7775,14,,,2,85,,7776,14,,,2,88,,7777,14,,,2,81,,7778,14,,,2,134,,7779,14,,,2,86,,7780,14,,,2,84,,7781,14,,,2,48,,7782,14,,,2,84,,7783,14,,,2,81,,7784,14,,,2,82,,7785,14,,,2
2000003401,'3',832,,7786,14,,,2,85,,7787,14,,,2,85,,7788,14,,,2,49,,7789,14,,,2,85,,7790,14,,,2,88,,7791,14,,,2,81,,7792,14,,,2,134,,7793,14,,,2,86,,7794,14,,,2,84,,7795,14,,,2,48,,7796,14,,,2,84,,7797,14,,,2,81,,7798,14,,,2,82,,7799,14,,,2
2000003401,'72',747,,5711,14,,,2,85,,5712,14,,,2,84,,5713,14,,,2,85,,5714,14,,,2,47,,5715,14,,,2,85,,5716,14,,,2,85,,5717,14,,,2,85,,5718,14,,,2,130,,5719,14,,,2,92,,5720,14,,,2,79,,5721,14,,,2,53,,5722,14,,,2,77,,5723,14,,,2,88,,5724,14,,,2,37,,5725,14,,,2
2000003401,'73',832,,5726,14,,,2,84,,5727,14,,,2,85,,5728,14,,,2,47,,5729,14,,,2,85,,5730,14,,,2,85,,5731,14,,,2,85,,5732,14,,,2,130,,5733,14,,,2,92,,5734,14,,,2,79,,5735,14,,,2,53,,5736,14,,,2,77,,5737,14,,,2,88,,5738,14,,,2,37,,5739,14,,,2
