2300,'1',608,,5924,44,,,2,195,,5919,44,,,2,40,,5927,44,,,2,74,,5904,44,,,2,36,,5906,44,,,2,70,,5905,44,,,2,30,,5907,44,,,2,70,,5908,44,,,2,30,,5909,44,,,2,70,,5912,30,,,2,30,,5910,30,,,2,70,,5913,30,,,2,30,,5911,30,,,2,71,,5914,30,,,2,33,,5915,30,,,2,72,,5917,30,,,2,119,,5918,30,,,2,77,,5916,30,,,2,24,,5925,30,,,2,72,,5920,30,,,2,30,,5926,30,,,2,73,,5921,30,,,2,102,,5922,30,,,2,95,,5923,30,,,2
2300,'13',842,,5928,8,0,14 1 15,2
2300,'2',645,,5930,44,,,2,100,,5931,44,,,2,101,,5932,44,,,2,102,,5933,44,,,2,102,,5934,44,,,2,102,,5935,44,,,2,101,,5936,44,,,2,101,,5937,30,,,2,100,,5938,30,,,2,100,,5939,30,,,2,101,,5940,30,,,2,88,,5941,30,,,2
2300,'3',745,,5942,44,,,2,101,,5943,44,,,2,102,,5944,44,,,2,102,,5945,44,,,2,102,,5946,44,,,2,101,,5947,44,,,2,101,,5948,30,,,2,100,,5949,30,,,2,100,,5950,30,,,2,101,,5951,30,,,2,88,,5952,30,,,2
2300,'71',608,,4520,44,,,2,150,,4525,44,,,2,85,,4529,44,0,14 1 15,2,71,,4507,44,,,2,36,,4510,44,,,2,70,,4508,44,,,2,31,,4511,44,,,2,70,,4509,44,,,2,30,,4512,44,,,2,71,,4515,30,,,2,30,,4513,30,,,2,70,,4516,30,,,2,30,,4514,30,,,2,72,,4517,30,,,2,33,,4518,30,,,2,70,,4528,30,,,2,117,,4530,30,,,2,75,,4519,30,,,2,28,,4526,30,,,2,72,,4521,30,,,2,30,,4527,30,,,2,75,,4522,30,,,2,100,,4523,30,,,2,97,,4524,30,,,2
2300,'72',647,,4531,44,,,2,101,,4532,44,,,2,101,,4533,44,,,2,101,,4534,44,,,2,101,,4535,44,,,2,100,,4536,44,,,2,101,,4537,44,,,2,101,,4538,30,,,2,100,,4539,30,,,2,100,,4540,30,,,2,100,,4541,30,,,2,102,,4542,30,,,2
2300,'73',748,,4543,44,,,2,101,,4544,44,,,2,101,,4545,44,,,2,101,,4546,44,,,2,100,,4547,44,,,2,101,,4548,44,,,2,101,,4549,30,,,2,100,,4550,30,,,2,100,,4551,30,,,2,100,,4552,30,,,2,102,,4553,30,,,2
2300,'87',842,,4554,8,0,14 1 15,2
22200,'15',717,,6289,11,,,2
22200,'84',717,,4925,11,,,2
23100,'15',725,,6293,49,,,2
23100,'84',725,,4931,49,,,2
23500,'12',814,,6295,67,,,2
23500,'82',814,,4935,67,,,2
5002300,'1',635,,6378,44,,,2,66,,6379,44,,,2,29,,6380,44,,,2
5002300,'71',635,,5028,44,,,2,66,,5027,44,,,2,29,,5029,44,,,2
