3600,'1',624,,750,28,,,2,177,,751,28,,,2,54,,752,28,,,2,161,,753,28,,,2,101,,754,28,,,2,100,,755,28,,,2,103,,756,28,,,2,100,,757,28,,,2,100,,758,28,,,2,305,,759,28,,,2,90,,760,28,,,2,92,,761,28,,,2,97,,762,28,,,2,104,,763,28,,,2,93,,764,28,,,2
3600,'3',624,,765,28,,,2,177,,766,28,,,2,215,,767,28,,,2,101,,768,28,,,2,100,,770,28,,,2,103,,769,28,,,2,100,,771,28,,,2,100,,772,28,,,2,305,,773,28,,,2,90,,774,28,,,2,92,,775,28,,,2,97,,776,28,,,2,104,,777,28,,,2,93,,778,28,,,2
3600,'4',624,,779,28,,,2,177,,783,28,,,2,215,,782,28,,,2,101,,780,28,,,2,100,,781,28,,,2,103,,784,28,,,2,100,,785,28,,,2,100,,786,28,,,2,305,,787,28,,,2,90,,790,28,,,2,92,,791,28,,,2,97,,792,28,,,2,104,,788,28,,,2,93,,789,28,,,2
3600,'6',738,,793,28,,,2,100,,794,28,,,2,101,,795,28,,,2,100,,796,28,,,2,105,,797,28,,,2,100,,798,28,,,2,100,,799,28,,,2,102,,800,28,,,2,101,,801,28,,,2,99,,802,28,,,2,97,,807,28,,,2,96,,808,28,,,2,91,,809,28,,,2,109,,803,28,,,2,99,,804,28,,,2,97,,805,28,,,2,93,,806,28,,,2
3600,'8',838,,810,28,,,2,101,,811,28,,,2,100,,812,28,,,2,105,,813,28,,,2,100,,814,28,,,2,100,,815,28,,,2,102,,816,28,,,2,101,,817,28,,,2,99,,818,28,,,2,97,,819,28,,,2,96,,820,28,,,2,91,,821,28,,,2
5003600,'1',659,,1343,28,,,2,68,,1342,28,,,2
5003600,'3',659,,1345,28,,,2,68,,1344,28,,,2
5003600,'4',659,,1347,28,,,2,68,,1346,28,,,2
5003601,'1',1621,,1350,42,,,2,84,,1348,42,,,2,22,,1349,42,,,2
5003601,'3',1653,,1351,42,,,2,67,,1352,42,,,2
5003601,'4',1658,,1353,42,,,2,62,,1354,42,,,2
