2200,'1',615,,5864,41,,,2,28,,5873,79,,,2,63,,5865,41,,,2,30,,5877,41,,,2,66,,5879,79,,,2,43,,5878,41,,,2,87,,5874,41,,,2,109,,5866,41,,,2,100,,5867,41,,,2,100,,5868,41,,,2,100,,5870,41,,,2,102,,5871,41,,,2,103,,5880,27,,,2,65,,5872,27,,,2,113,,5869,27,,,2,29,,5875,27,,,2,100,,5876,27,,,2
2200,'13',847,,5881,24,0,14 1 15,2
2200,'71',616,,4456,41,,,2,28,,4471,79,,,2,63,,4457,41,,,2,30,,4472,41,,,2,66,,4474,79,,,2,43,,4473,41,0,14 1 15,2,87,,4458,41,,,2,75,,4460,41,,,2,32,,4459,41,,,2,72,,4461,41,,,2,30,,4465,41,,,2,70,,4462,41,,,2,31,,4466,41,,,2,70,,4463,41,,,2,30,,4475,41,,,2,70,,4464,41,,,2,29,,4476,41,,,2,74,,4469,41,,,2,31,,4467,27,,,2,65,,4470,27,,,2,108,,4468,27,,,2,34,,4477,27,,,2,100,,4478,27,,,2
2200,'87',848,,4479,24,0,14 1 15,2
2300,'1',612,,5924,53,,,2,196,,5919,53,,,2,40,,5927,53,,,2,73,,5904,53,,,2,36,,5906,53,,,2,70,,5905,53,,,2,30,,5907,53,,,2,70,,5908,53,,,2,30,,5909,53,,,2,70,,5912,39,,,2,30,,5910,39,,,2,70,,5913,39,,,2,30,,5911,39,,,2,71,,5914,39,,,2,73,,5915,39,,,2,33,,5917,39,,,2,119,,5918,39,,,2,77,,5916,39,,,2,24,,5925,39,,,2,71,,5920,39,,,2,30,,5926,39,,,2,73,,5921,39,,,2,102,,5922,39,,,2,95,,5923,39,,,2
2300,'13',847,,5928,17,0,14 1 15,2
2300,'2',650,,5930,53,,,2,100,,5931,53,,,2,101,,5932,53,,,2,102,,5933,53,,,2,102,,5934,53,,,2,102,,5935,53,,,2,101,,5936,53,,,2,101,,5937,39,,,2,100,,5938,39,,,2,100,,5939,39,,,2,141,,5940,39,,,2,48,,5941,39,,,2
2300,'3',750,,5942,53,,,2,101,,5943,53,,,2,102,,5944,53,,,2,102,,5945,53,,,2,102,,5946,53,,,2,101,,5947,53,,,2,101,,5948,39,,,2,100,,5949,39,,,2,100,,5950,39,,,2,141,,5951,39,,,2,48,,5952,39,,,2
2300,'71',612,,4520,53,,,2,191,,4525,53,,,2,45,,4529,53,0,14 1 15,2,70,,4507,53,,,2,36,,4510,53,,,2,70,,4508,53,,,2,31,,4511,53,,,2,70,,4509,53,,,2,30,,4512,53,,,2,71,,4515,39,,,2,30,,4513,39,,,2,70,,4516,39,,,2,30,,4514,39,,,2,72,,4517,39,,,2,73,,4518,39,,,2,31,,4528,39,,,2,117,,4530,39,,,2,75,,4519,39,,,2,28,,4526,39,,,2,71,,4521,39,,,2,30,,4527,39,,,2,75,,4522,39,,,2,100,,4523,39,,,2,97,,4524,39,,,2
2300,'72',652,,4531,53,,,2,101,,4532,53,,,2,101,,4533,53,,,2,101,,4534,53,,,2,101,,4535,53,,,2,100,,4536,53,,,2,101,,4537,53,,,2,101,,4538,39,,,2,100,,4539,39,,,2,100,,4540,39,,,2,100,,4541,39,,,2,142,,4542,39,,,2
2300,'73',753,,4543,53,,,2,101,,4544,53,,,2,101,,4545,53,,,2,101,,4546,53,,,2,100,,4547,53,,,2,101,,4548,53,,,2,101,,4549,39,,,2,100,,4550,39,,,2,100,,4551,39,,,2,100,,4552,39,,,2,142,,4553,39,,,2
2300,'87',847,,4554,17,0,14 1 15,2
22100,'15',722,,6288,26,,,2
22100,'84',722,,4923,26,,,2
22200,'15',723,,6289,23,,,2
22200,'84',723,,4925,23,,,2
22501,'83',1707,,4928,36,4,,2
23100,'15',730,,6293,60,,,2
23100,'84',730,,4931,60,,,2
23200,'15',717,,6294,18,,,2
23200,'84',719,,4933,18,,,2
32500,'12',803,,6304,14,,,2
32500,'82',803,,4947,14,,,2
5002300,'1',641,,6378,53,,,2,67,,6379,53,,,2,30,,6380,53,,,2
5002300,'71',641,,5028,53,,,2,67,,5027,53,,,2,30,,5029,53,,,2
5002400,'1',708,,6384,29,,,2,28,,6383,29,,,2
5002400,'71',708,,5034,29,,,2,28,,5033,29,,,2
5004300,'11',701,,6400,6,,,2,119,,6401,6,,,2
5004300,'81',701,,5055,6,,,2,119,,5056,6,,,2
1200000100,'1',559,,7140,44,0,14,1,64,,7141,44,,,1,30,,7142,44,,,1,60,,7143,44,,,1,30,,7146,44,0,16 1 17,1,70,,7144,44,,,1
1200000100,'71',559,,5060,44,0,14,1,64,,5061,44,,,1,30,,5062,44,,,1,60,,5063,44,,,1,30,,5066,44,0,16 1 17,1,70,,5064,44,,,1
1200000300,'1',622,,7407,44,,,1,16,,7410,44,,,1,14,,7412,44,,,1,51,,7415,44,,,1,10,,7409,44,,,1,16,,7417,44,,,1,14,,7413,44,,,1,15,,7418,44,,,1,54,,7420,44,,,1,16,,7408,44,,,1,14,,7411,44,,,1,15,,7416,44,,,1,70,,7414,44,,,1,32,,7419,44,,,1,73,,7421,44,,,1,70,,7423,44,,,1,30,,7425,44,,,1,72,,7427,44,,,1,30,,7422,44,,,1,70,,7424,44,,,1,28,,7426,44,,,1,70,,7428,44,,,1,29,,7429,44,,,1,74,,7430,44,,,1,31,,7433,46,,,1,67,,7434,46,,,1,28,,7435,46,,,1,72,,7432,46,,,1,31,,7431,46,,,1,73,,7436,46,,,1,24,,7439,44,,,1,27,,7437,44,,,1,61,,7441,44,,,1,30,,7442,44,,,1,72,,7440,44,,,1,33,,7447,44,,,1,66,,7438,44,,,1,27,,7443,44,,,1,70,,7444,44,,,1,30,,7448,44,,,1,66,,7445,44,,,1,30,,7449,44,,,1,68,,7446,44,,,1
1200000300,'2',659,,7450,44,,,1,70,,7453,44,,,1,30,,7456,44,,,1,71,,7459,44,,,1,70,,7451,44,,,1,31,,7454,44,,,1,70,,7457,44,,,1,31,,7460,44,,,1,71,,7452,44,,,1,30,,7455,44,,,1,71,,7458,44,,,1,30,,7461,44,,,1,71,,7462,44,,,1,30,,7466,44,,,1,70,,7472,44,,,1,30,,7469,44,,,1,70,,7463,44,,,1,30,,7467,44,,,1,69,,7473,44,,,1,30,,7470,44,,,1,70,,7464,44,,,1,30,,7468,44,,,1,69,,7474,44,,,1,30,,7471,44,,,1,19,,7465,44,,,1,94,,7475,44,,,1,100,,7476,44,,,1,96,,7477,44,,,1,99,,7478,44,,,1,177,,7479,44,,,1
1200000300,'3',729,,7480,44,,,1,30,,7482,44,,,1,71,,7488,44,,,1,70,,7485,44,,,1,31,,7481,44,,,1,70,,7483,44,,,1,31,,7489,44,,,1,71,,7486,44,,,1,30,,7490,44,,,1,71,,7484,44,,,1,30,,7492,44,,,1,71,,7487,44,,,1,30,,7491,44,,,1,70,,7494,44,,,1,30,,7493,44,,,1,70,,7498,44,,,1,30,,7501,44,,,1,69,,7495,44,,,1,30,,7504,44,,,1,70,,7499,44,,,1,30,,7502,44,,,1,69,,7496,44,,,1,30,,7505,44,,,1,19,,7500,44,,,1,94,,7497,44,,,1,157,,7503,44,,,1
1200000300,'71',622,,5347,44,,,1,16,,5350,44,,,1,14,,5352,44,,,1,51,,5354,44,,,1,10,,5349,44,,,1,10,,5356,44,,,1,10,,5359,44,,,1,10,,5353,44,,,1,15,,5361,44,,,1,54,,5363,44,,,1,16,,5348,44,,,1,14,,5351,44,,,1,15,,5357,44,,,1,55,,5360,44,,,1,15,,5358,44,,,1,15,,5355,44,,,1,60,,5362,44,,,1,20,,5364,44,,,1,20,,5366,44,,,1,60,,5368,44,,,1,20,,5369,44,,,1,20,,5371,44,,,1,62,,5373,44,,,1,20,,5365,44,,,1,20,,5367,44,,,1,60,,5374,44,,,1,18,,5370,44,,,1,20,,5372,44,,,1,59,,5376,44,,,1,20,,5378,44,,,1,19,,5380,44,,,1,65,,5375,44,,,1,31,,5383,46,,,1,67,,5377,46,,,1,29,,5379,46,,,1,73,,5384,46,,,1,29,,5382,46,,,1,73,,5381,46,,,1,21,,5385,44,,,1,30,,5386,44,,,1,61,,5388,44,,,1,30,,5390,44,,,1,72,,5391,44,,,1,33,,5395,44,,,1,66,,5389,44,,,1,27,,5387,44,,,1,70,,5392,44,,,1,30,,5396,44,,,1,66,,5393,44,,,1,30,,5397,44,,,1,68,,5394,44,,,1
1200000300,'72',647,,5398,44,,,1,70,,5399,44,,,1,30,,5404,44,,,1,70,,5408,44,,,1,32,,5402,44,,,1,71,,5401,44,,,1,28,,5406,44,,,1,70,,5407,44,,,1,31,,5409,44,,,1,69,,5400,44,,,1,31,,5405,44,,,1,70,,5403,44,,,1,29,,5410,44,,,1,72,,5411,44,,,1,29,,5413,44,,,1,73,,5412,44,,,1,29,,5415,44,,,1,69,,5416,44,,,1,30,,5417,44,,,1,71,,5418,44,,,1,29,,5419,44,,,1,69,,5414,44,,,1,31,,5421,44,,,1,69,,5420,44,,,1,33,,5422,44,,,1,94,,5423,44,,,1,100,,5424,44,,,1,96,,5425,44,,,1,99,,5426,44,,,1,177,,5427,44,,,1
1200000300,'73',717,,5428,44,,,1,30,,5430,44,,,1,70,,5433,44,,,1,32,,5435,44,,,1,71,,5429,44,,,1,28,,5432,44,,,1,70,,5434,44,,,1,31,,5436,44,,,1,69,,5437,44,,,1,31,,5431,44,,,1,70,,5438,44,,,1,29,,5440,44,,,1,72,,5439,44,,,1,29,,5442,44,,,1,73,,5441,44,,,1,29,,5444,44,,,1,69,,5445,44,,,1,30,,5446,44,,,1,71,,5447,44,,,1,29,,5448,44,,,1,69,,5443,44,,,1,31,,5450,44,,,1,69,,5449,44,,,1,33,,5451,44,,,1,94,,5452,44,,,1,157,,5453,44,,,1
