3101,'1',549,,6012,9,0,8 1 32,2,70,,6014,9,0,8 1 32,2,27,,6013,41,0,8 1 32,2,72,,6011,41,0,8 1 32,2,104,,6015,41,0,8 1 32,2,105,,6016,41,0,8 1 32,2,99,,6017,41,0,8 1 32,2,100,,6018,41,0,8 1 32,2,106,,6019,41,0,8 1 32,2,102,,6020,41,0,8 1 32,2,101,,6021,41,0,8 1 32,2,100,,6022,41,0,8 1 32,2,97,,6023,41,0,8 1 32,2,71,,6026,41,0,8 1 32,2,31,,6027,41,0,8 1 32,2,71,,6024,41,0,8 1 32,2,33,,6028,41,0,8 1 32,2,64,,6025,41,0,8 1 32,2,36,,6029,41,0,8 1 32,2,290,,6030,41,0,8,2
3101,'71',558,,4611,10,0,8 1 14,2,70,,4613,10,0,8 1 14,2,78,,4610,36,0,8 1 14,2,24,,4612,36,0,8 1 14,2,95,,4614,36,0,8 1 14,2,16,,4618,10,0,8 1 14,2,94,,4619,36,0,8 1 14,2,85,,4615,36,0,8 1 14,2,87,,4616,36,0,8 1 14,2,96,,4617,36,0,8 1 14,2,47,,4620,36,0,8 1 14,2,85,,4621,36,0,8 1 14,2,86,,4622,36,0,8 1 14,2,88,,4623,36,0,8 1 14,2,46,,4624,36,0,8 1 14,2,82,,4627,36,0,8 1 14,2,16,,4625,36,0,8 1 14,2,76,,4628,36,0,8 1 14,2,25,,4631,36,0,8 1 14,2,66,,4629,36,0,8 1 14,2,36,,4626,36,0,8 1 14,2,68,,4630,36,0,8 1 14,2,291,,4632,36,0,8,2
31100,'15',716,,6300,16,,,2
31100,'84',716,,4945,16,,,2
31900,'13',826,,6301,10,,,2,15,,6302,10,,,2
38100,'15',704,,6316,10,,,2
38100,'84',704,,4965,10,,,2
2000003101,'2',652,,7719,10,0,8 1 32,2,102,,7720,42,0,8 1 32,2,101,,7721,42,0,8 1 32,2,101,,7722,42,0,8 1 32,2,101,,7723,42,0,8 1 32,2,101,,7724,42,0,8 1 32,2,101,,7725,42,0,8 1 32,2,255,,7726,42,0,8 1 32,2,101,,7727,42,0,8 1 32,2,101,,7728,42,0,8 1 32,2,96,,7729,42,0,8 1 32,2,90,,7730,42,0,8,2
2000003101,'3',754,,7731,10,0,8 1 32,2,101,,7732,42,0,8 1 32,2,101,,7733,42,0,8 1 32,2,101,,7734,42,0,8 1 32,2,101,,7735,42,0,8 1 32,2,101,,7736,42,0,8 1 32,2,255,,7737,42,0,8 1 32,2,101,,7738,42,0,8 1 32,2,101,,7739,42,0,8 1 32,2,96,,7740,42,0,8 1 32,2,90,,7741,42,0,8,2
2000003101,'72',706,,5659,10,0,8 1 14,2,101,,5660,36,0,8 1 14,2,101,,5661,36,0,8 1 14,2,100,,5662,36,0,8 1 14,2,100,,5663,36,0,8 1 14,2,100,,5664,36,0,8 1 14,2,100,,5665,36,0,8 1 14,2,199,,5666,36,0,8 1 14,2,102,,5667,36,0,8 1 14,2,102,,5668,36,0,8 1 14,2,98,,5669,36,0,8 1 14,2,98,,5670,36,0,8,2
2000003101,'73',807,,5671,10,0,8 1 14,2,100,,5672,36,0,8 1 14,2,101,,5673,36,0,8 1 14,2,100,,5674,36,0,8 1 14,2,100,,5675,36,0,8 1 14,2,100,,5676,36,0,8 1 14,2,199,,5677,36,0,8 1 14,2,102,,5678,36,0,8 1 14,2,102,,5679,36,0,8 1 14,2,98,,5680,36,0,8 1 14,2,98,,5681,36,0,8,2
