2300,'1',600,,5924,32,,,2,155,,5919,32,,,2,80,,5927,32,,,2,74,,5904,32,,,2,36,,5906,32,,,2,70,,5905,32,,,2,30,,5907,32,,,2,70,,5908,32,,,2,30,,5909,32,,,2,74,,5912,22,,,2,30,,5910,22,,,2,70,,5913,22,,,2,30,,5911,22,,,2,71,,5914,22,,,2,33,,5915,22,,,2,72,,5917,22,,,2,118,,5918,22,,,2,77,,5916,22,,,2,24,,5925,22,,,2,73,,5920,22,,,2,30,,5926,22,,,2,73,,5921,22,,,2,102,,5922,22,,,2,95,,5923,22,,,2
2300,'2',637,,5930,32,,,2,100,,5931,32,,,2,101,,5932,32,,,2,102,,5933,32,,,2,102,,5934,32,,,2,102,,5935,32,,,2,101,,5936,32,,,2,105,,5937,22,,,2,100,,5938,22,,,2,100,,5939,22,,,2,101,,5940,22,,,2,88,,5941,22,,,2
2300,'3',737,,5942,32,,,2,101,,5943,32,,,2,102,,5944,32,,,2,102,,5945,32,,,2,102,,5946,32,,,2,101,,5947,32,,,2,105,,5948,22,,,2,100,,5949,22,,,2,100,,5950,22,,,2,101,,5951,22,,,2,88,,5952,22,,,2
2300,'71',600,,4520,32,,,2,150,,4525,32,,,2,85,,4529,32,0,14 1 15,2,71,,4507,32,,,2,36,,4510,32,,,2,70,,4508,32,,,2,31,,4511,32,,,2,70,,4509,32,,,2,30,,4512,32,,,2,75,,4515,22,,,2,30,,4513,22,,,2,70,,4516,22,,,2,30,,4514,22,,,2,72,,4517,22,,,2,33,,4518,22,,,2,70,,4528,22,,,2,116,,4530,22,,,2,75,,4519,22,,,2,28,,4526,22,,,2,73,,4521,22,,,2,30,,4527,22,,,2,75,,4522,22,,,2,100,,4523,22,,,2,97,,4524,22,,,2
2300,'72',639,,4531,32,,,2,101,,4532,32,,,2,101,,4533,32,,,2,101,,4534,32,,,2,101,,4535,32,,,2,100,,4536,32,,,2,101,,4537,32,,,2,105,,4538,22,,,2,100,,4539,22,,,2,100,,4540,22,,,2,100,,4541,22,,,2,102,,4542,22,,,2
2300,'73',740,,4543,32,,,2,101,,4544,32,,,2,101,,4545,32,,,2,101,,4546,32,,,2,100,,4547,32,,,2,101,,4548,32,,,2,105,,4549,22,,,2,100,,4550,22,,,2,100,,4551,22,,,2,100,,4552,22,,,2,102,,4553,22,,,2
23100,'15',720,,6293,44,,,2
23100,'84',720,,4931,44,,,2
23500,'12',807,,6295,55,,,2
23500,'82',807,,4935,55,,,2
23501,'83',1718,,4936,67,,,2
5002300,'1',627,,6378,32,,,2,25,,6379,32,,,2,69,,6380,32,,,2
5002300,'71',627,,5028,32,,,2,25,,5027,32,,,2,69,,5029,32,,,2
