2200,'1',615,,5864,40,,,2,28,,5873,78,,,2,63,,5865,40,,,2,30,,5877,40,,,2,66,,5879,78,,,2,43,,5878,40,,,2,87,,5874,40,,,2,109,,5866,40,,,2,100,,5867,40,,,2,100,,5868,40,,,2,100,,5870,40,,,2,102,,5871,40,,,2,103,,5880,26,,,2,65,,5872,26,,,2,113,,5869,26,,,2,29,,5875,26,,,2,100,,5876,26,,,2
2200,'13',847,,5881,23,0,14 1 15,2
2200,'71',615,,4456,40,,,2,28,,4471,78,,,2,63,,4457,40,,,2,30,,4472,40,,,2,66,,4474,78,,,2,43,,4473,40,0,14 1 15,2,87,,4458,40,,,2,75,,4460,40,,,2,32,,4459,40,,,2,72,,4461,40,,,2,30,,4465,40,,,2,70,,4462,40,,,2,31,,4466,40,,,2,70,,4463,40,,,2,30,,4475,40,,,2,70,,4464,40,,,2,29,,4476,40,,,2,74,,4469,40,,,2,31,,4467,26,,,2,65,,4470,26,,,2,108,,4468,26,,,2,34,,4477,26,,,2,100,,4478,26,,,2
2200,'87',847,,4479,23,0,14 1 15,2
2300,'1',612,,5924,52,,,2,196,,5919,52,,,2,40,,5927,52,,,2,73,,5904,52,,,2,36,,5906,52,,,2,70,,5905,52,,,2,30,,5907,52,,,2,70,,5908,52,,,2,30,,5909,52,,,2,70,,5912,38,,,2,30,,5910,38,,,2,70,,5913,38,,,2,30,,5911,38,,,2,71,,5914,38,,,2,73,,5915,38,,,2,33,,5917,38,,,2,119,,5918,38,,,2,77,,5916,38,,,2,24,,5925,38,,,2,71,,5920,38,,,2,30,,5926,38,,,2,73,,5921,38,,,2,102,,5922,38,,,2,95,,5923,38,,,2
2300,'13',847,,5928,16,0,14 1 15,2
2300,'2',650,,5930,52,,,2,100,,5931,52,,,2,101,,5932,52,,,2,102,,5933,52,,,2,102,,5934,52,,,2,102,,5935,52,,,2,101,,5936,52,,,2,101,,5937,38,,,2,100,,5938,38,,,2,100,,5939,38,,,2,141,,5940,38,,,2,48,,5941,38,,,2
2300,'3',750,,5942,52,,,2,101,,5943,52,,,2,102,,5944,52,,,2,102,,5945,52,,,2,102,,5946,52,,,2,101,,5947,52,,,2,101,,5948,38,,,2,100,,5949,38,,,2,100,,5950,38,,,2,141,,5951,38,,,2,48,,5952,38,,,2
2300,'71',612,,4520,52,,,2,191,,4525,52,,,2,45,,4529,52,0,14 1 15,2,70,,4507,52,,,2,36,,4510,52,,,2,70,,4508,52,,,2,31,,4511,52,,,2,70,,4509,52,,,2,30,,4512,52,,,2,71,,4515,38,,,2,30,,4513,38,,,2,70,,4516,38,,,2,30,,4514,38,,,2,72,,4517,38,,,2,73,,4518,38,,,2,31,,4528,38,,,2,117,,4530,38,,,2,75,,4519,38,,,2,28,,4526,38,,,2,71,,4521,38,,,2,30,,4527,38,,,2,75,,4522,38,,,2,100,,4523,38,,,2,97,,4524,38,,,2
2300,'72',652,,4531,52,,,2,101,,4532,52,,,2,101,,4533,52,,,2,101,,4534,52,,,2,101,,4535,52,,,2,100,,4536,52,,,2,101,,4537,52,,,2,101,,4538,38,,,2,100,,4539,38,,,2,100,,4540,38,,,2,100,,4541,38,,,2,142,,4542,38,,,2
2300,'73',753,,4543,52,,,2,101,,4544,52,,,2,101,,4545,52,,,2,101,,4546,52,,,2,100,,4547,52,,,2,101,,4548,52,,,2,101,,4549,38,,,2,100,,4550,38,,,2,100,,4551,38,,,2,100,,4552,38,,,2,142,,4553,38,,,2
2300,'87',847,,4554,16,0,14 1 15,2
22100,'15',721,,6288,25,,,2
22100,'84',721,,4923,25,,,2
22200,'15',723,,6289,22,,,2
22200,'84',723,,4925,22,,,2
22501,'83',1706,,4928,35,,,2
23100,'15',730,,6293,59,,,2
23100,'84',730,,4931,59,,,2
23200,'15',716,,6294,17,,,2
23200,'84',718,,4933,17,,,2
5002300,'1',640,,6378,52,,,2,67,,6379,52,,,2,30,,6380,52,,,2
5002300,'71',640,,5028,52,,,2,67,,5027,52,,,2,30,,5029,52,,,2
5002400,'1',707,,6384,28,,,2,28,,6383,28,,,2
5002400,'71',707,,5034,28,,,2,28,,5033,28,,,2
5004300,'11',700,,6400,5,,,2,119,,6401,5,,,2
5004300,'81',700,,5055,5,,,2,119,,5056,5,,,2
1200000100,'1',559,,7140,43,0,14,1,64,,7141,43,,,1,30,,7142,43,,,1,60,,7143,43,,,1,30,,7146,43,0,16 1 17,1,70,,7144,43,,,1
1200000100,'71',559,,5060,43,0,14,1,64,,5061,43,,,1,30,,5062,43,,,1,60,,5063,43,,,1,30,,5066,43,0,16 1 17,1,70,,5064,43,,,1
1200000300,'1',621,,7407,43,,,1,16,,7410,43,,,1,14,,7412,43,,,1,51,,7415,43,,,1,10,,7409,43,,,1,16,,7417,43,,,1,14,,7413,43,,,1,15,,7418,43,,,1,54,,7420,43,,,1,16,,7408,43,,,1,15,,7411,43,,,1,15,,7416,43,,,1,70,,7414,43,,,1,32,,7419,43,,,1,73,,7421,43,,,1,70,,7423,43,,,1,30,,7425,43,,,1,72,,7427,43,,,1,30,,7422,43,,,1,70,,7424,43,,,1,28,,7426,43,,,1,70,,7428,43,,,1,29,,7429,43,,,1,74,,7430,43,,,1,31,,7433,45,,,1,67,,7434,45,,,1,28,,7435,45,,,1,72,,7432,45,,,1,31,,7431,45,,,1,73,,7436,45,,,1,24,,7439,43,,,1,27,,7437,43,,,1,61,,7441,43,,,1,30,,7442,43,,,1,72,,7440,43,,,1,33,,7447,43,,,1,66,,7438,43,,,1,27,,7443,43,,,1,70,,7444,43,,,1,30,,7448,43,,,1,66,,7445,43,,,1,30,,7449,43,,,1,68,,7446,43,,,1
1200000300,'2',659,,7450,43,,,1,70,,7453,43,,,1,30,,7456,43,,,1,71,,7459,43,,,1,70,,7451,43,,,1,31,,7454,43,,,1,70,,7457,43,,,1,31,,7460,43,,,1,71,,7452,43,,,1,30,,7455,43,,,1,71,,7458,43,,,1,30,,7461,43,,,1,71,,7462,43,,,1,30,,7466,43,,,1,70,,7472,43,,,1,30,,7469,43,,,1,70,,7463,43,,,1,30,,7467,43,,,1,69,,7473,43,,,1,30,,7470,43,,,1,70,,7464,43,,,1,30,,7468,43,,,1,69,,7474,43,,,1,30,,7471,43,,,1,19,,7465,43,,,1,94,,7475,43,,,1,100,,7476,43,,,1,96,,7477,43,,,1,99,,7478,43,,,1,177,,7479,43,,,1
1200000300,'3',729,,7480,43,,,1,30,,7482,43,,,1,71,,7488,43,,,1,70,,7485,43,,,1,31,,7481,43,,,1,70,,7483,43,,,1,31,,7489,43,,,1,71,,7486,43,,,1,30,,7490,43,,,1,71,,7484,43,,,1,30,,7492,43,,,1,71,,7487,43,,,1,30,,7491,43,,,1,70,,7494,43,,,1,30,,7493,43,,,1,70,,7498,43,,,1,30,,7501,43,,,1,69,,7495,43,,,1,30,,7504,43,,,1,70,,7499,43,,,1,30,,7502,43,,,1,69,,7496,43,,,1,30,,7505,43,,,1,19,,7500,43,,,1,94,,7497,43,,,1,157,,7503,43,,,1
1200000300,'71',621,,5347,43,,,1,16,,5350,43,,,1,14,,5352,43,,,1,51,,5354,43,,,1,10,,5349,43,,,1,10,,5356,43,,,1,10,,5359,43,,,1,10,,5353,43,,,1,15,,5361,43,,,1,54,,5363,43,,,1,16,,5348,43,,,1,15,,5351,43,,,1,15,,5357,43,,,1,55,,5360,43,,,1,15,,5358,43,,,1,15,,5355,43,,,1,60,,5362,43,,,1,20,,5364,43,,,1,20,,5366,43,,,1,60,,5368,43,,,1,20,,5369,43,,,1,20,,5371,43,,,1,62,,5373,43,,,1,20,,5365,43,,,1,20,,5367,43,,,1,60,,5374,43,,,1,18,,5370,43,,,1,20,,5372,43,,,1,59,,5376,43,,,1,20,,5378,43,,,1,19,,5380,43,,,1,65,,5375,43,,,1,31,,5383,45,,,1,67,,5377,45,,,1,29,,5379,45,,,1,73,,5384,45,,,1,29,,5382,45,,,1,73,,5381,45,,,1,21,,5385,43,,,1,30,,5386,43,,,1,61,,5388,43,,,1,30,,5390,43,,,1,72,,5391,43,,,1,33,,5395,43,,,1,66,,5389,43,,,1,27,,5387,43,,,1,70,,5392,43,,,1,30,,5396,43,,,1,66,,5393,43,,,1,30,,5397,43,,,1,68,,5394,43,,,1
1200000300,'72',647,,5398,43,,,1,70,,5399,43,,,1,30,,5404,43,,,1,70,,5408,43,,,1,32,,5402,43,,,1,71,,5401,43,,,1,28,,5406,43,,,1,70,,5407,43,,,1,31,,5409,43,,,1,69,,5400,43,,,1,31,,5405,43,,,1,70,,5403,43,,,1,29,,5410,43,,,1,72,,5411,43,,,1,29,,5413,43,,,1,73,,5412,43,,,1,29,,5415,43,,,1,69,,5416,43,,,1,30,,5417,43,,,1,71,,5418,43,,,1,29,,5419,43,,,1,69,,5414,43,,,1,31,,5421,43,,,1,69,,5420,43,,,1,33,,5422,43,,,1,94,,5423,43,,,1,100,,5424,43,,,1,96,,5425,43,,,1,99,,5426,43,,,1,177,,5427,43,,,1
1200000300,'73',717,,5428,43,,,1,30,,5430,43,,,1,70,,5433,43,,,1,32,,5435,43,,,1,71,,5429,43,,,1,28,,5432,43,,,1,70,,5434,43,,,1,31,,5436,43,,,1,69,,5437,43,,,1,31,,5431,43,,,1,70,,5438,43,,,1,29,,5440,43,,,1,72,,5439,43,,,1,29,,5442,43,,,1,73,,5441,43,,,1,29,,5444,43,,,1,69,,5445,43,,,1,30,,5446,43,,,1,71,,5447,43,,,1,29,,5448,43,,,1,69,,5443,43,,,1,31,,5450,43,,,1,69,,5449,43,,,1,33,,5451,43,,,1,94,,5452,43,,,1,157,,5453,43,,,1
