13801,'63',1615,,3188,10,,,2
34501,'63',1614,,3274,10,,,2
35501,'63',1618,,3280,10,,,2
5004200,'51',649,,3400,3,,,2
1200000101,'51',1532,,3416,29,,,1,71,,3417,29,,,1,31,,3415,29,,,1,74,,3418,29,,,1
1200000200,'51',537,,3421,3,0,36 37,1,15,,3420,25,0,36 37,1,55,,3424,25,0,36 37,1,8,,3429,3,0,36 37,1,7,,3426,25,0,36 37,1,16,,3428,25,0,36 37,1,15,,3423,25,0,36 37,1,55,,3433,25,0,36 37,1,17,,3419,25,0,36 37,1,15,,3435,25,0,36 37,1,16,,3422,25,0,36 37,1,54,,3430,25,0,36 37,1,14,,3431,25,0,36 37,1,15,,3427,25,0,36 37,1,19,,3425,25,0,36 37,1,54,,3436,25,0,36 37,1,17,,3432,25,0,36 37,1,17,,3434,25,0,36 37,1,54,,3437,25,0,36 37,1,15,,3439,25,0,36 37,1,15,,3440,25,0,36 37,1,15,,3442,25,0,36 37,1,55,,3443,25,0,36 37,1,15,,3445,25,0,36 37,1,15,,3446,25,0,36 37,1,15,,3447,25,0,36 37,1,55,,3448,25,0,36 37,1,15,,3449,25,0,36 37,1,16,,3438,25,0,36 37,1,15,,3441,25,0,36 37,1,55,,3451,25,0,36 37,1,15,,3452,25,0,36 37,1,14,,3444,25,0,36 37,1,15,,3450,25,0,36 37,1,55,,3454,25,0,36 37,1,21,,3455,25,0,36 37,1,12,,3456,25,0,36 37,1,15,,3457,25,0,36 37,1,55,,3458,25,0,36 37,1,15,,3459,25,0,36 37,1,12,,3460,25,0,36 37,1,14,,3453,25,0,36 37,1,15,,3461,25,0,36 37,1,54,,3464,25,0,36 37,1,8,,3467,12,0,36 37,1,8,,3466,25,0,36 37,1,14,,3465,25,0,36 37,1,15,,3470,25,0,36 37,1,57,,3468,25,0,36 37,1,15,,3469,25,0,36 37,1,15,,3463,25,0,36 37,1,55,,3472,25,0,36 37,1,15,,3473,25,0,36 37,1,15,,3474,25,0,36 37,1,15,,3462,25,0,36 37,1,70,,3476,25,0,36 37,1,30,,3479,25,0,36 37,1,70,,3480,25,0,36 37,1,30,,3475,25,0,36 37,1,69,,3482,25,0,36 37,1,32,,3477,25,0,36 37,1,70,,3471,25,0,36 37,1,32,,3481,25,0,36 37,1,66,,3483,25,0,36 37,1,30,,3478,25,0,14,1
1200000200,'52',715,,3485,25,0,36 37,1,30,,3488,25,0,36 37,1,70,,3489,25,0,36 37,1,30,,3490,25,0,36 37,1,70,,3484,25,0,36 37,1,30,,3487,25,0,36 37,1,70,,3486,25,0,36 37,1,30,,3491,25,0,36 37,1,70,,3492,25,0,36 37,1,31,,3494,25,0,36 37,1,69,,3493,25,0,36 37,1,30,,3496,25,0,36 37,1,70,,3497,25,0,36 37,1,30,,3498,25,0,36 37,1,70,,3499,25,0,36 37,1,30,,3500,25,0,36 37,1,70,,3495,25,0,36 37,1,30,,3502,25,0,36 37,1,70,,3501,25,0,36 37,1,30,,3505,25,0,36 37,1,70,,3504,25,0,36 37,1,31,,3507,25,0,36 37,1,69,,3508,25,0,36 37,1,29,,3509,25,0,36 37,1,70,,3511,25,0,36 37,1,31,,3503,25,0,36 37,1,69,,3513,25,0,36 37,1,29,,3514,25,0,36 37,1,70,,3510,25,0,36 37,1,30,,3512,25,0,36 37,1,70,,3506,25,0,36 37,1,30,,3515,25,0,36 37,1,70,,3516,25,0,36 37,1
1200000200,'53',715,,3517,25,0,36 37,1,30,,3519,25,0,36 37,1,70,,3520,25,0,36 37,1,30,,3521,25,0,36 37,1,70,,3522,25,0,36 37,1,30,,3518,25,0,36 37,1,70,,3523,25,0,36 37,1,30,,3525,25,0,36 37,1,70,,3524,25,0,36 37,1,31,,3527,25,0,36 37,1,69,,3526,25,0,36 37,1,30,,3529,25,0,36 37,1,70,,3530,25,0,36 37,1,30,,3531,25,0,36 37,1,70,,3532,25,0,36 37,1,30,,3534,25,0,36 37,1,70,,3528,25,0,36 37,1,30,,3537,25,0,36 37,1,70,,3535,25,0,36 37,1,30,,3539,25,0,36 37,1,70,,3538,25,0,36 37,1,31,,3541,25,0,36 37,1,69,,3542,25,0,36 37,1,29,,3543,25,0,36 37,1,70,,3533,25,0,36 37,1,31,,3540,25,0,36 37,1,69,,3536,25,0,36 37,1
1200000200,'54',615,,3544,25,0,36 37,1,30,,3546,25,0,36 37,1,55,,3555,3,0,36 37,1,15,,3550,25,0,36 37,1,15,,3560,3,0,36 37,1,15,,3548,25,0,36 37,1,55,,3545,3,0,36 37,1,15,,3558,25,0,36 37,1,15,,3547,3,0,36 37,1,15,,3552,25,0,36 37,1,55,,3551,3,0,36 37,1,15,,3556,25,0,36 37,1,15,,3549,3,0,36 37,1,15,,3561,25,0,36 37,1,55,,3559,3,0,36 37,1,15,,3553,25,0,36 37,1,15,,3566,3,0,36 37,1,15,,3564,25,0,36 37,1,55,,3557,3,0,36 37,1,15,,3567,25,0,36 37,1,15,,3571,3,0,36 37,1,16,,3569,25,0,36 37,1,54,,3554,3,0,36 37,1,15,,3562,25,0,36 37,1,15,,3565,3,0,36 37,1,15,,3573,25,0,36 37,1,55,,3568,3,0,36 37,1,15,,3575,25,0,36 37,1,15,,3570,3,0,36 37,1,15,,3577,25,0,36 37,1,55,,3563,3,0,36 37,1,15,,3579,25,0,36 37,1,15,,3574,3,0,36 37,1,15,,3582,25,0,36 37,1,55,,3576,3,0,36 37,1,15,,3572,25,0,36 37,1,15,,3578,3,0,36 37,1,15,,3586,25,0,36 37,1,55,,3580,3,0,36 37,1,15,,3584,25,0,36 37,1,15,,3583,3,0,36 37,1,15,,3589,25,0,36 37,1,55,,3591,3,0,36 37,1,15,,3588,25,0,36 37,1,15,,3593,3,0,36 37,1,16,,3587,25,0,36 37,1,69,,3585,25,0,36 37,1,29,,3595,25,0,36 37,1,70,,3581,25,0,36 37,1,31,,3594,25,0,36 37,1,69,,3596,25,0,36 37,1,29,,3597,25,0,36 37,1,70,,3592,25,0,36 37,1,30,,3600,25,0,36 37,1,70,,3590,25,0,36 37,1,30,,3598,25,0,36 37,1,70,,3599,25,0,36 37,1
1200000200,'69',629,,3601,3,0,36 37,1,21,,3603,3,0,36 37,1
1200000400,'51',645,,4092,27,,,1,55,,4093,27,,,1,16,,4094,27,,,1,16,,4091,27,,,1
