3400,'1',617,,6032,30,,,2,115,,6033,32,,,2,79,,6031,30,,,2,794,,6037,30,,,2,102,,6034,32,,,2,27,,6035,32,,,2,92,,6036,32,,,2
3400,'13',847,,6038,32,0,24 1 15,2
3400,'71',617,,4634,30,,,2,115,,4635,32,,,2,77,,4636,30,,,2,38,,4633,32,0,24 1 15,2,676,,4637,21,,,2,82,,4638,30,,,2,49,,4639,32,,,2,81,,4640,32,,,2,89,,4641,32,,,2
32501,'83',1635,,4948,46,,,2
34501,'83',1644,,4950,49,,,2
35101,'85',1525,,4954,21,,,2
5003400,'1',642,,6388,30,,,2,62,,6387,30,,,2
5003400,'71',642,,5039,30,,,2,61,,5038,30,,,2
2000003400,'2',726,,7742,30,,,2,85,,7743,32,,,2,46,,7744,32,,,2,85,,7745,32,,,2,87,,7746,32,,,2,86,,7747,32,,,2,85,,7748,32,,,2,48,,7749,32,,,2,171,,7750,32,,,2,83,,7751,32,,,2,47,,7752,32,,,2,83,,7753,32,,,2,90,,7754,32,,,2,82,,7755,32,,,2,41,,7756,32,,,2
2000003400,'3',811,,7757,30,,,2,46,,7758,32,,,2,85,,7759,32,,,2,87,,7760,32,,,2,86,,7761,32,,,2,85,,7762,32,,,2,48,,7763,32,,,2,171,,7764,32,,,2,83,,7765,32,,,2,47,,7766,32,,,2,83,,7767,32,,,2,90,,7768,32,,,2,82,,7769,32,,,2,41,,7770,32,,,2
2000003400,'72',726,,5682,30,,,2,85,,5683,32,,,2,45,,5684,32,,,2,85,,5685,32,,,2,85,,5686,32,,,2,86,,5687,32,,,2,45,,5688,32,,,2,85,,5689,32,,,2,174,,5690,32,,,2,41,,5691,32,,,2,92,,5692,32,,,2,78,,5693,32,,,2,93,,5694,32,,,2,38,,5695,32,,,2,87,,5696,32,,,2
2000003400,'73',811,,5697,30,,,2,45,,5698,32,,,2,85,,5699,32,,,2,85,,5700,32,,,2,86,,5701,32,,,2,45,,5702,32,,,2,85,,5703,32,,,2,174,,5704,32,,,2,41,,5705,32,,,2,92,,5706,32,,,2,78,,5707,32,,,2,93,,5708,32,,,2,38,,5709,32,,,2,87,,5710,32,,,2
