3101,'1',631,,6013,15,0,8 1 32,2,72,,6011,15,0,8 1 32,2,104,,6015,15,0,8 1 32,2,105,,6016,15,0,8 1 32,2,99,,6017,15,0,8 1 32,2,100,,6018,15,0,8 1 32,2,106,,6019,15,0,8 1 32,2,102,,6020,15,0,8 1 32,2,101,,6021,15,0,8 1 32,2,100,,6022,15,0,8 1 32,2,97,,6023,15,0,8 1 32,2,31,,6026,15,0,8 1 32,2,71,,6027,15,0,8 1 32,2,31,,6024,15,0,8 1 32,2,73,,6028,15,0,8 1 32,2,24,,6025,15,0,8 1 32,2,76,,6029,15,0,8 1 32,2,290,,6030,15,0,8,2
3701,'1',541,,6122,8,0,9,2,81,,6123,15,0,9,2,103,,6124,15,,,2,105,,6125,15,0,9,2,104,,6126,15,0,9,2,97,,6127,15,0,9,2,102,,6128,15,0,9,2,115,,6129,15,0,9,2,102,,6130,15,0,9,2,102,,6131,15,0,9,2,154,,6132,15,0,9,2,142,,6133,15,0,9,2,72,,6134,15,0,9,2,101,,6135,15,0,9,2,96,,6136,15,0,9,2,96,,6137,15,0,9,2,100,,6138,15,0,9,2,100,,6139,15,0,9,2,28,,6140,15,0,9,2
3701,'2',657,,6141,15,0,9,2,100,,6142,15,0,9,2,102,,6143,15,0,9,2,142,,6144,15,0,9,2,102,,6145,15,0,9,2,116,,6146,15,0,9,2,103,,6147,15,0,9,2,100,,6148,15,0,9,2,101,,6149,15,0,9,2,100,,6150,15,0,9,2,101,,6151,15,0,9,2,95,,6152,15,0,9,2,97,,6153,15,0,9,2,96,,6154,15,0,9,2,100,,6155,15,0,9,2,101,,6156,15,0,9,2,98,,6157,15,0,9,2,28,,6158,15,0,9,2
3701,'3',757,,6159,15,0,9,2,102,,6160,15,0,9,2,142,,6161,15,0,9,2,102,,6162,15,0,9,2,116,,6163,15,0,9,2,103,,6164,15,0,9,2,100,,6165,15,0,9,2,101,,6166,15,0,9,2,100,,6167,15,0,9,2,101,,6168,15,0,9,2,95,,6169,15,0,9,2,97,,6170,15,0,9,2
3701,'71',540,,4746,8,0,9,2,185,,4749,15,,,2,105,,4748,15,0,9,2,102,,4747,15,0,9,2,98,,4750,15,0,9,2,102,,4751,15,0,9,2,113,,4752,15,0,9,2,102,,4753,15,0,9,2,102,,4754,15,0,9,2,155,,4755,15,0,9,2,113,,4756,15,0,9,2,100,,4757,15,0,9,2,101,,4758,15,0,9,2,97,,4759,15,0,9,2,97,,4760,15,0,9,2,101,,4761,15,0,9,2,102,,4762,15,0,9,2,28,,4763,15,0,9,2
3701,'72',701,,4764,15,0,9,2,100,,4765,15,0,9,2,102,,4766,15,0,9,2,100,,4767,15,0,9,2,100,,4768,15,0,9,2,112,,4769,15,0,9,2,100,,4770,15,0,9,2,100,,4771,15,0,9,2,102,,4772,15,0,9,2,100,,4773,15,0,9,2,98,,4774,15,0,9,2,100,,4775,15,0,9,2,100,,4776,15,0,9,2,97,,4779,15,0,9,2,100,,4780,15,0,9,2,101,,4781,15,0,9,2,98,,4777,15,0,9,2,28,,4778,15,0,9,2
3701,'73',801,,4782,15,0,9,2,102,,4783,15,0,9,2,100,,4784,15,0,9,2,100,,4785,15,0,9,2,112,,4786,15,0,9,2,100,,4787,15,0,9,2,100,,4788,15,0,9,2,102,,4789,15,0,9,2,100,,4790,15,0,9,2,98,,4791,15,0,9,2,100,,4792,15,0,9,2,109,,4793,15,0,9,2
3901,'1',1639,,6219,23,0,9,2,87,,6217,23,0,9,2,87,,6218,23,0,9,2
3901,'71',1643,,4843,20,,,2,82,,4842,20,,,2,80,,4841,20,,,2
31101,'85',1529,,4946,24,,,2
38001,'1',621,,6314,16,,,2,31,,6315,16,,,2
38001,'71',629,,4963,21,,,2,22,,4964,21,,,2
38101,'85',1534,,4966,31,,,2
38501,'83',1657,,4968,25,,,2
5003700,'1',633,,6395,15,,,2,76,,6394,15,,,2
5003700,'71',611,,5046,15,,,2,24,,5047,15,,,2,74,,5048,15,,,2
5003701,'1',1734,,6396,37,,,2
5003701,'71',1630,,5050,37,,,2,106,,5049,37,,,2
5003701,'81',1849,,5051,37,,,2
2000003101,'2',739,,7720,15,0,8 1 32,2,101,,7721,15,0,8 1 32,2,101,,7722,15,0,8 1 32,2,101,,7723,15,0,8 1 32,2,101,,7724,15,0,8 1 32,2,101,,7725,15,0,8 1 32,2,215,,7726,15,0,8 1 32,2,141,,7727,15,0,8 1 32,2,101,,7728,15,0,8 1 32,2,56,,7729,15,0,8 1 32,2,90,,7730,15,0,8,2
2000003101,'3',840,,7732,15,0,8 1 32,2,101,,7733,15,0,8 1 32,2,101,,7734,15,0,8 1 32,2,101,,7735,15,0,8 1 32,2,101,,7736,15,0,8 1 32,2,215,,7737,15,0,8 1 32,2,141,,7738,15,0,8 1 32,2,101,,7739,15,0,8 1 32,2,56,,7740,15,0,8 1 32,2,90,,7741,15,0,8,2
