3501,'1',543,,6049,9,,,2,94,,6050,11,,,2,82,,6051,11,,,2,98,,6052,11,,,2,84,,6053,11,,,2,39,,6054,11,,,2,85,,6055,11,,,2,85,,6056,11,,,2,46,,6057,11,,,2,85,,6058,11,,,2,85,,6059,11,,,2,85,,6060,11,,,2,45,,6061,11,,,2,98,,6062,11,,,2,84,,6064,11,,,2,82,,6065,11,,,2,82,,6066,11,,,2,44,,6067,11,,,2,74,,6063,11,,,2,39,,6068,11,,,2,66,,6069,11,,,2,31,,6070,11,,,2,67,,6071,11,,,2,78,,6072,11,,,2,30,,6073,11,,,2,28,,6074,11,,,2,65,,6075,11,,,2
3501,'2',704,,6076,11,,,2,30,,6077,11,,,2,70,,6078,11,,,2,30,,6079,11,,,2,69,,6080,11,,,2,33,,6081,11,,,2,86,,6082,11,,,2,85,,6083,11,,,2,47,,6084,11,,,2,87,,6085,11,,,2,89,,6086,11,,,2,85,,6088,11,,,2,86,,6089,11,,,2,45,,6090,11,,,2,85,,6091,11,,,2,84,,6092,11,,,2,43,,6087,11,,,2,82,,6093,11,,,2,78,,6094,11,,,2,85,,6095,11,,,2,30,,6096,11,,,2,68,,6097,11,,,2,28,,6098,11,,,2,30,,6099,11,,,2,70,,6100,11,,,2,28,,6101,11,,,2,65,,6102,11,,,2
3501,'3',834,,6103,11,,,2,69,,6104,11,,,2,33,,6105,11,,,2,86,,6106,11,,,2,85,,6107,11,,,2,47,,6108,11,,,2,87,,6109,11,,,2,89,,6110,11,,,2,85,,6111,11,,,2,86,,6112,11,,,2,45,,6114,11,,,2,85,,6115,11,,,2,84,,6116,11,,,2,43,,6117,11,,,2,82,,6118,11,,,2,78,,6119,11,,,2,85,,6113,11,,,2
3501,'71',546,,4652,9,,,2,96,,4653,11,,,2,70,,4654,11,,,2,110,,4658,11,,,2,80,,4655,11,,,2,40,,4656,11,,,2,97,,4659,11,,,2,102,,4660,11,,,2,98,,4657,11,,,2,101,,4662,11,,,2,102,,4661,11,,,2,113,,4663,11,,,2,73,,4664,11,,,2,76,,4665,11,,,2,34,,4666,11,,,2,104,,4667,11,,,2,90,,4670,11,,,2,92,,4671,11,,,2,98,,4672,11,,,2,108,,4668,11,,,2,93,,4669,11,,,2
3501,'72',657,,4673,11,,,2,100,,4674,11,,,2,101,,4675,11,,,2,100,,4676,11,,,2,100,,4677,11,,,2,101,,4678,11,,,2,146,,4679,11,,,2,102,,4680,11,,,2,101,,4681,11,,,2,100,,4682,11,,,2,92,,4683,11,,,2,57,,4684,11,,,2,96,,4685,11,,,2,150,,4686,11,,,2,98,,4687,11,,,2,58,,4688,11,,,2,98,,4689,11,,,2
3501,'73',858,,4690,11,,,2,100,,4691,11,,,2,100,,4692,11,,,2,101,,4693,11,,,2,146,,4694,11,,,2,102,,4695,11,,,2,101,,4696,11,,,2,100,,4697,11,,,2,92,,4698,11,,,2,57,,4699,11,,,2,96,,4700,11,,,2,103,,4701,11,,,2
35100,'15',707,,6307,8,,,2
35100,'84',710,,4953,8,,,2
35101,'85',1536,,4954,32,,,2
35500,'12',758,,6308,8,,,2
35500,'82',803,,4955,8,,,2
35501,'83',1649,,4956,42,,,2
