3401,'1',639,,6039,26,,,2,67,,6040,26,,,2,97,,6041,27,,,2,748,,6042,26,,,2,90,,6043,26,,,2,97,,6044,26,,,2,66,,6045,26,,,2,46,,6046,26,,,2,68,,6047,26,,,2
3401,'14',1655,,6048,30,,,2
3401,'71',639,,4642,26,,,2,67,,4644,26,,,2,97,,4643,27,,,2,756,,4646,26,,,2,93,,4645,30,,,2,70,,4649,26,,,2,79,,4650,26,,,2,47,,4651,26,,,2,66,,4648,26,,,2
13101,'85',1514,,4865,6,,,2
34500,'12',815,,6305,19,,,2
34500,'82',815,,4949,19,,,2
5003401,'1',1703,,6389,38,,,2
5003401,'71',1703,,5040,38,,,2
2000003401,'2',752,,7771,26,,,2,85,,7772,26,,,2,85,,7773,26,,,2,85,,7774,26,,,2,49,,7775,26,,,2,85,,7776,26,,,2,88,,7777,26,,,2,81,,7778,26,,,2,134,,7779,26,,,2,86,,7780,26,,,2,84,,7781,26,,,2,88,,7782,26,,,2,44,,7783,26,,,2,81,,7784,26,,,2,82,,7785,26,,,2
2000003401,'3',837,,7786,26,,,2,85,,7787,26,,,2,85,,7788,26,,,2,49,,7789,26,,,2,85,,7790,26,,,2,88,,7791,26,,,2,81,,7792,26,,,2,134,,7793,26,,,2,86,,7794,26,,,2,84,,7795,26,,,2,88,,7796,26,,,2,44,,7797,26,,,2,81,,7798,26,,,2,82,,7799,26,,,2
2000003401,'72',752,,5711,26,,,2,85,,5712,26,,,2,84,,5713,26,,,2,85,,5714,26,,,2,47,,5715,26,,,2,85,,5716,26,,,2,85,,5717,26,,,2,85,,5718,26,,,2,130,,5719,26,,,2,92,,5720,26,,,2,79,,5721,26,,,2,93,,5722,26,,,2,37,,5723,26,,,2,88,,5724,26,,,2,77,,5725,26,,,2
2000003401,'73',837,,5726,26,,,2,84,,5727,26,,,2,85,,5728,26,,,2,47,,5729,26,,,2,85,,5730,26,,,2,85,,5731,26,,,2,85,,5732,26,,,2,130,,5733,26,,,2,92,,5734,26,,,2,79,,5735,26,,,2,93,,5736,26,,,2,37,,5737,26,,,2,88,,5738,26,,,2,77,,5739,26,,,2
