20001,'1',1500,,1064,21,4,,2,32,,1065,21,4,,2
20001,'3',1504,,1071,21,4,,2,28,,1072,21,4,,2
20001,'4',1500,,1078,21,4,,2,31,,1079,21,4,,2
20001,'6',636,,1082,21,4,,2,76,,1084,21,4,,2
5002300,'1',656,,1309,59,4,,2,69,,1311,59,4,,2,31,,1312,59,4,,2,70,,1310,59,4,,2
5002300,'2',651,,1315,59,4,,2,64,,1313,59,4,,2,34,,1314,59,4,,2
5002400,'1',725,,1325,35,4,,2,28,,1323,35,4,,2,71,,1324,35,4,,2
5002400,'2',718,,1327,35,4,,2,31,,1326,35,4,,2
5003400,'1',702,,1334,37,4,,2,17,,1333,37,4,,2
5003400,'3',656,,1336,37,4,,2,56,,1335,37,4,,2
5003400,'4',700,,1338,37,4,,2,17,,1337,37,4,,2
5003600,'1',719,,1343,37,4,,2,31,,1342,37,4,,2
5003600,'3',712,,1345,37,4,,2,29,,1344,37,4,,2
5003600,'4',717,,1347,37,4,,2,31,,1346,37,4,,2
5003700,'1',703,,1355,72,4,,2,16,,1356,65,4,,2,36,,1358,65,4,,2,71,,1359,65,4,,2,31,,1357,72,4,,2
5003700,'3',712,,1361,65,4,,2,34,,1360,65,4,,2
5003700,'4',717,,1362,65,4,,2,36,,1363,65,4,,2
1200000200,'1',605,,1429,32,4,,1,15,,1428,54,4,,1,16,,1431,54,4,,1,9,,1437,32,4,,1,9,,1432,54,4,,1,59,,1436,54,4,,1,17,,1430,54,4,,1,17,,1440,54,4,,1,57,,1427,54,4,,1,15,,1434,54,4,,1,15,,1442,54,4,,1,13,,1438,54,4,,1,53,,1435,54,4,,1,13,,1443,54,4,,1,16,,1433,54,4,,1,12,,1446,54,4,,1,17,,1439,54,4,,1,57,,1441,54,4,,1,14,,1447,54,4,,1,15,,1445,54,4,,1,15,,1449,54,4,,1,55,,1451,54,4,,1,15,,1444,54,4,,1,15,,1452,54,4,,1,15,,1453,54,4,,1,55,,1454,54,4,,1,15,,1455,54,4,,1,15,,1457,54,4,,1,56,,1448,54,4,,1,15,,1450,54,4,,1,15,,1460,54,4,,1,15,,1461,54,4,,1,14,,1463,54,4,,1,55,,1459,54,4,,1,15,,1464,54,4,,1,22,,1456,54,4,,1,53,,1458,54,4,,1,16,,1465,54,4,,1,14,,1466,54,4,,1,17,,1467,54,4,,1,52,,1468,54,4,,1,14,,1462,54,4,,1,15,,1471,54,4,,1,15,,1473,54,4,,1,9,,1476,41,4,,1,45,,1474,54,4,,1,14,,1477,54,4,,1,15,,1480,54,4,,1,16,,1481,54,4,,1,54,,1478,54,4,,1,14,,1479,54,4,,1,14,,1470,54,4,,1,15,,1469,54,4,,1,15,,1475,54,4,,1,54,,1472,54,4,,1,30,,1483,54,4,,1,70,,1487,54,4,,1,30,,1482,54,4,,1,70,,1489,54,4,,1,29,,1490,54,4,,1,70,,1485,54,4,,1,26,,1484,54,4,,1,73,,1488,54,4,,1,26,,1491,54,4,,1
1200000200,'21',703,,1492,32,4,,1,24,,1494,32,4,,1,88,,1493,23,4,,1
1200000200,'3',603,,1498,32,4,,1,15,,1496,54,4,,1,15,,1500,54,4,,1,16,,1502,54,4,,1,57,,1504,54,4,,1,16,,1506,54,4,,1,16,,1508,54,4,,1,17,,1495,54,4,,1,55,,1509,54,4,,1,15,,1499,54,4,,1,14,,1497,54,4,,1,14,,1501,54,4,,1,57,,1503,54,4,,1,18,,1505,54,4,,1,13,,1507,54,4,,1,74,,1510,54,4,,1,29,,1512,54,4,,1,70,,1514,54,4,,1,30,,1515,54,4,,1,70,,1516,54,4,,1,30,,1511,54,4,,1,71,,1513,54,4,,1,30,,1517,54,4,,1,68,,1519,54,4,,1,37,,1521,54,4,,1,52,,1522,54,4,,1,16,,1525,54,4,,1,14,,1527,54,4,,1,17,,1529,54,4,,1,52,,1531,54,4,,1,14,,1518,54,4,,1,15,,1532,54,4,,1,15,,1520,54,4,,1,14,,1533,54,4,,1,55,,1524,54,4,,1,15,,1523,54,4,,1,16,,1526,54,4,,1,14,,1528,54,4,,1,54,,1530,54,4,,1,29,,1535,54,4,,1,70,,1534,54,4,,1,30,,1537,54,4,,1,70,,1541,54,4,,1,30,,1536,54,4,,1,70,,1543,54,4,,1,28,,1544,54,4,,1,70,,1539,54,4,,1,27,,1538,54,4,,1,73,,1542,54,4,,1,26,,1545,54,4,,1
1200000200,'4',604,,1548,32,4,,1,15,,1547,54,4,,1,15,,1551,54,4,,1,16,,1550,54,4,,1,57,,1553,54,4,,1,16,,1556,54,4,,1,16,,1559,54,4,,1,17,,1546,54,4,,1,55,,1560,54,4,,1,15,,1549,54,4,,1,14,,1555,54,4,,1,15,,1558,54,4,,1,55,,1552,54,4,,1,18,,1554,54,4,,1,13,,1557,54,4,,1,17,,1561,41,4,,1,57,,1563,54,4,,1,14,,1567,41,4,,1,15,,1565,54,4,,1,15,,1570,41,4,,1,55,,1569,54,4,,1,15,,1573,41,4,,1,15,,1572,54,4,,1,15,,1562,41,4,,1,54,,1574,54,4,,1,16,,1568,41,4,,1,14,,1564,54,4,,1,16,,1571,41,4,,1,55,,1566,54,4,,1,15,,1578,41,4,,1,15,,1576,54,4,,1,14,,1579,41,4,,1,55,,1581,54,4,,1,15,,1575,41,4,,1,22,,1583,54,4,,1,53,,1585,54,4,,1,16,,1588,54,4,,1,14,,1590,54,4,,1,17,,1592,54,4,,1,52,,1593,54,4,,1,14,,1577,54,4,,1,15,,1580,54,4,,1,15,,1582,54,4,,1,54,,1594,54,4,,1,15,,1587,54,4,,1,15,,1584,54,4,,1,16,,1586,54,4,,1,54,,1589,54,4,,1,14,,1591,54,4,,1,14,,1600,54,4,,1,15,,1597,54,4,,1,69,,1595,54,4,,1,30,,1598,54,4,,1,70,,1599,54,4,,1,30,,1601,54,4,,1,70,,1605,54,4,,1,29,,1606,54,4,,1,70,,1602,54,4,,1,26,,1596,54,4,,1,73,,1604,54,4,,1,26,,1607,54,4,,1
1200000200,'6',743,,1610,54,4,,1,70,,1613,54,4,,1,30,,1614,54,4,,1,70,,1608,54,4,,1,30,,1609,54,4,,1,70,,1612,54,4,,1,30,,1611,54,4,,1,70,,1615,54,4,,1,30,,1616,54,4,,1,70,,1618,54,4,,1,30,,1617,54,4,,1,71,,1620,54,4,,1,30,,1621,54,4,,1,71,,1622,54,4,,1,30,,1623,54,4,,1,69,,1624,54,4,,1,30,,1619,54,4,,1,71,,1626,54,4,,1,30,,1625,54,4,,1,70,,1629,54,4,,1,30,,1628,54,4,,1,69,,1633,54,4,,1,27,,1631,54,4,,1,70,,1638,54,4,,1,30,,1636,54,4,,1,70,,1627,54,4,,1,30,,1639,54,4,,1,69,,1634,54,4,,1,30,,1632,54,4,,1,70,,1640,54,4,,1,29,,1630,54,4,,1,70,,1635,54,4,,1,30,,1637,54,4,,1
1200000200,'7',2011,,1641,54,4,,1,30,,1642,54,4,,1
1200000200,'9',743,,1643,54,4,,1,70,,1645,54,4,,1,30,,1646,54,4,,1,70,,1648,54,4,,1,30,,1649,54,4,,1,70,,1644,54,4,,1,30,,1650,54,4,,1,70,,1647,54,4,,1,30,,1651,54,4,,1,70,,1653,54,4,,1,30,,1652,54,4,,1,71,,1655,54,4,,1,30,,1656,54,4,,1,71,,1657,54,4,,1,30,,1658,54,4,,1,69,,1660,54,4,,1,30,,1654,54,4,,1,71,,1662,54,4,,1,30,,1661,54,4,,1,70,,1664,54,4,,1,30,,1663,54,4,,1,69,,1666,54,4,,1,27,,1667,54,4,,1,70,,1665,54,4,,1,30,,1659,54,4,,1
1200000300,'1',631,,1941,50,4,,1,19,,1943,50,4,,1,59,,1945,50,4,,1,11,,1947,50,4,,1,10,,1942,50,4,,1,16,,1950,50,4,,1,55,,1946,50,4,,1,15,,1952,50,4,,1,14,,1955,50,4,,1,15,,1944,50,4,,1,13,,1951,52,4,,1,53,,1956,52,4,,1,15,,1949,52,4,,1,15,,1954,52,4,,1,15,,1948,52,4,,1,60,,1953,52,4,,1,20,,1958,52,4,,1,20,,1960,52,4,,1,60,,1957,52,4,,1,20,,1962,52,4,,1,20,,1964,52,4,,1,62,,1966,52,4,,1,20,,1959,52,4,,1,20,,1961,52,4,,1,60,,1967,52,4,,1,16,,1963,52,4,,1,20,,1965,52,4,,1,62,,1969,52,4,,1,20,,1971,52,4,,1,18,,1973,52,4,,1,66,,1968,52,4,,1,31,,1976,54,4,,1,68,,1970,54,4,,1,29,,1972,54,4,,1,72,,1977,54,4,,1,28,,1975,54,4,,1,73,,1974,54,4,,1,21,,1979,52,4,,1,69,,1981,52,4,,1,21,,1978,52,4,,1,70,,1986,52,4,,1,32,,1980,52,4,,1,73,,1988,52,4,,1
1200000300,'3',629,,1991,50,4,,1,16,,1994,50,4,,1,14,,1996,50,4,,1,50,,2001,50,4,,1,10,,1992,50,4,,1,16,,2002,50,4,,1,14,,1998,50,4,,1,55,,2004,50,4,,1,15,,1997,50,4,,1,16,,1995,50,4,,1,20,,1993,52,4,,1,56,,2003,52,4,,1,26,,1999,52,4,,1,69,,2005,52,4,,1,30,,2006,52,4,,1,70,,2008,52,4,,1,30,,2000,52,4,,1,72,,2010,52,4,,1,30,,2007,52,4,,1,70,,2009,52,4,,1,26,,2011,52,4,,1,70,,2013,52,4,,1,32,,2015,52,4,,1,83,,2017,52,4,,1,31,,2012,54,4,,1,68,,2014,54,4,,1,29,,2016,54,4,,1,73,,2018,54,4,,1,28,,2019,54,4,,1,73,,2022,54,4,,1,21,,2023,52,4,,1,69,,2021,52,4,,1,21,,2020,52,4,,1,70,,2029,52,4,,1,32,,2024,52,4,,1,73,,2031,52,4,,1
1200000300,'4',631,,2034,50,4,,1,16,,2038,50,4,,1,54,,2040,50,4,,1,10,,2043,50,4,,1,10,,2036,50,4,,1,16,,2045,50,4,,1,14,,2042,50,4,,1,55,,2046,50,4,,1,15,,2041,50,4,,1,16,,2039,50,4,,1,21,,2037,52,4,,1,53,,2044,52,4,,1,26,,2035,52,4,,1,69,,2047,52,4,,1,30,,2048,52,4,,1,70,,2050,52,4,,1,30,,2052,52,4,,1,72,,2054,52,4,,1,30,,2049,52,4,,1,70,,2051,52,4,,1,26,,2053,52,4,,1,70,,2055,52,4,,1,32,,2057,52,4,,1,84,,2059,52,4,,1,31,,2060,54,4,,1,68,,2056,54,4,,1,29,,2058,54,4,,1,72,,2062,54,4,,1,28,,2061,54,4,,1,73,,2064,54,4,,1,21,,2065,52,4,,1,69,,2069,52,4,,1,21,,2063,52,4,,1,70,,2070,52,4,,1,32,,2066,52,4,,1,73,,2071,52,4,,1
1200000300,'6',700,,2077,52,4,,1,30,,2079,52,4,,1,70,,2084,52,4,,1,30,,2088,52,4,,1,72,,2082,52,4,,1,31,,2081,52,4,,1,69,,2086,52,4,,1,30,,2087,52,4,,1,71,,2078,52,4,,1,29,,2080,52,4,,1,71,,2085,52,4,,1,30,,2083,52,4,,1,69,,2089,52,4,,1,32,,2090,52,4,,1,71,,2092,52,4,,1,31,,2091,52,4,,1,69,,2094,52,4,,1,29,,2095,52,4,,1,71,,2096,52,4,,1,31,,2097,52,4,,1,68,,2098,52,4,,1,29,,2093,52,4,,1,69,,2100,52,4,,1,29,,2099,52,4,,1
1200000300,'9',730,,2108,52,4,,1,70,,2110,52,4,,1,30,,2113,52,4,,1,72,,2115,52,4,,1,31,,2109,52,4,,1,69,,2112,52,4,,1,30,,2114,52,4,,1,71,,2117,52,4,,1,29,,2118,52,4,,1,71,,2111,52,4,,1,30,,2119,52,4,,1,69,,2116,52,4,,1,32,,2120,52,4,,1,71,,2122,52,4,,1,31,,2121,52,4,,1,69,,2124,52,4,,1,29,,2125,52,4,,1,71,,2126,52,4,,1,31,,2127,52,4,,1,68,,2128,52,4,,1,29,,2123,52,4,,1,69,,2130,52,4,,1,29,,2129,52,4,,1
1200000400,'1',721,,2340,56,4,,1,18,,2341,56,4,,1,16,,2342,56,4,,1,56,,2339,56,4,,1
1200000400,'3',714,,2345,56,4,,1,16,,2343,56,4,,1,16,,2346,56,4,,1,56,,2344,56,4,,1
1200000400,'4',719,,2348,56,4,,1,18,,2349,56,4,,1,16,,2350,56,4,,1,56,,2347,56,4,,1
