1100,'1',603,,5748,16,,,1,33,,5754,16,,,1,68,,5749,16,,,1,34,,5755,16,,,1,70,,5750,16,,,1,18,,5751,16,,,1,30,,5756,16,,,1,74,,5752,16,,,1,70,,5757,16,,,1,35,,5758,16,,,1,70,,5761,16,,,1,33,,5759,16,,,1,70,,5762,16,,,1,37,,5760,16,,,1,70,,5763,16,,,1,88,,5764,16,,,1,30,,5766,16,,,1,75,,5765,16,,,1,30,,5767,16,,,1,84,,5770,16,,,1,24,,5768,16,,,1,62,,5772,16,,,1,26,,5771,16,,,1,76,,5773,16,,,1,28,,5769,16,,,1,70,,5774,16,,,1,100,,5775,16,,,1,100,,5776,16,,,1,100,,5777,16,,,1,100,,5778,16,,,1
1100,'2',704,,5779,16,,,1,101,,5780,16,,,1,101,,5781,16,,,1,102,,5782,16,,,1,100,,5783,16,,,1,100,,5784,16,,,1,101,,5785,16,,,1,99,,5786,16,,,1,100,,5787,16,,,1,100,,5788,16,,,1,100,,5789,16,,,1,100,,5790,16,,,1,99,,5792,16,,,1,100,,5793,16,,,1,100,,5791,16,,,1,100,,5795,16,,,1,100,,5794,16,,,1
1100,'3',906,,5796,16,,,1,102,,5797,16,,,1,100,,5798,16,,,1,100,,5799,16,,,1,101,,5800,16,,,1,99,,5801,16,,,1,100,,5802,16,,,1,100,,5803,16,,,1,100,,5804,16,,,1,100,,5805,16,,,1
1100,'71',603,,4339,16,,,1,33,,4343,16,,,1,68,,4340,16,,,1,34,,4344,16,,,1,70,,4341,16,,,1,18,,4345,16,,,1,30,,4350,16,,,1,74,,4346,16,,,1,70,,4351,16,,,1,35,,4347,16,,,1,70,,4352,16,,,1,33,,4348,16,,,1,70,,4353,16,,,1,37,,4349,16,,,1,70,,4354,16,,,1,88,,4358,16,,,1,30,,4355,16,,,1,75,,4359,16,,,1,30,,4356,16,,,1,82,,4360,17,,,1,26,,4357,16,,,1,62,,4363,16,,,1,26,,4361,16,,,1,76,,4364,16,,,1,28,,4362,16,,,1,70,,4365,16,,,1,100,,4366,16,,,1,100,,4367,16,,,1,100,,4368,16,,,1,100,,4369,16,,,1
1100,'72',704,,4370,16,,,1,101,,4371,16,,,1,101,,4372,16,,,1,102,,4373,16,,,1,100,,4374,16,,,1,100,,4375,16,,,1,101,,4376,16,,,1,99,,4377,16,,,1,100,,4378,16,,,1,100,,4379,16,,,1,100,,4380,16,,,1,100,,4381,16,,,1,99,,4384,16,,,1,100,,4382,16,,,1,100,,4383,16,,,1,100,,4386,16,,,1,100,,4385,16,,,1
1100,'73',906,,4387,16,,,1,102,,4388,16,,,1,100,,4389,16,,,1,100,,4390,16,,,1,101,,4391,16,,,1,99,,4392,16,,,1,100,,4393,16,,,1,100,,4394,16,,,1,100,,4395,16,,,1,100,,4396,16,,,1
11101,'85',1538,,4851,37,,,2
905231701,'27',2227,,6491,9,4,,2,30,,6494,9,4,,2,70,,6489,9,4,,2,30,,6492,9,4,,2,70,,6490,9,4,,2,30,,6493,9,4,,2,70,,6495,9,4,,2
905231701,'28',2227,,6498,9,4,,2,30,,6501,9,4,,2,70,,6496,9,4,,2,30,,6499,9,4,,2,70,,6497,9,4,,2,30,,6500,9,4,,2,70,,6502,9,4,,2
905231701,'29',2227,,6505,9,4,,2,30,,6508,9,4,,2,70,,6503,9,4,,2,30,,6506,9,4,,2,70,,6504,9,4,,2,30,,6507,9,4,,2,70,,6509,9,4,,2
1200000200,'1',538,,7153,9,,,1,14,,7158,9,,,1,55,,7159,9,,,1,16,,7160,9,,,1,15,,7162,9,,,1,14,,7163,9,,,1,57,,7152,9,,,1,15,,7165,9,,,1,16,,7157,9,,,1,14,,7155,9,,,1,54,,7161,9,,,1,15,,7166,9,,,1,18,,7164,9,,,1,61,,7167,9,,,1,30,,7169,9,,,1,69,,7171,9,,,1,30,,7156,9,,,1,70,,7172,9,,,1,29,,7168,9,,,1,29,,7170,9,,,1,72,,7174,9,,,1,70,,7175,9,,,1,29,,7173,9,,,1,70,,7177,9,,,1,18,,7179,9,,,1,30,,7180,9,,,1,55,,7181,9,,,1,12,,7178,9,,,1,13,,7182,9,,,1,13,,7183,9,,,1,14,,7185,9,,,1,55,,7176,9,,,1,15,,7188,9,,,1,16,,7189,9,,,1,17,,7192,9,,,1,57,,7193,9,,,1,16,,7187,9,,,1,70,,7186,9,,,1,30,,7184,9,,,1,70,,7190,9,,,1,30,,7196,9,,,1,70,,7197,9,,,1,30,,7199,9,,,1,70,,7200,9,,,1,32,,7194,9,,,1,70,,7191,9,,,1,32,,7198,9,,,1,67,,7201,9,,,1,30,,7195,9,0,14,1
1200000200,'2',701,,7205,9,,,1,30,,7204,9,,,1,70,,7208,9,,,1,30,,7202,9,,,1,70,,7207,9,,,1,30,,7206,9,,,1,70,,7210,9,,,1,30,,7209,9,,,1,70,,7203,9,,,1,30,,7212,9,,,1,70,,7214,9,,,1,29,,7211,9,,,1,70,,7216,9,,,1,30,,7217,9,,,1,71,,7213,9,,,1,30,,7215,9,,,1,70,,7219,9,,,1,30,,7221,9,,,1,70,,7218,9,,,1,30,,7223,9,,,1,70,,7224,9,,,1,31,,7220,9,,,1,70,,7222,9,,,1,29,,7228,9,,,1,70,,7227,9,,,1,31,,7225,9,,,1,69,,7229,9,,,1,29,,7231,9,,,1,70,,7230,9,,,1,30,,7233,9,,,1,70,,7226,9,,,1,30,,7232,9,,,1,70,,7234,9,,,1
1200000200,'3',701,,7235,9,,,1,30,,7236,9,,,1,70,,7237,9,,,1,30,,7238,9,,,1,70,,7239,9,,,1,30,,7243,9,,,1,70,,7241,9,,,1,30,,7245,9,,,1,70,,7242,9,,,1,30,,7240,9,,,1,70,,7244,9,,,1,29,,7247,9,,,1,70,,7246,9,,,1,30,,7248,9,,,1,71,,7250,9,,,1,30,,7252,9,,,1,70,,7255,9,,,1,30,,7257,9,,,1,70,,7249,9,,,1,30,,7251,9,,,1,70,,7253,9,,,1,31,,7256,9,,,1,70,,7258,9,,,1,29,,7260,9,,,1,70,,7259,9,,,1,31,,7254,9,,,1,69,,7261,9,,,1
1200000200,'71',538,,5074,9,,,1,14,,5078,9,,,1,55,,5080,9,,,1,16,,5081,9,,,1,15,,5077,9,,,1,14,,5085,9,,,1,57,,5073,9,,,1,15,,5087,9,,,1,16,,5076,9,,,1,14,,5089,9,,,1,54,,5083,9,,,1,15,,5090,9,,,1,18,,5079,9,,,1,16,,5091,9,,,1,57,,5084,9,,,1,18,,5086,9,,,1,14,,5092,9,,,1,55,,5088,9,,,1,15,,5094,9,,,1,15,,5095,9,,,1,15,,5096,9,,,1,55,,5098,9,,,1,15,,5099,9,,,1,14,,5101,9,,,1,15,,5102,9,,,1,14,,5103,9,,,1,57,,5093,9,,,1,15,,5105,9,,,1,15,,5106,9,,,1,55,,5107,9,,,1,14,,5097,9,,,1,15,,5104,9,,,1,15,,5100,9,,,1,61,,5108,9,,,1,12,,5109,9,,,1,15,,5110,9,,,1,15,,5111,9,,,1,55,,5112,9,,,1,12,,5113,9,,,1,13,,5115,9,,,1,13,,5117,9,,,1,13,,5119,9,,,1,56,,5120,9,,,1,15,,5122,9,,,1,16,,5125,9,,,1,17,,5126,9,,,1,57,,5123,9,,,1,16,,5124,9,,,1,15,,5116,9,,,1,55,,5114,9,,,1,15,,5128,9,,,1,15,,5118,9,,,1,70,,5129,9,,,1,30,,5127,9,,,1,70,,5133,9,,,1,30,,5135,9,,,1,70,,5136,9,,,1,32,,5130,9,,,1,70,,5132,9,,,1,32,,5134,9,,,1,67,,5137,9,,,1,30,,5131,9,0,14,1
1200000200,'72',702,,5139,9,,,1,30,,5142,9,,,1,70,,5143,9,,,1,29,,5144,9,,,1,70,,5138,9,,,1,30,,5141,9,,,1,70,,5140,9,,,1,30,,5145,9,,,1,70,,5146,9,,,1,31,,5148,9,,,1,69,,5147,9,,,1,30,,5150,9,,,1,69,,5151,9,,,1,31,,5152,9,,,1,70,,5153,9,,,1,30,,5154,9,,,1,70,,5149,9,,,1,30,,5156,9,,,1,70,,5155,9,,,1,30,,5159,9,,,1,70,,5158,9,,,1,31,,5161,9,,,1,69,,5162,9,,,1,30,,5163,9,,,1,70,,5165,9,,,1,31,,5157,9,,,1,69,,5167,9,,,1,29,,5168,9,,,1,70,,5164,9,,,1,30,,5166,9,,,1,70,,5160,9,,,1,30,,5169,9,,,1,70,,5170,9,,,1
1200000200,'73',702,,5171,9,,,1,30,,5173,9,,,1,70,,5174,9,,,1,29,,5175,9,,,1,70,,5176,9,,,1,30,,5172,9,,,1,70,,5177,9,,,1,30,,5179,9,,,1,70,,5178,9,,,1,31,,5181,9,,,1,69,,5180,9,,,1,30,,5183,9,,,1,69,,5184,9,,,1,31,,5185,9,,,1,70,,5186,9,,,1,30,,5188,9,,,1,70,,5182,9,,,1,30,,5191,9,,,1,70,,5189,9,,,1,30,,5193,9,,,1,70,,5192,9,,,1,31,,5195,9,,,1,69,,5196,9,,,1,30,,5197,9,,,1,70,,5187,9,,,1,31,,5194,9,,,1,69,,5190,9,,,1
