2301,'1',630,,5973,19,,,2,70,,5974,19,,,2,110,,5976,19,,,2,41,,5953,19,,,2,72,,5977,19,,,2,23,,5954,19,,,2,81,,5955,19,,,2,30,,5957,19,,,2,70,,5956,19,,,2,32,,5958,22,,,2,71,,5959,22,,,2,70,,5961,22,,,2,30,,5960,22,,,2,70,,5962,22,,,2,31,,5963,22,,,2,71,,5966,22,,,2,51,,5964,22,,,2,68,,5967,22,,,2,36,,5965,22,,,2,101,,5968,22,,,2,66,,5975,22,,,2,77,,5969,22,,,2,102,,5970,22,,,2,50,,5971,22,,,2,154,,5972,22,,,2
2301,'2',707,,5980,19,,,2,100,,5981,19,,,2,101,,5982,19,,,2,102,,5983,19,,,2,102,,5984,19,,,2,104,,5985,22,,,2,101,,5986,22,,,2,101,,5987,22,,,2,100,,5988,22,,,2,100,,5989,22,,,2,101,,5990,22,,,2,97,,5991,22,,,2
2301,'3',807,,5992,19,,,2,101,,5993,19,,,2,102,,5994,19,,,2,102,,5995,19,,,2,104,,5996,22,,,2,101,,5997,22,,,2,101,,5998,22,,,2,100,,5999,22,,,2,100,,6000,22,,,2,101,,6001,22,,,2,97,,6002,22,,,2
2301,'71',630,,4569,19,,,2,70,,4577,19,,,2,110,,4578,19,,,2,38,,4555,19,,,2,72,,4559,19,,,2,29,,4556,19,,,2,75,,4560,19,,,2,31,,4557,19,,,2,70,,4561,19,,,2,32,,4558,22,,,2,70,,4562,22,,,2,31,,4564,22,,,2,70,,4563,22,,,2,30,,4565,22,,,2,70,,4566,22,,,2,74,,4576,22,,,2,42,,4567,22,,,2,108,,4568,26,,,2,103,,4570,22,,,2,71,,4575,22,,,2,75,,4571,22,,,2,100,,4572,22,,,2,52,,4573,22,,,2,154,,4574,22,,,2
2301,'72',722,,4579,19,,,2,100,,4580,19,,,2,101,,4581,19,,,2,102,,4582,19,,,2,100,,4583,19,,,2,102,,4584,22,,,2,102,,4585,22,,,2,101,,4586,22,,,2,101,,4587,22,,,2,100,,4588,22,,,2,102,,4589,22,,,2,96,,4590,22,,,2
2301,'73',822,,4591,19,,,2,101,,4592,19,,,2,102,,4593,19,,,2,100,,4594,19,,,2,102,,4595,22,,,2,102,,4596,22,,,2,101,,4597,22,,,2,101,,4598,22,,,2,100,,4599,22,,,2,102,,4600,22,,,2,96,,4601,22,,,2
23101,'85',1531,,4932,33,,,2
23500,'12',746,,6295,7,,,2
23500,'82',746,,4935,7,,,2
23501,'83',1655,,4936,19,,,2
5002301,'1',1706,,6382,32,,,2,24,,6381,32,,,2
5002301,'71',1620,,5032,32,,,2,86,,5031,32,,,2,24,,5030,32,,,2
