1200000201,'1',545,,7270,9,,,1,60,,7272,9,,,1,17,,7274,9,,,1,19,,7262,39,,,1,62,,7279,9,,,1,18,,7265,51,,,1,16,,7264,51,,,1,21,,7269,51,,,1,61,,7271,51,,,1,19,,7273,51,,,1,20,,7276,51,,,1,55,,7277,51,,,1,16,,7263,51,,,1,12,,7280,51,,,1,14,,7268,51,,,1,51,,7266,51,,,1,12,,7275,51,,,1,12,,7281,51,,,1,14,,7278,51,,,1,57,,7282,51,,,1,31,,7284,51,,,1,69,,7286,51,,,1,30,,7267,51,,,1,73,,7287,51,,,1,29,,7283,51,,,1,70,,7285,51,,,1,31,,7289,51,,,1,71,,7290,51,,,1,30,,7288,51,,,1,82,,7292,51,,,1,26,,7294,51,,,1,57,,7297,51,,,1,16,,7295,51,,,1,17,,7296,51,,,1,11,,7293,51,,,1,10,,7298,51,,,1,52,,7299,51,,,1,14,,7301,51,,,1,13,,7291,51,,,1,9,,7304,51,,,1,13,,7305,51,,,1,53,,7308,51,,,1,12,,7309,51,,,1,13,,7303,51,,,1,24,,7302,51,,,1,66,,7300,51,,,1,19,,7310,51,,,1,68,,7311,51,,,1,32,,7306,51,,,1,75,,7313,51,,,1,26,,7315,51,,,1,71,,7312,51,,,1,27,,7307,51,,,1,71,,7314,51,,,1,46,,7316,51,,,1
1200000201,'14',1718,,7317,45,,,1
1200000201,'2',643,,7323,9,,,1,68,,7321,39,,,1,39,,7318,51,,,1,70,,7326,51,,,1,31,,7324,51,,,1,72,,7322,51,,,1,32,,7328,51,,,1,71,,7319,51,,,1,31,,7327,51,,,1,72,,7325,51,,,1,72,,7330,51,,,1,30,,7329,51,,,1,71,,7320,51,,,1,32,,7332,51,,,1,71,,7334,51,,,1,30,,7331,51,,,1,70,,7336,51,,,1,31,,7337,51,,,1,70,,7333,51,,,1,30,,7335,51,,,1,71,,7339,51,,,1,31,,7341,51,,,1,68,,7338,51,,,1,25,,7343,51,,,1,28,,7344,51,,,1,65,,7340,51,,,1,25,,7342,51,,,1,67,,7348,51,,,1,29,,7347,51,,,1,71,,7345,51,,,1,27,,7349,51,,,1,68,,7351,51,,,1,29,,7350,51,,,1,70,,7353,51,,,1,30,,7346,51,,,1,68,,7352,51,,,1,49,,7354,51,,,1
1200000201,'27',2255,,7355,44,,,1,70,,7358,44,,,1,29,,7356,44,,,1,83,,7359,44,,,1,68,,7361,44,,,1,30,,7357,44,,,1,70,,7360,44,,,1
1200000201,'28',2254,,7362,44,,,1,70,,7365,44,,,1,30,,7363,44,,,1,82,,7366,44,,,1,68,,7368,44,,,1,30,,7364,44,,,1,70,,7367,44,,,1
1200000201,'29',2254,,7369,44,,,1,70,,7372,44,,,1,30,,7370,44,,,1,82,,7373,44,,,1,68,,7375,44,,,1,30,,7371,44,,,1,70,,7374,44,,,1
1200000201,'3',643,,7376,9,,,1,68,,7378,9,,,1,32,,7380,9,,,1,70,,7382,9,,,1,38,,7377,51,,,1,72,,7379,51,,,1,32,,7381,51,,,1,70,,7383,51,,,1,32,,7384,51,,,1,72,,7388,51,,,1,72,,7386,51,,,1,30,,7390,51,,,1,71,,7387,51,,,1,32,,7385,51,,,1,71,,7389,51,,,1,30,,7392,51,,,1,70,,7391,51,,,1,31,,7393,51,,,1,70,,7395,51,,,1,30,,7397,51,,,1,71,,7400,51,,,1,31,,7402,51,,,1,68,,7394,51,,,1,25,,7396,51,,,1,28,,7398,51,,,1,65,,7401,51,,,1,25,,7403,51,,,1,67,,7405,51,,,1,29,,7404,51,,,1,71,,7399,51,,,1,27,,7406,51,,,1
1200000201,'71',545,,5210,9,,,1,60,,5212,9,,,1,17,,5215,9,,,1,19,,5201,39,,,1,62,,5220,9,,,1,13,,5205,51,,,1,17,,5204,51,,,1,21,,5208,51,,,1,50,,5214,51,,,1,14,,5203,51,,,1,13,,5213,51,,,1,19,,5207,51,,,1,57,,5218,51,,,1,15,,5202,51,,,1,14,,5221,51,,,1,13,,5206,51,,,1,52,,5223,51,,,1,12,,5216,51,,,1,12,,5224,51,,,1,15,,5209,51,,,1,12,,5225,51,,,1,57,,5217,51,,,1,19,,5219,51,,,1,14,,5226,51,,,1,15,,5222,51,,,1,55,,5228,51,,,1,15,,5229,51,,,1,15,,5230,51,,,1,58,,5232,51,,,1,15,,5233,51,,,1,15,,5235,51,,,1,14,,5236,51,,,1,15,,5237,51,,,1,56,,5227,51,,,1,15,,5239,51,,,1,15,,5240,51,,,1,56,,5241,51,,,1,14,,5231,51,,,1,16,,5238,51,,,1,19,,5234,51,,,1,69,,5242,51,,,1,20,,5243,51,,,1,16,,5244,51,,,1,54,,5245,51,,,1,6,,5253,39,,,1,14,,5246,51,,,1,9,,5247,51,,,1,10,,5249,51,,,1,11,,5251,51,,,1,55,,5254,51,,,1,13,,5255,51,,,1,9,,5256,51,,,1,13,,5259,51,,,1,57,,5260,51,,,1,9,,5257,51,,,1,12,,5258,51,,,1,13,,5250,51,,,1,12,,5248,51,,,1,54,,5261,51,,,1,14,,5252,51,,,1,20,,5262,51,,,1,69,,5263,51,,,1,32,,5265,51,,,1,75,,5267,51,,,1,26,,5269,51,,,1,71,,5264,51,,,1,27,,5266,51,,,1,71,,5268,51,,,1,46,,5270,51,,,1
1200000201,'72',643,,5275,9,,,1,70,,5281,9,,,1,21,,5272,51,,,1,71,,5271,51,,,1,30,,5273,51,,,1,72,,5279,51,,,1,32,,5284,51,,,1,72,,5277,51,,,1,31,,5276,51,,,1,69,,5282,51,,,1,30,,5283,51,,,1,71,,5285,51,,,1,30,,5274,51,,,1,71,,5280,51,,,1,30,,5278,51,,,1,70,,5286,51,,,1,32,,5287,51,,,1,69,,5289,51,,,1,33,,5288,51,,,1,70,,5291,51,,,1,29,,5292,51,,,1,72,,5293,51,,,1,31,,5294,51,,,1,66,,5295,51,,,1,28,,5290,51,,,1,69,,5297,51,,,1,25,,5296,51,,,1,79,,5300,51,,,1,29,,5302,51,,,1,71,,5298,51,,,1,27,,5304,51,,,1,68,,5305,51,,,1,29,,5301,51,,,1,70,,5303,51,,,1,29,,5299,51,,,1,69,,5306,51,,,1,49,,5307,51,,,1
1200000201,'73',643,,5309,9,,,1,70,,5313,9,,,1,30,,5316,9,,,1,70,,5319,9,,,1,22,,5308,51,,,1,72,,5311,51,,,1,32,,5315,51,,,1,72,,5318,51,,,1,31,,5310,51,,,1,69,,5314,51,,,1,30,,5317,51,,,1,71,,5320,51,,,1,30,,5321,51,,,1,71,,5312,51,,,1,30,,5322,51,,,1,70,,5324,51,,,1,32,,5323,51,,,1,69,,5326,51,,,1,33,,5325,51,,,1,70,,5328,51,,,1,29,,5329,51,,,1,72,,5330,51,,,1,31,,5331,51,,,1,66,,5333,51,,,1,28,,5327,51,,,1,69,,5336,51,,,1,25,,5334,51,,,1,79,,5338,51,,,1,29,,5332,51,,,1,71,,5337,51,,,1,27,,5335,51,,,1
1200000201,'81',726,,5339,39,,,1,16,,5340,39,,,1,860,,5341,51,,,1
1200000201,'89',1646,,5345,51,,,1,54,,5346,51,,,1
