3600,'1',611,,750,3,,,2,136,,751,3,,,2,94,,752,3,,,2,162,,753,3,,,2,101,,754,3,,,2,100,,755,3,,,2,102,,756,3,,,2,100,,757,3,,,2,100,,758,3,,,2,305,,759,3,,,2,90,,760,3,,,2,53,,761,3,,,2,97,,762,3,,,2,104,,763,3,,,2,93,,764,3,,,2
3600,'3',611,,765,3,,,2,136,,766,3,,,2,256,,767,3,,,2,101,,768,3,,,2,100,,770,3,,,2,102,,769,3,,,2,100,,771,3,,,2,100,,772,3,,,2,305,,773,3,,,2,90,,774,3,,,2,53,,775,3,,,2,97,,776,3,,,2,104,,777,3,,,2,93,,778,3,,,2
3600,'4',611,,779,3,,,2,136,,783,3,,,2,256,,782,3,,,2,101,,780,3,,,2,100,,781,3,,,2,102,,784,3,,,2,100,,785,3,,,2,100,,786,3,,,2,305,,787,3,,,2,90,,790,3,,,2,53,,791,3,,,2,97,,792,3,,,2,104,,788,3,,,2,93,,789,3,,,2
3600,'6',724,,793,3,,,2,100,,794,3,,,2,101,,795,3,,,2,100,,796,3,,,2,105,,797,3,,,2,100,,798,3,,,2,100,,799,3,,,2,102,,800,3,,,2,101,,801,3,,,2,99,,802,3,,,2,97,,807,3,,,2,97,,808,3,,,2,91,,809,3,,,2,109,,803,3,,,2,99,,804,3,,,2,97,,805,3,,,2,93,,806,3,,,2
3600,'8',824,,810,3,,,2,101,,811,3,,,2,100,,812,3,,,2,105,,813,3,,,2,100,,814,3,,,2,100,,815,3,,,2,102,,816,3,,,2,101,,817,3,,,2,99,,818,3,,,2,97,,819,3,,,2,97,,820,3,,,2,91,,821,3,,,2
5003600,'1',644,,1343,3,,,2,68,,1342,3,,,2
5003600,'3',644,,1345,3,,,2,68,,1344,3,,,2
5003600,'4',644,,1347,3,,,2,68,,1346,3,,,2
5003601,'1',1606,,1350,17,,,2,45,,1348,17,,,2,62,,1349,17,,,2
5003601,'3',1639,,1351,17,,,2,67,,1352,17,,,2
5003601,'4',1644,,1353,17,,,2,62,,1354,17,,,2
