2300,'1',554,,5924,15,,,2,194,,5919,15,,,2,79,,5927,15,,,2,76,,5904,15,,,2,36,,5906,15,,,2,70,,5905,15,,,2,30,,5907,15,,,2,70,,5908,15,,,2,30,,5909,15,,,2,77,,5912,15,,,2,30,,5910,15,,,2,70,,5913,15,,,2,30,,5911,15,,,2,71,,5914,15,,,2,33,,5915,15,,,2,72,,5917,15,,,2,118,,5918,15,,,2,77,,5916,15,,,2,24,,5925,15,,,2,73,,5920,15,,,2,30,,5926,15,,,2,73,,5921,15,,,2,102,,5922,15,,,2,95,,5923,15,,,2
2300,'2',631,,5930,15,,,2,100,,5931,15,,,2,101,,5932,15,,,2,102,,5933,15,,,2,102,,5934,15,,,2,102,,5935,15,,,2,101,,5936,15,,,2,108,,5937,15,,,2,100,,5938,15,,,2,100,,5939,15,,,2,101,,5940,15,,,2,88,,5941,15,,,2
2300,'3',731,,5942,15,,,2,101,,5943,15,,,2,102,,5944,15,,,2,102,,5945,15,,,2,102,,5946,15,,,2,101,,5947,15,,,2,108,,5948,15,,,2,100,,5949,15,,,2,100,,5950,15,,,2,101,,5951,15,,,2,88,,5952,15,,,2
2300,'71',554,,4520,15,,,2,189,,4525,15,,,2,84,,4529,15,0,14 1 15,2,73,,4507,15,,,2,36,,4510,15,,,2,70,,4508,15,,,2,31,,4511,15,,,2,70,,4509,15,,,2,30,,4512,15,,,2,78,,4515,15,,,2,30,,4513,15,,,2,70,,4516,15,,,2,30,,4514,15,,,2,72,,4517,15,,,2,33,,4518,15,,,2,70,,4528,15,,,2,116,,4530,15,,,2,75,,4519,15,,,2,28,,4526,15,,,2,73,,4521,15,,,2,30,,4527,15,,,2,75,,4522,15,,,2,100,,4523,15,,,2,97,,4524,15,,,2
2300,'72',633,,4531,15,,,2,101,,4532,15,,,2,101,,4533,15,,,2,101,,4534,15,,,2,101,,4535,15,,,2,100,,4536,15,,,2,101,,4537,15,,,2,108,,4538,15,,,2,100,,4539,15,,,2,100,,4540,15,,,2,100,,4541,15,,,2,102,,4542,15,,,2
2300,'73',734,,4543,15,,,2,101,,4544,15,,,2,101,,4545,15,,,2,101,,4546,15,,,2,100,,4547,15,,,2,101,,4548,15,,,2,108,,4549,15,,,2,100,,4550,15,,,2,100,,4551,15,,,2,100,,4552,15,,,2,102,,4553,15,,,2
23100,'15',712,,6293,27,,,2
23100,'84',712,,4931,27,,,2
23500,'12',759,,6295,38,,,2
23500,'82',759,,4935,38,,,2
23501,'83',1716,,4936,60,,,2
5002300,'1',619,,6378,15,,,2,25,,6379,15,,,2,69,,6380,15,,,2
5002300,'71',619,,5028,15,,,2,25,,5027,15,,,2,69,,5029,15,,,2
