3401,'1',635,,6039,18,,,2,67,,6040,18,,,2,51,,6041,18,,,2,794,,6042,18,,,2,89,,6043,18,,,2,98,,6044,18,,,2,66,,6045,18,,,2,46,,6046,18,,,2,68,,6047,18,,,2
3401,'14',1650,,6048,22,,,2
3401,'71',635,,4642,18,,,2,67,,4644,18,,,2,51,,4643,18,,,2,802,,4646,18,,,2,92,,4645,22,,,2,71,,4649,18,,,2,39,,4650,18,,,2,87,,4651,18,,,2,66,,4648,18,,,2
34500,'12',813,,6305,17,,,2
34500,'82',813,,4949,17,,,2
5003401,'1',1658,,6389,30,,,2
5003401,'71',1658,,5040,30,,,2
2000003401,'2',749,,7771,18,,,2,85,,7772,18,,,2,85,,7773,18,,,2,85,,7774,18,,,2,49,,7775,18,,,2,85,,7776,18,,,2,88,,7777,18,,,2,81,,7778,18,,,2,134,,7779,18,,,2,86,,7780,18,,,2,84,,7781,18,,,2,48,,7782,18,,,2,84,,7783,18,,,2,81,,7784,18,,,2,82,,7785,18,,,2
2000003401,'3',834,,7786,18,,,2,85,,7787,18,,,2,85,,7788,18,,,2,49,,7789,18,,,2,85,,7790,18,,,2,88,,7791,18,,,2,81,,7792,18,,,2,134,,7793,18,,,2,86,,7794,18,,,2,84,,7795,18,,,2,48,,7796,18,,,2,84,,7797,18,,,2,81,,7798,18,,,2,82,,7799,18,,,2
2000003401,'72',749,,5711,18,,,2,85,,5712,18,,,2,84,,5713,18,,,2,85,,5714,18,,,2,47,,5715,18,,,2,85,,5716,18,,,2,85,,5717,18,,,2,85,,5718,18,,,2,130,,5719,18,,,2,92,,5720,18,,,2,79,,5721,18,,,2,53,,5722,18,,,2,77,,5723,18,,,2,88,,5724,18,,,2,77,,5725,18,,,2
2000003401,'73',834,,5726,18,,,2,84,,5727,18,,,2,85,,5728,18,,,2,47,,5729,18,,,2,85,,5730,18,,,2,85,,5731,18,,,2,85,,5732,18,,,2,130,,5733,18,,,2,92,,5734,18,,,2,79,,5735,18,,,2,53,,5736,18,,,2,77,,5737,18,,,2,88,,5738,18,,,2,77,,5739,18,,,2
