3600,'1',615,,750,10,,,2,136,,751,10,,,2,94,,752,10,,,2,162,,753,10,,,2,101,,754,10,,,2,100,,755,10,,,2,102,,756,10,,,2,100,,757,10,,,2,100,,758,10,,,2,305,,759,10,,,2,90,,760,10,,,2,53,,761,10,,,2,97,,762,10,,,2,104,,763,10,,,2,93,,764,10,,,2
3600,'3',615,,765,10,,,2,136,,766,10,,,2,256,,767,10,,,2,101,,768,10,,,2,100,,770,10,,,2,102,,769,10,,,2,100,,771,10,,,2,100,,772,10,,,2,305,,773,10,,,2,90,,774,10,,,2,53,,775,10,,,2,97,,776,10,,,2,104,,777,10,,,2,93,,778,10,,,2
3600,'4',615,,779,10,,,2,136,,783,10,,,2,256,,782,10,,,2,101,,780,10,,,2,100,,781,10,,,2,102,,784,10,,,2,100,,785,10,,,2,100,,786,10,,,2,305,,787,10,,,2,90,,790,10,,,2,53,,791,10,,,2,97,,792,10,,,2,104,,788,10,,,2,93,,789,10,,,2
3600,'6',727,,793,10,,,2,100,,794,10,,,2,101,,795,10,,,2,100,,796,10,,,2,105,,797,10,,,2,100,,798,10,,,2,100,,799,10,,,2,102,,800,10,,,2,101,,801,10,,,2,99,,802,10,,,2,97,,807,10,,,2,97,,808,10,,,2,91,,809,10,,,2,109,,803,10,,,2,99,,804,10,,,2,97,,805,10,,,2,93,,806,10,,,2
3600,'8',827,,810,10,,,2,101,,811,10,,,2,100,,812,10,,,2,105,,813,10,,,2,100,,814,10,,,2,100,,815,10,,,2,102,,816,10,,,2,101,,817,10,,,2,99,,818,10,,,2,97,,819,10,,,2,97,,820,10,,,2,91,,821,10,,,2
5003600,'1',647,,1343,10,,,2,68,,1342,10,,,2
5003600,'3',647,,1345,10,,,2,68,,1344,10,,,2
5003600,'4',647,,1347,10,,,2,68,,1346,10,,,2
5003601,'1',1610,,1350,24,,,2,45,,1348,24,,,2,62,,1349,24,,,2
5003601,'3',1643,,1351,24,,,2,67,,1352,24,,,2
5003601,'4',1648,,1353,24,,,2,62,,1354,24,,,2
