2201,'51',640,,2707,31,0,21 22,2,68,,2721,31,4,,2,30,,2708,31,4,,2,65,,2723,31,0,21 22,2,28,,2725,31,0,21 22,2,26,,2722,31,0,21 22,2,66,,2724,31,0,21 22,2,82,,2709,31,0,21 22,2,37,,2711,31,0,21 22,2,72,,2710,31,0,21 22,2,30,,2712,31,0,21 22,2,70,,2716,31,0,21 22,2,31,,2713,31,0,21 22,2,70,,2717,31,0,21 22,2,30,,2714,31,0,21 22,2,70,,2726,31,0,21 22,2,30,,2715,31,0,21 22,2,76,,2718,31,0,21 22,2,25,,2720,31,0,21 22,2,55,,2727,31,0,21 22,2,51,,2728,35,0,21 22,2,71,,2729,31,0,21 22,2,34,,2719,31,0,21 22,2,72,,2730,31,0,21 22,2,25,,2732,31,0,21 22,2,64,,2731,31,0,21 22,2
2201,'68',1652,,2733,35,0,21 22,2
2401,'51',1554,,2854,4,,,2,247,,2858,4,,,2,19,,2855,4,,,2,27,,2856,4,,,2,64,,2857,4,,,2
6501,'51',1658,,3164,4,,,2,61,,3165,4,,,2,81,,3166,4,,,2
22101,'65',1536,,3248,27,,,2
22500,'62',807,,3251,14,,,2
23500,'62',817,,3259,70,,,2
5002401,'51',1614,,3381,21,,,2,86,,3379,21,,,2,24,,3380,21,,,2
1200000101,'51',1605,,3416,62,,,1,32,,3417,62,,,1,71,,3415,62,,,1,30,,3418,62,,,1
1200000301,'51',613,,3951,11,0,30,1,28,,3955,11,0,30,1,77,,3949,24,0,30,1,20,,3953,24,0,30,1,77,,3961,24,0,30,1,27,,3958,24,0,30,1,66,,3964,24,0,30,1,26,,3950,24,0,30,1,69,,3960,24,0,30,1,27,,3962,24,0,30,1,76,,3965,24,0,30,1,20,,3966,24,0,30,1,20,,3968,24,0,30,1,60,,3970,24,0,30,1,23,,3971,24,0,30,1,20,,3973,24,0,30,1,62,,3975,24,0,30,1,19,,3967,24,0,30,1,20,,3969,24,0,30,1,60,,3976,24,0,30,1,18,,3972,24,0,30,1,20,,3974,24,0,30,1,59,,3978,24,0,30,1,25,,3979,24,0,30,1,13,,3980,21,0,30,1,56,,3981,21,0,30,1,23,,3977,21,0,30,1,18,,3990,21,0,30,1,59,,3985,21,0,30,1,11,,3989,21,0,30,1,13,,3983,21,0,30,1,14,,3982,21,0,30,1,16,,3993,21,0,30,1,56,,3992,21,0,30,1,10,,3987,21,0,30,1,8,,3991,21,0,30,1,7,,3986,21,0,30,1,13,,3984,21,0,30,1,56,,3988,21,0,30,1,22,,3995,24,0,30,1,27,,3994,24,0,30,1,71,,4000,24,0,30,1,30,,4001,24,0,30,1,70,,4004,24,0,30,1,33,,3996,24,0,30,1,70,,4002,11,0,30,1,30,,3997,11,0,30,1,68,,4003,11,0,30,1,30,,3998,11,0,30,1,79,,3999,11,0,30,1
1200000301,'52',754,,4007,24,0,30,1,70,,4006,24,0,30,1,31,,4010,24,0,30,1,70,,4011,24,0,30,1,31,,4012,24,0,30,1,71,,4005,24,0,30,1,31,,4009,24,0,30,1,70,,4008,24,0,30,1,30,,4013,24,0,30,1,70,,4014,24,0,30,1,31,,4016,24,0,30,1,70,,4015,24,0,30,1,71,,4018,24,0,30,1,30,,4019,24,0,30,1,71,,4020,24,0,30,1,30,,4021,24,0,30,1,69,,4022,24,0,30,1,31,,4017,24,0,30,1,72,,4024,24,0,30,1,29,,4023,24,0,30,1,68,,4026,24,0,30,1,29,,4025,24,0,30,1,29,,4027,24,0,30,1,64,,4031,24,0,30,1,78,,4028,11,0,30,1,100,,4029,11,0,30,1,56,,4030,11,0,30,1,99,,4032,11,0,30,1,78,,4033,11,0,30,1,102,,4034,11,0,30,1
1200000301,'53',824,,4035,24,0,30,1,31,,4037,24,0,30,1,70,,4038,24,0,30,1,31,,4039,24,0,30,1,71,,4040,24,0,30,1,31,,4036,24,0,30,1,70,,4041,24,0,30,1,30,,4043,24,0,30,1,70,,4042,24,0,30,1,31,,4045,24,0,30,1,70,,4044,24,0,30,1,71,,4047,24,0,30,1,30,,4048,24,0,30,1,71,,4049,24,0,30,1,30,,4050,24,0,30,1,69,,4051,24,0,30,1,31,,4046,24,0,30,1,72,,4053,24,0,30,1,29,,4052,24,0,30,1,68,,4055,24,0,30,1,29,,4054,24,0,30,1,29,,4056,24,0,30,1,64,,4059,24,0,30,1,78,,4057,11,0,30,1,121,,4058,11,0,30,1
1200000301,'54',717,,4062,24,0,30,1,30,,4060,24,0,30,1,70,,4064,24,0,30,1,30,,4068,24,0,30,1,70,,4063,24,0,30,1,30,,4061,24,0,30,1,71,,4065,24,0,30,1,33,,4069,24,0,30,1,70,,4067,24,0,30,1,30,,4071,24,0,30,1,70,,4066,24,0,30,1,30,,4070,24,0,30,1,70,,4073,24,0,30,1,31,,4072,24,0,30,1,71,,4074,24,0,30,1,30,,4077,24,0,30,1,70,,4080,24,0,30,1,30,,4082,24,0,30,1,71,,4075,24,0,30,1,31,,4078,24,0,30,1,70,,4081,24,0,30,1,28,,4083,24,0,30,1,70,,4076,24,0,30,1,27,,4079,24,0,30,1,67,,4084,24,0,30,1,87,,4085,11,0,30,1,100,,4086,11,0,30,1,96,,4087,11,0,30,1,59,,4088,11,0,30,1,78,,4089,11,0,30,1,102,,4090,11,0,30,1
2000002200,'51',658,,4199,4,,,2,90,,4201,4,,,2
2000002201,'51',1548,,4203,4,,,2,83,,4204,4,,,2,84,,4205,4,,,2,88,,4206,4,,,2,40,,4207,4,0,21 22,2
