2201,'1',628,,5883,5,,,2,28,,5892,5,0,23,2,70,,5884,5,,,2,25,,5898,5,,,2,68,,5899,5,,,2,26,,5893,5,,,2,108,,5894,5,,,2,150,,5885,5,,,2,101,,5886,5,,,2,101,,5887,5,,,2,100,,5890,5,,,2,103,,5900,5,,,2,40,,5891,5,,,2,96,,5888,5,,,2,70,,5895,5,,,2,31,,5889,5,,,2,70,,5896,5,,,2,27,,5901,5,,,2,64,,5897,5,,,2
2201,'14',1644,,5903,9,,,2
2201,'71',628,,4480,5,,,2,28,,4494,5,0,23,2,70,,4481,5,0,23,2,25,,4496,5,,,2,68,,4498,5,,,2,26,,4495,5,,,2,66,,4497,5,,,2,42,,4482,5,,,2,77,,4484,5,,,2,72,,4483,5,,,2,30,,4485,5,,,2,70,,4489,5,,,2,31,,4486,5,,,2,70,,4490,5,,,2,30,,4487,5,,,2,70,,4499,5,,,2,30,,4488,5,,,2,75,,4491,5,,,2,25,,4493,5,,,2,15,,4500,5,,,2,91,,4501,9,,,2,71,,4502,5,,,2,35,,4492,5,,,2,72,,4503,5,,,2,25,,4505,5,,,2,64,,4504,5,,,2
2201,'88',1639,,4506,9,,,2
2301,'1',622,,5973,5,,,2,30,,5974,5,,,2,150,,5976,5,,,2,41,,5953,5,,,2,72,,5977,5,,,2,23,,5954,5,,,2,81,,5955,5,,,2,30,,5957,5,,,2,70,,5956,5,,,2,30,,5958,5,,,2,71,,5959,5,,,2,30,,5961,5,,,2,70,,5960,5,,,2,30,,5962,5,,,2,71,,5963,5,,,2,31,,5966,5,,,2,91,,5964,5,,,2,67,,5967,5,,,2,35,,5965,5,,,2,102,,5968,5,,,2,67,,5975,5,,,2,37,,5969,5,,,2,102,,5970,5,,,2,90,,5971,5,,,2,114,,5972,5,,,2
2301,'14',1644,,5979,9,,,2
2301,'2',659,,5980,5,,,2,100,,5981,5,,,2,141,,5982,5,,,2,102,,5983,5,,,2,102,,5984,5,,,2,102,,5985,5,,,2,101,,5986,5,,,2,101,,5987,5,,,2,100,,5988,5,,,2,100,,5989,5,,,2,101,,5990,5,,,2,97,,5991,5,,,2
2301,'3',759,,5992,5,,,2,141,,5993,5,,,2,102,,5994,5,,,2,102,,5995,5,,,2,102,,5996,5,,,2,101,,5997,5,,,2,101,,5998,5,,,2,100,,5999,5,,,2,100,,6000,5,,,2,101,,6001,5,,,2,97,,6002,5,,,2
2301,'71',622,,4569,5,,,2,30,,4577,5,,,2,150,,4578,5,,,2,38,,4555,5,,,2,72,,4559,5,,,2,29,,4556,5,,,2,75,,4560,5,,,2,31,,4557,5,,,2,70,,4561,5,,,2,30,,4558,5,,,2,70,,4562,5,,,2,31,,4564,5,,,2,70,,4563,5,,,2,30,,4565,5,,,2,70,,4566,5,,,2,34,,4576,5,,,2,82,,4567,5,,,2,106,,4568,9,,,2,104,,4570,5,,,2,72,,4575,5,,,2,35,,4571,5,,,2,100,,4572,5,,,2,92,,4573,5,,,2,114,,4574,5,,,2
2301,'72',714,,4579,5,,,2,100,,4580,5,,,2,101,,4581,5,,,2,102,,4582,5,,,2,100,,4583,5,,,2,100,,4584,5,,,2,102,,4585,5,,,2,101,,4586,5,,,2,101,,4587,5,,,2,100,,4588,5,,,2,102,,4589,5,,,2,96,,4590,5,,,2
2301,'73',814,,4591,5,,,2,101,,4592,5,,,2,102,,4593,5,,,2,100,,4594,5,,,2,100,,4595,5,,,2,102,,4596,5,,,2,101,,4597,5,,,2,101,,4598,5,,,2,100,,4599,5,,,2,102,,4600,5,,,2,96,,4601,5,,,2
2301,'88',1640,,4602,9,,,2
22101,'85',1525,,4924,18,,,2
22201,'85',1524,,4926,17,,,2
22500,'12',758,,6290,2,,,2
22500,'82',758,,4927,2,,,2
23101,'85',1523,,4932,18,,,2
23201,'85',1524,,4934,18,,,2
5002301,'1',1653,,6382,15,,,2,65,,6381,15,,,2
5002301,'71',1607,,5032,15,,,2,46,,5031,15,,,2,65,,5030,15,,,2
5002401,'1',1654,,6385,15,,,2,65,,6386,15,,,2
5002401,'71',1608,,5037,15,,,2,46,,5035,15,,,2,65,,5036,15,,,2
5004301,'11',1648,,6402,10,,,2,95,,6403,10,,,2,89,,6404,10,,,2
5004301,'81',1648,,5057,10,,,2,95,,5059,10,,,2,89,,5058,10,,,2
905231701,'27',2300,,6491,52,4,,2,29,,6494,52,4,,2,30,,6489,52,4,,2,70,,6492,52,4,,2,30,,6490,52,4,,2,70,,6493,52,4,,2,30,,6495,52,4,,2
905231701,'28',2300,,6498,52,4,,2,29,,6501,52,4,,2,30,,6496,52,4,,2,70,,6499,52,4,,2,30,,6497,52,4,,2,70,,6500,52,4,,2,30,,6502,52,4,,2
905231701,'29',2300,,6505,52,4,,2,29,,6508,52,4,,2,30,,6503,52,4,,2,70,,6506,52,4,,2,30,,6504,52,4,,2,70,,6507,52,4,,2,30,,6509,52,4,,2
1200000101,'1',1603,,7148,56,,,1,32,,7149,56,,,1,71,,7150,56,,,1,31,,7151,56,,,1
1200000101,'71',1559,,5070,56,,,1,72,,5071,56,,,1,71,,5069,56,,,1,31,,5072,56,,,1
1200000301,'1',609,,7508,5,,,1,28,,7513,5,,,1,75,,7506,18,,,1,20,,7510,18,,,1,75,,7516,18,,,1,29,,7511,18,,,1,65,,7519,18,,,1,25,,7507,18,,,1,29,,7517,18,,,1,67,,7515,18,,,1,33,,7520,18,,,1,73,,7521,18,,,1,30,,7523,18,,,1,73,,7525,18,,,1,72,,7527,18,,,1,29,,7522,18,,,1,70,,7524,18,,,1,28,,7526,18,,,1,70,,7528,18,,,1,36,,7529,18,,,1,20,,7532,15,,,1,62,,7530,15,,,1,18,,7535,15,,,1,19,,7534,15,,,1,51,,7539,15,,,1,14,,7537,15,,,1,14,,7538,15,,,1,16,,7541,15,,,1,54,,7533,15,,,1,12,,7536,15,,,1,15,,7531,15,,,1,69,,7540,15,,,1,24,,7544,18,,,1,24,,7542,18,,,1,71,,7543,18,,,1,30,,7545,18,,,1,70,,7546,18,,,1,33,,7549,18,,,1,72,,7547,5,,,1,30,,7550,5,,,1,68,,7548,5,,,1,30,,7551,5,,,1,79,,7552,5,,,1
1200000301,'2',748,,7553,18,,,1,70,,7556,18,,,1,31,,7559,18,,,1,71,,7562,18,,,1,31,,7554,18,,,1,72,,7557,18,,,1,31,,7560,18,,,1,71,,7563,18,,,1,31,,7555,18,,,1,71,,7558,18,,,1,31,,7561,18,,,1,71,,7564,18,,,1,71,,7565,18,,,1,30,,7568,18,,,1,70,,7574,18,,,1,30,,7571,18,,,1,70,,7566,18,,,1,31,,7569,18,,,1,71,,7575,18,,,1,27,,7572,18,,,1,28,,7567,18,,,1,69,,7570,18,,,1,27,,7576,18,,,1,67,,7573,18,,,1,35,,7577,5,,,1,100,,7578,5,,,1,96,,7579,5,,,1,99,,7580,5,,,1,78,,7581,5,,,1,102,,7582,5,,,1
1200000301,'27',2223,,7584,8,,,1,30,,7587,8,,,1,70,,7589,8,,,1,83,,7585,8,,,1,28,,7588,8,,,1,70,,7583,8,,,1,30,,7586,8,,,1
1200000301,'28',2223,,7591,8,,,1,30,,7594,8,,,1,70,,7596,8,,,1,83,,7592,8,,,1,28,,7595,8,,,1,70,,7590,8,,,1,30,,7593,8,,,1
1200000301,'29',2223,,7598,8,,,1,30,,7601,8,,,1,70,,7603,8,,,1,83,,7599,8,,,1,28,,7602,8,,,1,70,,7597,8,,,1,30,,7600,8,,,1
1200000301,'3',818,,7604,18,,,1,31,,7606,18,,,1,71,,7612,18,,,1,31,,7609,18,,,1,72,,7605,18,,,1,31,,7607,18,,,1,71,,7613,18,,,1,31,,7610,18,,,1,71,,7614,18,,,1,31,,7608,18,,,1,71,,7616,18,,,1,71,,7611,18,,,1,30,,7615,18,,,1,70,,7618,18,,,1,30,,7617,18,,,1,70,,7621,18,,,1,31,,7623,18,,,1,71,,7619,18,,,1,27,,7627,18,,,1,28,,7622,18,,,1,69,,7624,18,,,1,27,,7620,18,,,1,67,,7628,18,,,1,35,,7625,5,,,1,161,,7626,5,,,1
1200000301,'71',609,,5456,5,,,1,28,,5460,5,,,1,76,,5454,18,,,1,20,,5458,18,,,1,77,,5466,18,,,1,27,,5463,18,,,1,66,,5469,18,,,1,26,,5455,18,,,1,29,,5465,18,,,1,67,,5467,18,,,1,76,,5470,18,,,1,20,,5471,18,,,1,20,,5473,18,,,1,60,,5475,18,,,1,23,,5476,18,,,1,20,,5478,18,,,1,62,,5480,18,,,1,19,,5472,18,,,1,20,,5474,18,,,1,60,,5481,18,,,1,18,,5477,18,,,1,20,,5479,18,,,1,59,,5483,18,,,1,25,,5484,18,,,1,13,,5485,15,,,1,16,,5486,15,,,1,62,,5482,15,,,1,18,,5494,15,,,1,19,,5490,15,,,1,51,,5493,15,,,1,14,,5488,15,,,1,14,,5487,15,,,1,16,,5497,15,,,1,56,,5496,15,,,1,10,,5495,15,,,1,17,,5492,15,,,1,11,,5489,15,,,1,56,,5491,15,,,1,22,,5498,18,,,1,27,,5499,18,,,1,71,,5501,18,,,1,30,,5500,18,,,1,70,,5502,18,,,1,33,,5505,18,,,1,71,,5503,5,,,1,30,,5506,5,,,1,68,,5504,5,,,1,30,,5507,5,,,1,79,,5508,5,,,1
1200000301,'72',749,,5511,18,,,1,70,,5510,18,,,1,31,,5514,18,,,1,70,,5515,18,,,1,31,,5516,18,,,1,71,,5509,18,,,1,31,,5513,18,,,1,70,,5512,18,,,1,30,,5517,18,,,1,70,,5518,18,,,1,31,,5520,18,,,1,70,,5519,18,,,1,31,,5522,18,,,1,70,,5523,18,,,1,31,,5524,18,,,1,70,,5525,18,,,1,29,,5526,18,,,1,71,,5521,18,,,1,32,,5528,18,,,1,69,,5527,18,,,1,28,,5530,18,,,1,69,,5529,18,,,1,29,,5531,18,,,1,64,,5535,18,,,1,38,,5532,5,,,1,100,,5533,5,,,1,96,,5534,5,,,1,99,,5536,5,,,1,78,,5537,5,,,1,102,,5538,5,,,1
1200000301,'73',819,,5539,18,,,1,31,,5541,18,,,1,70,,5542,18,,,1,31,,5543,18,,,1,71,,5544,18,,,1,31,,5540,18,,,1,70,,5545,18,,,1,30,,5547,18,,,1,70,,5546,18,,,1,31,,5549,18,,,1,70,,5548,18,,,1,31,,5551,18,,,1,70,,5552,18,,,1,31,,5553,18,,,1,70,,5554,18,,,1,29,,5555,18,,,1,71,,5550,18,,,1,32,,5557,18,,,1,69,,5556,18,,,1,28,,5559,18,,,1,69,,5558,18,,,1,29,,5560,18,,,1,64,,5563,18,,,1,38,,5561,5,,,1,161,,5562,5,,,1
