2301,'1',633,,5973,27,,,2,70,,5974,27,,,2,110,,5976,27,,,2,41,,5953,27,,,2,72,,5977,27,,,2,23,,5954,27,,,2,81,,5955,27,,,2,70,,5957,27,,,2,30,,5956,27,,,2,76,,5958,40,,,2,31,,5959,40,,,2,70,,5961,40,,,2,30,,5960,40,,,2,70,,5962,40,,,2,31,,5963,40,,,2,71,,5966,40,,,2,91,,5964,40,,,2,28,,5967,40,,,2,76,,5965,40,,,2,101,,5968,40,,,2,26,,5975,40,,,2,77,,5969,40,,,2,102,,5970,40,,,2,90,,5971,40,,,2,114,,5972,40,,,2
2301,'2',710,,5980,27,,,2,100,,5981,27,,,2,101,,5982,27,,,2,102,,5983,27,,,2,102,,5984,27,,,2,108,,5985,40,,,2,101,,5986,40,,,2,101,,5987,40,,,2,100,,5988,40,,,2,100,,5989,40,,,2,101,,5990,40,,,2,97,,5991,40,,,2
2301,'3',810,,5992,27,,,2,101,,5993,27,,,2,102,,5994,27,,,2,102,,5995,27,,,2,108,,5996,40,,,2,101,,5997,40,,,2,101,,5998,40,,,2,100,,5999,40,,,2,100,,6000,40,,,2,101,,6001,40,,,2,97,,6002,40,,,2
2301,'71',633,,4569,27,,,2,70,,4577,27,,,2,110,,4578,27,,,2,38,,4555,27,,,2,72,,4559,27,,,2,29,,4556,27,,,2,75,,4560,27,,,2,31,,4557,27,,,2,70,,4561,27,,,2,76,,4558,40,,,2,30,,4562,40,,,2,71,,4564,40,,,2,30,,4563,40,,,2,70,,4565,40,,,2,30,,4566,40,,,2,74,,4576,40,,,2,42,,4567,40,,,2,108,,4568,44,,,2,143,,4570,40,,,2,31,,4575,40,,,2,75,,4571,40,,,2,100,,4572,40,,,2,92,,4573,40,,,2,114,,4574,40,,,2
2301,'72',725,,4579,27,,,2,100,,4580,27,,,2,101,,4581,27,,,2,102,,4582,27,,,2,100,,4583,27,,,2,106,,4584,40,,,2,102,,4585,40,,,2,101,,4586,40,,,2,101,,4587,40,,,2,100,,4588,40,,,2,102,,4589,40,,,2,96,,4590,40,,,2
2301,'73',825,,4591,27,,,2,101,,4592,27,,,2,102,,4593,27,,,2,100,,4594,27,,,2,106,,4595,40,,,2,102,,4596,40,,,2,101,,4597,40,,,2,101,,4598,40,,,2,100,,4599,40,,,2,102,,4600,40,,,2,96,,4601,40,,,2
23100,'15',701,,6293,4,,,2
23100,'84',701,,4931,4,,,2
23101,'85',1538,,4932,51,,,2
23500,'12',749,,6295,15,,,2
23500,'82',749,,4935,15,,,2
23501,'83',1705,,4936,37,,,2
5002301,'1',1713,,6382,50,,,2,24,,6381,50,,,2
5002301,'71',1627,,5032,50,,,2,86,,5031,50,,,2,24,,5030,50,,,2
