3501,'1',544,,6049,11,,,2,94,,6050,13,,,2,82,,6051,13,,,2,98,,6052,13,,,2,84,,6053,13,,,2,39,,6054,13,,,2,85,,6055,13,,,2,85,,6056,13,,,2,46,,6057,13,,,2,85,,6058,13,,,2,85,,6059,13,,,2,85,,6060,13,,,2,45,,6061,13,,,2,98,,6062,13,,,2,84,,6064,13,,,2,82,,6065,13,,,2,82,,6066,13,,,2,44,,6067,13,,,2,74,,6063,13,,,2,79,,6068,13,,,2,26,,6069,13,,,2,31,,6070,13,,,2,67,,6071,13,,,2,78,,6072,13,,,2,30,,6073,13,,,2,68,,6074,13,,,2,25,,6075,13,,,2
3501,'2',705,,6076,13,,,2,30,,6077,13,,,2,70,,6078,13,,,2,30,,6079,13,,,2,69,,6080,13,,,2,33,,6081,13,,,2,86,,6082,13,,,2,85,,6083,13,,,2,47,,6084,13,,,2,87,,6085,13,,,2,89,,6086,13,,,2,85,,6088,13,,,2,86,,6089,13,,,2,45,,6090,13,,,2,85,,6091,13,,,2,84,,6092,13,,,2,43,,6087,13,,,2,82,,6093,13,,,2,78,,6094,13,,,2,85,,6095,13,,,2,30,,6096,13,,,2,68,,6097,13,,,2,28,,6098,13,,,2,70,,6099,13,,,2,30,,6100,13,,,2,28,,6101,13,,,2,65,,6102,13,,,2
3501,'3',835,,6103,13,,,2,69,,6104,13,,,2,33,,6105,13,,,2,86,,6106,13,,,2,85,,6107,13,,,2,47,,6108,13,,,2,87,,6109,13,,,2,89,,6110,13,,,2,85,,6111,13,,,2,86,,6112,13,,,2,45,,6114,13,,,2,85,,6115,13,,,2,84,,6116,13,,,2,43,,6117,13,,,2,82,,6118,13,,,2,78,,6119,13,,,2,85,,6113,13,,,2
3501,'71',547,,4652,11,,,2,96,,4653,13,,,2,70,,4654,13,,,2,110,,4658,13,,,2,80,,4655,13,,,2,40,,4656,13,,,2,97,,4659,13,,,2,102,,4660,13,,,2,98,,4657,13,,,2,101,,4662,13,,,2,102,,4661,13,,,2,113,,4663,13,,,2,73,,4664,13,,,2,76,,4665,13,,,2,34,,4666,13,,,2,104,,4667,13,,,2,90,,4670,13,,,2,92,,4671,13,,,2,98,,4672,13,,,2,108,,4668,13,,,2,93,,4669,13,,,2
3501,'72',658,,4673,13,,,2,100,,4674,13,,,2,101,,4675,13,,,2,100,,4676,13,,,2,100,,4677,13,,,2,141,,4678,13,,,2,106,,4679,13,,,2,102,,4680,13,,,2,101,,4681,13,,,2,100,,4682,13,,,2,92,,4683,13,,,2,57,,4684,13,,,2,96,,4685,13,,,2,150,,4686,13,,,2,98,,4687,13,,,2,98,,4688,13,,,2,58,,4689,13,,,2
3501,'73',859,,4690,13,,,2,100,,4691,13,,,2,100,,4692,13,,,2,141,,4693,13,,,2,106,,4694,13,,,2,102,,4695,13,,,2,101,,4696,13,,,2,100,,4697,13,,,2,92,,4698,13,,,2,57,,4699,13,,,2,96,,4700,13,,,2,103,,4701,13,,,2
35100,'15',709,,6307,10,,,2
35100,'84',711,,4953,10,,,2
35101,'85',1537,,4954,34,,,2
35500,'12',800,,6308,10,,,2
35500,'82',804,,4955,10,,,2
35501,'83',1650,,4956,44,,,2
