24101,'85',1531,,4938,22,,,2
24501,'83',1658,,4942,16,,,2
905231701,'27',2309,,6491,67,4,,2,29,,6494,67,4,,2,70,,6489,67,4,,2,30,,6492,67,4,,2,70,,6490,67,4,,2,30,,6493,67,4,,2,70,,6495,67,4,,2
905231701,'28',2309,,6498,67,4,,2,29,,6501,67,4,,2,70,,6496,67,4,,2,30,,6499,67,4,,2,70,,6497,67,4,,2,30,,6500,67,4,,2,70,,6502,67,4,,2
905231701,'29',2309,,6505,67,4,,2,29,,6508,67,4,,2,70,,6503,67,4,,2,30,,6506,67,4,,2,70,,6504,67,4,,2,30,,6507,67,4,,2,70,,6509,67,4,,2
1200000101,'1',1616,,7148,71,,,1,32,,7149,71,,,1,71,,7150,71,,,1,30,,7151,71,,,1
1200000101,'71',1612,,5070,71,,,1,32,,5071,71,,,1,71,,5069,71,,,1,30,,5072,71,,,1
1200000301,'1',618,,7508,20,,,1,28,,7513,20,,,1,77,,7506,33,,,1,20,,7510,33,,,1,75,,7516,33,,,1,29,,7511,33,,,1,65,,7519,33,,,1,25,,7507,33,,,1,69,,7517,33,,,1,27,,7515,33,,,1,73,,7520,33,,,1,33,,7521,33,,,1,70,,7523,33,,,1,34,,7525,33,,,1,72,,7527,33,,,1,28,,7522,33,,,1,70,,7524,33,,,1,28,,7526,33,,,1,71,,7528,33,,,1,36,,7529,33,,,1,60,,7532,30,,,1,23,,7530,30,,,1,18,,7535,30,,,1,59,,7534,30,,,1,11,,7539,30,,,1,13,,7537,30,,,1,14,,7538,30,,,1,56,,7541,30,,,1,14,,7533,30,,,1,12,,7536,30,,,1,15,,7531,30,,,1,68,,7540,30,,,1,24,,7544,33,,,1,24,,7542,33,,,1,71,,7543,33,,,1,70,,7545,33,,,1,29,,7546,33,,,1,73,,7549,33,,,1,31,,7547,20,,,1,70,,7550,20,,,1,28,,7548,20,,,1,70,,7551,20,,,1,39,,7552,20,,,1
1200000301,'2',758,,7553,33,,,1,70,,7556,33,,,1,31,,7559,33,,,1,72,,7562,33,,,1,71,,7554,33,,,1,32,,7557,33,,,1,71,,7560,33,,,1,31,,7563,33,,,1,71,,7555,33,,,1,31,,7558,33,,,1,71,,7561,33,,,1,31,,7564,33,,,1,71,,7565,33,,,1,30,,7568,33,,,1,70,,7574,33,,,1,30,,7571,33,,,1,70,,7566,33,,,1,31,,7569,33,,,1,71,,7575,33,,,1,27,,7572,33,,,1,68,,7567,33,,,1,28,,7570,33,,,1,67,,7576,33,,,1,27,,7573,33,,,1,75,,7577,20,,,1,100,,7578,20,,,1,96,,7579,20,,,1,58,,7580,20,,,1,78,,7581,20,,,1,102,,7582,20,,,1
1200000301,'27',2232,,7584,23,,,1,70,,7587,23,,,1,30,,7589,23,,,1,83,,7585,23,,,1,28,,7588,23,,,1,70,,7583,23,,,1,30,,7586,23,,,1
1200000301,'28',2232,,7591,23,,,1,70,,7594,23,,,1,30,,7596,23,,,1,83,,7592,23,,,1,28,,7595,23,,,1,70,,7590,23,,,1,30,,7593,23,,,1
1200000301,'29',2232,,7598,23,,,1,70,,7601,23,,,1,30,,7603,23,,,1,83,,7599,23,,,1,28,,7602,23,,,1,70,,7597,23,,,1,30,,7600,23,,,1
1200000301,'3',828,,7604,33,,,1,31,,7606,33,,,1,72,,7612,33,,,1,71,,7609,33,,,1,32,,7605,33,,,1,71,,7607,33,,,1,31,,7613,33,,,1,71,,7610,33,,,1,31,,7614,33,,,1,71,,7608,33,,,1,31,,7616,33,,,1,71,,7611,33,,,1,30,,7615,33,,,1,70,,7618,33,,,1,30,,7617,33,,,1,70,,7621,33,,,1,31,,7623,33,,,1,71,,7619,33,,,1,27,,7627,33,,,1,68,,7622,33,,,1,28,,7624,33,,,1,67,,7620,33,,,1,27,,7628,33,,,1,75,,7625,20,,,1,121,,7626,20,,,1
1200000301,'71',618,,5456,20,,,1,28,,5460,20,,,1,78,,5454,33,,,1,20,,5458,33,,,1,77,,5466,33,,,1,27,,5463,33,,,1,66,,5469,33,,,1,26,,5455,33,,,1,69,,5465,33,,,1,27,,5467,33,,,1,76,,5470,33,,,1,20,,5471,33,,,1,20,,5473,33,,,1,60,,5475,33,,,1,24,,5476,33,,,1,20,,5478,33,,,1,61,,5480,33,,,1,19,,5472,33,,,1,20,,5474,33,,,1,60,,5481,33,,,1,18,,5477,33,,,1,20,,5479,33,,,1,60,,5483,33,,,1,25,,5484,33,,,1,13,,5485,30,,,1,56,,5486,30,,,1,23,,5482,30,,,1,18,,5494,30,,,1,59,,5490,30,,,1,11,,5493,30,,,1,13,,5488,30,,,1,14,,5487,30,,,1,56,,5497,30,,,1,16,,5496,30,,,1,10,,5495,30,,,1,17,,5492,30,,,1,11,,5489,30,,,1,55,,5491,30,,,1,22,,5498,33,,,1,67,,5499,33,,,1,31,,5501,33,,,1,70,,5500,33,,,1,29,,5502,33,,,1,73,,5505,33,,,1,30,,5503,20,,,1,70,,5506,20,,,1,28,,5504,20,,,1,70,,5507,20,,,1,39,,5508,20,,,1
1200000301,'72',759,,5511,33,,,1,70,,5510,33,,,1,71,,5514,33,,,1,30,,5515,33,,,1,71,,5516,33,,,1,31,,5509,33,,,1,72,,5513,33,,,1,30,,5512,33,,,1,70,,5517,33,,,1,30,,5518,33,,,1,71,,5520,33,,,1,30,,5519,33,,,1,71,,5522,33,,,1,30,,5523,33,,,1,71,,5524,33,,,1,30,,5525,33,,,1,69,,5526,33,,,1,31,,5521,33,,,1,72,,5528,33,,,1,29,,5527,33,,,1,68,,5530,33,,,1,28,,5529,33,,,1,69,,5531,33,,,1,24,,5535,33,,,1,78,,5532,20,,,1,100,,5533,20,,,1,96,,5534,20,,,1,99,,5536,20,,,1,38,,5537,20,,,1,102,,5538,20,,,1
1200000301,'73',829,,5539,33,,,1,71,,5541,33,,,1,30,,5542,33,,,1,71,,5543,33,,,1,31,,5544,33,,,1,72,,5540,33,,,1,30,,5545,33,,,1,70,,5547,33,,,1,30,,5546,33,,,1,71,,5549,33,,,1,30,,5548,33,,,1,71,,5551,33,,,1,30,,5552,33,,,1,71,,5553,33,,,1,30,,5554,33,,,1,69,,5555,33,,,1,31,,5550,33,,,1,72,,5557,33,,,1,29,,5556,33,,,1,68,,5559,33,,,1,28,,5558,33,,,1,69,,5560,33,,,1,24,,5563,33,,,1,78,,5561,20,,,1,121,,5562,20,,,1
