1501,'1',1525,,5837,6,,,2,77,,5840,6,,,2,21,,5842,6,,,2,81,,5838,6,0,41,2,30,,5841,6,,,2
1501,'71',638,,4438,6,0,41,2,63,,4436,6,0,41,2,33,,4439,6,0,41,2,791,,4443,6,0,41,2,82,,4446,6,0,41,2,16,,4448,6,0,41,2,35,,4450,6,0,41,2,77,,4449,6,0,41,2
1601,'1',638,,5859,6,,,2,63,,5861,6,,,2,31,,5860,6,,,2,174,,5858,6,0,41,2
11100,'15',728,,6226,42,,,2
11100,'86',728,,4850,42,,,2
1001101,'1',609,,6322,53,,,1,29,,6326,87,,,1,73,,6323,87,,,1,32,,6327,87,,,1,73,,6324,87,,,1,22,,6320,87,,,1,81,,6325,87,,,1,82,,6328,87,,,1,30,,6329,87,,,1,75,,6333,87,,,1,30,,6330,87,,,1,75,,6334,87,,,1,30,,6331,87,,,1,73,,6335,87,,,1,30,,6332,87,,,1,78,,6336,87,,,1,30,,6338,87,,,1,88,,6337,87,,,1,72,,6339,87,,,1,89,,6341,87,,,1,22,,6340,87,,,1,21,,6344,87,,,1,67,,6342,87,,,1,33,,6345,87,,,1,69,,6343,87,,,1,31,,6346,87,,,1,100,,6347,87,,,1,99,,6348,87,,,1,100,,6349,87,,,1
1001101,'2',741,,6351,53,,,1,99,,6352,87,,,1,103,,6353,87,,,1,101,,6354,87,,,1,99,,6355,87,,,1,100,,6359,87,,,1,100,,6360,87,,,1,101,,6358,87,,,1,100,,6356,87,,,1,99,,6357,87,,,1,102,,6361,87,,,1,97,,6362,87,,,1,100,,6363,87,,,1,99,,6364,87,,,1,100,,6365,87,,,1,100,,6366,87,,,1
1001101,'3',943,,6368,53,,,1,101,,6369,87,,,1,99,,6372,87,,,1,100,,6373,87,,,1,100,,6370,87,,,1,101,,6371,87,,,1,100,,6374,87,,,1,99,,6375,87,,,1,102,,6376,87,,,1,97,,6377,87,,,1
1001101,'71',609,,4969,53,,,1,29,,4973,87,,,1,73,,4970,87,,,1,32,,4974,87,,,1,73,,4971,87,,,1,22,,4976,87,,,1,81,,4972,87,,,1,82,,4978,87,,,1,30,,4975,87,,,1,75,,4979,87,,,1,30,,4982,87,,,1,75,,4980,87,,,1,30,,4983,87,,,1,73,,4981,87,,,1,30,,4984,87,,,1,78,,4986,87,,,1,30,,4985,87,,,1,88,,4987,87,,,1,72,,4989,87,,,1,89,,4988,87,,,1,22,,4990,87,,,1,21,,4993,87,,,1,67,,4991,87,,,1,33,,4994,87,,,1,69,,4992,87,,,1,31,,4995,87,,,1,100,,4996,87,,,1,99,,4997,87,,,1,100,,4998,87,,,1
1001101,'72',741,,5003,53,,,1,99,,5000,87,,,1,103,,5001,87,,,1,101,,5002,87,,,1,99,,5004,87,,,1,100,,5005,87,,,1,100,,5006,87,,,1,101,,5007,87,,,1,100,,5008,87,,,1,99,,5009,87,,,1,102,,5010,87,,,1,97,,5011,87,,,1,100,,5012,87,,,1,99,,5013,87,,,1,100,,5014,87,,,1,100,,5015,87,,,1
1001101,'73',943,,5017,53,,,1,101,,5018,87,,,1,99,,5019,87,,,1,100,,5020,87,,,1,100,,5021,87,,,1,101,,5022,87,,,1,100,,5023,87,,,1,99,,5024,87,,,1,102,,5025,87,,,1,97,,5026,87,,,1
