3401,'1',641,,6039,31,,,2,67,,6040,31,,,2,97,,6041,32,,,2,748,,6042,31,,,2,90,,6043,31,,,2,97,,6044,31,,,2,66,,6045,31,,,2,46,,6046,31,,,2,68,,6047,31,,,2
3401,'14',1657,,6048,35,,,2
3401,'71',641,,4642,31,,,2,67,,4644,31,,,2,97,,4643,32,,,2,796,,4646,31,,,2,53,,4645,35,,,2,70,,4649,31,,,2,79,,4650,31,,,2,47,,4651,31,,,2,66,,4648,31,,,2
13100,'15',750,,6233,71,,,2
13100,'84',750,,4864,71,,,2
34501,'83',1630,,4950,27,,,2
5003401,'1',1705,,6389,43,,,2
5003401,'71',1705,,5040,43,,,2
2000003401,'2',754,,7771,31,,,2,85,,7772,31,,,2,85,,7773,31,,,2,85,,7774,31,,,2,49,,7775,31,,,2,85,,7776,31,,,2,88,,7777,31,,,2,81,,7778,31,,,2,134,,7779,31,,,2,86,,7780,31,,,2,84,,7781,31,,,2,88,,7782,31,,,2,44,,7783,31,,,2,81,,7784,31,,,2,82,,7785,31,,,2
2000003401,'3',839,,7786,31,,,2,85,,7787,31,,,2,85,,7788,31,,,2,49,,7789,31,,,2,85,,7790,31,,,2,88,,7791,31,,,2,81,,7792,31,,,2,134,,7793,31,,,2,86,,7794,31,,,2,84,,7795,31,,,2,88,,7796,31,,,2,44,,7797,31,,,2,81,,7798,31,,,2,82,,7799,31,,,2
2000003401,'72',754,,5711,31,,,2,85,,5712,31,,,2,84,,5713,31,,,2,85,,5714,31,,,2,47,,5715,31,,,2,85,,5716,31,,,2,85,,5717,31,,,2,85,,5718,31,,,2,130,,5719,31,,,2,92,,5720,31,,,2,79,,5721,31,,,2,93,,5722,31,,,2,37,,5723,31,,,2,88,,5724,31,,,2,77,,5725,31,,,2
2000003401,'73',839,,5726,31,,,2,84,,5727,31,,,2,85,,5728,31,,,2,47,,5729,31,,,2,85,,5730,31,,,2,85,,5731,31,,,2,85,,5732,31,,,2,130,,5733,31,,,2,92,,5734,31,,,2,79,,5735,31,,,2,93,,5736,31,,,2,37,,5737,31,,,2,88,,5738,31,,,2,77,,5739,31,,,2
