1501,'1',1209,4,5834,1,0,41,2,103,4,5835,1,0,41,2,95,,5836,1,0,41,2,36,,5839,1,0,41,2,92,,5837,18,,,2,80,,5840,18,,,2,21,,5842,18,,,2,77,,5838,18,0,41,2,29,,5841,18,,,2,78,6,5844,1,0,41,2,33,,5845,1,0,41,2,102,13,5846,1,0,41,2,153,50,5843,1,0,41,2,41,,5847,1,0,41,2
1501,'71',646,,4438,18,0,41,2,64,,4436,18,0,41,2,33,,4439,18,0,41,2,165,51,4437,1,0,41,2,115,,4440,1,0,41,2,116,17,4441,1,0,41,2,70,,4442,1,0,41,2,117,,4444,1,0,41,2,115,16,4445,1,0,41,2,94,,4443,18,0,41,2,85,,4446,18,0,41,2,16,,4448,18,0,41,2,71,,4450,18,0,41,2,36,,4449,18,0,41,2,77,16,4447,1,0,41,2,36,,4451,1,0,41,2,145,48,4452,1,0,41,2,106,51,4453,1,0,41,2,42,4,4454,1,0,41,2
1501,'88',1638,,4455,3,0,41,2
1601,'1',646,,5859,18,,,2,64,,5861,18,,,2,31,,5860,18,,,2,174,,5858,18,0,41,2,95,,5862,1,0,41,2,99,4,5863,1,0,41,2
13901,'88',1630,,4873,5,,,2
5004200,'11',644,,6399,1,,,2
5004200,'81',647,,5054,1,,,2
905231701,'27',2238,,6491,23,4,,2,70,,6494,23,4,,2,30,,6489,23,4,,2,70,,6492,23,4,,2,30,,6490,23,4,,2,70,,6493,23,4,,2,30,,6495,23,4,,2
905231701,'28',2238,,6498,23,4,,2,70,,6501,23,4,,2,30,,6496,23,4,,2,70,,6499,23,4,,2,30,,6497,23,4,,2,70,,6500,23,4,,2,30,,6502,23,4,,2
905231701,'29',2238,,6505,23,4,,2,70,,6508,23,4,,2,30,,6503,23,4,,2,70,,6506,23,4,,2,30,,6504,23,4,,2,70,,6507,23,4,,2,30,,6509,23,4,,2
1200000200,'1',535,,7154,1,,,1,15,,7153,23,,,1,55,,7158,23,,,1,15,,7159,23,,,1,16,,7160,23,,,1,15,,7162,23,,,1,55,,7163,23,,,1,17,,7152,23,,,1,15,,7165,23,,,1,16,,7157,23,,,1,54,,7155,23,,,1,14,,7161,23,,,1,15,,7166,23,,,1,19,,7164,23,,,1,59,,7167,23,,,1,29,,7169,23,,,1,69,,7171,23,,,1,30,,7156,23,,,1,70,,7172,23,,,1,30,,7168,23,,,1,70,,7170,23,,,1,31,,7174,23,,,1,70,,7175,23,,,1,29,,7173,23,,,1,70,,7177,23,,,1,18,,7179,23,,,1,70,,7180,23,,,1,15,,7181,23,,,1,12,,7178,23,,,1,14,,7182,23,,,1,15,,7183,23,,,1,55,,7185,23,,,1,15,,7176,23,,,1,14,,7188,23,,,1,15,,7189,23,,,1,57,,7192,23,,,1,15,,7193,23,,,1,15,,7187,23,,,1,70,,7186,23,,,1,30,,7184,23,,,1,70,,7190,23,,,1,30,,7196,23,,,1,70,,7197,23,,,1,30,,7199,23,,,1,69,,7200,23,,,1,32,,7194,23,,,1,70,,7191,23,,,1,32,,7198,23,,,1,67,,7201,23,,,1,30,,7195,23,0,14,1
1200000200,'2',713,,7205,23,,,1,30,,7204,23,,,1,70,,7208,23,,,1,30,,7202,23,,,1,70,,7207,23,,,1,30,,7206,23,,,1,70,,7210,23,,,1,30,,7209,23,,,1,70,,7203,23,,,1,30,,7212,23,,,1,70,,7214,23,,,1,30,,7211,23,,,1,70,,7216,23,,,1,30,,7217,23,,,1,70,,7213,23,,,1,30,,7215,23,,,1,70,,7219,23,,,1,30,,7221,23,,,1,70,,7218,23,,,1,30,,7223,23,,,1,70,,7224,23,,,1,31,,7220,23,,,1,69,,7222,23,,,1,29,,7228,23,,,1,70,,7227,23,,,1,31,,7225,23,,,1,69,,7229,23,,,1,29,,7231,23,,,1,70,,7230,23,,,1,30,,7233,23,,,1,70,,7226,23,,,1,30,,7232,23,,,1,70,,7234,23,,,1
1200000200,'3',713,,7235,23,,,1,30,,7236,23,,,1,70,,7237,23,,,1,30,,7238,23,,,1,70,,7239,23,,,1,30,,7243,23,,,1,70,,7241,23,,,1,30,,7245,23,,,1,70,,7242,23,,,1,30,,7240,23,,,1,70,,7244,23,,,1,30,,7247,23,,,1,70,,7246,23,,,1,30,,7248,23,,,1,70,,7250,23,,,1,30,,7252,23,,,1,70,,7255,23,,,1,30,,7257,23,,,1,70,,7249,23,,,1,30,,7251,23,,,1,70,,7253,23,,,1,31,,7256,23,,,1,69,,7258,23,,,1,29,,7260,23,,,1,70,,7259,23,,,1,31,,7254,23,,,1,69,,7261,23,,,1
1200000200,'71',535,,5075,1,,,1,15,,5074,23,,,1,55,,5078,23,,,1,8,,5082,1,,,1,7,,5080,23,,,1,16,,5081,23,,,1,15,,5077,23,,,1,55,,5085,23,,,1,17,,5073,23,,,1,15,,5087,23,,,1,16,,5076,23,,,1,54,,5089,23,,,1,14,,5083,23,,,1,15,,5090,23,,,1,19,,5079,23,,,1,54,,5091,23,,,1,17,,5084,23,,,1,17,,5086,23,,,1,14,,5092,23,,,1,55,,5088,23,,,1,15,,5094,23,,,1,15,,5095,23,,,1,15,,5096,23,,,1,55,,5098,23,,,1,15,,5099,23,,,1,15,,5101,23,,,1,15,,5102,23,,,1,55,,5103,23,,,1,16,,5093,23,,,1,15,,5105,23,,,1,15,,5106,23,,,1,55,,5107,23,,,1,14,,5097,23,,,1,15,,5104,23,,,1,15,,5100,23,,,1,61,,5108,23,,,1,12,,5109,23,,,1,15,,5110,23,,,1,55,,5111,23,,,1,15,,5112,23,,,1,12,,5113,23,,,1,14,,5115,23,,,1,15,,5117,23,,,1,54,,5119,23,,,1,8,,5121,10,,,1,8,,5120,23,,,1,14,,5122,23,,,1,15,,5125,23,,,1,57,,5126,23,,,1,15,,5123,23,,,1,15,,5124,23,,,1,15,,5116,23,,,1,55,,5114,23,,,1,15,,5128,23,,,1,15,,5118,23,,,1,70,,5129,23,,,1,30,,5127,23,,,1,70,,5133,23,,,1,30,,5135,23,,,1,69,,5136,23,,,1,32,,5130,23,,,1,70,,5132,23,,,1,32,,5134,23,,,1,67,,5137,23,,,1,30,,5131,23,0,14,1
1200000200,'72',713,,5139,23,,,1,30,,5142,23,,,1,70,,5143,23,,,1,30,,5144,23,,,1,70,,5138,23,,,1,30,,5141,23,,,1,70,,5140,23,,,1,30,,5145,23,,,1,70,,5146,23,,,1,31,,5148,23,,,1,69,,5147,23,,,1,30,,5150,23,,,1,70,,5151,23,,,1,30,,5152,23,,,1,70,,5153,23,,,1,30,,5154,23,,,1,70,,5149,23,,,1,30,,5156,23,,,1,70,,5155,23,,,1,30,,5159,23,,,1,70,,5158,23,,,1,31,,5161,23,,,1,69,,5162,23,,,1,29,,5163,23,,,1,70,,5165,23,,,1,31,,5157,23,,,1,69,,5167,23,,,1,29,,5168,23,,,1,70,,5164,23,,,1,30,,5166,23,,,1,70,,5160,23,,,1,30,,5169,23,,,1,70,,5170,23,,,1
1200000200,'73',713,,5171,23,,,1,30,,5173,23,,,1,70,,5174,23,,,1,30,,5175,23,,,1,70,,5176,23,,,1,30,,5172,23,,,1,70,,5177,23,,,1,30,,5179,23,,,1,70,,5178,23,,,1,31,,5181,23,,,1,69,,5180,23,,,1,30,,5183,23,,,1,70,,5184,23,,,1,30,,5185,23,,,1,70,,5186,23,,,1,30,,5188,23,,,1,70,,5182,23,,,1,30,,5191,23,,,1,70,,5189,23,,,1,30,,5193,23,,,1,70,,5192,23,,,1,31,,5195,23,,,1,69,,5196,23,,,1,29,,5197,23,,,1,70,,5187,23,,,1,31,,5194,23,,,1,69,,5190,23,,,1
1200000200,'89',627,,5198,1,,,1,21,,5200,1,,,1
1200000400,'1',643,,7629,25,,,1,15,,7630,25,,,1
1200000400,'71',643,,5565,25,,,1,15,,5566,25,,,1,56,,5567,25,,,1,16,,5564,25,,,1
2000001501,'2',758,,7688,1,,,2,101,,7689,1,,,2,100,,7690,1,,,2,142,48,7691,1,,,2,101,,7692,1,,,2,101,,7693,1,,,2,201,,7694,1,,,2,101,,7695,1,,,2,103,8,7696,1,,,2,97,,7697,1,,,2,53,,7698,1,,,2
2000001501,'3',859,,7699,1,,,2,100,,7700,1,,,2,142,48,7701,1,,,2,101,,7702,1,,,2,101,,7703,1,,,2,201,,7704,1,,,2,101,,7705,1,,,2,103,8,7706,1,,,2,97,,7707,1,,,2,53,,7708,1,,,2
2000001501,'72',751,,5628,1,,,2,102,,5629,1,,,2,103,,5630,1,,,2,148,48,5631,1,,,2,54,,5632,1,,,2,148,48,5633,1,,,2,142,,5634,1,,,2,99,,5635,1,,,2,103,8,5636,1,,,2,99,,5637,1,,,2,98,,5638,1,,,2
2000001501,'73',853,,5639,1,,,2,103,,5640,1,,,2,148,48,5641,1,,,2,54,,5642,1,,,2,148,48,5643,1,,,2,142,,5644,1,,,2,99,,5645,1,,,2,103,8,5646,1,,,2,99,,5647,1,,,2,98,,5648,1,,,2
