2301,'1',624,,5973,8,,,2,30,,5974,8,,,2,150,,5976,8,,,2,41,,5953,8,,,2,72,,5977,8,,,2,23,,5954,8,,,2,81,,5955,8,,,2,30,,5957,8,,,2,70,,5956,8,,,2,30,,5958,8,,,2,71,,5959,8,,,2,30,,5961,8,,,2,70,,5960,8,,,2,30,,5962,8,,,2,71,,5963,8,,,2,31,,5966,8,,,2,91,,5964,8,,,2,67,,5967,8,,,2,35,,5965,8,,,2,102,,5968,8,,,2,67,,5975,8,,,2,37,,5969,8,,,2,102,,5970,8,,,2,90,,5971,8,,,2,114,,5972,8,,,2
2301,'14',1646,,5979,12,,,2
2301,'2',700,,5980,8,,,2,100,,5981,8,,,2,101,,5982,8,,,2,102,,5983,8,,,2,102,,5984,8,,,2,102,,5985,8,,,2,101,,5986,8,,,2,101,,5987,8,,,2,100,,5988,8,,,2,100,,5989,8,,,2,101,,5990,8,,,2,97,,5991,8,,,2
2301,'3',800,,5992,8,,,2,101,,5993,8,,,2,102,,5994,8,,,2,102,,5995,8,,,2,102,,5996,8,,,2,101,,5997,8,,,2,101,,5998,8,,,2,100,,5999,8,,,2,100,,6000,8,,,2,101,,6001,8,,,2,97,,6002,8,,,2
2301,'71',624,,4569,8,,,2,30,,4577,8,,,2,150,,4578,8,,,2,38,,4555,8,,,2,72,,4559,8,,,2,29,,4556,8,,,2,75,,4560,8,,,2,31,,4557,8,,,2,70,,4561,8,,,2,30,,4558,8,,,2,70,,4562,8,,,2,31,,4564,8,,,2,70,,4563,8,,,2,30,,4565,8,,,2,70,,4566,8,,,2,34,,4576,8,,,2,82,,4567,8,,,2,106,,4568,12,,,2,104,,4570,8,,,2,72,,4575,8,,,2,35,,4571,8,,,2,100,,4572,8,,,2,92,,4573,8,,,2,114,,4574,8,,,2
2301,'72',715,,4579,8,,,2,100,,4580,8,,,2,101,,4581,8,,,2,102,,4582,8,,,2,100,,4583,8,,,2,100,,4584,8,,,2,102,,4585,8,,,2,101,,4586,8,,,2,101,,4587,8,,,2,100,,4588,8,,,2,102,,4589,8,,,2,96,,4590,8,,,2
2301,'73',815,,4591,8,,,2,101,,4592,8,,,2,102,,4593,8,,,2,100,,4594,8,,,2,100,,4595,8,,,2,102,,4596,8,,,2,101,,4597,8,,,2,101,,4598,8,,,2,100,,4599,8,,,2,102,,4600,8,,,2,96,,4601,8,,,2
2301,'88',1642,,4602,12,,,2
22101,'85',1527,,4924,21,,,2
22201,'85',1526,,4926,20,,,2
22500,'12',800,,6290,5,,,2
22500,'82',800,,4927,5,,,2
23101,'85',1525,,4932,21,,,2
5002301,'1',1655,,6382,18,,,2,65,,6381,18,,,2
5002301,'71',1609,,5032,18,,,2,46,,5031,18,,,2,65,,5030,18,,,2
5002401,'1',1656,,6385,18,,,2,65,,6386,18,,,2
5002401,'71',1610,,5037,18,,,2,46,,5035,18,,,2,65,,5036,18,,,2
5004301,'11',1649,,6402,13,,,2,95,,6403,13,,,2,89,,6404,13,,,2
5004301,'81',1649,,5057,13,,,2,95,,5059,13,,,2,89,,5058,13,,,2
905231701,'27',2302,,6491,55,4,,2,29,,6494,55,4,,2,70,,6489,55,4,,2,30,,6492,55,4,,2,70,,6490,55,4,,2,30,,6493,55,4,,2,70,,6495,55,4,,2
905231701,'28',2302,,6498,55,4,,2,29,,6501,55,4,,2,70,,6496,55,4,,2,30,,6499,55,4,,2,70,,6497,55,4,,2,30,,6500,55,4,,2,70,,6502,55,4,,2
905231701,'29',2302,,6505,55,4,,2,29,,6508,55,4,,2,70,,6503,55,4,,2,30,,6506,55,4,,2,70,,6504,55,4,,2,30,,6507,55,4,,2,70,,6509,55,4,,2
1200000101,'1',1605,,7148,59,,,1,32,,7149,59,,,1,71,,7150,59,,,1,31,,7151,59,,,1
1200000101,'71',1601,,5070,59,,,1,32,,5071,59,,,1,71,,5069,59,,,1,31,,5072,59,,,1
1200000301,'1',611,,7508,8,,,1,28,,7513,8,,,1,75,,7506,21,,,1,20,,7510,21,,,1,75,,7516,21,,,1,29,,7511,21,,,1,65,,7519,21,,,1,25,,7507,21,,,1,29,,7517,21,,,1,67,,7515,21,,,1,33,,7520,21,,,1,73,,7521,21,,,1,70,,7523,21,,,1,33,,7525,21,,,1,72,,7527,21,,,1,29,,7522,21,,,1,70,,7524,21,,,1,28,,7526,21,,,1,70,,7528,21,,,1,36,,7529,21,,,1,20,,7532,18,,,1,62,,7530,18,,,1,18,,7535,18,,,1,19,,7534,18,,,1,51,,7539,18,,,1,14,,7537,18,,,1,14,,7538,18,,,1,16,,7541,18,,,1,54,,7533,18,,,1,12,,7536,18,,,1,15,,7531,18,,,1,69,,7540,18,,,1,24,,7544,21,,,1,24,,7542,21,,,1,71,,7543,21,,,1,30,,7545,21,,,1,70,,7546,21,,,1,33,,7549,21,,,1,72,,7547,8,,,1,30,,7550,8,,,1,68,,7548,8,,,1,30,,7551,8,,,1,79,,7552,8,,,1
1200000301,'2',750,,7553,21,,,1,70,,7556,21,,,1,31,,7559,21,,,1,71,,7562,21,,,1,31,,7554,21,,,1,72,,7557,21,,,1,31,,7560,21,,,1,71,,7563,21,,,1,31,,7555,21,,,1,71,,7558,21,,,1,71,,7561,21,,,1,31,,7564,21,,,1,71,,7565,21,,,1,30,,7568,21,,,1,70,,7574,21,,,1,30,,7571,21,,,1,70,,7566,21,,,1,31,,7569,21,,,1,71,,7575,21,,,1,27,,7572,21,,,1,28,,7567,21,,,1,69,,7570,21,,,1,27,,7576,21,,,1,67,,7573,21,,,1,35,,7577,8,,,1,100,,7578,8,,,1,96,,7579,8,,,1,99,,7580,8,,,1,78,,7581,8,,,1,102,,7582,8,,,1
1200000301,'27',2225,,7584,11,,,1,30,,7587,11,,,1,70,,7589,11,,,1,83,,7585,11,,,1,28,,7588,11,,,1,70,,7583,11,,,1,30,,7586,11,,,1
1200000301,'28',2225,,7591,11,,,1,30,,7594,11,,,1,70,,7596,11,,,1,83,,7592,11,,,1,28,,7595,11,,,1,70,,7590,11,,,1,30,,7593,11,,,1
1200000301,'29',2225,,7598,11,,,1,30,,7601,11,,,1,70,,7603,11,,,1,83,,7599,11,,,1,28,,7602,11,,,1,70,,7597,11,,,1,30,,7600,11,,,1
1200000301,'3',820,,7604,21,,,1,31,,7606,21,,,1,71,,7612,21,,,1,31,,7609,21,,,1,72,,7605,21,,,1,31,,7607,21,,,1,71,,7613,21,,,1,31,,7610,21,,,1,71,,7614,21,,,1,71,,7608,21,,,1,31,,7616,21,,,1,71,,7611,21,,,1,30,,7615,21,,,1,70,,7618,21,,,1,30,,7617,21,,,1,70,,7621,21,,,1,31,,7623,21,,,1,71,,7619,21,,,1,27,,7627,21,,,1,28,,7622,21,,,1,69,,7624,21,,,1,27,,7620,21,,,1,67,,7628,21,,,1,35,,7625,8,,,1,161,,7626,8,,,1
1200000301,'71',611,,5456,8,,,1,28,,5460,8,,,1,76,,5454,21,,,1,20,,5458,21,,,1,77,,5466,21,,,1,27,,5463,21,,,1,66,,5469,21,,,1,26,,5455,21,,,1,69,,5465,21,,,1,27,,5467,21,,,1,76,,5470,21,,,1,20,,5471,21,,,1,20,,5473,21,,,1,60,,5475,21,,,1,23,,5476,21,,,1,20,,5478,21,,,1,62,,5480,21,,,1,19,,5472,21,,,1,20,,5474,21,,,1,60,,5481,21,,,1,18,,5477,21,,,1,20,,5479,21,,,1,59,,5483,21,,,1,25,,5484,21,,,1,13,,5485,18,,,1,16,,5486,18,,,1,62,,5482,18,,,1,18,,5494,18,,,1,19,,5490,18,,,1,51,,5493,18,,,1,14,,5488,18,,,1,14,,5487,18,,,1,16,,5497,18,,,1,56,,5496,18,,,1,10,,5495,18,,,1,17,,5492,18,,,1,11,,5489,18,,,1,56,,5491,18,,,1,22,,5498,21,,,1,27,,5499,21,,,1,71,,5501,21,,,1,30,,5500,21,,,1,70,,5502,21,,,1,33,,5505,21,,,1,71,,5503,8,,,1,30,,5506,8,,,1,68,,5504,8,,,1,30,,5507,8,,,1,79,,5508,8,,,1
1200000301,'72',751,,5511,21,,,1,70,,5510,21,,,1,31,,5514,21,,,1,70,,5515,21,,,1,31,,5516,21,,,1,71,,5509,21,,,1,31,,5513,21,,,1,70,,5512,21,,,1,30,,5517,21,,,1,70,,5518,21,,,1,31,,5520,21,,,1,70,,5519,21,,,1,31,,5522,21,,,1,70,,5523,21,,,1,31,,5524,21,,,1,70,,5525,21,,,1,29,,5526,21,,,1,71,,5521,21,,,1,72,,5528,21,,,1,29,,5527,21,,,1,28,,5530,21,,,1,69,,5529,21,,,1,29,,5531,21,,,1,64,,5535,21,,,1,38,,5532,8,,,1,100,,5533,8,,,1,96,,5534,8,,,1,99,,5536,8,,,1,78,,5537,8,,,1,102,,5538,8,,,1
1200000301,'73',821,,5539,21,,,1,31,,5541,21,,,1,70,,5542,21,,,1,31,,5543,21,,,1,71,,5544,21,,,1,31,,5540,21,,,1,70,,5545,21,,,1,30,,5547,21,,,1,70,,5546,21,,,1,31,,5549,21,,,1,70,,5548,21,,,1,31,,5551,21,,,1,70,,5552,21,,,1,31,,5553,21,,,1,70,,5554,21,,,1,29,,5555,21,,,1,71,,5550,21,,,1,72,,5557,21,,,1,29,,5556,21,,,1,28,,5559,21,,,1,69,,5558,21,,,1,29,,5560,21,,,1,64,,5563,21,,,1,38,,5561,8,,,1,161,,5562,8,,,1
