3400,'1',616,,6032,25,,,2,114,,6033,27,,,2,79,,6031,25,,,2,793,,6037,25,,,2,103,,6034,27,,,2,28,,6035,27,,,2,92,,6036,27,,,2
3400,'13',844,,6038,27,0,24 1 15,2
3400,'71',616,,4634,25,,,2,114,,4635,27,,,2,77,,4636,25,,,2,37,,4633,27,0,24 1 15,2,677,,4637,16,,,2,81,,4638,25,,,2,50,,4639,27,,,2,82,,4640,27,,,2,89,,4641,27,,,2
34501,'83',1642,,4950,44,,,2
5003400,'1',640,,6388,25,,,2,62,,6387,25,,,2
5003400,'71',640,,5039,25,,,2,61,,5038,25,,,2
2000003400,'2',724,,7742,25,,,2,85,,7743,27,,,2,46,,7744,27,,,2,85,,7745,27,,,2,87,,7746,27,,,2,86,,7747,27,,,2,45,,7748,27,,,2,88,,7749,27,,,2,171,,7750,27,,,2,83,,7751,27,,,2,47,,7752,27,,,2,83,,7753,27,,,2,90,,7754,27,,,2,82,,7755,27,,,2,41,,7756,27,,,2
2000003400,'3',809,,7757,25,,,2,46,,7758,27,,,2,85,,7759,27,,,2,87,,7760,27,,,2,86,,7761,27,,,2,45,,7762,27,,,2,88,,7763,27,,,2,171,,7764,27,,,2,83,,7765,27,,,2,47,,7766,27,,,2,83,,7767,27,,,2,90,,7768,27,,,2,82,,7769,27,,,2,41,,7770,27,,,2
2000003400,'72',724,,5682,25,,,2,85,,5683,27,,,2,45,,5684,27,,,2,85,,5685,27,,,2,85,,5686,27,,,2,86,,5687,27,,,2,45,,5688,27,,,2,85,,5689,27,,,2,174,,5690,27,,,2,41,,5691,27,,,2,92,,5692,27,,,2,78,,5693,27,,,2,93,,5694,27,,,2,38,,5695,27,,,2,87,,5696,27,,,2
2000003400,'73',809,,5697,25,,,2,45,,5698,27,,,2,85,,5699,27,,,2,85,,5700,27,,,2,86,,5701,27,,,2,45,,5702,27,,,2,85,,5703,27,,,2,174,,5704,27,,,2,41,,5705,27,,,2,92,,5706,27,,,2,78,,5707,27,,,2,93,,5708,27,,,2,38,,5709,27,,,2,87,,5710,27,,,2
