905231701,'27',2312,,6491,75,4,,2,29,,6494,75,4,,2,70,,6489,75,4,,2,30,,6492,75,4,,2,70,,6490,75,4,,2,30,,6493,75,4,,2,70,,6495,75,4,,2
905231701,'28',2312,,6498,75,4,,2,29,,6501,75,4,,2,70,,6496,75,4,,2,30,,6499,75,4,,2,70,,6497,75,4,,2,30,,6500,75,4,,2,70,,6502,75,4,,2
905231701,'29',2312,,6505,75,4,,2,29,,6508,75,4,,2,70,,6503,75,4,,2,30,,6506,75,4,,2,70,,6504,75,4,,2,30,,6507,75,4,,2,70,,6509,75,4,,2
1200000101,'1',1619,,7148,79,,,1,32,,7149,79,,,1,71,,7150,79,,,1,30,,7151,79,,,1
1200000101,'71',1615,,5070,79,,,1,32,,5071,79,,,1,71,,5069,79,,,1,30,,5072,79,,,1
1200000301,'1',621,,7508,28,,,1,28,,7513,28,,,1,77,,7506,41,,,1,20,,7510,41,,,1,75,,7516,41,,,1,29,,7511,41,,,1,65,,7519,41,,,1,25,,7507,41,,,1,69,,7517,41,,,1,27,,7515,41,,,1,73,,7520,41,,,1,33,,7521,41,,,1,70,,7523,41,,,1,34,,7525,41,,,1,72,,7527,41,,,1,28,,7522,41,,,1,70,,7524,41,,,1,28,,7526,41,,,1,71,,7528,41,,,1,36,,7529,41,,,1,60,,7532,38,,,1,23,,7530,38,,,1,18,,7535,38,,,1,59,,7534,38,,,1,11,,7539,38,,,1,13,,7537,38,,,1,14,,7538,38,,,1,56,,7541,38,,,1,14,,7533,38,,,1,12,,7536,38,,,1,15,,7531,38,,,1,68,,7540,38,,,1,24,,7544,41,,,1,64,,7542,41,,,1,31,,7543,41,,,1,70,,7545,41,,,1,29,,7546,41,,,1,73,,7549,41,,,1,31,,7547,28,,,1,70,,7550,28,,,1,28,,7548,28,,,1,70,,7551,28,,,1,39,,7552,28,,,1
1200000301,'2',801,,7553,41,,,1,30,,7556,41,,,1,71,,7559,41,,,1,32,,7562,41,,,1,71,,7554,41,,,1,32,,7557,41,,,1,71,,7560,41,,,1,31,,7563,41,,,1,71,,7555,41,,,1,31,,7558,41,,,1,71,,7561,41,,,1,31,,7564,41,,,1,71,,7565,41,,,1,30,,7568,41,,,1,70,,7574,41,,,1,30,,7571,41,,,1,70,,7566,41,,,1,31,,7569,41,,,1,71,,7575,41,,,1,27,,7572,41,,,1,68,,7567,41,,,1,28,,7570,41,,,1,67,,7576,41,,,1,27,,7573,41,,,1,75,,7577,28,,,1,100,,7578,28,,,1,96,,7579,28,,,1,98,,7580,28,,,1,38,,7581,28,,,1,102,,7582,28,,,1
1200000301,'27',2235,,7584,31,,,1,70,,7587,31,,,1,30,,7589,31,,,1,83,,7585,31,,,1,28,,7588,31,,,1,70,,7583,31,,,1,30,,7586,31,,,1
1200000301,'28',2235,,7591,31,,,1,70,,7594,31,,,1,30,,7596,31,,,1,83,,7592,31,,,1,28,,7595,31,,,1,70,,7590,31,,,1,30,,7593,31,,,1
1200000301,'29',2235,,7598,31,,,1,70,,7601,31,,,1,30,,7603,31,,,1,83,,7599,31,,,1,28,,7602,31,,,1,70,,7597,31,,,1,30,,7600,31,,,1
1200000301,'3',831,,7604,41,,,1,71,,7606,41,,,1,32,,7612,41,,,1,71,,7609,41,,,1,32,,7605,41,,,1,71,,7607,41,,,1,31,,7613,41,,,1,71,,7610,41,,,1,31,,7614,41,,,1,71,,7608,41,,,1,31,,7616,41,,,1,71,,7611,41,,,1,30,,7615,41,,,1,70,,7618,41,,,1,30,,7617,41,,,1,70,,7621,41,,,1,31,,7623,41,,,1,71,,7619,41,,,1,27,,7627,41,,,1,68,,7622,41,,,1,28,,7624,41,,,1,67,,7620,41,,,1,27,,7628,41,,,1,75,,7625,28,,,1,121,,7626,28,,,1
1200000301,'71',621,,5456,28,,,1,28,,5460,28,,,1,78,,5454,41,,,1,20,,5458,41,,,1,77,,5466,41,,,1,27,,5463,41,,,1,66,,5469,41,,,1,26,,5455,41,,,1,69,,5465,41,,,1,27,,5467,41,,,1,76,,5470,41,,,1,20,,5471,41,,,1,20,,5473,41,,,1,60,,5475,41,,,1,24,,5476,41,,,1,20,,5478,41,,,1,61,,5480,41,,,1,19,,5472,41,,,1,20,,5474,41,,,1,60,,5481,41,,,1,18,,5477,41,,,1,20,,5479,41,,,1,60,,5483,41,,,1,25,,5484,41,,,1,13,,5485,38,,,1,56,,5486,38,,,1,23,,5482,38,,,1,18,,5494,38,,,1,59,,5490,38,,,1,11,,5493,38,,,1,13,,5488,38,,,1,14,,5487,38,,,1,56,,5497,38,,,1,16,,5496,38,,,1,10,,5495,38,,,1,17,,5492,38,,,1,11,,5489,38,,,1,55,,5491,38,,,1,22,,5498,41,,,1,67,,5499,41,,,1,31,,5501,41,,,1,70,,5500,41,,,1,29,,5502,41,,,1,73,,5505,41,,,1,30,,5503,28,,,1,70,,5506,28,,,1,28,,5504,28,,,1,70,,5507,28,,,1,39,,5508,28,,,1
1200000301,'72',802,,5511,41,,,1,30,,5510,41,,,1,71,,5514,41,,,1,30,,5515,41,,,1,71,,5516,41,,,1,31,,5509,41,,,1,72,,5513,41,,,1,30,,5512,41,,,1,70,,5517,41,,,1,30,,5518,41,,,1,71,,5520,41,,,1,30,,5519,41,,,1,71,,5522,41,,,1,30,,5523,41,,,1,71,,5524,41,,,1,30,,5525,41,,,1,69,,5526,41,,,1,31,,5521,41,,,1,72,,5528,41,,,1,29,,5527,41,,,1,68,,5530,41,,,1,28,,5529,41,,,1,69,,5531,41,,,1,24,,5535,41,,,1,78,,5532,28,,,1,100,,5533,28,,,1,96,,5534,28,,,1,99,,5536,28,,,1,38,,5537,28,,,1,102,,5538,28,,,1
1200000301,'73',832,,5539,41,,,1,71,,5541,41,,,1,30,,5542,41,,,1,71,,5543,41,,,1,31,,5544,41,,,1,72,,5540,41,,,1,30,,5545,41,,,1,70,,5547,41,,,1,30,,5546,41,,,1,71,,5549,41,,,1,30,,5548,41,,,1,71,,5551,41,,,1,30,,5552,41,,,1,71,,5553,41,,,1,30,,5554,41,,,1,69,,5555,41,,,1,31,,5550,41,,,1,72,,5557,41,,,1,29,,5556,41,,,1,68,,5559,41,,,1,28,,5558,41,,,1,69,,5560,41,,,1,24,,5563,41,,,1,78,,5561,28,,,1,121,,5562,28,,,1
