1100,'1',629,,5748,70,,,1,74,,5754,70,,,1,29,,5749,70,,,1,74,,5755,70,,,1,30,,5750,70,,,1,18,,5751,70,,,1,69,,5756,70,,,1,34,,5752,70,,,1,70,,5757,70,,,1,75,,5758,70,,,1,30,,5761,70,,,1,73,,5759,70,,,1,30,,5762,70,,,1,77,,5760,70,,,1,30,,5763,70,,,1,88,,5764,70,,,1,71,,5766,70,,,1,36,,5765,70,,,1,70,,5767,70,,,1,43,,5770,70,,,1,62,,5768,70,,,1,22,,5772,70,,,1,66,,5771,70,,,1,36,,5773,70,,,1,68,,5769,70,,,1,30,,5774,70,,,1,100,,5775,70,,,1,100,,5776,70,,,1,100,,5777,70,,,1,100,,5778,70,,,1
1100,'2',732,,5779,70,,,1,102,,5780,70,,,1,99,,5781,70,,,1,102,,5782,70,,,1,100,,5783,70,,,1,100,,5784,70,,,1,101,,5785,70,,,1,99,,5786,70,,,1,100,,5787,70,,,1,100,,5788,70,,,1,99,,5789,70,,,1,100,,5790,70,,,1,99,,5792,70,,,1,100,,5793,70,,,1,100,,5791,70,,,1,100,,5795,70,,,1,100,,5794,70,,,1
1100,'3',933,,5796,70,,,1,102,,5797,70,,,1,100,,5798,70,,,1,100,,5799,70,,,1,101,,5800,70,,,1,99,,5801,70,,,1,100,,5802,70,,,1,100,,5803,70,,,1,99,,5804,70,,,1,100,,5805,70,,,1
1100,'71',629,,4339,70,,,1,74,,4343,70,,,1,29,,4340,70,,,1,74,,4344,70,,,1,30,,4341,70,,,1,18,,4345,70,,,1,69,,4350,70,,,1,34,,4346,70,,,1,70,,4351,70,,,1,75,,4347,70,,,1,30,,4352,70,,,1,73,,4348,70,,,1,30,,4353,70,,,1,77,,4349,70,,,1,30,,4354,70,,,1,88,,4358,70,,,1,71,,4355,70,,,1,36,,4359,70,,,1,70,,4356,70,,,1,43,,4360,71,,,1,62,,4357,70,,,1,22,,4363,70,,,1,66,,4361,70,,,1,36,,4364,70,,,1,68,,4362,70,,,1,30,,4365,70,,,1,100,,4366,70,,,1,100,,4367,70,,,1,100,,4368,70,,,1,100,,4369,70,,,1
1100,'72',732,,4370,70,,,1,102,,4371,70,,,1,99,,4372,70,,,1,102,,4373,70,,,1,100,,4374,70,,,1,100,,4375,70,,,1,101,,4376,70,,,1,99,,4377,70,,,1,100,,4378,70,,,1,100,,4379,70,,,1,99,,4380,70,,,1,100,,4381,70,,,1,99,,4384,70,,,1,100,,4382,70,,,1,100,,4383,70,,,1,100,,4386,70,,,1,100,,4385,70,,,1
1100,'73',933,,4387,70,,,1,102,,4388,70,,,1,100,,4389,70,,,1,100,,4390,70,,,1,101,,4391,70,,,1,99,,4392,70,,,1,100,,4393,70,,,1,100,,4394,70,,,1,99,,4395,70,,,1,100,,4396,70,,,1
1301,'1',635,,5816,15,,,2,77,,5818,15,,,2,93,,5817,15,,,2,807,,5819,15,,,2,15,,5820,15,,,2,80,,5822,15,,,2,30,,5821,15,,,2
1301,'71',650,,4409,15,,,2,82,,4410,15,,,2,73,,4408,15,,,2,807,,4413,15,,,2,15,,4411,15,,,2,80,,4414,15,,,2,30,,4412,15,,,2
1301,'88',1629,6,4415,1,,,2
11101,'85',1529,,4851,24,,,2
