905231701,'27',2317,,6491,86,4,,2,29,,6494,86,4,,2,70,,6489,86,4,,2,30,,6492,86,4,,2,70,,6490,86,4,,2,30,,6493,86,4,,2,70,,6495,86,4,,2
905231701,'28',2317,,6498,86,4,,2,29,,6501,86,4,,2,70,,6496,86,4,,2,30,,6499,86,4,,2,70,,6497,86,4,,2,30,,6500,86,4,,2,70,,6502,86,4,,2
905231701,'29',2317,,6505,86,4,,2,29,,6508,86,4,,2,70,,6503,86,4,,2,30,,6506,86,4,,2,70,,6504,86,4,,2,30,,6507,86,4,,2,70,,6509,86,4,,2
1200000101,'1',1625,,7148,90,,,1,32,,7149,90,,,1,71,,7150,90,,,1,29,,7151,90,,,1
1200000101,'71',1621,,5070,90,,,1,32,,5071,90,,,1,71,,5069,90,,,1,29,,5072,90,,,1
1200000301,'1',626,,7508,39,,,1,28,,7513,39,,,1,77,,7506,52,,,1,20,,7510,52,,,1,75,,7516,52,,,1,29,,7511,52,,,1,65,,7519,52,,,1,25,,7507,52,,,1,69,,7517,52,,,1,27,,7515,52,,,1,73,,7520,52,,,1,33,,7521,52,,,1,70,,7523,52,,,1,34,,7525,52,,,1,72,,7527,52,,,1,28,,7522,52,,,1,70,,7524,52,,,1,28,,7526,52,,,1,72,,7528,52,,,1,36,,7529,52,,,1,60,,7532,49,,,1,23,,7530,49,,,1,18,,7535,49,,,1,59,,7534,49,,,1,11,,7539,49,,,1,12,,7537,49,,,1,14,,7538,49,,,1,56,,7541,49,,,1,14,,7533,49,,,1,12,,7536,49,,,1,15,,7531,49,,,1,68,,7540,49,,,1,24,,7544,52,,,1,64,,7542,52,,,1,31,,7543,52,,,1,70,,7545,52,,,1,29,,7546,52,,,1,73,,7549,52,,,1,31,,7547,39,,,1,70,,7550,39,,,1,28,,7548,39,,,1,70,,7551,39,,,1,39,,7552,39,,,1
1200000301,'2',806,,7553,52,,,1,30,,7556,52,,,1,71,,7559,52,,,1,32,,7562,52,,,1,71,,7554,52,,,1,32,,7557,52,,,1,71,,7560,52,,,1,31,,7563,52,,,1,71,,7555,52,,,1,31,,7558,52,,,1,71,,7561,52,,,1,31,,7564,52,,,1,71,,7565,52,,,1,30,,7568,52,,,1,70,,7574,52,,,1,30,,7571,52,,,1,70,,7566,52,,,1,31,,7569,52,,,1,71,,7575,52,,,1,27,,7572,52,,,1,68,,7567,52,,,1,28,,7570,52,,,1,67,,7576,52,,,1,27,,7573,52,,,1,75,,7577,39,,,1,100,,7578,39,,,1,96,,7579,39,,,1,98,,7580,39,,,1,37,,7581,39,,,1,102,,7582,39,,,1
1200000301,'27',2240,,7584,42,,,1,70,,7587,42,,,1,30,,7589,42,,,1,83,,7585,42,,,1,28,,7588,42,,,1,70,,7583,42,,,1,30,,7586,42,,,1
1200000301,'28',2240,,7591,42,,,1,70,,7594,42,,,1,30,,7596,42,,,1,83,,7592,42,,,1,28,,7595,42,,,1,70,,7590,42,,,1,30,,7593,42,,,1
1200000301,'29',2240,,7598,42,,,1,70,,7601,42,,,1,30,,7603,42,,,1,83,,7599,42,,,1,28,,7602,42,,,1,70,,7597,42,,,1,30,,7600,42,,,1
1200000301,'3',836,,7604,52,,,1,71,,7606,52,,,1,32,,7612,52,,,1,71,,7609,52,,,1,32,,7605,52,,,1,71,,7607,52,,,1,31,,7613,52,,,1,71,,7610,52,,,1,31,,7614,52,,,1,71,,7608,52,,,1,31,,7616,52,,,1,71,,7611,52,,,1,30,,7615,52,,,1,70,,7618,52,,,1,30,,7617,52,,,1,70,,7621,52,,,1,31,,7623,52,,,1,71,,7619,52,,,1,27,,7627,52,,,1,68,,7622,52,,,1,28,,7624,52,,,1,67,,7620,52,,,1,27,,7628,52,,,1,75,,7625,39,,,1,121,,7626,39,,,1
1200000301,'71',626,,5456,39,,,1,28,,5460,39,,,1,78,,5454,52,,,1,20,,5458,52,,,1,77,,5466,52,,,1,27,,5463,52,,,1,66,,5469,52,,,1,26,,5455,52,,,1,69,,5465,52,,,1,27,,5467,52,,,1,76,,5470,52,,,1,20,,5471,52,,,1,60,,5473,52,,,1,20,,5475,52,,,1,24,,5476,52,,,1,60,,5478,52,,,1,21,,5480,52,,,1,19,,5472,52,,,1,60,,5474,52,,,1,20,,5481,52,,,1,18,,5477,52,,,1,61,,5479,52,,,1,20,,5483,52,,,1,25,,5484,52,,,1,53,,5485,49,,,1,16,,5486,49,,,1,23,,5482,49,,,1,18,,5494,49,,,1,59,,5490,49,,,1,11,,5493,49,,,1,12,,5488,49,,,1,14,,5487,49,,,1,56,,5497,49,,,1,16,,5496,49,,,1,10,,5495,49,,,1,17,,5492,49,,,1,51,,5489,49,,,1,15,,5491,49,,,1,22,,5498,52,,,1,67,,5499,52,,,1,31,,5501,52,,,1,70,,5500,52,,,1,29,,5502,52,,,1,73,,5505,52,,,1,30,,5503,39,,,1,70,,5506,39,,,1,28,,5504,39,,,1,70,,5507,39,,,1,39,,5508,39,,,1
1200000301,'72',807,,5511,52,,,1,30,,5510,52,,,1,71,,5514,52,,,1,30,,5515,52,,,1,71,,5516,52,,,1,31,,5509,52,,,1,72,,5513,52,,,1,30,,5512,52,,,1,70,,5517,52,,,1,30,,5518,52,,,1,71,,5520,52,,,1,30,,5519,52,,,1,71,,5522,52,,,1,30,,5523,52,,,1,71,,5524,52,,,1,30,,5525,52,,,1,69,,5526,52,,,1,31,,5521,52,,,1,72,,5528,52,,,1,29,,5527,52,,,1,68,,5530,52,,,1,28,,5529,52,,,1,69,,5531,52,,,1,24,,5535,52,,,1,78,,5532,39,,,1,100,,5533,39,,,1,95,,5534,39,,,1,99,,5536,39,,,1,38,,5537,39,,,1,102,,5538,39,,,1
1200000301,'73',837,,5539,52,,,1,71,,5541,52,,,1,30,,5542,52,,,1,71,,5543,52,,,1,31,,5544,52,,,1,72,,5540,52,,,1,30,,5545,52,,,1,70,,5547,52,,,1,30,,5546,52,,,1,71,,5549,52,,,1,30,,5548,52,,,1,71,,5551,52,,,1,30,,5552,52,,,1,71,,5553,52,,,1,30,,5554,52,,,1,69,,5555,52,,,1,31,,5550,52,,,1,72,,5557,52,,,1,29,,5556,52,,,1,68,,5559,52,,,1,28,,5558,52,,,1,69,,5560,52,,,1,24,,5563,52,,,1,78,,5561,39,,,1,121,,5562,39,,,1
2000002200,'1',607,,7709,8,0,18 19 20,2
2000002200,'71',607,,5649,8,0,18 19 20,2
