2300,'1',602,,5924,36,,,2,155,,5919,36,,,2,80,,5927,36,,,2,74,,5904,36,,,2,36,,5906,36,,,2,70,,5905,36,,,2,30,,5907,36,,,2,70,,5908,36,,,2,30,,5909,36,,,2,73,,5912,26,,,2,30,,5910,26,,,2,70,,5913,26,,,2,30,,5911,26,,,2,71,,5914,26,,,2,33,,5915,26,,,2,72,,5917,26,,,2,118,,5918,26,,,2,77,,5916,26,,,2,24,,5925,26,,,2,73,,5920,26,,,2,30,,5926,26,,,2,73,,5921,26,,,2,102,,5922,26,,,2,95,,5923,26,,,2
2300,'2',639,,5930,36,,,2,100,,5931,36,,,2,101,,5932,36,,,2,102,,5933,36,,,2,102,,5934,36,,,2,102,,5935,36,,,2,101,,5936,36,,,2,104,,5937,26,,,2,100,,5938,26,,,2,100,,5939,26,,,2,101,,5940,26,,,2,88,,5941,26,,,2
2300,'3',739,,5942,36,,,2,101,,5943,36,,,2,102,,5944,36,,,2,102,,5945,36,,,2,102,,5946,36,,,2,101,,5947,36,,,2,104,,5948,26,,,2,100,,5949,26,,,2,100,,5950,26,,,2,101,,5951,26,,,2,88,,5952,26,,,2
2300,'71',602,,4520,36,,,2,150,,4525,36,,,2,85,,4529,36,0,14 1 15,2,71,,4507,36,,,2,36,,4510,36,,,2,70,,4508,36,,,2,31,,4511,36,,,2,70,,4509,36,,,2,30,,4512,36,,,2,74,,4515,26,,,2,30,,4513,26,,,2,70,,4516,26,,,2,30,,4514,26,,,2,72,,4517,26,,,2,33,,4518,26,,,2,70,,4528,26,,,2,116,,4530,26,,,2,75,,4519,26,,,2,28,,4526,26,,,2,73,,4521,26,,,2,30,,4527,26,,,2,75,,4522,26,,,2,100,,4523,26,,,2,97,,4524,26,,,2
2300,'72',641,,4531,36,,,2,101,,4532,36,,,2,101,,4533,36,,,2,101,,4534,36,,,2,101,,4535,36,,,2,100,,4536,36,,,2,101,,4537,36,,,2,104,,4538,26,,,2,100,,4539,26,,,2,100,,4540,26,,,2,100,,4541,26,,,2,102,,4542,26,,,2
2300,'73',742,,4543,36,,,2,101,,4544,36,,,2,101,,4545,36,,,2,101,,4546,36,,,2,100,,4547,36,,,2,101,,4548,36,,,2,104,,4549,26,,,2,100,,4550,26,,,2,100,,4551,26,,,2,100,,4552,26,,,2,102,,4553,26,,,2
23100,'15',722,,6293,48,,,2
23100,'84',722,,4931,48,,,2
23500,'12',809,,6295,59,,,2
23500,'82',809,,4935,59,,,2
23501,'83',1719,,4936,71,,,2
5002300,'1',629,,6378,36,,,2,26,,6379,36,,,2,69,,6380,36,,,2
5002300,'71',629,,5028,36,,,2,26,,5027,36,,,2,69,,5029,36,,,2
