24200,'15',718,,6297,13,,,2
24200,'84',718,,4939,13,,,2
24600,'12',815,,6299,11,,,2
24600,'82',815,,4943,11,,,2
1200000100,'1',554,,7140,35,0,14,1,64,,7141,35,,,1,29,,7142,35,,,1,59,,7143,35,,,1,30,,7146,35,0,16 1 17,1,71,,7144,35,,,1
1200000100,'71',554,,5060,35,0,14,1,64,,5061,35,,,1,29,,5062,35,,,1,59,,5063,35,,,1,30,,5066,35,0,16 1 17,1,71,,5064,35,,,1
1200000300,'1',616,,7407,35,,,1,15,,7410,35,,,1,14,,7412,35,,,1,10,,7415,35,,,1,49,,7409,35,,,1,16,,7417,35,,,1,14,,7413,35,,,1,15,,7418,35,,,1,56,,7420,35,,,1,16,,7408,35,,,1,15,,7411,35,,,1,15,,7416,35,,,1,70,,7414,35,,,1,32,,7419,35,,,1,73,,7421,35,,,1,30,,7423,35,,,1,70,,7425,35,,,1,32,,7427,35,,,1,70,,7422,35,,,1,30,,7424,35,,,1,68,,7426,35,,,1,30,,7428,35,,,1,69,,7429,35,,,1,34,,7430,35,,,1,71,,7433,37,,,1,27,,7434,37,,,1,68,,7435,37,,,1,32,,7432,37,,,1,71,,7431,37,,,1,73,,7436,37,,,1,24,,7439,35,,,1,27,,7437,35,,,1,61,,7441,35,,,1,30,,7442,35,,,1,72,,7440,35,,,1,34,,7447,35,,,1,66,,7438,35,,,1,27,,7443,35,,,1,70,,7444,35,,,1,30,,7448,35,,,1,66,,7445,35,,,1,30,,7449,35,,,1,68,,7446,35,,,1
1200000300,'2',654,,7450,35,,,1,70,,7453,35,,,1,30,,7456,35,,,1,71,,7459,35,,,1,30,,7451,35,,,1,70,,7454,35,,,1,30,,7457,35,,,1,71,,7460,35,,,1,31,,7452,35,,,1,70,,7455,35,,,1,31,,7458,35,,,1,70,,7461,35,,,1,31,,7462,35,,,1,70,,7466,35,,,1,30,,7472,35,,,1,70,,7469,35,,,1,30,,7463,35,,,1,70,,7467,35,,,1,29,,7473,35,,,1,70,,7470,35,,,1,30,,7464,35,,,1,70,,7468,35,,,1,29,,7474,35,,,1,70,,7471,35,,,1,19,,7465,35,,,1,95,,7475,35,,,1,100,,7476,35,,,1,96,,7477,35,,,1,99,,7478,35,,,1,177,,7479,35,,,1
1200000300,'3',724,,7480,35,,,1,30,,7482,35,,,1,71,,7488,35,,,1,30,,7485,35,,,1,70,,7481,35,,,1,30,,7483,35,,,1,71,,7489,35,,,1,31,,7486,35,,,1,70,,7490,35,,,1,31,,7484,35,,,1,70,,7492,35,,,1,31,,7487,35,,,1,70,,7491,35,,,1,30,,7494,35,,,1,70,,7493,35,,,1,30,,7498,35,,,1,70,,7501,35,,,1,29,,7495,35,,,1,70,,7504,35,,,1,30,,7499,35,,,1,70,,7502,35,,,1,29,,7496,35,,,1,70,,7505,35,,,1,19,,7500,35,,,1,95,,7497,35,,,1,117,,7503,35,,,1
1200000300,'71',616,,5347,35,,,1,15,,5350,35,,,1,14,,5352,35,,,1,10,,5354,35,,,1,49,,5349,35,,,1,10,,5356,35,,,1,10,,5359,35,,,1,10,,5353,35,,,1,15,,5361,35,,,1,56,,5363,35,,,1,16,,5348,35,,,1,15,,5351,35,,,1,15,,5357,35,,,1,55,,5360,35,,,1,15,,5358,35,,,1,15,,5355,35,,,1,20,,5362,35,,,1,60,,5364,35,,,1,20,,5366,35,,,1,20,,5368,35,,,1,60,,5369,35,,,1,20,,5371,35,,,1,22,,5373,35,,,1,60,,5365,35,,,1,20,,5367,35,,,1,20,,5374,35,,,1,58,,5370,35,,,1,20,,5372,35,,,1,19,,5376,35,,,1,60,,5378,35,,,1,19,,5380,35,,,1,25,,5375,35,,,1,71,,5383,37,,,1,27,,5377,37,,,1,69,,5379,37,,,1,33,,5384,37,,,1,69,,5382,37,,,1,73,,5381,37,,,1,21,,5385,35,,,1,30,,5386,35,,,1,61,,5388,35,,,1,30,,5390,35,,,1,72,,5391,35,,,1,34,,5395,35,,,1,66,,5389,35,,,1,27,,5387,35,,,1,70,,5392,35,,,1,30,,5396,35,,,1,66,,5393,35,,,1,30,,5397,35,,,1,68,,5394,35,,,1
1200000300,'72',642,,5398,35,,,1,70,,5399,35,,,1,30,,5404,35,,,1,70,,5408,35,,,1,32,,5402,35,,,1,70,,5401,35,,,1,28,,5406,35,,,1,70,,5407,35,,,1,31,,5409,35,,,1,69,,5400,35,,,1,31,,5405,35,,,1,70,,5403,35,,,1,29,,5410,35,,,1,72,,5411,35,,,1,29,,5413,35,,,1,73,,5412,35,,,1,29,,5415,35,,,1,69,,5416,35,,,1,30,,5417,35,,,1,71,,5418,35,,,1,29,,5419,35,,,1,69,,5414,35,,,1,31,,5421,35,,,1,69,,5420,35,,,1,33,,5422,35,,,1,95,,5423,35,,,1,100,,5424,35,,,1,96,,5425,35,,,1,99,,5426,35,,,1,177,,5427,35,,,1
1200000300,'73',712,,5428,35,,,1,30,,5430,35,,,1,70,,5433,35,,,1,32,,5435,35,,,1,70,,5429,35,,,1,28,,5432,35,,,1,70,,5434,35,,,1,31,,5436,35,,,1,69,,5437,35,,,1,31,,5431,35,,,1,70,,5438,35,,,1,29,,5440,35,,,1,72,,5439,35,,,1,29,,5442,35,,,1,73,,5441,35,,,1,29,,5444,35,,,1,69,,5445,35,,,1,30,,5446,35,,,1,71,,5447,35,,,1,29,,5448,35,,,1,69,,5443,35,,,1,31,,5450,35,,,1,69,,5449,35,,,1,33,,5451,35,,,1,95,,5452,35,,,1,117,,5453,35,,,1
