3401,'1',632,,6039,12,,,2,27,,6040,12,,,2,91,,6041,12,,,2,794,,6042,12,,,2,89,,6043,12,,,2,98,,6044,12,,,2,26,,6045,12,,,2,86,,6046,12,,,2,68,,6047,12,,,2
3401,'14',1647,,6048,16,,,2
3401,'71',632,,4642,12,,,2,27,,4644,12,,,2,91,,4643,12,,,2,802,,4646,12,,,2,92,,4645,16,,,2,71,,4649,12,,,2,39,,4650,12,,,2,87,,4651,12,,,2,66,,4648,12,,,2
34500,'12',809,,6305,11,,,2
34500,'82',809,,4949,11,,,2
5003401,'1',1655,,6389,24,,,2
5003401,'71',1655,,5040,24,,,2
2000003401,'2',746,,7771,12,,,2,85,,7772,12,,,2,85,,7773,12,,,2,85,,7774,12,,,2,49,,7775,12,,,2,85,,7776,12,,,2,88,,7777,12,,,2,81,,7778,12,,,2,134,,7779,12,,,2,86,,7780,12,,,2,84,,7781,12,,,2,48,,7782,12,,,2,84,,7783,12,,,2,81,,7784,12,,,2,82,,7785,12,,,2
2000003401,'3',831,,7786,12,,,2,85,,7787,12,,,2,85,,7788,12,,,2,49,,7789,12,,,2,85,,7790,12,,,2,88,,7791,12,,,2,81,,7792,12,,,2,134,,7793,12,,,2,86,,7794,12,,,2,84,,7795,12,,,2,48,,7796,12,,,2,84,,7797,12,,,2,81,,7798,12,,,2,82,,7799,12,,,2
2000003401,'72',746,,5711,12,,,2,85,,5712,12,,,2,84,,5713,12,,,2,85,,5714,12,,,2,47,,5715,12,,,2,85,,5716,12,,,2,85,,5717,12,,,2,85,,5718,12,,,2,130,,5719,12,,,2,92,,5720,12,,,2,79,,5721,12,,,2,53,,5722,12,,,2,77,,5723,12,,,2,88,,5724,12,,,2,37,,5725,12,,,2
2000003401,'73',831,,5726,12,,,2,84,,5727,12,,,2,85,,5728,12,,,2,47,,5729,12,,,2,85,,5730,12,,,2,85,,5731,12,,,2,85,,5732,12,,,2,130,,5733,12,,,2,92,,5734,12,,,2,79,,5735,12,,,2,53,,5736,12,,,2,77,,5737,12,,,2,88,,5738,12,,,2,37,,5739,12,,,2
