2301,'1',634,,5973,30,,,2,70,,5974,30,,,2,110,,5976,30,,,2,41,,5953,30,,,2,72,,5977,30,,,2,23,,5954,30,,,2,81,,5955,30,,,2,70,,5957,30,,,2,30,,5956,30,,,2,76,,5958,43,,,2,31,,5959,43,,,2,70,,5961,43,,,2,30,,5960,43,,,2,70,,5962,43,,,2,31,,5963,43,,,2,71,,5966,43,,,2,91,,5964,43,,,2,28,,5967,43,,,2,76,,5965,43,,,2,101,,5968,43,,,2,26,,5975,43,,,2,77,,5969,43,,,2,102,,5970,43,,,2,90,,5971,43,,,2,114,,5972,43,,,2
2301,'2',711,,5980,30,,,2,100,,5981,30,,,2,101,,5982,30,,,2,102,,5983,30,,,2,102,,5984,30,,,2,108,,5985,43,,,2,101,,5986,43,,,2,101,,5987,43,,,2,100,,5988,43,,,2,100,,5989,43,,,2,101,,5990,43,,,2,97,,5991,43,,,2
2301,'3',811,,5992,30,,,2,101,,5993,30,,,2,102,,5994,30,,,2,102,,5995,30,,,2,108,,5996,43,,,2,101,,5997,43,,,2,101,,5998,43,,,2,100,,5999,43,,,2,100,,6000,43,,,2,101,,6001,43,,,2,97,,6002,43,,,2
2301,'71',634,,4569,30,,,2,70,,4577,30,,,2,110,,4578,30,,,2,38,,4555,30,,,2,72,,4559,30,,,2,29,,4556,30,,,2,75,,4560,30,,,2,31,,4557,30,,,2,70,,4561,30,,,2,76,,4558,43,,,2,30,,4562,43,,,2,71,,4564,43,,,2,30,,4563,43,,,2,70,,4565,43,,,2,30,,4566,43,,,2,74,,4576,43,,,2,42,,4567,43,,,2,148,,4568,47,,,2,103,,4570,43,,,2,31,,4575,43,,,2,75,,4571,43,,,2,100,,4572,43,,,2,92,,4573,43,,,2,114,,4574,43,,,2
2301,'72',726,,4579,30,,,2,100,,4580,30,,,2,101,,4581,30,,,2,102,,4582,30,,,2,100,,4583,30,,,2,106,,4584,43,,,2,102,,4585,43,,,2,101,,4586,43,,,2,101,,4587,43,,,2,100,,4588,43,,,2,102,,4589,43,,,2,96,,4590,43,,,2
2301,'73',826,,4591,30,,,2,101,,4592,30,,,2,102,,4593,30,,,2,100,,4594,30,,,2,106,,4595,43,,,2,102,,4596,43,,,2,101,,4597,43,,,2,101,,4598,43,,,2,100,,4599,43,,,2,102,,4600,43,,,2,96,,4601,43,,,2
23100,'15',702,,6293,7,,,2
23100,'84',702,,4931,7,,,2
23101,'85',1541,,4932,54,,,2
23500,'12',750,,6295,18,,,2
23500,'82',750,,4935,18,,,2
23501,'83',1707,,4936,40,,,2
5002301,'1',1714,,6382,53,,,2,24,,6381,53,,,2
5002301,'71',1628,,5032,53,,,2,86,,5031,53,,,2,24,,5030,53,,,2
