11100,'16',725,,1012,40,,,2
1001101,'1',609,,1186,47,,,1,26,,1190,81,,,1,73,,1187,81,,,1,32,,1191,81,,,1,73,,1188,81,,,1,22,,1195,81,,,1,81,,1189,81,,,1,24,,1193,81,,,1,66,,1192,81,,,1,36,,1194,81,,,1,67,,1196,81,,,1,27,,1198,81,,,1,76,,1197,81,,,1,27,,1199,81,,,1,67,,1201,81,,,1,36,,1200,81,,,1,68,,1202,81,,,1,27,,1204,81,,,1,76,,1203,81,,,1,30,,1205,81,,,1,66,,1207,81,,,1,49,,1206,81,,,1,59,,1208,81,,,1,24,,1211,81,,,1,67,,1210,81,,,1,33,,1212,81,,,1,69,,1209,81,,,1,31,,1215,81,,,1,100,,1216,81,,,1,99,,1217,81,,,1,100,,1213,81,,,1
1001101,'3',609,,1221,47,,,1,26,,1225,81,,,1,73,,1222,81,,,1,32,,1226,81,,,1,73,,1223,81,,,1,22,,1227,81,,,1,81,,1224,81,,,1,24,,1228,81,,,1,66,,1218,81,,,1,36,,1229,81,,,1,67,,1219,81,,,1,27,,1230,81,,,1,76,,1220,81,,,1,27,,1231,81,,,1,67,,1233,81,,,1,36,,1232,81,,,1,68,,1234,81,,,1,27,,1236,81,,,1,76,,1235,81,,,1,30,,1237,81,,,1,66,,1239,81,,,1,49,,1238,81,,,1,59,,1240,81,,,1,24,,1243,81,,,1,67,,1241,81,,,1,33,,1244,81,,,1,69,,1242,81,,,1,31,,1245,81,,,1,100,,1246,81,,,1,99,,1247,81,,,1,100,,1248,81,,,1
1001101,'4',609,,1250,47,,,1,26,,1254,81,,,1,73,,1251,81,,,1,32,,1255,81,,,1,73,,1252,81,,,1,22,,1256,81,,,1,81,,1253,81,,,1,24,,1257,81,,,1,66,,1259,81,,,1,36,,1258,81,,,1,67,,1260,81,,,1,27,,1262,81,,,1,76,,1261,81,,,1,27,,1263,81,,,1,67,,1265,81,,,1,36,,1264,81,,,1,68,,1266,81,,,1,27,,1268,81,,,1,76,,1267,81,,,1,30,,1269,81,,,1,66,,1271,81,,,1,49,,1270,81,,,1,59,,1272,81,,,1,24,,1277,81,,,1,67,,1276,81,,,1,33,,1273,81,,,1,69,,1278,81,,,1,31,,1274,81,,,1,100,,1275,81,,,1,99,,1279,81,,,1,100,,1280,81,,,1
1001101,'6',738,,1285,47,,,1,99,,1282,81,,,1,103,,1283,81,,,1,101,,1284,81,,,1,99,,1286,81,,,1,100,,1287,81,,,1,100,,1288,81,,,1,101,,1289,81,,,1,100,,1290,81,,,1,99,,1291,81,,,1,102,,1292,81,,,1,97,,1293,81,,,1,100,,1294,81,,,1,99,,1295,81,,,1,100,,1296,81,,,1,100,,1297,81,,,1
1001101,'8',939,,1299,47,,,1,102,,1300,81,,,1,99,,1301,81,,,1,100,,1302,81,,,1,100,,1303,81,,,1,101,,1304,81,,,1,100,,1305,81,,,1,99,,1306,81,,,1,102,,1307,81,,,1,97,,1308,81,,,1
1200000201,'1',548,,1675,13,,,1,61,,1682,13,,,1,17,,1687,13,,,1,18,,1668,43,,,1,62,,1678,13,,,1,10,,1672,57,,,1,9,,1685,43,,,1,7,,1671,57,,,1,8,,1680,43,,,1,9,,1674,57,,,1,60,,1676,57,,,1,11,,1670,57,,,1,9,,1683,57,,,1,16,,1673,57,,,1,58,,1689,57,,,1,16,,1669,57,,,1,14,,1679,57,,,1,15,,1691,57,,,1,11,,1686,57,,,1,54,,1681,57,,,1,12,,1692,57,,,1,16,,1677,57,,,1,12,,1695,57,,,1,57,,1688,57,,,1,18,,1690,57,,,1,14,,1696,57,,,1,15,,1694,57,,,1,55,,1698,57,,,1,15,,1700,57,,,1,15,,1693,57,,,1,58,,1701,57,,,1,15,,1702,57,,,1,15,,1703,57,,,1,14,,1704,57,,,1,15,,1706,57,,,1,56,,1697,57,,,1,15,,1699,57,,,1,15,,1709,57,,,1,56,,1710,57,,,1,14,,1712,57,,,1,16,,1708,57,,,1,17,,1713,57,,,1,53,,1714,57,,,1,15,,1705,57,,,1,22,,1707,57,,,1,19,,1715,57,,,1,53,,1716,57,,,1,8,,1725,43,,,1,13,,1718,57,,,1,8,,1720,57,,,1,12,,1711,57,,,1,49,,1723,57,,,1,12,,1726,57,,,1,11,,1727,57,,,1,12,,1731,57,,,1,10,,1734,57,,,1,14,,1719,57,,,1,47,,1717,57,,,1,7,,1732,57,,,1,13,,1733,57,,,1,14,,1722,57,,,1,12,,1721,57,,,1,54,,1728,57,,,1,14,,1724,57,,,1,20,,1729,57,,,1,69,,1736,57,,,1,32,,1730,57,,,1,76,,1738,57,,,1,25,,1740,57,,,1,69,,1737,57,,,1,24,,1735,57,,,1,72,,1739,57,,,1,43,,1741,57,,,1
1200000201,'21',1650,,1745,57,,,1,54,,1746,57,,,1
1200000201,'3',548,,1755,13,,,1,61,,1758,13,,,1,17,,1761,13,,,1,18,,1747,43,,,1,62,,1765,13,,,1,6,,1751,57,,,1,16,,1749,57,,,1,16,,1753,57,,,1,59,,1756,57,,,1,16,,1759,57,,,1,14,,1762,57,,,1,15,,1764,57,,,1,56,,1748,57,,,1,14,,1766,57,,,1,15,,1752,57,,,1,14,,1750,57,,,1,54,,1754,57,,,1,18,,1757,57,,,1,18,,1760,57,,,1,13,,1763,57,,,1,74,,1767,57,,,1,29,,1769,57,,,1,70,,1771,57,,,1,32,,1772,57,,,1,70,,1773,57,,,1,29,,1768,57,,,1,71,,1770,57,,,1,31,,1774,57,,,1,68,,1776,57,,,1,27,,1781,57,,,1,52,,1778,57,,,1,15,,1779,57,,,1,18,,1783,57,,,1,14,,1785,57,,,1,59,,1787,57,,,1,8,,1789,57,,,1,14,,1775,57,,,1,15,,1790,57,,,1,12,,1777,57,,,1,54,,1792,57,,,1,13,,1782,57,,,1,14,,1780,57,,,1,15,,1784,57,,,1,54,,1786,57,,,1,14,,1788,57,,,1,28,,1795,57,,,1,69,,1794,57,,,1,20,,1791,57,,,1,69,,1797,57,,,1,32,,1793,57,,,1,77,,1799,57,,,1,24,,1801,57,,,1,69,,1798,57,,,1,25,,1796,57,,,1,72,,1800,57,,,1,43,,1802,57,,,1
1200000201,'4',548,,1808,13,,,1,61,,1812,13,,,1,17,,1817,13,,,1,18,,1803,43,,,1,62,,1823,13,,,1,8,,1806,57,,,1,11,,1815,43,,,1,5,,1805,57,,,1,10,,1820,43,,,1,6,,1810,57,,,1,60,,1809,57,,,1,17,,1813,57,,,1,15,,1818,57,,,1,15,,1822,57,,,1,55,,1804,57,,,1,14,,1824,57,,,1,15,,1807,57,,,1,14,,1816,57,,,1,54,,1821,57,,,1,16,,1811,57,,,1,18,,1814,57,,,1,12,,1819,57,,,1,75,,1827,57,,,1,29,,1829,57,,,1,70,,1833,57,,,1,32,,1836,57,,,1,69,,1838,57,,,1,29,,1828,57,,,1,71,,1830,57,,,1,31,,1840,57,,,1,54,,1843,57,,,1,15,,1845,57,,,1,18,,1839,57,,,1,11,,1851,57,,,1,54,,1847,57,,,1,16,,1849,57,,,1,20,,1853,57,,,1,57,,1855,57,,,1,21,,1857,57,,,1,9,,1858,57,,,1,12,,1841,57,,,1,7,,1844,57,,,1,54,,1846,57,,,1,9,,1861,57,,,1,15,,1852,57,,,1,13,,1848,57,,,1,14,,1850,57,,,1,47,,1859,57,,,1,8,,1854,57,,,1,14,,1856,57,,,1,14,,1866,57,,,1,12,,1865,57,,,1,68,,1862,57,,,1,20,,1860,57,,,1,69,,1867,57,,,1,32,,1863,57,,,1,77,,1869,57,,,1,25,,1871,57,,,1,69,,1868,57,,,1,24,,1864,57,,,1,72,,1870,57,,,1,43,,1872,57,,,1
1200000201,'6',646,,1878,13,,,1,70,,1884,13,,,1,19,,1875,57,,,1,70,,1873,57,,,1,30,,1876,57,,,1,72,,1882,57,,,1,31,,1887,57,,,1,72,,1880,57,,,1,31,,1879,57,,,1,69,,1885,57,,,1,30,,1886,57,,,1,71,,1874,57,,,1,30,,1877,57,,,1,72,,1883,57,,,1,30,,1881,57,,,1,69,,1888,57,,,1,32,,1889,57,,,1,71,,1891,57,,,1,32,,1890,57,,,1,69,,1893,57,,,1,29,,1894,57,,,1,72,,1895,57,,,1,31,,1896,57,,,1,67,,1897,57,,,1,28,,1892,57,,,1,67,,1899,57,,,1,26,,1898,57,,,1,80,,1907,57,,,1,29,,1905,57,,,1,69,,1900,57,,,1,28,,1908,57,,,1,69,,1903,57,,,1,29,,1902,57,,,1,70,,1909,57,,,1,29,,1901,57,,,1,71,,1904,57,,,1,40,,1906,57,,,1
1200000201,'7',2114,,1910,57,,,1,28,,1911,57,,,1
1200000201,'9',646,,1913,13,,,1,70,,1917,13,,,1,30,,1920,13,,,1,70,,1924,13,,,1,19,,1912,57,,,1,72,,1915,57,,,1,31,,1919,57,,,1,72,,1922,57,,,1,31,,1914,57,,,1,69,,1918,57,,,1,30,,1921,57,,,1,71,,1925,57,,,1,30,,1926,57,,,1,72,,1916,57,,,1,30,,1927,57,,,1,69,,1923,57,,,1,32,,1928,57,,,1,71,,1930,57,,,1,32,,1929,57,,,1,69,,1932,57,,,1,29,,1933,57,,,1,72,,1934,57,,,1,31,,1935,57,,,1,67,,1937,57,,,1,28,,1931,57,,,1,67,,1939,57,,,1,26,,1938,57,,,1,80,,1940,57,,,1,29,,1936,57,,,1
