1301,'1',631,,5816,7,,,2,77,,5818,7,,,2,93,,5817,7,,,2,805,,5819,7,,,2,17,,5820,7,,,2,80,,5822,7,,,2,30,,5821,7,,,2
1301,'71',646,,4409,7,,,2,82,,4410,7,,,2,73,,4408,7,,,2,805,,4413,7,,,2,17,,4411,7,,,2,80,,4414,7,,,2,30,,4412,7,,,2
1500,'1',620,,5823,52,,,2,30,,5825,52,,,2,70,,5827,52,,,2,31,,5826,55,,,2,70,,5829,55,,,2
1500,'71',620,,4416,53,,,2,30,,4417,53,,,2,70,,4421,53,,,2,33,,4420,52,,,2,68,,4418,52,,,2,728,,4428,52,,,2,62,,4429,21,,,2,35,,4426,52,,,2,76,,4431,53,,,2,27,,4430,52,,,2
1600,'1',1543,,5851,36,,,2,68,,5854,21,,,2,33,,5850,39,,,2,77,,5852,39,,,2,25,,5855,39,,,2
1200000201,'1',551,,7270,16,,,1,60,,7272,16,,,1,17,,7274,16,,,1,19,,7262,46,,,1,62,,7279,16,,,1,18,,7265,58,,,1,17,,7264,58,,,1,61,,7269,58,,,1,20,,7271,58,,,1,19,,7273,58,,,1,60,,7276,58,,,1,15,,7277,58,,,1,16,,7263,58,,,1,12,,7280,58,,,1,54,,7268,58,,,1,11,,7266,58,,,1,12,,7275,58,,,1,12,,7281,58,,,1,14,,7278,58,,,1,57,,7282,58,,,1,31,,7284,58,,,1,69,,7286,58,,,1,30,,7267,58,,,1,73,,7287,58,,,1,29,,7283,58,,,1,70,,7285,58,,,1,31,,7289,58,,,1,72,,7290,58,,,1,30,,7288,58,,,1,82,,7292,58,,,1,26,,7294,58,,,1,56,,7297,58,,,1,16,,7295,58,,,1,17,,7296,58,,,1,11,,7293,58,,,1,50,,7298,58,,,1,12,,7299,58,,,1,14,,7301,58,,,1,13,,7291,58,,,1,9,,7304,58,,,1,53,,7305,58,,,1,13,,7308,58,,,1,12,,7309,58,,,1,13,,7303,58,,,1,64,,7302,58,,,1,26,,7300,58,,,1,19,,7310,58,,,1,68,,7311,58,,,1,32,,7306,58,,,1,74,,7313,58,,,1,26,,7315,58,,,1,71,,7312,58,,,1,26,,7307,58,,,1,71,,7314,58,,,1,86,,7316,58,,,1
1200000201,'14',1724,,7317,52,,,1
1200000201,'2',649,,7323,16,,,1,68,,7321,46,,,1,39,,7318,58,,,1,70,,7326,58,,,1,31,,7324,58,,,1,72,,7322,58,,,1,72,,7328,58,,,1,31,,7319,58,,,1,71,,7327,58,,,1,32,,7325,58,,,1,72,,7330,58,,,1,31,,7329,58,,,1,71,,7320,58,,,1,32,,7332,58,,,1,71,,7334,58,,,1,30,,7331,58,,,1,70,,7336,58,,,1,31,,7337,58,,,1,70,,7333,58,,,1,30,,7335,58,,,1,71,,7339,58,,,1,31,,7341,58,,,1,67,,7338,58,,,1,25,,7343,58,,,1,68,,7344,58,,,1,25,,7340,58,,,1,25,,7342,58,,,1,67,,7348,58,,,1,29,,7347,58,,,1,71,,7345,58,,,1,27,,7349,58,,,1,68,,7351,58,,,1,29,,7350,58,,,1,70,,7353,58,,,1,29,,7346,58,,,1,68,,7352,58,,,1,89,,7354,58,,,1
1200000201,'27',2300,,7355,51,,,1,30,,7358,51,,,1,28,,7356,51,,,1,83,,7359,51,,,1,68,,7361,51,,,1,30,,7357,51,,,1,70,,7360,51,,,1
1200000201,'28',2300,,7362,51,,,1,30,,7365,51,,,1,29,,7363,51,,,1,82,,7366,51,,,1,68,,7368,51,,,1,30,,7364,51,,,1,70,,7367,51,,,1
1200000201,'29',2300,,7369,51,,,1,30,,7372,51,,,1,29,,7370,51,,,1,82,,7373,51,,,1,68,,7375,51,,,1,30,,7371,51,,,1,70,,7374,51,,,1
1200000201,'3',649,,7376,16,,,1,68,,7378,16,,,1,32,,7380,16,,,1,70,,7382,16,,,1,38,,7377,58,,,1,72,,7379,58,,,1,72,,7381,58,,,1,30,,7383,58,,,1,72,,7384,58,,,1,32,,7388,58,,,1,72,,7386,58,,,1,31,,7390,58,,,1,71,,7387,58,,,1,32,,7385,58,,,1,71,,7389,58,,,1,30,,7392,58,,,1,70,,7391,58,,,1,31,,7393,58,,,1,70,,7395,58,,,1,30,,7397,58,,,1,71,,7400,58,,,1,31,,7402,58,,,1,67,,7394,58,,,1,25,,7396,58,,,1,68,,7398,58,,,1,25,,7401,58,,,1,25,,7403,58,,,1,67,,7405,58,,,1,29,,7404,58,,,1,71,,7399,58,,,1,27,,7406,58,,,1
1200000201,'71',551,,5210,16,,,1,60,,5212,16,,,1,17,,5215,16,,,1,19,,5201,46,,,1,62,,5220,16,,,1,13,,5205,58,,,1,18,,5204,58,,,1,61,,5208,58,,,1,9,,5214,58,,,1,14,,5203,58,,,1,13,,5213,58,,,1,19,,5207,58,,,1,57,,5218,58,,,1,15,,5202,58,,,1,14,,5221,58,,,1,13,,5206,58,,,1,52,,5223,58,,,1,12,,5216,58,,,1,12,,5224,58,,,1,15,,5209,58,,,1,12,,5225,58,,,1,57,,5217,58,,,1,19,,5219,58,,,1,14,,5226,58,,,1,55,,5222,58,,,1,15,,5228,58,,,1,15,,5229,58,,,1,15,,5230,58,,,1,58,,5232,58,,,1,15,,5233,58,,,1,15,,5235,58,,,1,14,,5236,58,,,1,55,,5237,58,,,1,16,,5227,58,,,1,15,,5239,58,,,1,15,,5240,58,,,1,57,,5241,58,,,1,14,,5231,58,,,1,16,,5238,58,,,1,19,,5234,58,,,1,69,,5242,58,,,1,20,,5243,58,,,1,56,,5244,58,,,1,13,,5245,58,,,1,6,,5253,46,,,1,14,,5246,58,,,1,9,,5247,58,,,1,10,,5249,58,,,1,51,,5251,58,,,1,15,,5254,58,,,1,13,,5255,58,,,1,9,,5256,58,,,1,13,,5259,58,,,1,57,,5260,58,,,1,9,,5257,58,,,1,12,,5258,58,,,1,13,,5250,58,,,1,12,,5248,58,,,1,54,,5261,58,,,1,14,,5252,58,,,1,20,,5262,58,,,1,69,,5263,58,,,1,32,,5265,58,,,1,74,,5267,58,,,1,26,,5269,58,,,1,71,,5264,58,,,1,26,,5266,58,,,1,71,,5268,58,,,1,86,,5270,58,,,1
1200000201,'72',649,,5275,16,,,1,70,,5281,16,,,1,21,,5272,58,,,1,71,,5271,58,,,1,30,,5273,58,,,1,72,,5279,58,,,1,32,,5284,58,,,1,72,,5277,58,,,1,31,,5276,58,,,1,69,,5282,58,,,1,30,,5283,58,,,1,71,,5285,58,,,1,31,,5274,58,,,1,71,,5280,58,,,1,30,,5278,58,,,1,70,,5286,58,,,1,32,,5287,58,,,1,69,,5289,58,,,1,33,,5288,58,,,1,70,,5291,58,,,1,29,,5292,58,,,1,72,,5293,58,,,1,31,,5294,58,,,1,65,,5295,58,,,1,28,,5290,58,,,1,69,,5297,58,,,1,25,,5296,58,,,1,79,,5300,58,,,1,29,,5302,58,,,1,71,,5298,58,,,1,27,,5304,58,,,1,68,,5305,58,,,1,29,,5301,58,,,1,70,,5303,58,,,1,29,,5299,58,,,1,68,,5306,58,,,1,89,,5307,58,,,1
1200000201,'73',649,,5309,16,,,1,70,,5313,16,,,1,30,,5316,16,,,1,70,,5319,16,,,1,22,,5308,58,,,1,72,,5311,58,,,1,32,,5315,58,,,1,72,,5318,58,,,1,31,,5310,58,,,1,69,,5314,58,,,1,30,,5317,58,,,1,71,,5320,58,,,1,31,,5321,58,,,1,71,,5312,58,,,1,30,,5322,58,,,1,70,,5324,58,,,1,32,,5323,58,,,1,69,,5326,58,,,1,33,,5325,58,,,1,70,,5328,58,,,1,29,,5329,58,,,1,72,,5330,58,,,1,31,,5331,58,,,1,65,,5333,58,,,1,28,,5327,58,,,1,69,,5336,58,,,1,25,,5334,58,,,1,79,,5338,58,,,1,29,,5332,58,,,1,71,,5337,58,,,1,27,,5335,58,,,1
1200000201,'81',732,,5339,46,,,1,17,,5340,46,,,1,860,,5341,58,,,1
1200000201,'89',1653,,5345,58,,,1,53,,5346,58,,,1
