3101,'1',632,,6013,19,0,8 1 32,2,72,,6011,19,0,8 1 32,2,104,,6015,19,0,8 1 32,2,105,,6016,19,0,8 1 32,2,99,,6017,19,0,8 1 32,2,100,,6018,19,0,8 1 32,2,106,,6019,19,0,8 1 32,2,102,,6020,19,0,8 1 32,2,101,,6021,19,0,8 1 32,2,100,,6022,19,0,8 1 32,2,97,,6023,19,0,8 1 32,2,31,,6026,19,0,8 1 32,2,71,,6027,19,0,8 1 32,2,31,,6024,19,0,8 1 32,2,73,,6028,19,0,8 1 32,2,24,,6025,19,0,8 1 32,2,76,,6029,19,0,8 1 32,2,290,,6030,19,0,8,2
31101,'85',1530,,4946,28,,,2
38101,'85',1536,,4966,35,,,2
38501,'83',1659,,4968,29,,,2
5003700,'1',635,,6395,19,,,2,76,,6394,19,,,2
5003700,'71',613,,5046,19,,,2,24,,5047,19,,,2,74,,5048,19,,,2
5003701,'1',1736,,6396,41,,,2
5003701,'71',1632,,5050,41,,,2,106,,5049,41,,,2
5003701,'81',1851,,5051,41,,,2
2000003101,'2',740,,7720,19,0,8 1 32,2,101,,7721,19,0,8 1 32,2,101,,7722,19,0,8 1 32,2,101,,7723,19,0,8 1 32,2,101,,7724,19,0,8 1 32,2,101,,7725,19,0,8 1 32,2,255,,7726,19,0,8 1 32,2,101,,7727,19,0,8 1 32,2,101,,7728,19,0,8 1 32,2,56,,7729,19,0,8 1 32,2,90,,7730,19,0,8,2
2000003101,'3',841,,7732,19,0,8 1 32,2,101,,7733,19,0,8 1 32,2,101,,7734,19,0,8 1 32,2,101,,7735,19,0,8 1 32,2,101,,7736,19,0,8 1 32,2,255,,7737,19,0,8 1 32,2,101,,7738,19,0,8 1 32,2,101,,7739,19,0,8 1 32,2,56,,7740,19,0,8 1 32,2,90,,7741,19,0,8,2
