3401,'1',632,,6039,10,,,2,27,,6040,10,,,2,90,,6041,10,,,2,795,,6042,10,,,2,88,,6043,10,,,2,99,,6044,10,,,2,26,,6045,10,,,2,86,,6046,10,,,2,68,,6047,10,,,2
3401,'14',1646,,6048,14,,,2
3401,'71',632,,4642,10,,,2,27,,4644,10,,,2,90,,4643,10,,,2,803,,4646,10,,,2,91,,4645,14,,,2,72,,4649,10,,,2,39,,4650,10,,,2,87,,4651,10,,,2,66,,4648,10,,,2
34500,'12',808,,6305,9,,,2
34500,'82',808,,4949,9,,,2
5003401,'1',1654,,6389,22,,,2
5003401,'71',1654,,5040,22,,,2
2000003401,'2',746,,7771,10,,,2,85,,7772,10,,,2,85,,7773,10,,,2,85,,7774,10,,,2,49,,7775,10,,,2,85,,7776,10,,,2,88,,7777,10,,,2,81,,7778,10,,,2,134,,7779,10,,,2,86,,7780,10,,,2,84,,7781,10,,,2,48,,7782,10,,,2,84,,7783,10,,,2,81,,7784,10,,,2,82,,7785,10,,,2
2000003401,'3',831,,7786,10,,,2,85,,7787,10,,,2,85,,7788,10,,,2,49,,7789,10,,,2,85,,7790,10,,,2,88,,7791,10,,,2,81,,7792,10,,,2,134,,7793,10,,,2,86,,7794,10,,,2,84,,7795,10,,,2,48,,7796,10,,,2,84,,7797,10,,,2,81,,7798,10,,,2,82,,7799,10,,,2
2000003401,'72',746,,5711,10,,,2,85,,5712,10,,,2,84,,5713,10,,,2,85,,5714,10,,,2,47,,5715,10,,,2,85,,5716,10,,,2,85,,5717,10,,,2,85,,5718,10,,,2,130,,5719,10,,,2,92,,5720,10,,,2,79,,5721,10,,,2,53,,5722,10,,,2,77,,5723,10,,,2,88,,5724,10,,,2,37,,5725,10,,,2
2000003401,'73',831,,5726,10,,,2,84,,5727,10,,,2,85,,5728,10,,,2,47,,5729,10,,,2,85,,5730,10,,,2,85,,5731,10,,,2,85,,5732,10,,,2,130,,5733,10,,,2,92,,5734,10,,,2,79,,5735,10,,,2,53,,5736,10,,,2,77,,5737,10,,,2,88,,5738,10,,,2,37,,5739,10,,,2
