1100,'1',616,,5748,46,,,1,34,,5754,46,,,1,68,,5749,46,,,1,34,,5755,46,,,1,70,,5750,46,,,1,18,,5751,46,,,1,70,,5756,46,,,1,34,,5752,46,,,1,70,,5757,46,,,1,35,,5758,46,,,1,70,,5761,46,,,1,33,,5759,46,,,1,70,,5762,46,,,1,37,,5760,46,,,1,70,,5763,46,,,1,88,,5764,46,,,1,30,,5766,46,,,1,75,,5765,46,,,1,30,,5767,46,,,1,85,,5770,46,,,1,22,,5768,46,,,1,62,,5772,46,,,1,26,,5771,46,,,1,76,,5773,46,,,1,28,,5769,46,,,1,70,,5774,46,,,1,100,,5775,46,,,1,100,,5776,46,,,1,100,,5777,46,,,1,100,,5778,46,,,1
1100,'2',718,,5779,46,,,1,102,,5780,46,,,1,100,,5781,46,,,1,102,,5782,46,,,1,100,,5783,46,,,1,100,,5784,46,,,1,101,,5785,46,,,1,99,,5786,46,,,1,100,,5787,46,,,1,100,,5788,46,,,1,99,,5789,46,,,1,100,,5790,46,,,1,99,,5792,46,,,1,100,,5793,46,,,1,100,,5791,46,,,1,100,,5795,46,,,1,100,,5794,46,,,1
1100,'3',920,,5796,46,,,1,102,,5797,46,,,1,100,,5798,46,,,1,100,,5799,46,,,1,101,,5800,46,,,1,99,,5801,46,,,1,100,,5802,46,,,1,100,,5803,46,,,1,99,,5804,46,,,1,100,,5805,46,,,1
1100,'71',616,,4339,46,,,1,34,,4343,46,,,1,68,,4340,46,,,1,34,,4344,46,,,1,70,,4341,46,,,1,18,,4345,46,,,1,70,,4350,46,,,1,34,,4346,46,,,1,70,,4351,46,,,1,35,,4347,46,,,1,70,,4352,46,,,1,33,,4348,46,,,1,70,,4353,46,,,1,37,,4349,46,,,1,70,,4354,46,,,1,88,,4358,46,,,1,30,,4355,46,,,1,75,,4359,46,,,1,30,,4356,46,,,1,83,,4360,47,,,1,24,,4357,46,,,1,62,,4363,46,,,1,26,,4361,46,,,1,76,,4364,46,,,1,28,,4362,46,,,1,70,,4365,46,,,1,100,,4366,46,,,1,100,,4367,46,,,1,100,,4368,46,,,1,100,,4369,46,,,1
1100,'72',718,,4370,46,,,1,102,,4371,46,,,1,100,,4372,46,,,1,102,,4373,46,,,1,100,,4374,46,,,1,100,,4375,46,,,1,101,,4376,46,,,1,99,,4377,46,,,1,100,,4378,46,,,1,100,,4379,46,,,1,99,,4380,46,,,1,100,,4381,46,,,1,99,,4384,46,,,1,100,,4382,46,,,1,100,,4383,46,,,1,100,,4386,46,,,1,100,,4385,46,,,1
1100,'73',920,,4387,46,,,1,102,,4388,46,,,1,100,,4389,46,,,1,100,,4390,46,,,1,101,,4391,46,,,1,99,,4392,46,,,1,100,,4393,46,,,1,100,,4394,46,,,1,99,,4395,46,,,1,100,,4396,46,,,1
11100,'15',707,,6226,10,,,2
11100,'86',707,,4850,10,,,2
1200000400,'1',632,,7629,10,,,1,15,,7630,10,,,1
1200000400,'71',632,,5565,10,,,1,15,,5566,10,,,1,55,,5567,10,,,1,16,,5564,10,,,1
