11100,'15',705,,6226,5,,,2
11100,'86',705,,4850,5,,,2
11900,'16',835,,6228,5,,,2
11900,'87',835,,4854,5,,,2
1001101,'1',557,,6322,25,,,1,69,,6326,59,,,1,32,,6323,59,,,1,72,,6327,59,,,1,73,,6324,59,,,1,23,,6320,59,,,1,81,,6325,59,,,1,42,,6328,59,,,1,70,,6329,59,,,1,35,,6333,59,,,1,70,,6330,59,,,1,35,,6334,59,,,1,70,,6331,59,,,1,73,,6335,59,,,1,30,,6332,59,,,1,78,,6336,59,,,1,30,,6338,59,,,1,88,,6337,59,,,1,72,,6339,59,,,1,48,,6341,59,,,1,63,,6340,59,,,1,21,,6344,59,,,1,27,,6342,59,,,1,73,,6345,59,,,1,69,,6343,59,,,1,31,,6346,59,,,1,100,,6347,59,,,1,99,,6348,59,,,1,100,,6349,59,,,1
1001101,'2',729,,6351,25,,,1,99,,6352,59,,,1,102,,6353,59,,,1,101,,6354,59,,,1,100,,6355,59,,,1,99,,6359,59,,,1,100,,6360,59,,,1,101,,6358,59,,,1,101,,6356,59,,,1,99,,6357,59,,,1,101,,6361,59,,,1,98,,6362,59,,,1,100,,6363,59,,,1,99,,6364,59,,,1,100,,6365,59,,,1,100,,6366,59,,,1
1001101,'3',930,,6368,25,,,1,101,,6369,59,,,1,100,,6372,59,,,1,99,,6373,59,,,1,100,,6370,59,,,1,101,,6371,59,,,1,101,,6374,59,,,1,99,,6375,59,,,1,101,,6376,59,,,1,98,,6377,59,,,1
1001101,'71',557,,4969,25,,,1,69,,4973,59,,,1,32,,4970,59,,,1,72,,4974,59,,,1,73,,4971,59,,,1,23,,4976,59,,,1,81,,4972,59,,,1,42,,4978,59,,,1,70,,4975,59,,,1,35,,4979,59,,,1,70,,4982,59,,,1,35,,4980,59,,,1,70,,4983,59,,,1,73,,4981,59,,,1,30,,4984,59,,,1,78,,4986,59,,,1,30,,4985,59,,,1,88,,4987,59,,,1,72,,4989,59,,,1,48,,4988,59,,,1,63,,4990,59,,,1,21,,4993,59,,,1,27,,4991,59,,,1,73,,4994,59,,,1,69,,4992,59,,,1,31,,4995,59,,,1,100,,4996,59,,,1,99,,4997,59,,,1,100,,4998,59,,,1
1001101,'72',729,,5003,25,,,1,99,,5000,59,,,1,102,,5001,59,,,1,101,,5002,59,,,1,100,,5004,59,,,1,99,,5005,59,,,1,100,,5006,59,,,1,101,,5007,59,,,1,101,,5008,59,,,1,99,,5009,59,,,1,101,,5010,59,,,1,98,,5011,59,,,1,100,,5012,59,,,1,99,,5013,59,,,1,100,,5014,59,,,1,100,,5015,59,,,1
1001101,'73',930,,5017,25,,,1,101,,5018,59,,,1,100,,5019,59,,,1,99,,5020,59,,,1,100,,5021,59,,,1,101,,5022,59,,,1,101,,5023,59,,,1,99,,5024,59,,,1,101,,5025,59,,,1,98,,5026,59,,,1
1200000400,'1',629,,7629,5,,,1,15,,7630,5,,,1
1200000400,'71',629,,5565,5,,,1,15,,5566,5,,,1,15,,5567,5,,,1,56,,5564,5,,,1
