1100,'1',629,,5748,71,,,1,74,,5754,71,,,1,29,,5749,71,,,1,74,,5755,71,,,1,30,,5750,71,,,1,18,,5751,71,,,1,69,,5756,71,,,1,34,,5752,71,,,1,70,,5757,71,,,1,75,,5758,71,,,1,30,,5761,71,,,1,73,,5759,71,,,1,30,,5762,71,,,1,77,,5760,71,,,1,30,,5763,71,,,1,88,,5764,71,,,1,71,,5766,71,,,1,36,,5765,71,,,1,71,,5767,71,,,1,42,,5770,71,,,1,62,,5768,71,,,1,22,,5772,71,,,1,66,,5771,71,,,1,36,,5773,71,,,1,68,,5769,71,,,1,30,,5774,71,,,1,100,,5775,71,,,1,100,,5776,71,,,1,100,,5777,71,,,1,100,,5778,71,,,1
1100,'2',732,,5779,71,,,1,102,,5780,71,,,1,99,,5781,71,,,1,102,,5782,71,,,1,100,,5783,71,,,1,100,,5784,71,,,1,101,,5785,71,,,1,99,,5786,71,,,1,100,,5787,71,,,1,100,,5788,71,,,1,99,,5789,71,,,1,100,,5790,71,,,1,99,,5792,71,,,1,100,,5793,71,,,1,100,,5791,71,,,1,100,,5795,71,,,1,100,,5794,71,,,1
1100,'3',933,,5796,71,,,1,102,,5797,71,,,1,100,,5798,71,,,1,100,,5799,71,,,1,101,,5800,71,,,1,99,,5801,71,,,1,100,,5802,71,,,1,100,,5803,71,,,1,99,,5804,71,,,1,100,,5805,71,,,1
1100,'71',629,,4339,71,,,1,74,,4343,71,,,1,29,,4340,71,,,1,74,,4344,71,,,1,30,,4341,71,,,1,18,,4345,71,,,1,69,,4350,71,,,1,34,,4346,71,,,1,70,,4351,71,,,1,75,,4347,71,,,1,30,,4352,71,,,1,73,,4348,71,,,1,30,,4353,71,,,1,77,,4349,71,,,1,30,,4354,71,,,1,88,,4358,71,,,1,71,,4355,71,,,1,36,,4359,71,,,1,71,,4356,71,,,1,42,,4360,72,,,1,62,,4357,71,,,1,22,,4363,71,,,1,66,,4361,71,,,1,36,,4364,71,,,1,68,,4362,71,,,1,30,,4365,71,,,1,100,,4366,71,,,1,100,,4367,71,,,1,100,,4368,71,,,1,100,,4369,71,,,1
1100,'72',732,,4370,71,,,1,102,,4371,71,,,1,99,,4372,71,,,1,102,,4373,71,,,1,100,,4374,71,,,1,100,,4375,71,,,1,101,,4376,71,,,1,99,,4377,71,,,1,100,,4378,71,,,1,100,,4379,71,,,1,99,,4380,71,,,1,100,,4381,71,,,1,99,,4384,71,,,1,100,,4382,71,,,1,100,,4383,71,,,1,100,,4386,71,,,1,100,,4385,71,,,1
1100,'73',933,,4387,71,,,1,102,,4388,71,,,1,100,,4389,71,,,1,100,,4390,71,,,1,101,,4391,71,,,1,99,,4392,71,,,1,100,,4393,71,,,1,100,,4394,71,,,1,99,,4395,71,,,1,100,,4396,71,,,1
1301,'1',636,,5816,16,,,2,77,,5818,16,,,2,93,,5817,16,,,2,807,,5819,16,,,2,15,,5820,16,,,2,80,,5822,16,,,2,30,,5821,16,,,2
1301,'71',650,,4409,16,,,2,82,,4410,16,,,2,73,,4408,16,,,2,808,,4413,16,,,2,15,,4411,16,,,2,79,,4414,16,,,2,30,,4412,16,,,2
1301,'88',1629,,4415,2,,,2
13901,'88',1628,,4873,3,,,2
15801,'88',1626,,4878,3,,,2
