2200,'1',600,,5864,12,,,2,27,,5873,50,,,2,22,,5865,12,,,2,70,,5877,12,,,2,26,,5879,50,,,2,83,,5878,12,,,2,89,,5874,12,,,2,109,,5866,12,,,2,100,,5867,12,,,2,100,,5868,12,,,2,100,,5870,12,,,2,102,,5871,12,,,2
2200,'71',600,,4456,12,,,2,27,,4471,50,,,2,22,,4457,12,,,2,70,,4472,12,,,2,26,,4474,50,,,2,83,,4473,12,0,14 1 15,2,89,,4458,12,,,2,35,,4460,12,,,2,72,,4459,12,,,2,32,,4461,12,,,2,70,,4465,12,,,2,30,,4462,12,,,2,71,,4466,12,,,2,30,,4463,12,,,2,70,,4475,12,,,2,30,,4464,12,,,2,69,,4476,12,,,2,74,,4469,12,,,2
2201,'1',1530,,5900,42,,,2,80,,5891,42,,,2,96,,5888,42,,,2,30,,5895,42,,,2,70,,5889,42,,,2,29,,5896,42,,,2,67,,5901,42,,,2,24,,5897,42,,,2
2201,'14',1706,,5903,46,,,2
2201,'71',1530,,4491,44,,,2,25,,4493,44,,,2,55,,4500,44,,,2,91,,4501,48,,,2,31,,4502,44,,,2,74,,4492,44,,,2,31,,4503,44,,,2,65,,4505,44,,,2,24,,4504,44,,,2
2201,'88',1701,,4506,48,,,2
22100,'15',709,,6288,12,,,2
22100,'84',709,,4923,12,,,2
22101,'85',1545,,4924,40,,,2
22500,'12',816,,6290,26,,,2
22500,'82',816,,4927,26,,,2
22501,'83',1654,,4928,18,,,2
22900,'13',844,,6291,12,,,2
22900,'87',844,,4929,12,,,2
22901,'14',1643,,6292,19,,,2
22901,'88',1643,,4930,19,,,2
