21000,'1',1049,2,6255,1,0,38,2,73,2,6256,1,0,38,2,584,3,6258,1,0,38,2,30,2,6260,1,0,38,2,68,4,6259,1,0,38,2,41,3,6257,1,0,38,2,172,4,6261,1,0,38,2
21000,'2',1223,2,6262,1,0,38,2,31,2,6263,1,0,38,2,71,2,6264,1,0,38,2,31,2,6265,1,0,38,2,496,2,6266,1,0,38,2,93,2,6267,1,0,38,2
21000,'3',1152,2,6269,1,0,38,2,173,2,6268,1,0,38,2,132,2,6270,1,0,38,2,100,2,6271,1,0,38,2
21000,'71',1052,2,4899,1,,,2,76,2,4900,1,,,2,205,2,4902,1,,,2,79,2,4901,1,,,2,236,2,4903,1,,,2,59,48,4907,1,,,2,29,2,4905,1,,,2,67,3,4904,1,,,2,42,3,4906,1,,,2,172,3,4908,1,,,2
21001,'1',555,,6272,26,4,,2,69,,6273,26,4,,2,16,,6274,26,4,,2,62,,6275,26,4,,2,1329,,6276,26,4,,2
21001,'2',635,,6277,26,4,,2,70,,6278,26,4,,2,30,,6279,26,4,,2,71,,6280,26,4,,2,435,,6281,26,4,,2,70,,6282,26,4,,2,428,,6283,26,4,,2
21001,'3',705,,6284,26,4,,2,30,,6285,26,4,,2,71,,6286,26,4,,2,404,,6287,26,4,,2
21001,'71',555,,4909,29,4,,2,69,,4910,29,4,,2,16,,4911,29,4,,2,62,,4912,29,4,,2,315,,4913,29,4,,2,122,,4914,29,4,,2,892,,4915,29,4,,2
21001,'72',623,,4916,29,4,,2,30,,4917,29,4,,2,70,,4918,29,4,,2,30,,4919,29,4,,2
21001,'73',653,,4920,29,4,,2,70,,4921,29,4,,2,30,,4922,29,4,,2
1200000300,'1',558,3,7407,1,,,1,55,,7410,1,,,1,14,,7412,1,,,1,9,,7415,1,,,1,8,10,7409,1,,,1,13,,7417,1,,,1,54,9,7413,1,,,1,16,,7418,1,,,1,19,,7420,1,,,1,57,64,7408,1,,,1,15,59,7411,1,,,1,15,7,7416,1,,,1,70,52,7414,1,,,1,33,10,7419,1,,,1,73,,7421,1,,,1,30,,7423,1,,,1,70,,7425,1,,,1,32,,7427,1,,,1,70,58,7422,1,,,1,30,18,7424,1,,,1,68,52,7426,1,,,1,30,10,7428,1,,,1,69,,7429,1,,,1,34,,7430,1,,,1,67,,7433,1,,,1,27,,7434,1,,,1,67,,7435,1,,,1,32,12,7432,1,,,1,72,61,7431,1,,,1,34,7,7436,1,,,1,68,6,7439,1,,,1,27,20,7437,1,,,1,21,,7441,1,,,1,70,,7442,1,,,1,32,10,7440,1,,,1,74,2,7447,1,,,1,26,16,7438,1,,,1,67,13,7443,1,,,1,30,14,7444,1,,,1,70,11,7448,1,,,1,26,6,7445,1,,,1,70,6,7449,1,,,1,28,6,7446,1,,,1
1200000300,'2',638,3,7450,1,,,1,70,3,7453,1,,,1,30,3,7456,1,,,1,71,3,7459,1,,,1,30,28,7451,1,,,1,70,68,7454,1,,,1,30,27,7457,1,,,1,71,66,7460,1,,,1,31,26,7452,1,,,1,70,64,7455,1,,,1,31,24,7458,1,,,1,70,62,7461,1,,,1,31,2,7462,1,,,1,70,2,7466,1,,,1,30,,7472,1,,,1,70,6,7469,1,,,1,30,18,7463,1,,,1,70,58,7467,1,,,1,29,17,7473,1,,,1,70,57,7470,1,,,1,30,17,7464,1,,,1,70,56,7468,1,,,1,29,2,7474,1,,,1,70,57,7471,1,,,1,19,8,7465,1,,,1,95,8,7475,1,,,1,100,7,7476,1,,,1,96,3,7477,1,,,1,99,6,7478,1,,,1,137,10,7479,1,,,1
1200000300,'3',708,3,7480,1,,,1,30,3,7482,1,,,1,71,3,7488,1,,,1,30,2,7485,1,,,1,70,68,7481,1,,,1,30,27,7483,1,,,1,71,66,7489,1,,,1,31,26,7486,1,,,1,70,,7490,1,,,1,31,24,7484,1,,,1,70,2,7492,1,,,1,31,22,7487,1,,,1,70,61,7491,1,,,1,30,,7494,1,,,1,70,59,7493,1,,,1,30,,7498,1,,,1,70,,7501,1,,,1,29,17,7495,1,,,1,70,,7504,1,,,1,30,17,7499,1,,,1,70,56,7502,1,,,1,29,14,7496,1,,,1,70,57,7505,1,,,1,19,8,7500,1,,,1,95,8,7497,1,,,1,117,24,7503,1,,,1
1200000300,'71',558,3,5347,1,,,1,55,,5350,1,,,1,14,,5352,1,,,1,9,,5354,1,,,1,8,10,5349,1,,,1,8,,5356,1,,,1,49,,5359,1,,,1,10,9,5353,1,,,1,16,,5361,1,,,1,19,,5363,1,,,1,57,63,5348,1,,,1,15,18,5351,1,,,1,15,9,5357,1,,,1,15,14,5360,1,,,1,55,66,5358,1,,,1,16,17,5355,1,,,1,20,11,5362,1,,,1,20,,5364,1,,,1,60,2,5366,1,,,1,20,,5368,1,,,1,20,,5369,1,,,1,60,,5371,1,,,1,22,2,5373,1,,,1,60,55,5365,1,,,1,20,15,5367,1,,,1,20,,5374,1,,,1,18,9,5370,1,,,1,60,9,5372,1,,,1,19,,5376,1,,,1,20,,5378,1,,,1,59,,5380,1,,,1,25,12,5375,1,,,1,67,,5383,1,,,1,27,7,5377,1,,,1,68,50,5379,1,,,1,33,10,5384,1,,,1,70,52,5382,1,,,1,34,11,5381,1,,,1,65,47,5385,1,,,1,30,6,5386,1,,,1,21,,5388,1,,,1,70,,5390,1,,,1,32,,5391,1,,,1,74,2,5395,1,,,1,26,15,5389,1,,,1,67,12,5387,1,,,1,30,13,5392,1,,,1,70,10,5396,1,,,1,26,6,5393,1,,,1,70,6,5397,1,,,1,28,6,5394,1,,,1
1200000300,'72',626,3,5398,1,,,1,30,3,5399,1,,,1,70,3,5404,1,,,1,30,3,5408,1,,,1,72,16,5402,1,,,1,30,16,5401,1,,,1,68,13,5406,1,,,1,30,13,5407,1,,,1,71,13,5409,1,,,1,29,11,5400,1,,,1,71,10,5405,1,,,1,30,10,5403,1,,,1,69,9,5410,1,,,1,32,11,5411,1,,,1,69,9,5413,1,,,1,73,51,5412,1,,,1,29,9,5415,1,,,1,29,8,5416,1,,,1,70,7,5417,1,,,1,31,8,5418,1,,,1,69,8,5419,1,,,1,29,6,5414,1,,,1,71,5,5421,1,,,1,29,5,5420,1,,,1,73,11,5422,1,,,1,95,9,5423,1,,,1,100,7,5424,1,,,1,96,3,5425,1,,,1,99,,5426,1,,,1,137,7,5427,1,,,1
1200000300,'73',656,3,5428,1,,,1,70,3,5430,1,,,1,30,3,5433,1,,,1,72,,5435,1,,,1,30,16,5429,1,,,1,68,13,5432,1,,,1,30,13,5434,1,,,1,71,13,5436,1,,,1,29,11,5437,1,,,1,71,10,5431,1,,,1,30,10,5438,1,,,1,69,9,5440,1,,,1,32,11,5439,1,,,1,69,9,5442,1,,,1,73,51,5441,1,,,1,29,9,5444,1,,,1,29,8,5445,1,,,1,70,7,5446,1,,,1,31,8,5447,1,,,1,69,8,5448,1,,,1,29,6,5443,1,,,1,71,5,5450,1,,,1,29,5,5449,1,,,1,73,11,5451,1,,,1,95,9,5452,1,,,1,117,24,5453,1,,,1
1200000301,'1',634,,7508,49,4,,1,68,,7513,49,4,,1,37,,7506,62,4,,1,20,,7510,62,4,,1,75,,7516,62,4,,1,67,,7511,60,4,,1,25,,7519,60,4,,1,25,,7507,60,4,,1,69,,7517,60,4,,1,27,,7515,60,4,,1,73,,7520,60,4,,1,33,,7521,60,4,,1,70,,7523,60,4,,1,34,,7525,60,4,,1,72,,7527,60,4,,1,28,,7522,60,4,,1,70,,7524,60,4,,1,28,,7526,60,4,,1,72,,7528,60,4,,1,76,,7529,60,4,,1,20,,7532,57,4,,1,23,,7530,57,4,,1,58,,7535,57,4,,1,19,,7534,57,4,,1,11,,7539,57,4,,1,12,,7537,57,4,,1,54,,7538,57,4,,1,16,,7541,57,4,,1,14,,7533,57,4,,1,12,,7536,57,4,,1,15,,7531,57,4,,1,68,,7540,57,4,,1,24,,7544,60,4,,1,64,,7542,60,4,,1,30,,7543,60,4,,1,70,,7545,60,4,,1,29,,7546,60,4,,1,73,,7549,60,4,,1,31,,7547,47,4,,1,70,,7550,47,4,,1,28,,7548,47,4,,1,70,,7551,47,4,,1,39,,7552,47,4,,1
1200000301,'2',811,,7553,60,4,,1,30,,7556,60,4,,1,71,,7559,60,4,,1,32,,7562,60,4,,1,71,,7554,60,4,,1,32,,7557,60,4,,1,71,,7560,60,4,,1,32,,7563,60,4,,1,71,,7555,60,4,,1,31,,7558,60,4,,1,71,,7561,60,4,,1,31,,7564,60,4,,1,71,,7565,60,4,,1,30,,7568,60,4,,1,70,,7574,60,4,,1,30,,7571,60,4,,1,70,,7566,60,4,,1,31,,7569,60,4,,1,71,,7575,60,4,,1,27,,7572,60,4,,1,68,,7567,60,4,,1,28,,7570,60,4,,1,67,,7576,60,4,,1,26,,7573,60,4,,1,75,,7577,47,4,,1,100,,7578,47,4,,1,96,,7579,47,4,,1,98,,7580,47,4,,1,37,,7581,47,4,,1,102,,7582,47,4,,1
1200000301,'27',2245,,7584,50,4,,1,70,,7587,50,4,,1,30,,7589,50,4,,1,83,,7585,50,4,,1,28,,7588,50,4,,1,70,,7583,50,4,,1,30,,7586,50,4,,1
1200000301,'28',2245,,7591,50,4,,1,70,,7594,50,4,,1,30,,7596,50,4,,1,83,,7592,50,4,,1,28,,7595,50,4,,1,70,,7590,50,4,,1,30,,7593,50,4,,1
1200000301,'29',2245,,7598,50,4,,1,70,,7601,50,4,,1,30,,7603,50,4,,1,83,,7599,50,4,,1,28,,7602,50,4,,1,70,,7597,50,4,,1,30,,7600,50,4,,1
1200000301,'3',841,,7604,60,4,,1,71,,7606,60,4,,1,32,,7612,60,4,,1,71,,7609,60,4,,1,32,,7605,60,4,,1,71,,7607,60,4,,1,32,,7613,60,4,,1,71,,7610,60,4,,1,31,,7614,60,4,,1,71,,7608,60,4,,1,31,,7616,60,4,,1,71,,7611,60,4,,1,30,,7615,60,4,,1,70,,7618,60,4,,1,30,,7617,60,4,,1,70,,7621,60,4,,1,31,,7623,60,4,,1,71,,7619,60,4,,1,27,,7627,60,4,,1,68,,7622,60,4,,1,28,,7624,60,4,,1,67,,7620,60,4,,1,26,,7628,60,4,,1,75,,7625,47,4,,1,121,,7626,47,4,,1
1200000301,'71',634,,5456,49,4,,1,68,,5460,49,4,,1,38,,5454,62,4,,1,60,,5458,62,4,,1,37,,5466,62,4,,1,65,,5463,60,4,,1,26,,5469,60,4,,1,26,,5455,60,4,,1,69,,5465,60,4,,1,27,,5467,60,4,,1,76,,5470,60,4,,1,20,,5471,60,4,,1,60,,5473,60,4,,1,20,,5475,60,4,,1,24,,5476,60,4,,1,60,,5478,60,4,,1,21,,5480,60,4,,1,19,,5472,60,4,,1,60,,5474,60,4,,1,20,,5481,60,4,,1,18,,5477,60,4,,1,61,,5479,60,4,,1,20,,5483,60,4,,1,25,,5484,60,4,,1,53,,5485,57,4,,1,16,,5486,57,4,,1,23,,5482,57,4,,1,58,,5494,57,4,,1,19,,5490,57,4,,1,11,,5493,57,4,,1,12,,5488,57,4,,1,54,,5487,57,4,,1,16,,5497,57,4,,1,16,,5496,57,4,,1,10,,5495,57,4,,1,17,,5492,57,4,,1,51,,5489,57,4,,1,15,,5491,57,4,,1,22,,5498,60,4,,1,67,,5499,60,4,,1,30,,5501,60,4,,1,70,,5500,60,4,,1,29,,5502,60,4,,1,73,,5505,60,4,,1,30,,5503,47,4,,1,70,,5506,47,4,,1,28,,5504,47,4,,1,70,,5507,47,4,,1,39,,5508,47,4,,1
1200000301,'72',812,,5511,60,4,,1,30,,5510,60,4,,1,71,,5514,60,4,,1,30,,5515,60,4,,1,71,,5516,60,4,,1,31,,5509,60,4,,1,72,,5513,60,4,,1,30,,5512,60,4,,1,70,,5517,60,4,,1,30,,5518,60,4,,1,71,,5520,60,4,,1,31,,5519,60,4,,1,71,,5522,60,4,,1,30,,5523,60,4,,1,71,,5524,60,4,,1,30,,5525,60,4,,1,69,,5526,60,4,,1,31,,5521,60,4,,1,72,,5528,60,4,,1,29,,5527,60,4,,1,67,,5530,60,4,,1,28,,5529,60,4,,1,69,,5531,60,4,,1,24,,5535,60,4,,1,78,,5532,47,4,,1,100,,5533,47,4,,1,95,,5534,47,4,,1,99,,5536,47,4,,1,38,,5537,47,4,,1,102,,5538,47,4,,1
1200000301,'73',842,,5539,60,4,,1,71,,5541,60,4,,1,30,,5542,60,4,,1,71,,5543,60,4,,1,31,,5544,60,4,,1,72,,5540,60,4,,1,30,,5545,60,4,,1,70,,5547,60,4,,1,30,,5546,60,4,,1,71,,5549,60,4,,1,31,,5548,60,4,,1,71,,5551,60,4,,1,30,,5552,60,4,,1,71,,5553,60,4,,1,30,,5554,60,4,,1,69,,5555,60,4,,1,31,,5550,60,4,,1,72,,5557,60,4,,1,29,,5556,60,4,,1,67,,5559,60,4,,1,28,,5558,60,4,,1,69,,5560,60,4,,1,24,,5563,60,4,,1,78,,5561,47,4,,1,121,,5562,47,4,,1
