1501,'1',1210,,5834,2,0,41,2,103,,5835,2,0,41,2,95,,5836,2,0,41,2,36,,5839,2,0,41,2,92,,5837,19,,,2,81,,5840,19,,,2,21,,5842,19,,,2,77,,5838,19,0,41,2,28,,5841,19,,,2,78,,5844,2,0,41,2,33,,5845,2,0,41,2,102,,5846,2,0,41,2,153,,5843,2,0,41,2,41,,5847,2,0,41,2
1501,'71',648,,4438,19,0,41,2,64,,4436,19,0,41,2,33,,4439,19,0,41,2,164,,4437,2,0,41,2,115,,4440,2,0,41,2,116,,4441,2,0,41,2,70,,4442,2,0,41,2,117,,4444,2,0,41,2,115,,4445,2,0,41,2,94,,4443,19,0,41,2,86,,4446,19,0,41,2,16,,4448,19,0,41,2,71,,4450,19,0,41,2,35,,4449,19,0,41,2,77,,4447,2,0,41,2,36,,4451,2,0,41,2,145,,4452,2,0,41,2,106,,4453,2,0,41,2,42,,4454,2,0,41,2
1501,'88',1640,,4455,4,0,41,2
1601,'1',648,,5859,19,,,2,64,,5861,19,,,2,31,,5860,19,,,2,173,,5858,19,0,41,2,95,,5862,2,0,41,2,99,,5863,2,0,41,2
13601,'83',1619,,4868,9,,,2
13901,'88',1632,,4873,6,,,2
15601,'83',1615,,4876,9,,,2
1001101,'1',558,,6326,13,,,1,71,,6323,13,,,1,30,,6327,13,,,1,72,,6324,13,,,1,24,,6320,13,,,1,81,,6325,13,,,1,66,,6321,13,0,12 13,1,18,,6328,13,,,1,30,,6329,13,,,1,75,,6333,13,,,1,30,,6330,13,,,1,75,,6334,13,,,1,70,,6331,13,,,1,33,,6335,13,,,1,70,,6332,13,,,1,37,,6336,13,,,1,70,,6338,13,,,1,48,,6337,13,,,1,70,,6339,13,,,1,85,,6341,13,,,1,26,,6340,13,,,1,63,,6344,13,,,1,27,,6342,13,,,1,74,,6345,13,,,1,29,,6343,13,,,1,71,,6346,13,,,1,100,,6347,13,,,1,100,,6348,13,,,1,100,,6349,13,,,1,100,,6350,13,0,12 13,1
1001101,'2',800,,6352,13,,,1,101,,6353,13,,,1,101,,6354,13,,,1,100,,6355,13,,,1,98,,6359,13,,,1,100,,6360,13,,,1,101,,6358,13,,,1,100,,6356,13,,,1,100,,6357,13,,,1,100,,6361,13,,,1,101,,6362,13,,,1,100,,6363,13,,,1,100,,6364,13,,,1,100,,6365,13,,,1,100,,6366,13,,,1,100,,6367,13,0,12 13,1
1001101,'3',1002,,6369,13,,,1,100,,6372,13,,,1,98,,6373,13,,,1,100,,6370,13,,,1,101,,6371,13,,,1,100,,6374,13,,,1,100,,6375,13,,,1,100,,6376,13,,,1,101,,6377,13,,,1
1001101,'71',558,,4973,13,,,1,71,,4970,13,,,1,30,,4974,13,,,1,72,,4971,13,,,1,24,,4976,13,,,1,81,,4972,13,,,1,66,,4977,13,0,12 13,1,18,,4978,13,,,1,30,,4975,13,,,1,75,,4979,13,,,1,30,,4982,13,,,1,75,,4980,13,,,1,70,,4983,13,,,1,33,,4981,13,,,1,70,,4984,13,,,1,37,,4986,13,,,1,70,,4985,13,,,1,48,,4987,13,,,1,70,,4989,13,,,1,85,,4988,13,,,1,26,,4990,13,,,1,63,,4993,13,,,1,27,,4991,13,,,1,74,,4994,13,,,1,29,,4992,13,,,1,71,,4995,13,,,1,100,,4996,13,,,1,100,,4997,13,,,1,100,,4998,13,,,1,100,,4999,13,0,12 13,1
1001101,'72',800,,5000,13,,,1,101,,5001,13,,,1,101,,5002,13,,,1,100,,5004,13,,,1,98,,5005,13,,,1,100,,5006,13,,,1,101,,5007,13,,,1,100,,5008,13,,,1,100,,5009,13,,,1,100,,5010,13,,,1,101,,5011,13,,,1,100,,5012,13,,,1,100,,5013,13,,,1,100,,5014,13,,,1,100,,5015,13,,,1,100,,5016,13,0,12 13,1
1001101,'73',1002,,5018,13,,,1,100,,5019,13,,,1,98,,5020,13,,,1,100,,5021,13,,,1,101,,5022,13,,,1,100,,5023,13,,,1,100,,5024,13,,,1,100,,5025,13,,,1,101,,5026,13,,,1
1200000100,'1',652,,7141,71,,,1,72,,7142,71,,,1,21,,7143,71,,,1,69,,7146,71,0,16 1 17,1,30,,7144,71,,,1
1200000100,'71',650,,5061,71,,,1,71,,5062,71,,,1,21,,5063,71,,,1,69,,5066,71,0,16 1 17,1,30,,5064,71,,,1
2000001501,'2',759,,7688,2,,,2,141,,7689,2,,,2,100,,7690,2,,,2,102,,7691,2,,,2,101,,7692,2,,,2,101,,7693,2,,,2,201,,7694,2,,,2,101,,7695,2,,,2,103,,7696,2,,,2,97,,7697,2,,,2,53,,7698,2,,,2
2000001501,'3',900,,7699,2,,,2,100,,7700,2,,,2,102,,7701,2,,,2,101,,7702,2,,,2,101,,7703,2,,,2,201,,7704,2,,,2,101,,7705,2,,,2,103,,7706,2,,,2,97,,7707,2,,,2,53,,7708,2,,,2
2000001501,'72',752,,5628,2,,,2,102,,5629,2,,,2,103,,5630,2,,,2,148,,5631,2,,,2,54,,5632,2,,,2,148,,5633,2,,,2,142,,5634,2,,,2,99,,5635,2,,,2,103,,5636,2,,,2,99,,5637,2,,,2,98,,5638,2,,,2
2000001501,'73',854,,5639,2,,,2,103,,5640,2,,,2,148,,5641,2,,,2,54,,5642,2,,,2,148,,5643,2,,,2,142,,5644,2,,,2,99,,5645,2,,,2,103,,5646,2,,,2,99,,5647,2,,,2,98,,5648,2,,,2
