3101,'1',632,,6013,18,0,8 1 32,2,72,,6011,18,0,8 1 32,2,104,,6015,18,0,8 1 32,2,105,,6016,18,0,8 1 32,2,99,,6017,18,0,8 1 32,2,100,,6018,18,0,8 1 32,2,106,,6019,18,0,8 1 32,2,102,,6020,18,0,8 1 32,2,101,,6021,18,0,8 1 32,2,100,,6022,18,0,8 1 32,2,97,,6023,18,0,8 1 32,2,31,,6026,18,0,8 1 32,2,71,,6027,18,0,8 1 32,2,31,,6024,18,0,8 1 32,2,73,,6028,18,0,8 1 32,2,24,,6025,18,0,8 1 32,2,76,,6029,18,0,8 1 32,2,290,,6030,18,0,8,2
3701,'1',543,,6122,11,0,9,2,81,,6123,18,0,9,2,103,,6124,18,,,2,105,,6125,18,0,9,2,104,,6126,18,0,9,2,97,,6127,18,0,9,2,102,,6128,18,0,9,2,115,,6129,18,0,9,2,102,,6130,18,0,9,2,102,,6131,18,0,9,2,154,,6132,18,0,9,2,142,,6133,18,0,9,2,72,,6134,18,0,9,2,101,,6135,18,0,9,2,96,,6136,18,0,9,2,96,,6137,18,0,9,2,100,,6138,18,0,9,2,100,,6139,18,0,9,2,28,,6140,18,0,9,2
3701,'2',658,,6141,18,0,9,2,100,,6142,18,0,9,2,142,,6143,18,0,9,2,102,,6144,18,0,9,2,102,,6145,18,0,9,2,116,,6146,18,0,9,2,103,,6147,18,0,9,2,100,,6148,18,0,9,2,101,,6149,18,0,9,2,100,,6150,18,0,9,2,101,,6151,18,0,9,2,95,,6152,18,0,9,2,97,,6153,18,0,9,2,96,,6154,18,0,9,2,100,,6155,18,0,9,2,101,,6156,18,0,9,2,98,,6157,18,0,9,2,28,,6158,18,0,9,2
3701,'3',758,,6159,18,0,9,2,142,,6160,18,0,9,2,102,,6161,18,0,9,2,102,,6162,18,0,9,2,116,,6163,18,0,9,2,103,,6164,18,0,9,2,100,,6165,18,0,9,2,101,,6166,18,0,9,2,100,,6167,18,0,9,2,101,,6168,18,0,9,2,95,,6169,18,0,9,2,97,,6170,18,0,9,2
3701,'71',542,,4746,11,0,9,2,185,,4749,18,,,2,105,,4748,18,0,9,2,102,,4747,18,0,9,2,98,,4750,18,0,9,2,102,,4751,18,0,9,2,113,,4752,18,0,9,2,102,,4753,18,0,9,2,102,,4754,18,0,9,2,155,,4755,18,0,9,2,113,,4756,18,0,9,2,100,,4757,18,0,9,2,101,,4758,18,0,9,2,97,,4759,18,0,9,2,97,,4760,18,0,9,2,101,,4761,18,0,9,2,102,,4762,18,0,9,2,28,,4763,18,0,9,2
3701,'72',702,,4764,18,0,9,2,100,,4765,18,0,9,2,102,,4766,18,0,9,2,100,,4767,18,0,9,2,100,,4768,18,0,9,2,112,,4769,18,0,9,2,100,,4770,18,0,9,2,100,,4771,18,0,9,2,102,,4772,18,0,9,2,100,,4773,18,0,9,2,98,,4774,18,0,9,2,100,,4775,18,0,9,2,100,,4776,18,0,9,2,97,,4779,18,0,9,2,100,,4780,18,0,9,2,101,,4781,18,0,9,2,98,,4777,18,0,9,2,28,,4778,18,0,9,2
3701,'73',802,,4782,18,0,9,2,102,,4783,18,0,9,2,100,,4784,18,0,9,2,100,,4785,18,0,9,2,112,,4786,18,0,9,2,100,,4787,18,0,9,2,100,,4788,18,0,9,2,102,,4789,18,0,9,2,100,,4790,18,0,9,2,98,,4791,18,0,9,2,100,,4792,18,0,9,2,109,,4793,18,0,9,2
31101,'85',1530,,4946,27,,,2
38101,'85',1536,,4966,34,,,2
38501,'83',1659,,4968,28,,,2
5003700,'1',635,,6395,18,,,2,76,,6394,18,,,2
5003700,'71',613,,5046,18,,,2,24,,5047,18,,,2,74,,5048,18,,,2
5003701,'1',1736,,6396,40,,,2
5003701,'71',1632,,5050,40,,,2,106,,5049,40,,,2
5003701,'81',1851,,5051,40,,,2
2000003101,'2',740,,7720,18,0,8 1 32,2,101,,7721,18,0,8 1 32,2,101,,7722,18,0,8 1 32,2,101,,7723,18,0,8 1 32,2,101,,7724,18,0,8 1 32,2,101,,7725,18,0,8 1 32,2,255,,7726,18,0,8 1 32,2,101,,7727,18,0,8 1 32,2,101,,7728,18,0,8 1 32,2,56,,7729,18,0,8 1 32,2,90,,7730,18,0,8,2
2000003101,'3',841,,7732,18,0,8 1 32,2,101,,7733,18,0,8 1 32,2,101,,7734,18,0,8 1 32,2,101,,7735,18,0,8 1 32,2,101,,7736,18,0,8 1 32,2,255,,7737,18,0,8 1 32,2,101,,7738,18,0,8 1 32,2,101,,7739,18,0,8 1 32,2,56,,7740,18,0,8 1 32,2,90,,7741,18,0,8,2
