3600,'1',614,,750,9,,,2,136,,751,9,,,2,94,,752,9,,,2,162,,753,9,,,2,101,,754,9,,,2,100,,755,9,,,2,102,,756,9,,,2,100,,757,9,,,2,100,,758,9,,,2,305,,759,9,,,2,90,,760,9,,,2,53,,761,9,,,2,97,,762,9,,,2,104,,763,9,,,2,93,,764,9,,,2
3600,'3',614,,765,9,,,2,136,,766,9,,,2,256,,767,9,,,2,101,,768,9,,,2,100,,770,9,,,2,102,,769,9,,,2,100,,771,9,,,2,100,,772,9,,,2,305,,773,9,,,2,90,,774,9,,,2,53,,775,9,,,2,97,,776,9,,,2,104,,777,9,,,2,93,,778,9,,,2
3600,'4',614,,779,9,,,2,136,,783,9,,,2,256,,782,9,,,2,101,,780,9,,,2,100,,781,9,,,2,102,,784,9,,,2,100,,785,9,,,2,100,,786,9,,,2,305,,787,9,,,2,90,,790,9,,,2,53,,791,9,,,2,97,,792,9,,,2,104,,788,9,,,2,93,,789,9,,,2
3600,'6',727,,793,9,,,2,100,,794,9,,,2,101,,795,9,,,2,100,,796,9,,,2,105,,797,9,,,2,100,,798,9,,,2,100,,799,9,,,2,102,,800,9,,,2,101,,801,9,,,2,99,,802,9,,,2,97,,807,9,,,2,97,,808,9,,,2,91,,809,9,,,2,109,,803,9,,,2,99,,804,9,,,2,97,,805,9,,,2,93,,806,9,,,2
3600,'8',827,,810,9,,,2,101,,811,9,,,2,100,,812,9,,,2,105,,813,9,,,2,100,,814,9,,,2,100,,815,9,,,2,102,,816,9,,,2,101,,817,9,,,2,99,,818,9,,,2,97,,819,9,,,2,97,,820,9,,,2,91,,821,9,,,2
5003600,'1',647,,1343,9,,,2,68,,1342,9,,,2
5003600,'3',647,,1345,9,,,2,68,,1344,9,,,2
5003600,'4',647,,1347,9,,,2,68,,1346,9,,,2
5003601,'1',1610,,1350,23,,,2,45,,1348,23,,,2,62,,1349,23,,,2
5003601,'3',1643,,1351,23,,,2,67,,1352,23,,,2
5003601,'4',1648,,1353,23,,,2,62,,1354,23,,,2
