3600,'1',622,,750,26,,,2,137,,751,26,,,2,94,,752,26,,,2,161,,753,26,,,2,101,,754,26,,,2,100,,755,26,,,2,103,,756,26,,,2,100,,757,26,,,2,100,,758,26,,,2,305,,759,26,,,2,90,,760,26,,,2,92,,761,26,,,2,97,,762,26,,,2,104,,763,26,,,2,53,,764,26,,,2
3600,'3',622,,765,26,,,2,137,,766,26,,,2,255,,767,26,,,2,101,,768,26,,,2,100,,770,26,,,2,103,,769,26,,,2,100,,771,26,,,2,100,,772,26,,,2,305,,773,26,,,2,90,,774,26,,,2,92,,775,26,,,2,97,,776,26,,,2,104,,777,26,,,2,53,,778,26,,,2
3600,'4',622,,779,26,,,2,137,,783,26,,,2,255,,782,26,,,2,101,,780,26,,,2,100,,781,26,,,2,103,,784,26,,,2,100,,785,26,,,2,100,,786,26,,,2,305,,787,26,,,2,90,,790,26,,,2,92,,791,26,,,2,97,,792,26,,,2,104,,788,26,,,2,53,,789,26,,,2
3600,'6',736,,793,26,,,2,100,,794,26,,,2,101,,795,26,,,2,100,,796,26,,,2,105,,797,26,,,2,100,,798,26,,,2,100,,799,26,,,2,102,,800,26,,,2,101,,801,26,,,2,99,,802,26,,,2,97,,807,26,,,2,97,,808,26,,,2,91,,809,26,,,2,109,,803,26,,,2,99,,804,26,,,2,97,,805,26,,,2,93,,806,26,,,2
3600,'8',836,,810,26,,,2,101,,811,26,,,2,100,,812,26,,,2,105,,813,26,,,2,100,,814,26,,,2,100,,815,26,,,2,102,,816,26,,,2,101,,817,26,,,2,99,,818,26,,,2,97,,819,26,,,2,97,,820,26,,,2,91,,821,26,,,2
5003600,'1',657,,1343,26,,,2,68,,1342,26,,,2
5003600,'3',657,,1345,26,,,2,68,,1344,26,,,2
5003600,'4',657,,1347,26,,,2,68,,1346,26,,,2
5003601,'1',1619,,1350,40,,,2,85,,1348,40,,,2,22,,1349,40,,,2
5003601,'3',1652,,1351,40,,,2,67,,1352,40,,,2
5003601,'4',1657,,1353,40,,,2,62,,1354,40,,,2
