905231701,'27',2311,,6491,72,4,,2,29,,6494,72,4,,2,70,,6489,72,4,,2,30,,6492,72,4,,2,70,,6490,72,4,,2,30,,6493,72,4,,2,70,,6495,72,4,,2
905231701,'28',2311,,6498,72,4,,2,29,,6501,72,4,,2,70,,6496,72,4,,2,30,,6499,72,4,,2,70,,6497,72,4,,2,30,,6500,72,4,,2,70,,6502,72,4,,2
905231701,'29',2311,,6505,72,4,,2,29,,6508,72,4,,2,70,,6503,72,4,,2,30,,6506,72,4,,2,70,,6504,72,4,,2,30,,6507,72,4,,2,70,,6509,72,4,,2
1200000101,'1',1618,,7148,76,,,1,32,,7149,76,,,1,71,,7150,76,,,1,30,,7151,76,,,1
1200000101,'71',1614,,5070,76,,,1,32,,5071,76,,,1,71,,5069,76,,,1,30,,5072,76,,,1
1200000301,'1',620,,7508,25,,,1,28,,7513,25,,,1,77,,7506,38,,,1,20,,7510,38,,,1,75,,7516,38,,,1,29,,7511,38,,,1,65,,7519,38,,,1,25,,7507,38,,,1,69,,7517,38,,,1,27,,7515,38,,,1,73,,7520,38,,,1,33,,7521,38,,,1,70,,7523,38,,,1,34,,7525,38,,,1,72,,7527,38,,,1,28,,7522,38,,,1,70,,7524,38,,,1,28,,7526,38,,,1,71,,7528,38,,,1,36,,7529,38,,,1,60,,7532,35,,,1,23,,7530,35,,,1,18,,7535,35,,,1,59,,7534,35,,,1,11,,7539,35,,,1,13,,7537,35,,,1,14,,7538,35,,,1,56,,7541,35,,,1,14,,7533,35,,,1,12,,7536,35,,,1,15,,7531,35,,,1,68,,7540,35,,,1,24,,7544,38,,,1,64,,7542,38,,,1,31,,7543,38,,,1,70,,7545,38,,,1,29,,7546,38,,,1,73,,7549,38,,,1,31,,7547,25,,,1,70,,7550,25,,,1,28,,7548,25,,,1,70,,7551,25,,,1,39,,7552,25,,,1
1200000301,'2',800,,7553,38,,,1,30,,7556,38,,,1,71,,7559,38,,,1,32,,7562,38,,,1,71,,7554,38,,,1,32,,7557,38,,,1,71,,7560,38,,,1,31,,7563,38,,,1,71,,7555,38,,,1,31,,7558,38,,,1,71,,7561,38,,,1,31,,7564,38,,,1,71,,7565,38,,,1,30,,7568,38,,,1,70,,7574,38,,,1,30,,7571,38,,,1,70,,7566,38,,,1,31,,7569,38,,,1,71,,7575,38,,,1,27,,7572,38,,,1,68,,7567,38,,,1,28,,7570,38,,,1,67,,7576,38,,,1,27,,7573,38,,,1,75,,7577,25,,,1,100,,7578,25,,,1,96,,7579,25,,,1,98,,7580,25,,,1,38,,7581,25,,,1,102,,7582,25,,,1
1200000301,'27',2234,,7584,28,,,1,70,,7587,28,,,1,30,,7589,28,,,1,83,,7585,28,,,1,28,,7588,28,,,1,70,,7583,28,,,1,30,,7586,28,,,1
1200000301,'28',2234,,7591,28,,,1,70,,7594,28,,,1,30,,7596,28,,,1,83,,7592,28,,,1,28,,7595,28,,,1,70,,7590,28,,,1,30,,7593,28,,,1
1200000301,'29',2234,,7598,28,,,1,70,,7601,28,,,1,30,,7603,28,,,1,83,,7599,28,,,1,28,,7602,28,,,1,70,,7597,28,,,1,30,,7600,28,,,1
1200000301,'3',830,,7604,38,,,1,71,,7606,38,,,1,32,,7612,38,,,1,71,,7609,38,,,1,32,,7605,38,,,1,71,,7607,38,,,1,31,,7613,38,,,1,71,,7610,38,,,1,31,,7614,38,,,1,71,,7608,38,,,1,31,,7616,38,,,1,71,,7611,38,,,1,30,,7615,38,,,1,70,,7618,38,,,1,30,,7617,38,,,1,70,,7621,38,,,1,31,,7623,38,,,1,71,,7619,38,,,1,27,,7627,38,,,1,68,,7622,38,,,1,28,,7624,38,,,1,67,,7620,38,,,1,27,,7628,38,,,1,75,,7625,25,,,1,121,,7626,25,,,1
1200000301,'71',620,,5456,25,,,1,28,,5460,25,,,1,78,,5454,38,,,1,20,,5458,38,,,1,77,,5466,38,,,1,27,,5463,38,,,1,66,,5469,38,,,1,26,,5455,38,,,1,69,,5465,38,,,1,27,,5467,38,,,1,76,,5470,38,,,1,20,,5471,38,,,1,20,,5473,38,,,1,60,,5475,38,,,1,24,,5476,38,,,1,20,,5478,38,,,1,61,,5480,38,,,1,19,,5472,38,,,1,20,,5474,38,,,1,60,,5481,38,,,1,18,,5477,38,,,1,20,,5479,38,,,1,60,,5483,38,,,1,25,,5484,38,,,1,13,,5485,35,,,1,56,,5486,35,,,1,23,,5482,35,,,1,18,,5494,35,,,1,59,,5490,35,,,1,11,,5493,35,,,1,13,,5488,35,,,1,14,,5487,35,,,1,56,,5497,35,,,1,16,,5496,35,,,1,10,,5495,35,,,1,17,,5492,35,,,1,11,,5489,35,,,1,55,,5491,35,,,1,22,,5498,38,,,1,67,,5499,38,,,1,31,,5501,38,,,1,70,,5500,38,,,1,29,,5502,38,,,1,73,,5505,38,,,1,30,,5503,25,,,1,70,,5506,25,,,1,28,,5504,25,,,1,70,,5507,25,,,1,39,,5508,25,,,1
1200000301,'72',801,,5511,38,,,1,30,,5510,38,,,1,71,,5514,38,,,1,30,,5515,38,,,1,71,,5516,38,,,1,31,,5509,38,,,1,72,,5513,38,,,1,30,,5512,38,,,1,70,,5517,38,,,1,30,,5518,38,,,1,71,,5520,38,,,1,30,,5519,38,,,1,71,,5522,38,,,1,30,,5523,38,,,1,71,,5524,38,,,1,30,,5525,38,,,1,69,,5526,38,,,1,31,,5521,38,,,1,72,,5528,38,,,1,29,,5527,38,,,1,68,,5530,38,,,1,28,,5529,38,,,1,69,,5531,38,,,1,24,,5535,38,,,1,78,,5532,25,,,1,100,,5533,25,,,1,96,,5534,25,,,1,99,,5536,25,,,1,38,,5537,25,,,1,102,,5538,25,,,1
1200000301,'73',831,,5539,38,,,1,71,,5541,38,,,1,30,,5542,38,,,1,71,,5543,38,,,1,31,,5544,38,,,1,72,,5540,38,,,1,30,,5545,38,,,1,70,,5547,38,,,1,30,,5546,38,,,1,71,,5549,38,,,1,30,,5548,38,,,1,71,,5551,38,,,1,30,,5552,38,,,1,71,,5553,38,,,1,30,,5554,38,,,1,69,,5555,38,,,1,31,,5550,38,,,1,72,,5557,38,,,1,29,,5556,38,,,1,68,,5559,38,,,1,28,,5558,38,,,1,69,,5560,38,,,1,24,,5563,38,,,1,78,,5561,25,,,1,121,,5562,25,,,1
