3400,'1',605,,6032,3,,,2,114,,6033,5,,,2,39,,6031,3,,,2,792,,6037,3,,,2,104,,6034,5,,,2,68,,6035,5,,,2,92,,6036,5,,,2
3400,'13',831,,6038,5,0,24 1 15,2
3400,'71',605,,4634,3,,,2,114,,4635,5,,,2,37,,4636,3,,,2,75,,4633,5,0,24 1 15,2,719,,4638,3,,,2,91,,4639,5,,,2,82,,4640,5,,,2,89,,4641,5,,,2
13101,'85',1517,,4865,11,,,2
34500,'12',818,,6305,24,,,2
34500,'82',818,,4949,24,,,2
5003400,'1',628,,6388,3,,,2,22,,6387,3,,,2
5003400,'71',628,,5039,3,,,2,21,,5038,3,,,2
2000003400,'2',714,,7742,3,,,2,45,,7743,5,,,2,86,,7744,5,,,2,85,,7745,5,,,2,87,,7746,5,,,2,86,,7747,5,,,2,45,,7748,5,,,2,88,,7749,5,,,2,171,,7750,5,,,2,43,,7751,5,,,2,87,,7752,5,,,2,83,,7753,5,,,2,90,,7754,5,,,2,42,,7755,5,,,2,81,,7756,5,,,2
2000003400,'3',759,,7757,3,,,2,86,,7758,5,,,2,85,,7759,5,,,2,87,,7760,5,,,2,86,,7761,5,,,2,45,,7762,5,,,2,88,,7763,5,,,2,171,,7764,5,,,2,43,,7765,5,,,2,87,,7766,5,,,2,83,,7767,5,,,2,90,,7768,5,,,2,42,,7769,5,,,2,81,,7770,5,,,2
2000003400,'72',714,,5682,3,,,2,45,,5683,5,,,2,85,,5684,5,,,2,85,,5685,5,,,2,85,,5686,5,,,2,86,,5687,5,,,2,45,,5688,5,,,2,85,,5689,5,,,2,174,,5690,5,,,2,41,,5691,5,,,2,92,,5692,5,,,2,78,,5693,5,,,2,93,,5694,5,,,2,38,,5695,5,,,2,87,,5696,5,,,2
2000003400,'73',759,,5697,3,,,2,85,,5698,5,,,2,85,,5699,5,,,2,85,,5700,5,,,2,86,,5701,5,,,2,45,,5702,5,,,2,85,,5703,5,,,2,174,,5704,5,,,2,41,,5705,5,,,2,92,,5706,5,,,2,78,,5707,5,,,2,93,,5708,5,,,2,38,,5709,5,,,2,87,,5710,5,,,2
