3701,'1',552,,6122,29,0,9,2,81,,6123,36,0,9,2,105,,6124,36,,,2,103,,6125,36,0,9,2,104,,6126,36,0,9,2,97,,6127,36,0,9,2,102,,6128,36,0,9,2,115,,6129,36,0,9,2,142,,6130,36,0,9,2,102,,6131,36,0,9,2,114,,6132,36,0,9,2,142,,6133,36,0,9,2,72,,6134,36,0,9,2,100,,6135,36,0,9,2,96,,6136,36,0,9,2,96,,6137,36,0,9,2,100,,6138,36,0,9,2,100,,6139,36,0,9,2,26,,6140,36,0,9,2
3701,'2',707,,6141,36,0,9,2,100,,6142,36,0,9,2,102,,6143,36,0,9,2,102,,6144,36,0,9,2,102,,6145,36,0,9,2,116,,6146,36,0,9,2,103,,6147,36,0,9,2,100,,6148,36,0,9,2,101,,6149,36,0,9,2,100,,6150,36,0,9,2,101,,6151,36,0,9,2,95,,6152,36,0,9,2,97,,6153,36,0,9,2,96,,6154,36,0,9,2,100,,6155,36,0,9,2,101,,6156,36,0,9,2,98,,6157,36,0,9,2,26,,6158,36,0,9,2
3701,'3',807,,6159,36,0,9,2,102,,6160,36,0,9,2,102,,6161,36,0,9,2,102,,6162,36,0,9,2,116,,6163,36,0,9,2,103,,6164,36,0,9,2,100,,6165,36,0,9,2,101,,6166,36,0,9,2,100,,6167,36,0,9,2,101,,6168,36,0,9,2,95,,6169,36,0,9,2,97,,6170,36,0,9,2
3701,'71',551,,4746,29,0,9,2,187,,4749,36,,,2,103,,4748,36,0,9,2,102,,4747,36,0,9,2,98,,4750,36,0,9,2,102,,4751,36,0,9,2,113,,4752,36,0,9,2,102,,4753,36,0,9,2,142,,4754,36,0,9,2,115,,4755,36,0,9,2,113,,4756,36,0,9,2,100,,4757,36,0,9,2,100,,4758,36,0,9,2,97,,4759,36,0,9,2,97,,4760,36,0,9,2,101,,4761,36,0,9,2,102,,4762,36,0,9,2,26,,4763,36,0,9,2
3701,'72',711,,4764,36,0,9,2,100,,4765,36,0,9,2,102,,4766,36,0,9,2,100,,4767,36,0,9,2,100,,4768,36,0,9,2,112,,4769,36,0,9,2,100,,4770,36,0,9,2,100,,4771,36,0,9,2,102,,4772,36,0,9,2,100,,4773,36,0,9,2,98,,4774,36,0,9,2,100,,4775,36,0,9,2,100,,4776,36,0,9,2,97,,4779,36,0,9,2,100,,4780,36,0,9,2,101,,4781,36,0,9,2,98,,4777,36,0,9,2,26,,4778,36,0,9,2
3701,'73',811,,4782,36,0,9,2,102,,4783,36,0,9,2,100,,4784,36,0,9,2,100,,4785,36,0,9,2,112,,4786,36,0,9,2,100,,4787,36,0,9,2,100,,4788,36,0,9,2,102,,4789,36,0,9,2,100,,4790,36,0,9,2,98,,4791,36,0,9,2,100,,4792,36,0,9,2,109,,4793,36,0,9,2
37500,'12',822,,6309,20,,,2
37500,'82',822,,4957,20,,,2
5003700,'1',646,,6395,40,,,2,76,,6394,40,,,2
5003700,'71',630,,5046,47,,,2,18,,5047,40,,,2,74,,5048,40,,,2
5003701,'1',1751,,6396,69,,,2
5003701,'71',1647,,5050,69,,,2,106,,5049,69,,,2
5003701,'81',1906,,5051,69,,,2
