11101,'65',1514,,3168,2,,,2
13101,'65',1521,,3182,15,,,2
32500,'62',824,,3271,38,,,2
34500,'62',821,,3273,28,,,2
35500,'62',826,,3279,41,,,2
1200000100,'51',637,,3407,56,0,34 35 6 31,1,70,,3408,56,0,34 35 6 31,1,21,,3409,56,0,34 35 6 31,1,29,,3412,56,0,16 1 17,1,70,,3410,56,0,34 35 6 31,1
1200000201,'51',615,,3604,11,0,29,1,35,,3608,23,0,29,1,8,,3620,11,0,29,1,47,,3607,23,0,29,1,8,,3615,11,0,29,1,12,,3611,23,0,29,1,10,,3619,23,0,29,1,14,,3606,23,0,29,1,55,,3618,23,0,29,1,19,,3610,23,0,29,1,17,,3625,23,0,29,1,15,,3605,23,0,29,1,54,,3628,23,0,29,1,14,,3609,23,0,29,1,12,,3621,23,0,29,1,12,,3623,23,0,29,1,12,,3616,23,0,29,1,55,,3612,23,0,29,1,12,,3629,23,0,29,1,17,,3624,23,0,29,1,58,,3626,23,0,29,1,14,,3630,23,0,29,1,15,,3632,23,0,29,1,15,,3633,23,0,29,1,55,,3635,23,0,29,1,15,,3636,23,0,29,1,17,,3638,23,0,29,1,15,,3639,23,0,29,1,55,,3640,23,0,29,1,15,,3641,23,0,29,1,15,,3642,23,0,29,1,16,,3631,23,0,29,1,55,,3634,23,0,29,1,15,,3644,23,0,29,1,15,,3645,23,0,29,1,14,,3637,23,0,29,1,56,,3643,23,0,29,1,18,,3647,23,0,29,1,12,,3650,23,0,29,1,15,,3648,23,0,29,1,60,,3649,23,0,29,1,18,,3651,23,0,29,1,15,,3652,23,0,29,1,6,,3659,11,0,29,1,54,,3654,23,0,29,1,9,,3655,23,0,29,1,12,,3646,23,0,29,1,11,,3656,23,0,29,1,15,,3660,23,0,29,1,53,,3662,23,0,29,1,9,,3661,23,0,29,1,13,,3666,23,0,29,1,12,,3663,23,0,29,1,8,,3653,23,0,29,1,6,,3665,23,0,29,1,52,,3658,23,0,29,1,13,,3668,23,0,29,1,12,,3664,23,0,29,1,14,,3670,23,0,29,1,14,,3657,23,0,29,1,60,,3671,23,0,29,1,30,,3672,23,0,29,1,72,,3669,23,0,29,1,35,,3674,23,0,29,1,68,,3676,23,0,29,1,31,,3673,23,0,29,1,67,,3667,23,0,29,1,31,,3675,23,0,29,1,86,,3677,23,0,29,1
1200000201,'52',710,,3679,23,0,29,1,31,,3678,23,0,29,1,70,,3680,23,0,29,1,32,,3686,23,0,29,1,70,,3691,23,0,29,1,32,,3684,23,0,29,1,72,,3683,23,0,29,1,29,,3689,23,0,29,1,70,,3690,23,0,29,1,31,,3692,23,0,29,1,69,,3681,23,0,29,1,31,,3687,23,0,29,1,70,,3685,23,0,29,1,30,,3693,23,0,29,1,72,,3694,23,0,29,1,29,,3696,23,0,29,1,73,,3695,23,0,29,1,29,,3698,23,0,29,1,69,,3699,23,0,29,1,33,,3700,23,0,29,1,71,,3701,23,0,29,1,27,,3702,23,0,29,1,68,,3697,23,0,29,1,30,,3704,23,0,29,1,65,,3703,23,0,29,1,39,,3707,23,0,29,1,69,,3709,23,0,29,1,31,,3705,23,0,29,1,67,,3711,23,0,29,1,28,,3712,23,0,29,1,70,,3708,23,0,29,1,30,,3710,23,0,29,1,69,,3706,23,0,29,1,29,,3713,23,0,29,1,90,,3714,23,0,29,1
1200000201,'53',811,,3715,23,0,29,1,32,,3718,23,0,29,1,70,,3722,23,0,29,1,32,,3725,23,0,29,1,72,,3717,23,0,29,1,29,,3721,23,0,29,1,70,,3724,23,0,29,1,31,,3727,23,0,29,1,69,,3728,23,0,29,1,31,,3719,23,0,29,1,70,,3729,23,0,29,1,30,,3731,23,0,29,1,72,,3730,23,0,29,1,29,,3733,23,0,29,1,73,,3732,23,0,29,1,29,,3735,23,0,29,1,69,,3736,23,0,29,1,33,,3737,23,0,29,1,71,,3738,23,0,29,1,27,,3740,23,0,29,1,68,,3734,23,0,29,1,30,,3743,23,0,29,1,65,,3741,23,0,29,1,39,,3745,23,0,29,1,69,,3739,23,0,29,1,31,,3744,23,0,29,1,67,,3742,23,0,29,1
1200000201,'54',649,,3751,11,0,29,1,60,,3748,23,0,29,1,15,,3746,23,0,12 13,1,15,,3757,23,0,29,1,15,,3749,23,0,12 13,1,55,,3761,23,0,29,1,15,,3755,23,0,12 13,1,16,,3766,23,0,29,1,16,,3752,23,0,12 13,1,55,,3747,23,0,29,1,15,,3764,23,0,12 13,1,15,,3750,23,0,29,1,16,,3758,23,0,12 13,1,55,,3756,23,0,29,1,16,,3762,23,0,12 13,1,15,,3753,23,0,29,1,14,,3767,23,0,12 13,1,55,,3765,23,0,29,1,15,,3759,23,0,12 13,1,15,,3772,23,0,29,1,15,,3770,23,0,12 13,1,55,,3763,23,0,29,1,15,,3773,23,0,12 13,1,15,,3777,23,0,29,1,16,,3775,23,0,12 13,1,54,,3760,23,0,29,1,16,,3768,23,0,12 13,1,16,,3771,23,0,29,1,15,,3779,23,0,12 13,1,55,,3774,23,0,29,1,15,,3781,23,0,12 13,1,16,,3776,23,0,29,1,55,,3783,23,0,12 13,1,15,,3769,23,0,29,1,15,,3785,23,0,12 13,1,14,,3780,23,0,29,1,15,,3788,23,0,12 13,1,55,,3782,23,0,29,1,16,,3778,23,0,12 13,1,16,,3784,23,0,29,1,56,,3792,23,0,12 13,1,15,,3786,23,0,29,1,15,,3790,23,0,12 13,1,15,,3789,23,0,29,1,53,,3795,23,0,12 13,1,15,,3797,23,0,29,1,15,,3794,23,0,12 13,1,14,,3799,23,0,29,1,14,,3793,23,0,12 13,1,65,,3791,23,0,29,1,29,,3801,23,0,29,1,69,,3787,23,0,29,1,31,,3800,23,0,29,1,67,,3802,23,0,29,1,28,,3803,23,0,29,1,70,,3798,23,0,29,1,30,,3806,23,0,29,1,69,,3796,23,0,29,1,29,,3804,23,0,29,1,90,,3805,23,0,29,1
1200000201,'69',1616,,3810,23,0,29,1,15,,3811,23,0,29,1
1200000401,'51',1704,,4099,23,0,31,1,26,,4098,23,0,31,1,22,,4102,23,0,31,1
2000000200,'51',639,,4115,1,,,2,70,2,4116,1,,,2,30,2,4117,1,,,2,70,2,4118,1,,,2,26,,4119,1,,,2,685,,4120,1,,,2,89,2,4121,1,,,2,30,2,4122,1,,,2,70,2,4123,1,,,2,30,2,4124,1,,,2
