3701,'1',549,,6122,21,0,9,2,81,,6123,28,0,9,2,104,,6124,28,,,2,104,,6125,28,0,9,2,104,,6126,28,0,9,2,97,,6127,28,0,9,2,102,,6128,28,0,9,2,115,,6129,28,0,9,2,102,,6130,28,0,9,2,142,,6131,28,0,9,2,114,,6132,28,0,9,2,142,,6133,28,0,9,2,72,,6134,28,0,9,2,100,,6135,28,0,9,2,96,,6136,28,0,9,2,96,,6137,28,0,9,2,100,,6138,28,0,9,2,100,,6139,28,0,9,2,27,,6140,28,0,9,2
3701,'2',704,,6141,28,0,9,2,100,,6142,28,0,9,2,102,,6143,28,0,9,2,102,,6144,28,0,9,2,102,,6145,28,0,9,2,116,,6146,28,0,9,2,103,,6147,28,0,9,2,100,,6148,28,0,9,2,101,,6149,28,0,9,2,100,,6150,28,0,9,2,101,,6151,28,0,9,2,95,,6152,28,0,9,2,97,,6153,28,0,9,2,96,,6154,28,0,9,2,100,,6155,28,0,9,2,101,,6156,28,0,9,2,98,,6157,28,0,9,2,27,,6158,28,0,9,2
3701,'3',804,,6159,28,0,9,2,102,,6160,28,0,9,2,102,,6161,28,0,9,2,102,,6162,28,0,9,2,116,,6163,28,0,9,2,103,,6164,28,0,9,2,100,,6165,28,0,9,2,101,,6166,28,0,9,2,100,,6167,28,0,9,2,101,,6168,28,0,9,2,95,,6169,28,0,9,2,97,,6170,28,0,9,2
3701,'71',548,,4746,21,0,9,2,186,,4749,28,,,2,104,,4748,28,0,9,2,102,,4747,28,0,9,2,98,,4750,28,0,9,2,102,,4751,28,0,9,2,113,,4752,28,0,9,2,102,,4753,28,0,9,2,102,,4754,28,0,9,2,155,,4755,28,0,9,2,113,,4756,28,0,9,2,100,,4757,28,0,9,2,100,,4758,28,0,9,2,97,,4759,28,0,9,2,97,,4760,28,0,9,2,101,,4761,28,0,9,2,102,,4762,28,0,9,2,27,,4763,28,0,9,2
3701,'72',708,,4764,28,0,9,2,100,,4765,28,0,9,2,102,,4766,28,0,9,2,100,,4767,28,0,9,2,100,,4768,28,0,9,2,112,,4769,28,0,9,2,100,,4770,28,0,9,2,100,,4771,28,0,9,2,102,,4772,28,0,9,2,100,,4773,28,0,9,2,98,,4774,28,0,9,2,100,,4775,28,0,9,2,100,,4776,28,0,9,2,97,,4779,28,0,9,2,100,,4780,28,0,9,2,101,,4781,28,0,9,2,98,,4777,28,0,9,2,27,,4778,28,0,9,2
3701,'73',808,,4782,28,0,9,2,102,,4783,28,0,9,2,100,,4784,28,0,9,2,100,,4785,28,0,9,2,112,,4786,28,0,9,2,100,,4787,28,0,9,2,100,,4788,28,0,9,2,102,,4789,28,0,9,2,100,,4790,28,0,9,2,98,,4791,28,0,9,2,100,,4792,28,0,9,2,109,,4793,28,0,9,2
37500,'12',816,,6309,12,,,2
37500,'82',816,,4957,12,,,2
5003700,'1',642,,6395,32,,,2,76,,6394,32,,,2
5003700,'71',626,,5046,39,,,2,18,,5047,32,,,2,74,,5048,32,,,2
5003701,'1',1748,,6396,61,,,2
5003701,'71',1644,,5050,61,,,2,106,,5049,61,,,2
5003701,'81',1903,,5051,61,,,2
