2300,'1',605,,5924,40,,,2,195,,5919,40,,,2,40,,5927,40,,,2,74,,5904,40,,,2,36,,5906,40,,,2,70,,5905,40,,,2,30,,5907,40,,,2,70,,5908,40,,,2,30,,5909,40,,,2
2300,'13',839,,5928,4,0,14 1 15,2
2300,'2',642,,5930,40,,,2,100,,5931,40,,,2,101,,5932,40,,,2,102,,5933,40,,,2,102,,5934,40,,,2,102,,5935,40,,,2,101,,5936,40,,,2
2300,'3',742,,5942,40,,,2,101,,5943,40,,,2,102,,5944,40,,,2,102,,5945,40,,,2,102,,5946,40,,,2,101,,5947,40,,,2
2300,'71',605,,4520,40,,,2,150,,4525,40,,,2,85,,4529,40,0,14 1 15,2,71,,4507,40,,,2,36,,4510,40,,,2,70,,4508,40,,,2,31,,4511,40,,,2,70,,4509,40,,,2,30,,4512,40,,,2
2300,'72',644,,4531,40,,,2,101,,4532,40,,,2,101,,4533,40,,,2,101,,4534,40,,,2,101,,4535,40,,,2,100,,4536,40,,,2,101,,4537,40,,,2
2300,'73',745,,4543,40,,,2,101,,4544,40,,,2,101,,4545,40,,,2,101,,4546,40,,,2,100,,4547,40,,,2,101,,4548,40,,,2
2300,'87',839,,4554,4,0,14 1 15,2
22200,'15',715,,6289,7,,,2
22200,'84',715,,4925,7,,,2
22201,'85',1534,,4926,35,,,2
23500,'12',811,,6295,63,,,2
23500,'82',811,,4935,63,,,2
5002300,'1',632,,6378,40,,,2,26,,6379,40,,,2,69,,6380,40,,,2
5002300,'71',632,,5028,40,,,2,26,,5027,40,,,2,69,,5029,40,,,2
