3501,'1',552,,6049,26,,,2,94,,6050,28,,,2,83,,6051,28,,,2,98,,6052,28,,,2,83,,6053,28,,,2,39,,6054,28,,,2,85,,6055,28,,,2,85,,6056,28,,,2,86,,6057,28,,,2,45,,6058,28,,,2,85,,6059,28,,,2,85,,6060,28,,,2,85,,6061,28,,,2,98,,6062,28,,,2,44,,6064,28,,,2,82,,6065,28,,,2,82,,6066,28,,,2,44,,6067,28,,,2,74,,6063,28,,,2,79,,6068,28,,,2,26,,6069,28,,,2,71,,6070,28,,,2,27,,6071,28,,,2,78,,6072,28,,,2,30,,6073,28,,,2,68,,6074,28,,,2,25,,6075,28,,,2
3501,'2',713,,6076,28,,,2,30,,6077,28,,,2,70,,6078,28,,,2,30,,6079,28,,,2,69,,6080,28,,,2,33,,6081,28,,,2,86,,6082,28,,,2,85,,6083,28,,,2,87,,6084,28,,,2,47,,6085,28,,,2,89,,6086,28,,,2,85,,6088,28,,,2,86,,6089,28,,,2,45,,6090,28,,,2,85,,6091,28,,,2,84,,6092,28,,,2,83,,6087,28,,,2,42,,6093,28,,,2,78,,6094,28,,,2,85,,6095,28,,,2,30,,6096,28,,,2,68,,6097,28,,,2,28,,6098,28,,,2,70,,6099,28,,,2,30,,6100,28,,,2,68,,6101,28,,,2,25,,6102,28,,,2
3501,'3',843,,6103,28,,,2,69,,6104,28,,,2,33,,6105,28,,,2,86,,6106,28,,,2,85,,6107,28,,,2,87,,6108,28,,,2,47,,6109,28,,,2,89,,6110,28,,,2,85,,6111,28,,,2,86,,6112,28,,,2,45,,6114,28,,,2,85,,6115,28,,,2,84,,6116,28,,,2,83,,6117,28,,,2,42,,6118,28,,,2,78,,6119,28,,,2,85,,6113,28,,,2
3501,'71',555,,4652,26,,,2,96,,4653,28,,,2,71,,4654,28,,,2,110,,4658,28,,,2,79,,4655,28,,,2,40,,4656,28,,,2,97,,4659,28,,,2,102,,4660,28,,,2,98,,4657,28,,,2,101,,4662,28,,,2,102,,4661,28,,,2,153,,4663,28,,,2,33,,4664,28,,,2,76,,4665,28,,,2,34,,4666,28,,,2,104,,4667,28,,,2,90,,4670,28,,,2,92,,4671,28,,,2,98,,4672,28,,,2,108,,4668,28,,,2,93,,4669,28,,,2
3501,'72',706,,4673,28,,,2,100,,4674,28,,,2,101,,4675,28,,,2,100,,4676,28,,,2,100,,4677,28,,,2,101,,4678,28,,,2,106,,4679,28,,,2,102,,4680,28,,,2,101,,4681,28,,,2,100,,4682,28,,,2,92,,4683,28,,,2,97,,4684,28,,,2,96,,4685,28,,,2,110,,4686,28,,,2,98,,4687,28,,,2,98,,4688,28,,,2,98,,4689,28,,,2
3501,'73',907,,4690,28,,,2,100,,4691,28,,,2,100,,4692,28,,,2,101,,4693,28,,,2,106,,4694,28,,,2,102,,4695,28,,,2,101,,4696,28,,,2,100,,4697,28,,,2,92,,4698,28,,,2,97,,4699,28,,,2,96,,4700,28,,,2,103,,4701,28,,,2
35100,'15',721,,6307,27,,,2
35100,'84',721,,4953,27,,,2
35101,'85',1547,,4954,51,,,2
35500,'12',811,,6308,27,,,2
35500,'82',814,,4955,27,,,2
35501,'83',1700,,4956,61,,,2
5003601,'1',1655,,6393,28,,,2,64,,6392,28,,,2
