3400,'1',614,,6032,23,,,2,114,,6033,25,,,2,79,,6031,23,,,2,793,,6037,23,,,2,103,,6034,25,,,2,28,,6035,25,,,2,92,,6036,25,,,2
3400,'13',842,,6038,25,0,24 1 15,2
3400,'71',614,,4634,23,,,2,114,,4635,25,,,2,77,,4636,23,,,2,37,,4633,25,0,24 1 15,2,677,,4637,14,,,2,81,,4638,23,,,2,50,,4639,25,,,2,82,,4640,25,,,2,89,,4641,25,,,2
34501,'83',1640,,4950,42,,,2
5003400,'1',638,,6388,23,,,2,62,,6387,23,,,2
5003400,'71',638,,5039,23,,,2,21,,5038,23,,,2
2000003400,'2',722,,7742,23,,,2,85,,7743,25,,,2,46,,7744,25,,,2,85,,7745,25,,,2,87,,7746,25,,,2,86,,7747,25,,,2,45,,7748,25,,,2,88,,7749,25,,,2,171,,7750,25,,,2,43,,7751,25,,,2,87,,7752,25,,,2,83,,7753,25,,,2,90,,7754,25,,,2,82,,7755,25,,,2,41,,7756,25,,,2
2000003400,'3',807,,7757,23,,,2,46,,7758,25,,,2,85,,7759,25,,,2,87,,7760,25,,,2,86,,7761,25,,,2,45,,7762,25,,,2,88,,7763,25,,,2,171,,7764,25,,,2,43,,7765,25,,,2,87,,7766,25,,,2,83,,7767,25,,,2,90,,7768,25,,,2,82,,7769,25,,,2,41,,7770,25,,,2
2000003400,'72',722,,5682,23,,,2,85,,5683,25,,,2,45,,5684,25,,,2,85,,5685,25,,,2,85,,5686,25,,,2,86,,5687,25,,,2,45,,5688,25,,,2,85,,5689,25,,,2,174,,5690,25,,,2,41,,5691,25,,,2,92,,5692,25,,,2,78,,5693,25,,,2,93,,5694,25,,,2,38,,5695,25,,,2,87,,5696,25,,,2
2000003400,'73',807,,5697,23,,,2,45,,5698,25,,,2,85,,5699,25,,,2,85,,5700,25,,,2,86,,5701,25,,,2,45,,5702,25,,,2,85,,5703,25,,,2,174,,5704,25,,,2,41,,5705,25,,,2,92,,5706,25,,,2,78,,5707,25,,,2,93,,5708,25,,,2,38,,5709,25,,,2,87,,5710,25,,,2
