3101,'1',612,,6012,45,0,8 1 32,2,31,,6014,45,0,8 1 32,2,68,,6013,77,0,8 1 32,2,32,,6011,77,0,8 1 32,2,102,,6015,77,0,8 1 32,2,105,,6016,77,0,8 1 32,2,99,,6017,77,0,8 1 32,2,100,,6018,77,0,8 1 32,2,106,,6019,77,0,8 1 32,2,102,,6020,77,0,8 1 32,2,101,,6021,77,0,8 1 32,2,101,,6022,77,0,8 1 32,2,97,,6023,77,0,8 1 32,2,71,,6026,77,0,8 1 32,2,30,,6027,77,0,8 1 32,2,71,,6024,77,0,8 1 32,2,73,,6028,77,0,8 1 32,2,24,,6025,77,0,8 1 32,2,76,,6029,77,0,8 1 32,2
3400,'1',716,,6033,2,,,2,935,,6034,2,,,2,68,,6035,2,,,2,92,,6036,2,,,2
3400,'13',828,,6038,2,0,24 1 15,2
3400,'71',716,,4635,2,,,2,112,,4633,2,0,24 1 15,2,810,,4639,2,,,2,82,,4640,2,,,2,89,,4641,2,,,2
3701,'1',557,,6122,38,0,9,2,82,,6123,45,0,9,2,105,,6124,45,,,2,102,,6125,45,0,9,2,104,,6126,45,0,9,2,97,,6127,45,0,9,2,102,,6128,45,0,9,2,155,,6129,45,0,9,2,102,,6130,45,0,9,2,102,,6131,45,0,9,2,115,,6132,45,0,9,2,181,,6133,45,0,9,2,32,,6134,45,0,9,2,100,,6135,45,0,9,2,96,,6136,45,0,9,2,96,,6137,45,0,9,2,100,,6138,45,0,9,2,100,,6139,45,0,9,2,25,,6140,45,0,9,2
3701,'2',712,,6141,45,0,9,2,100,,6142,45,0,9,2,102,,6143,45,0,9,2,102,,6144,45,0,9,2,102,,6145,45,0,9,2,116,,6146,45,0,9,2,103,,6147,45,0,9,2,100,,6148,45,0,9,2,101,,6149,45,0,9,2,100,,6150,45,0,9,2,101,,6151,45,0,9,2,95,,6152,45,0,9,2,97,,6153,45,0,9,2,96,,6154,45,0,9,2,100,,6155,45,0,9,2,101,,6156,45,0,9,2,98,,6157,45,0,9,2,25,,6158,45,0,9,2
3701,'3',812,,6159,45,0,9,2,102,,6160,45,0,9,2,102,,6161,45,0,9,2,102,,6162,45,0,9,2,116,,6163,45,0,9,2,103,,6164,45,0,9,2,100,,6165,45,0,9,2,101,,6166,45,0,9,2,100,,6167,45,0,9,2,101,,6168,45,0,9,2,95,,6169,45,0,9,2,97,,6170,45,0,9,2
3701,'71',556,,4746,38,0,9,2,188,,4749,45,,,2,102,,4748,45,0,9,2,102,,4747,45,0,9,2,98,,4750,45,0,9,2,102,,4751,45,0,9,2,153,,4752,45,0,9,2,102,,4753,45,0,9,2,102,,4754,45,0,9,2,116,,4755,45,0,9,2,112,,4756,45,0,9,2,100,,4757,45,0,9,2,100,,4758,45,0,9,2,97,,4759,45,0,9,2,97,,4760,45,0,9,2,101,,4761,45,0,9,2,102,,4762,45,0,9,2,25,,4763,45,0,9,2
3701,'72',716,,4764,45,0,9,2,100,,4765,45,0,9,2,102,,4766,45,0,9,2,100,,4767,45,0,9,2,100,,4768,45,0,9,2,112,,4769,45,0,9,2,100,,4770,45,0,9,2,100,,4771,45,0,9,2,102,,4772,45,0,9,2,100,,4773,45,0,9,2,98,,4774,45,0,9,2,100,,4775,45,0,9,2,100,,4776,45,0,9,2,97,,4779,45,0,9,2,100,,4780,45,0,9,2,101,,4781,45,0,9,2,98,,4777,45,0,9,2,25,,4778,45,0,9,2
3701,'73',816,,4782,45,0,9,2,102,,4783,45,0,9,2,100,,4784,45,0,9,2,100,,4785,45,0,9,2,112,,4786,45,0,9,2,100,,4787,45,0,9,2,100,,4788,45,0,9,2,102,,4789,45,0,9,2,100,,4790,45,0,9,2,98,,4791,45,0,9,2,100,,4792,45,0,9,2,109,,4793,45,0,9,2
3800,'1',815,,6171,46,,,2,102,,6172,46,,,2,99,,6173,46,,,2,102,,6174,46,,,2,115,,6175,46,,,2,102,,6176,46,,,2,102,,6177,46,,,2,107,,6178,46,,,2,159,,6179,46,,,2,31,,6180,46,,,2,174,,6181,46,,,2,96,,6182,46,,,2,96,,6183,46,,,2,100,,6184,46,,,2,58,,6185,46,,,2
3800,'2',742,,6186,46,,,2,101,,6187,46,,,2,103,,6188,46,,,2,101,,6189,46,,,2,102,,6190,46,,,2,156,,6191,46,,,2,102,,6192,46,,,2,101,,6193,46,,,2,100,,6194,46,,,2,102,,6195,46,,,2,99,,6196,46,,,2,94,,6197,46,,,2,56,,6198,46,,,2,100,,6199,46,,,2,97,,6200,46,,,2,101,,6201,46,,,2
3800,'3',843,,6202,46,,,2,103,,6203,46,,,2,101,,6204,46,,,2,102,,6205,46,,,2,156,,6206,46,,,2,102,,6207,46,,,2,101,,6208,46,,,2,100,,6209,46,,,2,102,,6210,46,,,2,99,,6211,46,,,2,94,,6212,46,,,2,56,,6213,46,,,2
3800,'71',812,,4794,46,,,2,105,,4795,46,,,2,98,,4796,46,,,2,102,,4797,46,,,2,113,,4798,46,,,2,102,,4799,46,,,2,102,,4800,46,,,2,109,,4801,53,,,2,115,,4802,46,,,2,95,,4803,46,,,2,152,,4804,46,,,2,97,,4805,46,,,2,56,,4806,46,,,2,101,,4807,46,,,2,99,,4808,46,,,2
3800,'72',746,,4809,46,,,2,100,,4810,46,,,2,102,,4811,46,,,2,100,,4812,46,,,2,101,,4813,46,,,2,151,,4814,46,,,2,100,,4815,46,,,2,102,,4816,46,,,2,100,,4817,46,,,2,100,,4818,46,,,2,98,,4819,46,,,2,100,,4820,46,,,2,58,,4822,46,,,2,99,,4823,46,,,2,99,,4824,46,,,2,100,,4821,46,,,2
3800,'73',846,,4825,46,,,2,102,,4826,46,,,2,100,,4827,46,,,2,101,,4828,46,,,2,151,,4829,46,,,2,100,,4830,46,,,2,102,,4831,46,,,2,100,,4832,46,,,2,100,,4833,46,,,2,98,,4834,46,,,2,100,,4835,46,,,2,107,,4836,46,,,2
3900,'1',647,,6215,29,0,32,2,80,,6216,29,0,32,2,31,,6214,29,0,32,2
24100,'15',736,,6296,14,4,,2
24100,'84',736,,4937,14,4,,2
24200,'15',733,,6297,16,4,,2
24200,'84',733,,4939,16,4,,2
31100,'15',751,,6300,55,,,2
31100,'84',751,,4945,55,,,2
35100,'15',733,,6307,42,,,2
35500,'12',822,,6308,42,,,2
38100,'15',737,,6316,47,,,2
38100,'84',736,,4965,47,,,2
5003700,'1',652,,6395,49,,,2,76,,6394,49,,,2
5003700,'71',635,,5046,56,,,2,19,,5047,49,,,2,74,,5048,49,,,2
5003701,'1',1756,,6396,78,,,2
5003701,'71',1652,,5050,78,,,2,106,,5049,78,,,2
5003701,'81',1911,,5051,78,,,2
5003801,'1',1730,,6398,77,,,2,88,,6397,77,,,2
5003801,'71',1728,,5053,77,,,2,89,,5052,77,,,2
2000003101,'2',715,,7719,46,0,8 1 32,2,102,,7720,78,0,8 1 32,2,101,,7721,78,0,8 1 32,2,101,,7722,78,0,8 1 32,2,101,,7723,78,0,8 1 32,2,101,,7724,78,0,8 1 32,2,101,,7725,78,0,8 1 32,2,215,,7726,78,0,8 1 32,2,101,,7727,78,0,8 1 32,2,101,,7728,78,0,8 1 32,2,96,,7729,78,0,8 1 32,2
2000003101,'3',817,,7731,46,0,8 1 32,2,101,,7732,78,0,8 1 32,2,101,,7733,78,0,8 1 32,2,101,,7734,78,0,8 1 32,2,101,,7735,78,0,8 1 32,2,101,,7736,78,0,8 1 32,2,215,,7737,78,0,8 1 32,2,101,,7738,78,0,8 1 32,2,101,,7739,78,0,8 1 32,2,96,,7740,78,0,8 1 32,2
2000003400,'2',757,,7743,2,,,2,86,,7744,2,,,2,85,,7745,2,,,2,87,,7746,2,,,2,86,,7747,2,,,2,45,,7748,2,,,2,88,,7749,2,,,2,171,,7750,2,,,2,43,,7751,2,,,2,87,,7752,2,,,2,83,,7753,2,,,2,90,,7754,2,,,2,42,,7755,2,,,2,81,,7756,2,,,2
2000003400,'3',843,,7758,2,,,2,85,,7759,2,,,2,87,,7760,2,,,2,86,,7761,2,,,2,45,,7762,2,,,2,88,,7763,2,,,2,171,,7764,2,,,2,43,,7765,2,,,2,87,,7766,2,,,2,83,,7767,2,,,2,90,,7768,2,,,2,42,,7769,2,,,2,81,,7770,2,,,2
2000003400,'72',757,,5683,2,,,2,85,,5684,2,,,2,85,,5685,2,,,2,85,,5686,2,,,2,46,,5687,2,,,2,85,,5688,2,,,2,85,,5689,2,,,2,174,,5690,2,,,2,41,,5691,2,,,2,92,,5692,2,,,2,78,,5693,2,,,2,93,,5694,2,,,2,38,,5695,2,,,2,87,,5696,2,,,2
2000003400,'73',842,,5698,2,,,2,85,,5699,2,,,2,85,,5700,2,,,2,46,,5701,2,,,2,85,,5702,2,,,2,85,,5703,2,,,2,174,,5704,2,,,2,41,,5705,2,,,2,92,,5706,2,,,2,78,,5707,2,,,2,93,,5708,2,,,2,38,,5709,2,,,2,87,,5710,2,,,2
