3401,'1',637,,6039,24,,,2,67,,6040,24,,,2,97,,6041,25,,,2,748,,6042,24,,,2,90,,6043,24,,,2,97,,6044,24,,,2,66,,6045,24,,,2,46,,6046,24,,,2,68,,6047,24,,,2
3401,'14',1653,,6048,28,,,2
3401,'71',637,,4642,24,,,2,67,,4644,24,,,2,97,,4643,25,,,2,756,,4646,24,,,2,93,,4645,28,,,2,70,,4649,24,,,2,39,,4650,24,,,2,87,,4651,24,,,2,66,,4648,24,,,2
13101,'85',1513,,4865,4,,,2
5003401,'1',1701,,6389,36,,,2
5003401,'71',1701,,5040,36,,,2
2000003401,'2',750,,7771,24,,,2,85,,7772,24,,,2,85,,7773,24,,,2,85,,7774,24,,,2,49,,7775,24,,,2,85,,7776,24,,,2,88,,7777,24,,,2,81,,7778,24,,,2,134,,7779,24,,,2,86,,7780,24,,,2,84,,7781,24,,,2,88,,7782,24,,,2,44,,7783,24,,,2,81,,7784,24,,,2,82,,7785,24,,,2
2000003401,'3',835,,7786,24,,,2,85,,7787,24,,,2,85,,7788,24,,,2,49,,7789,24,,,2,85,,7790,24,,,2,88,,7791,24,,,2,81,,7792,24,,,2,134,,7793,24,,,2,86,,7794,24,,,2,84,,7795,24,,,2,88,,7796,24,,,2,44,,7797,24,,,2,81,,7798,24,,,2,82,,7799,24,,,2
2000003401,'72',750,,5711,24,,,2,85,,5712,24,,,2,84,,5713,24,,,2,85,,5714,24,,,2,47,,5715,24,,,2,85,,5716,24,,,2,85,,5717,24,,,2,85,,5718,24,,,2,130,,5719,24,,,2,92,,5720,24,,,2,79,,5721,24,,,2,93,,5722,24,,,2,37,,5723,24,,,2,88,,5724,24,,,2,77,,5725,24,,,2
2000003401,'73',835,,5726,24,,,2,84,,5727,24,,,2,85,,5728,24,,,2,47,,5729,24,,,2,85,,5730,24,,,2,85,,5731,24,,,2,85,,5732,24,,,2,130,,5733,24,,,2,92,,5734,24,,,2,79,,5735,24,,,2,93,,5736,24,,,2,37,,5737,24,,,2,88,,5738,24,,,2,77,,5739,24,,,2
