3701,'1',721,,826,6,,,2,105,,823,6,0,9,2,102,,824,6,0,9,2,97,,825,6,0,9,2,102,,827,6,0,9,2,112,,828,6,0,9,2,102,,829,6,0,9,2,104,,830,6,0,9,2,112,,831,6,0,9,2,155,,832,6,0,9,2,95,,833,6,0,9,2,104,,834,6,0,9,2,100,,835,6,0,9,2,97,,836,6,0,9,2,100,,837,6,0,9,2,100,,838,6,0,9,2,28,,839,6,0,9,2
3701,'3',612,,841,6,0,9,2,109,,842,6,0,9,2,105,,843,6,0,9,2,102,,844,6,0,9,2,97,,845,6,0,9,2,102,,846,6,0,9,2,112,,847,6,0,9,2,102,,848,6,0,9,2,104,,849,6,0,9,2,112,,850,6,0,9,2,155,,851,6,0,9,2,95,,852,6,0,9,2,104,,853,6,0,9,2,100,,854,6,0,9,2,97,,855,6,0,9,2,100,,856,6,0,9,2,100,,857,6,0,9,2,28,,858,6,0,9,2
3701,'4',612,,860,6,0,9,2,109,,861,6,0,9,2,105,,862,6,0,9,2,102,,863,6,0,9,2,97,,864,6,0,9,2,102,,865,6,0,9,2,112,,866,6,0,9,2,102,,867,6,0,9,2,104,,868,6,0,9,2,112,,869,6,0,9,2,155,,870,6,0,9,2,95,,871,6,0,9,2,104,,872,6,0,9,2,100,,873,6,0,9,2,97,,874,6,0,9,2,100,,875,6,0,9,2,100,,876,6,0,9,2,28,,877,6,0,9,2
3701,'6',656,,878,6,0,9,2,100,,879,6,0,9,2,102,,880,6,0,9,2,100,,881,6,0,9,2,100,,882,6,0,9,2,152,,883,6,0,9,2,100,,884,6,0,9,2,100,,885,6,0,9,2,102,,886,6,0,9,2,100,,887,6,0,9,2,98,,889,6,0,9,2,100,,890,6,0,9,2,105,,888,6,0,9,2,92,,891,6,0,9,2,100,,892,6,0,9,2,101,,893,6,0,9,2,98,,894,6,0,9,2,28,,895,6,0,9,2
3701,'8',756,,896,6,0,9,2,102,,897,6,0,9,2,100,,898,6,0,9,2,100,,899,6,0,9,2,152,,900,6,0,9,2,100,,901,6,0,9,2,100,,902,6,0,9,2,102,,903,6,0,9,2,100,,904,6,0,9,2,98,,907,6,0,9,2,100,,905,6,0,9,2,105,,906,6,0,9,2
3800,'1',753,,908,6,,,2,104,,909,6,,,2,97,,910,6,,,2,102,,911,6,,,2,152,,912,6,,,2,102,,913,6,,,2,102,,914,6,,,2,109,,915,13,,,2,116,,916,6,,,2,94,,917,6,,,2,111,,918,6,,,2,101,,919,6,,,2,96,,920,6,,,2,101,,921,6,,,2,96,,922,6,,,2
3800,'3',753,,923,6,,,2,104,,924,6,,,2,97,,925,6,,,2,102,,926,6,,,2,152,,927,6,,,2,102,,928,6,,,2,102,,929,6,,,2,109,,930,6,,,2,116,,931,6,,,2,94,,932,6,,,2,111,,933,6,,,2,101,,934,6,,,2,96,,935,6,,,2,101,,936,6,,,2,96,,937,6,,,2
3800,'4',753,,938,6,,,2,104,,939,6,,,2,97,,940,6,,,2,102,,941,6,,,2,152,,942,6,,,2,102,,943,6,,,2,102,,944,6,,,2,109,,945,6,,,2,116,,946,6,,,2,94,,947,6,,,2,111,,948,6,,,2,101,,949,6,,,2,96,,950,6,,,2,101,,951,6,,,2,96,,952,6,,,2
3800,'6',726,,953,6,,,2,100,,954,6,,,2,102,,955,6,,,2,100,,956,6,,,2,101,,957,6,,,2,111,,958,6,,,2,100,,959,6,,,2,102,,960,6,,,2,100,,961,6,,,2,100,,962,6,,,2,98,,963,6,,,2,100,,964,6,,,2,97,,965,6,,,2,100,,966,6,,,2,99,,967,6,,,2,100,,968,6,,,2
3800,'8',826,,969,6,,,2,102,,970,6,,,2,100,,971,6,,,2,101,,972,6,,,2,111,,973,6,,,2,100,,974,6,,,2,102,,975,6,,,2,100,,976,6,,,2,100,,977,6,,,2,98,,980,6,,,2,100,,978,6,,,2,103,,979,6,,,2
31101,'15',1520,,1151,13,,,2
37501,'13',1642,,1163,7,,,2
38001,'1',538,,1173,12,,,2,87,,1174,12,,,2,22,,1175,12,,,2
38001,'3',538,,1176,12,,,2,87,,1177,12,,,2,22,,1178,12,,,2
38001,'4',538,,1179,12,,,2,87,,1180,12,,,2,22,,1181,12,,,2
38101,'15',1520,,1183,13,,,2
38501,'13',1641,,1185,7,,,2
5003700,'1',612,,1355,6,,,2,18,,1356,6,,,2,74,,1358,6,,,2,31,,1359,6,,,2,68,,1357,6,,,2
5003700,'3',630,,1361,6,,,2,74,,1360,6,,,2
5003700,'4',630,,1362,6,,,2,74,,1363,6,,,2
5003701,'1',1621,,1365,28,,,2,103,,1364,28,,,2,110,,1366,28,,,2
5003701,'3',1716,,1367,28,,,2
5003701,'4',1717,,1368,28,,,2,114,,1369,28,,,2
5003801,'1',1700,,1371,28,,,2,45,,1370,28,,,2
5003801,'3',1646,,1373,28,,,2,90,,1372,28,,,2
5003801,'4',1653,,1375,28,,,2,84,,1374,28,,,2
