1100,'1',618,,5748,50,,,1,34,,5754,50,,,1,68,,5749,50,,,1,34,,5755,50,,,1,70,,5750,50,,,1,18,,5751,50,,,1,70,,5756,50,,,1,34,,5752,50,,,1,70,,5757,50,,,1,35,,5758,50,,,1,70,,5761,50,,,1,33,,5759,50,,,1,70,,5762,50,,,1,77,,5760,50,,,1,30,,5763,50,,,1,88,,5764,50,,,1,30,,5766,50,,,1,75,,5765,50,,,1,30,,5767,50,,,1,85,,5770,50,,,1,62,,5768,50,,,1,22,,5772,50,,,1,26,,5771,50,,,1,76,,5773,50,,,1,28,,5769,50,,,1,70,,5774,50,,,1,100,,5775,50,,,1,100,,5776,50,,,1,100,,5777,50,,,1,100,,5778,50,,,1
1100,'2',720,,5779,50,,,1,102,,5780,50,,,1,100,,5781,50,,,1,102,,5782,50,,,1,100,,5783,50,,,1,100,,5784,50,,,1,101,,5785,50,,,1,99,,5786,50,,,1,100,,5787,50,,,1,100,,5788,50,,,1,99,,5789,50,,,1,100,,5790,50,,,1,99,,5792,50,,,1,100,,5793,50,,,1,100,,5791,50,,,1,100,,5795,50,,,1,100,,5794,50,,,1
1100,'3',922,,5796,50,,,1,102,,5797,50,,,1,100,,5798,50,,,1,100,,5799,50,,,1,101,,5800,50,,,1,99,,5801,50,,,1,100,,5802,50,,,1,100,,5803,50,,,1,99,,5804,50,,,1,100,,5805,50,,,1
1100,'71',618,,4339,50,,,1,34,,4343,50,,,1,68,,4340,50,,,1,34,,4344,50,,,1,70,,4341,50,,,1,18,,4345,50,,,1,70,,4350,50,,,1,34,,4346,50,,,1,70,,4351,50,,,1,35,,4347,50,,,1,70,,4352,50,,,1,33,,4348,50,,,1,70,,4353,50,,,1,77,,4349,50,,,1,30,,4354,50,,,1,88,,4358,50,,,1,30,,4355,50,,,1,75,,4359,50,,,1,30,,4356,50,,,1,83,,4360,51,,,1,64,,4357,50,,,1,22,,4363,50,,,1,26,,4361,50,,,1,76,,4364,50,,,1,28,,4362,50,,,1,70,,4365,50,,,1,100,,4366,50,,,1,100,,4367,50,,,1,100,,4368,50,,,1,100,,4369,50,,,1
1100,'72',720,,4370,50,,,1,102,,4371,50,,,1,100,,4372,50,,,1,102,,4373,50,,,1,100,,4374,50,,,1,100,,4375,50,,,1,101,,4376,50,,,1,99,,4377,50,,,1,100,,4378,50,,,1,100,,4379,50,,,1,99,,4380,50,,,1,100,,4381,50,,,1,99,,4384,50,,,1,100,,4382,50,,,1,100,,4383,50,,,1,100,,4386,50,,,1,100,,4385,50,,,1
1100,'73',922,,4387,50,,,1,102,,4388,50,,,1,100,,4389,50,,,1,100,,4390,50,,,1,101,,4391,50,,,1,99,,4392,50,,,1,100,,4393,50,,,1,100,,4394,50,,,1,99,,4395,50,,,1,100,,4396,50,,,1
11900,'16',848,,6228,29,,,2
11900,'87',848,,4854,29,,,2
1200000101,'1',1515,,7148,9,,,1,30,,7149,9,,,1,67,,7150,9,,,1,38,,7151,9,,,1
1200000101,'71',1515,,5070,9,,,1,30,,5071,9,,,1,67,,5069,9,,,1,40,,5072,9,,,1
1200000400,'1',634,,7629,14,,,1,15,,7630,14,,,1
1200000400,'71',634,,5565,14,,,1,15,,5566,14,,,1,55,,5567,14,,,1,16,,5564,14,,,1
