'37',905211700,174200,4,'',2,6000,4,'',2,2000,4,'',2,2000,4,'',2,6000,4,'',2,2000,4,'',2,2000,4,'',2,6000,4,'',2,2000,4,'',2,2000,4,'',2,6000,4,'',2,2000,4,'',2,2000,4,'',2
'37',905211701,175000,,'',2,6000,,'',2,2000,,'',2,2000,,'',2,6000,,'',2,2000,,'',2,2000,,'',2,6000,,'',2,2000,,'',2,2000,,'',2,6000,,'',2,9000,,'',2,3000,,'',2,8000,,'',2,500,,'',2
'38',905211700,174200,4,'',2,6000,4,'',2,2000,4,'',2,2000,4,'',2,6000,4,'',2,2000,4,'',2,2000,4,'',2,6000,4,'',2,2000,4,'',2,2000,4,'',2,6000,4,'',2,2000,4,'',2,2000,4,'',2
'38',905211701,175000,,'',2,6000,,'',2,2000,,'',2,2000,,'',2,6000,,'',2,2000,,'',2,2000,,'',2,6000,,'',2,2000,,'',2,2000,,'',2,6000,,'',2,9000,,'',2,3000,,'',2,10000,,'',2,500,,'',2
'37',905251700,174000,4,'',2,6000,4,'',2,2000,4,'',2,2000,4,'',2,6000,4,'',2,2000,4,'',2,2000,4,'',2,6000,4,'',2,2000,4,'',2,2000,4,'',2,6000,4,'',2,2000,4,'',2
'37',905251701,174000,,'',2,6000,,'',2,2000,,'',2,2000,,'',2,6000,,'',2,2000,,'',2,2000,,'',2,6000,,'',2,2000,,'',2,2000,,'',2,6000,,'',2,2000,,'',2,8000,,'',2,3000,,'',2,8000,,'',2
'38',905251700,174000,4,'',2,6000,4,'',2,2000,4,'',2,2000,4,'',2,6000,4,'',2,2000,4,'',2,2000,4,'',2,6000,4,'',2,2000,4,'',2,2000,4,'',2,6000,4,'',2,2000,4,'',2
'38',905251701,174000,,'',2,6000,,'',2,2000,,'',2,2000,,'',2,6000,,'',2,2000,,'',2,2000,,'',2,6000,,'',2,2000,,'',2,2000,,'',2,6000,,'',2,2000,,'',2,8000,,'',2,3000,,'',2,10000,,'',2
'37',905291700,181300,4,'',2,3000,4,'',2,7000,4,'',2,3000,4,'',2,7000,4,'',2,3000,4,'',2,7000,4,'',2,3000,4,'',2
'37',905291701,183000,,'',2,7000,,'',2,3000,,'',2,7000,,'',2,3000,,'',2,7000,,'',2,3000,,'',2,7000,,'',2,3000,,'',2,8000,,'',2,500,,'',2
'38',905291700,181300,4,'',2,3000,4,'',2,7000,4,'',2,3000,4,'',2,7000,4,'',2,3000,4,'',2,7000,4,'',2,3000,4,'',2
'38',905291701,183000,,'',2,7000,,'',2,3000,,'',2,7000,,'',2,3000,,'',2,7000,,'',2,3000,,'',2,7000,,'',2,3000,,'',2,10000,,'',2,500,,'',2
'37',905311700,174500,4,'',2,6000,4,'',2,2000,4,'',2,2000,4,'',2,6000,4,'',2,2000,4,'',2,2000,4,'',2,6000,4,'',2,2000,4,'',2,2000,4,'',2,6000,4,'',2,2000,4,'',2,2000,4,'',2
'37',905311701,175000,,'',2,6000,,'',2,2000,,'',2,2000,,'',2,6000,,'',2,2000,,'',2,2000,,'',2,6000,,'',2,2000,,'',2,2000,,'',2,6000,,'',2,9000,,'',2,3000,,'',2,8000,,'',2,500,,'',2
'38',905311700,174500,4,'',2,6000,4,'',2,2000,4,'',2,2000,4,'',2,6000,4,'',2,2000,4,'',2,2000,4,'',2,6000,4,'',2,2000,4,'',2,2000,4,'',2,6000,4,'',2,2000,4,'',2,2000,4,'',2
'38',905311701,175000,,'',2,6000,,'',2,2000,,'',2,2000,,'',2,6000,,'',2,2000,,'',2,2000,,'',2,6000,,'',2,2000,,'',2,2000,,'',2,6000,,'',2,9000,,'',2,3000,,'',2,10000,,'',2,500,,'',2
