2301,'1',633,,5973,26,,,2,70,,5974,26,,,2,110,,5976,26,,,2,41,,5953,26,,,2,72,,5977,26,,,2,23,,5954,26,,,2,81,,5955,26,,,2,70,,5957,26,,,2,30,,5956,26,,,2,76,,5958,39,,,2,31,,5959,39,,,2,70,,5961,39,,,2,30,,5960,39,,,2,70,,5962,39,,,2,31,,5963,39,,,2,71,,5966,39,,,2,91,,5964,39,,,2,28,,5967,39,,,2,76,,5965,39,,,2,101,,5968,39,,,2,26,,5975,39,,,2,77,,5969,39,,,2,102,,5970,39,,,2,90,,5971,39,,,2,114,,5972,39,,,2
2301,'2',710,,5980,26,,,2,100,,5981,26,,,2,101,,5982,26,,,2,102,,5983,26,,,2,102,,5984,26,,,2,108,,5985,39,,,2,101,,5986,39,,,2,101,,5987,39,,,2,100,,5988,39,,,2,100,,5989,39,,,2,101,,5990,39,,,2,97,,5991,39,,,2
2301,'3',810,,5992,26,,,2,101,,5993,26,,,2,102,,5994,26,,,2,102,,5995,26,,,2,108,,5996,39,,,2,101,,5997,39,,,2,101,,5998,39,,,2,100,,5999,39,,,2,100,,6000,39,,,2,101,,6001,39,,,2,97,,6002,39,,,2
2301,'71',633,,4569,26,,,2,70,,4577,26,,,2,110,,4578,26,,,2,38,,4555,26,,,2,72,,4559,26,,,2,29,,4556,26,,,2,75,,4560,26,,,2,31,,4557,26,,,2,70,,4561,26,,,2,76,,4558,39,,,2,30,,4562,39,,,2,71,,4564,39,,,2,30,,4563,39,,,2,70,,4565,39,,,2,30,,4566,39,,,2,74,,4576,39,,,2,42,,4567,39,,,2,108,,4568,43,,,2,143,,4570,39,,,2,31,,4575,39,,,2,75,,4571,39,,,2,100,,4572,39,,,2,92,,4573,39,,,2,114,,4574,39,,,2
2301,'72',725,,4579,26,,,2,100,,4580,26,,,2,101,,4581,26,,,2,102,,4582,26,,,2,100,,4583,26,,,2,106,,4584,39,,,2,102,,4585,39,,,2,101,,4586,39,,,2,101,,4587,39,,,2,100,,4588,39,,,2,102,,4589,39,,,2,96,,4590,39,,,2
2301,'73',825,,4591,26,,,2,101,,4592,26,,,2,102,,4593,26,,,2,100,,4594,26,,,2,106,,4595,39,,,2,102,,4596,39,,,2,101,,4597,39,,,2,101,,4598,39,,,2,100,,4599,39,,,2,102,,4600,39,,,2,96,,4601,39,,,2
23100,'15',700,,6293,3,,,2
23100,'84',700,,4931,3,,,2
23101,'85',1538,,4932,50,,,2
23500,'12',749,,6295,14,,,2
23500,'82',749,,4935,14,,,2
23501,'83',1705,,4936,36,,,2
5002301,'1',1713,,6382,49,,,2,24,,6381,49,,,2
5002301,'71',1627,,5032,49,,,2,86,,5031,49,,,2,24,,5030,49,,,2
