3701,'71',718,,4749,3,,,2,105,,4748,3,0,9,2,102,,4747,3,0,9,2,98,,4750,3,0,9,2,102,,4751,3,0,9,2,113,,4752,3,0,9,2,102,,4753,3,0,9,2,102,,4754,3,0,9,2,115,,4755,3,0,9,2,153,,4756,3,0,9,2,100,,4757,3,0,9,2,101,,4758,3,0,9,2,97,,4759,3,0,9,2,97,,4760,3,0,9,2,101,,4761,3,0,9,2,102,,4762,3,0,9,2,28,,4763,3,0,9,2
3701,'72',654,,4764,3,0,9,2,100,,4765,3,0,9,2,102,,4766,3,0,9,2,100,,4767,3,0,9,2,100,,4768,3,0,9,2,152,,4769,3,0,9,2,100,,4770,3,0,9,2,100,,4771,3,0,9,2,102,,4772,3,0,9,2,100,,4773,3,0,9,2,98,,4774,3,0,9,2,100,,4775,3,0,9,2,100,,4776,3,0,9,2,97,,4779,3,0,9,2,100,,4780,3,0,9,2,101,,4781,3,0,9,2,98,,4777,3,0,9,2,28,,4778,3,0,9,2
3701,'73',754,,4782,3,0,9,2,102,,4783,3,0,9,2,100,,4784,3,0,9,2,100,,4785,3,0,9,2,152,,4786,3,0,9,2,100,,4787,3,0,9,2,100,,4788,3,0,9,2,102,,4789,3,0,9,2,100,,4790,3,0,9,2,98,,4791,3,0,9,2,100,,4792,3,0,9,2,109,,4793,3,0,9,2
3800,'71',748,,4794,3,,,2,106,,4795,3,,,2,98,,4796,3,,,2,102,,4797,3,,,2,153,,4798,3,,,2,102,,4799,3,,,2,102,,4800,3,,,2,107,,4801,10,,,2,117,,4802,3,,,2,96,,4803,3,,,2,112,,4804,3,,,2,97,,4805,3,,,2,96,,4806,3,,,2,101,,4807,3,,,2,99,,4808,3,,,2
3800,'72',724,,4809,3,,,2,100,,4810,3,,,2,102,,4811,3,,,2,100,,4812,3,,,2,101,,4813,3,,,2,111,,4814,3,,,2,100,,4815,3,,,2,102,,4816,3,,,2,100,,4817,3,,,2,100,,4818,3,,,2,98,,4819,3,,,2,100,,4820,3,,,2,98,,4822,3,,,2,99,,4823,3,,,2,99,,4824,3,,,2,100,,4821,3,,,2
3800,'73',824,,4825,3,,,2,102,,4826,3,,,2,100,,4827,3,,,2,101,,4828,3,,,2,111,,4829,3,,,2,100,,4830,3,,,2,102,,4831,3,,,2,100,,4832,3,,,2,100,,4833,3,,,2,98,,4834,3,,,2,100,,4835,3,,,2,107,,4836,3,,,2
24101,'85',1513,,4938,10,,,2
24201,'85',1513,,4940,10,,,2
31101,'85',1517,,4946,10,,,2
38101,'85',1517,,4966,10,,,2
5003700,'71',604,,5046,3,,,2,23,,5047,3,,,2,74,,5048,3,,,2
5003701,'71',1615,,5050,23,,,2,108,,5049,23,,,2
5003701,'81',1836,,5051,23,,,2
5003801,'71',1657,,5053,23,,,2,90,,5052,23,,,2
