11100,'86',752,,4850,74,,,2
13100,'84',747,,4864,66,,,2
32501,'83',1624,,4948,26,,,2
35501,'83',1631,,4956,23,,,2
5004200,'81',659,,5054,16,,,2
1200000101,'71',1545,,5070,42,,,1,72,,5071,42,,,1,31,,5069,42,,,1,73,,5072,42,,,1
1200000200,'71',547,,5075,16,,,1,55,,5074,38,,,1,15,,5078,38,,,1,8,,5082,16,,,1,7,,5080,38,,,1,17,,5081,38,,,1,55,,5077,38,,,1,16,,5085,38,,,1,17,,5073,38,,,1,15,,5087,38,,,1,55,,5076,38,,,1,14,,5089,38,,,1,14,,5083,38,,,1,15,,5090,38,,,1,59,,5079,38,,,1,14,,5091,38,,,1,17,,5084,38,,,1,17,,5086,38,,,1,54,,5092,38,,,1,15,,5088,38,,,1,15,,5094,38,,,1,15,,5095,38,,,1,55,,5096,38,,,1,15,,5098,38,,,1,15,,5099,38,,,1,15,,5101,38,,,1,55,,5102,38,,,1,15,,5103,38,,,1,16,,5093,38,,,1,15,,5105,38,,,1,55,,5106,38,,,1,15,,5107,38,,,1,14,,5097,38,,,1,15,,5104,38,,,1,55,,5100,38,,,1,21,,5108,38,,,1,12,,5109,38,,,1,56,,5110,38,,,1,15,,5111,38,,,1,15,,5112,38,,,1,12,,5113,38,,,1,14,,5115,38,,,1,55,,5117,38,,,1,15,,5119,38,,,1,9,,5121,25,,,1,8,,5120,38,,,1,12,,5122,38,,,1,55,,5125,38,,,1,17,,5126,38,,,1,14,,5123,38,,,1,15,,5124,38,,,1,54,,5116,38,,,1,15,,5114,38,,,1,15,,5128,38,,,1,15,,5118,38,,,1,70,,5129,38,,,1,30,,5127,38,,,1,70,,5133,38,,,1,30,,5135,38,,,1,69,,5136,38,,,1,32,,5130,38,,,1,70,,5132,38,,,1,32,,5134,38,,,1,66,,5137,38,,,1,30,,5131,38,0,14,1
1200000200,'72',726,,5139,38,,,1,30,,5142,38,,,1,70,,5143,38,,,1,30,,5144,38,,,1,70,,5138,38,,,1,30,,5141,38,,,1,70,,5140,38,,,1,30,,5145,38,,,1,70,,5146,38,,,1,31,,5148,38,,,1,69,,5147,38,,,1,30,,5150,38,,,1,70,,5151,38,,,1,30,,5152,38,,,1,70,,5153,38,,,1,30,,5154,38,,,1,70,,5149,38,,,1,30,,5156,38,,,1,70,,5155,38,,,1,30,,5159,38,,,1,70,,5158,38,,,1,31,,5161,38,,,1,68,,5162,38,,,1,29,,5163,38,,,1,70,,5165,38,,,1,31,,5157,38,,,1,69,,5167,38,,,1,29,,5168,38,,,1,70,,5164,38,,,1,30,,5166,38,,,1,70,,5160,38,,,1,30,,5169,38,,,1,70,,5170,38,,,1
1200000200,'73',726,,5171,38,,,1,30,,5173,38,,,1,70,,5174,38,,,1,30,,5175,38,,,1,70,,5176,38,,,1,30,,5172,38,,,1,70,,5177,38,,,1,30,,5179,38,,,1,70,,5178,38,,,1,31,,5181,38,,,1,69,,5180,38,,,1,30,,5183,38,,,1,70,,5184,38,,,1,30,,5185,38,,,1,70,,5186,38,,,1,30,,5188,38,,,1,70,,5182,38,,,1,30,,5191,38,,,1,70,,5189,38,,,1,30,,5193,38,,,1,70,,5192,38,,,1,31,,5195,38,,,1,68,,5196,38,,,1,29,,5197,38,,,1,70,,5187,38,,,1,31,,5194,38,,,1,69,,5190,38,,,1
1200000200,'89',640,,5198,16,,,1,61,,5200,16,,,1,47,,5199,7,,,1
1200000400,'71',656,,5565,40,,,1,56,,5566,40,,,1,16,,5567,40,,,1,16,,5564,40,,,1
2000000201,'71',707,,5598,32,4,,2,30,,5599,32,4,,2,70,,5600,32,4,,2,28,,5601,32,4,,2,772,,5602,32,4,,2,30,,5603,32,4,,2,70,,5604,32,4,,2,30,,5605,32,4,,2,68,,5606,32,4,,2
