1100,'1',553,,5748,2,,,1,73,,5754,2,,,1,28,,5749,2,,,1,74,,5755,2,,,1,30,,5750,2,,,1,58,,5751,2,,,1,30,,5756,2,,,1,74,,5752,2,,,1,30,,5757,2,,,1,75,,5758,2,,,1,30,,5761,2,,,1,73,,5759,2,,,1,30,,5762,2,,,1,77,,5760,2,,,1,70,,5763,2,,,1,48,,5764,2,,,1,70,,5766,2,,,1,35,,5765,2,,,1,70,,5767,2,,,1,84,,5770,2,,,1,24,,5768,2,,,1,22,,5772,2,,,1,66,,5771,2,,,1,76,,5773,2,,,1,28,,5769,2,,,1,30,,5774,2,,,1,100,,5775,2,,,1,100,,5776,2,,,1,100,,5777,2,,,1,100,,5778,2,,,1
1100,'2',655,,5779,2,,,1,101,,5780,2,,,1,101,,5781,2,,,1,101,,5782,2,,,1,100,,5783,2,,,1,100,,5784,2,,,1,101,,5785,2,,,1,99,,5786,2,,,1,100,,5787,2,,,1,100,,5788,2,,,1,100,,5789,2,,,1,100,,5790,2,,,1,100,,5792,2,,,1,100,,5793,2,,,1,100,,5791,2,,,1,100,,5795,2,,,1,100,,5794,2,,,1
1100,'3',857,,5796,2,,,1,101,,5797,2,,,1,100,,5798,2,,,1,100,,5799,2,,,1,101,,5800,2,,,1,99,,5801,2,,,1,100,,5802,2,,,1,100,,5803,2,,,1,100,,5804,2,,,1,100,,5805,2,,,1
1100,'71',553,,4339,2,,,1,73,,4343,2,,,1,28,,4340,2,,,1,74,,4344,2,,,1,30,,4341,2,,,1,58,,4345,2,,,1,30,,4350,2,,,1,74,,4346,2,,,1,30,,4351,2,,,1,75,,4347,2,,,1,30,,4352,2,,,1,73,,4348,2,,,1,30,,4353,2,,,1,77,,4349,2,,,1,70,,4354,2,,,1,48,,4358,2,,,1,70,,4355,2,,,1,35,,4359,2,,,1,70,,4356,2,,,1,80,,4360,3,,,1,28,,4357,2,,,1,22,,4363,2,,,1,66,,4361,2,,,1,76,,4364,2,,,1,28,,4362,2,,,1,30,,4365,2,,,1,100,,4366,2,,,1,100,,4367,2,,,1,100,,4368,2,,,1,100,,4369,2,,,1
1100,'72',655,,4370,2,,,1,101,,4371,2,,,1,101,,4372,2,,,1,101,,4373,2,,,1,100,,4374,2,,,1,100,,4375,2,,,1,101,,4376,2,,,1,99,,4377,2,,,1,100,,4378,2,,,1,100,,4379,2,,,1,100,,4380,2,,,1,100,,4381,2,,,1,100,,4384,2,,,1,100,,4382,2,,,1,100,,4383,2,,,1,100,,4386,2,,,1,100,,4385,2,,,1
1100,'73',857,,4387,2,,,1,101,,4388,2,,,1,100,,4389,2,,,1,100,,4390,2,,,1,101,,4391,2,,,1,99,,4392,2,,,1,100,,4393,2,,,1,100,,4394,2,,,1,100,,4395,2,,,1,100,,4396,2,,,1
1301,'1',633,,5816,11,,,2,77,,5818,11,,,2,93,,5817,11,,,2,806,,5819,11,,,2,16,,5820,11,,,2,80,,5822,11,,,2,30,,5821,11,,,2
1301,'71',648,,4409,11,,,2,82,,4410,11,,,2,73,,4408,11,,,2,806,,4413,11,,,2,16,,4411,11,,,2,80,,4414,11,,,2,30,,4412,11,,,2
11501,'83',1613,,4853,4,,,2
12501,'83',1608,,4857,4,,,2
12601,'83',1616,,4859,4,,,2
12701,'83',1608,,4861,4,,,2
13601,'83',1614,,4868,4,,,2
13801,'83',1609,,4871,4,,,2
15601,'83',1610,,4876,4,,,2
22501,'83',1617,,4928,4,,,2
23501,'83',1612,,4936,4,,,2
24501,'83',1613,,4942,4,,,2
24601,'83',1613,,4944,4,,,2
32501,'83',1608,,4948,4,,,2
34501,'83',1609,,4950,4,,,2
35501,'83',1613,,4956,4,,,2
37501,'83',1617,,4958,4,,,2
38501,'83',1616,,4968,4,,,2
1001101,'1',553,,6326,3,,,1,71,,6323,3,,,1,30,,6327,3,,,1,72,,6324,3,,,1,24,,6320,3,,,1,81,,6325,3,,,1,26,,6321,3,0,12 13,1,58,,6328,3,,,1,30,,6329,3,,,1,75,,6333,3,,,1,30,,6330,3,,,1,75,,6334,3,,,1,30,,6331,3,,,1,73,,6335,3,,,1,30,,6332,3,,,1,77,,6336,3,,,1,70,,6338,3,,,1,48,,6337,3,,,1,70,,6339,3,,,1,85,,6341,3,,,1,26,,6340,3,,,1,23,,6344,3,,,1,67,,6342,3,,,1,34,,6345,3,,,1,69,,6343,3,,,1,31,,6346,3,,,1,100,,6347,3,,,1,100,,6348,3,,,1,100,,6349,3,,,1,100,,6350,3,0,12 13,1
1001101,'2',755,,6352,3,,,1,101,,6353,3,,,1,101,,6354,3,,,1,100,,6355,3,,,1,98,,6359,3,,,1,100,,6360,3,,,1,101,,6358,3,,,1,100,,6356,3,,,1,100,,6357,3,,,1,100,,6361,3,,,1,101,,6362,3,,,1,100,,6363,3,,,1,100,,6364,3,,,1,100,,6365,3,,,1,100,,6366,3,,,1,100,,6367,3,0,12 13,1
1001101,'3',957,,6369,3,,,1,100,,6372,3,,,1,98,,6373,3,,,1,100,,6370,3,,,1,101,,6371,3,,,1,100,,6374,3,,,1,100,,6375,3,,,1,100,,6376,3,,,1,101,,6377,3,,,1
1001101,'71',553,,4973,3,,,1,71,,4970,3,,,1,30,,4974,3,,,1,72,,4971,3,,,1,24,,4976,3,,,1,81,,4972,3,,,1,26,,4977,3,0,12 13,1,58,,4978,3,,,1,30,,4975,3,,,1,75,,4979,3,,,1,30,,4982,3,,,1,75,,4980,3,,,1,30,,4983,3,,,1,73,,4981,3,,,1,30,,4984,3,,,1,77,,4986,3,,,1,70,,4985,3,,,1,48,,4987,3,,,1,70,,4989,3,,,1,85,,4988,3,,,1,26,,4990,3,,,1,23,,4993,3,,,1,67,,4991,3,,,1,34,,4994,3,,,1,69,,4992,3,,,1,31,,4995,3,,,1,100,,4996,3,,,1,100,,4997,3,,,1,100,,4998,3,,,1,100,,4999,3,0,12 13,1
1001101,'72',755,,5000,3,,,1,101,,5001,3,,,1,101,,5002,3,,,1,100,,5004,3,,,1,98,,5005,3,,,1,100,,5006,3,,,1,101,,5007,3,,,1,100,,5008,3,,,1,100,,5009,3,,,1,100,,5010,3,,,1,101,,5011,3,,,1,100,,5012,3,,,1,100,,5013,3,,,1,100,,5014,3,,,1,100,,5015,3,,,1,100,,5016,3,0,12 13,1
1001101,'73',957,,5018,3,,,1,100,,5019,3,,,1,98,,5020,3,,,1,100,,5021,3,,,1,101,,5022,3,,,1,100,,5023,3,,,1,100,,5024,3,,,1,100,,5025,3,,,1,101,,5026,3,,,1
