1301,'1',640,,5816,18,,,2,77,,5818,18,,,2,94,,5817,18,,,2,809,,5819,18,,,2,14,,5820,18,,,2,79,,5822,18,,,2,30,,5821,18,,,2
1301,'71',652,,4409,18,,,2,83,,4410,18,,,2,73,,4408,18,,,2,809,,4413,18,,,2,15,,4411,18,,,2,78,,4414,18,,,2,30,,4412,18,,,2
1301,'88',1633,,4415,4,,,2
1500,'1',614,,5823,41,,,2,29,,5825,41,,,2,69,,5827,41,,,2,30,,5826,44,,,2,71,,5829,44,,,2
1500,'71',614,,4416,42,,,2,29,,4417,42,,,2,69,,4421,42,,,2,32,,4420,41,,,2,69,,4418,41,,,2,727,,4428,41,,,2,61,,4429,10,,,2,36,,4426,41,,,2,77,,4431,42,,,2,27,,4430,41,,,2
1600,'1',1534,,5851,25,,,2,67,,5854,10,,,2,34,,5850,28,,,2,79,,5852,28,,,2,25,,5855,28,,,2
20000,'71',921,,4882,23,,,2,28,,4879,23,,,2,66,,4881,23,,,2,29,,4880,23,,,2,689,,4883,11,,,2,273,,4884,11,,,2,134,,4886,11,,,2,218,,4885,11,,,2
20000,'72',2354,,4887,11,,,2
21000,'71',1122,,4899,27,,,2,36,,4900,27,,,2,246,,4902,27,,,2,39,,4901,27,,,2,277,,4903,27,,,2,18,,4907,27,,,2,68,,4905,27,,,2,27,,4904,27,,,2,81,,4906,27,,,2,132,,4908,27,,,2
35000,'71',914,,4951,10,,,2
38000,'71',1712,,4961,24,,,2,42,,4960,24,,,2,79,,4959,24,,,2
1200000100,'1',700,,7141,79,,,1,33,,7142,79,,,1,22,,7143,79,,,1,68,,7146,79,0,16 1 17,1,29,,7144,79,,,1
1200000100,'71',657,,5061,79,,,1,72,,5062,79,,,1,23,,5063,79,,,1,68,,5066,79,0,16 1 17,1,29,,5064,79,,,1
1200000201,'1',632,,7262,28,,,1,80,,7265,40,,,1,15,,7264,40,,,1,21,,7269,40,,,1,61,,7271,40,,,1,19,,7273,40,,,1,20,,7276,40,,,1,55,,7277,40,,,1,16,,7263,40,,,1,13,,7280,40,,,1,14,,7268,40,,,1,11,,7266,40,,,1,52,,7275,40,,,1,12,,7281,40,,,1,14,,7278,40,,,1,17,,7282,40,,,1,70,,7284,40,,,1,29,,7286,40,,,1,70,,7267,40,,,1,33,,7287,40,,,1,69,,7283,40,,,1,30,,7285,40,,,1,71,,7289,40,,,1,31,,7290,40,,,1,70,,7288,40,,,1,80,,7292,40,,,1,27,,7294,40,,,1,17,,7297,40,,,1,57,,7295,40,,,1,17,,7296,40,,,1,12,,7293,40,,,1,10,,7298,40,,,1,12,,7299,40,,,1,54,,7301,40,,,1,13,,7291,40,,,1,9,,7304,40,,,1,13,,7305,40,,,1,13,,7308,40,,,1,52,,7309,40,,,1,13,,7303,40,,,1,24,,7302,40,,,1,66,,7300,40,,,1,19,,7310,40,,,1,68,,7311,40,,,1,32,,7306,40,,,1,75,,7313,40,,,1,27,,7315,40,,,1,71,,7312,40,,,1,27,,7307,40,,,1,71,,7314,40,,,1,46,,7316,40,,,1
1200000201,'14',1708,,7317,34,,,1
1200000201,'2',702,,7321,28,,,1,39,,7318,40,,,1,70,,7326,40,,,1,31,,7324,40,,,1,72,,7322,40,,,1,32,,7328,40,,,1,71,,7319,40,,,1,31,,7327,40,,,1,72,,7325,40,,,1,32,,7330,40,,,1,70,,7329,40,,,1,31,,7320,40,,,1,72,,7332,40,,,1,31,,7334,40,,,1,70,,7331,40,,,1,30,,7336,40,,,1,71,,7337,40,,,1,30,,7333,40,,,1,69,,7335,40,,,1,31,,7339,40,,,1,72,,7341,40,,,1,28,,7338,40,,,1,65,,7343,40,,,1,28,,7344,40,,,1,65,,7340,40,,,1,25,,7342,40,,,1,67,,7348,40,,,1,29,,7347,40,,,1,71,,7345,40,,,1,27,,7349,40,,,1,68,,7351,40,,,1,29,,7350,40,,,1,70,,7353,40,,,1,30,,7346,40,,,1,69,,7352,40,,,1,49,,7354,40,,,1
1200000201,'27',2247,,7355,33,,,1,70,,7358,33,,,1,29,,7356,33,,,1,83,,7359,33,,,1,28,,7361,33,,,1,70,,7357,33,,,1,30,,7360,33,,,1
1200000201,'28',2245,,7362,33,,,1,70,,7365,33,,,1,30,,7363,33,,,1,83,,7366,33,,,1,28,,7368,33,,,1,70,,7364,33,,,1,30,,7367,33,,,1
1200000201,'29',2245,,7369,33,,,1,70,,7372,33,,,1,30,,7370,33,,,1,83,,7373,33,,,1,28,,7375,33,,,1,70,,7371,33,,,1,30,,7374,33,,,1
1200000201,'3',842,,7377,40,,,1,72,,7379,40,,,1,32,,7381,40,,,1,70,,7383,40,,,1,32,,7384,40,,,1,72,,7388,40,,,1,32,,7386,40,,,1,70,,7390,40,,,1,31,,7387,40,,,1,72,,7385,40,,,1,31,,7389,40,,,1,70,,7392,40,,,1,30,,7391,40,,,1,71,,7393,40,,,1,30,,7395,40,,,1,69,,7397,40,,,1,31,,7400,40,,,1,72,,7402,40,,,1,28,,7394,40,,,1,65,,7396,40,,,1,28,,7398,40,,,1,65,,7401,40,,,1,25,,7403,40,,,1,67,,7405,40,,,1,29,,7404,40,,,1,71,,7399,40,,,1,27,,7406,40,,,1
1200000201,'71',632,,5201,28,,,1,75,,5205,40,,,1,16,,5204,40,,,1,21,,5208,40,,,1,10,,5214,40,,,1,54,,5203,40,,,1,13,,5213,40,,,1,19,,5207,40,,,1,17,,5218,40,,,1,55,,5202,40,,,1,14,,5221,40,,,1,14,,5206,40,,,1,12,,5223,40,,,1,52,,5216,40,,,1,12,,5224,40,,,1,15,,5209,40,,,1,12,,5225,40,,,1,57,,5217,40,,,1,18,,5219,40,,,1,14,,5226,40,,,1,15,,5222,40,,,1,55,,5228,40,,,1,15,,5229,40,,,1,15,,5230,40,,,1,18,,5232,40,,,1,55,,5233,40,,,1,15,,5235,40,,,1,14,,5236,40,,,1,15,,5237,40,,,1,56,,5227,40,,,1,15,,5239,40,,,1,15,,5240,40,,,1,16,,5241,40,,,1,54,,5231,40,,,1,16,,5238,40,,,1,19,,5234,40,,,1,67,,5242,40,,,1,20,,5243,40,,,1,17,,5244,40,,,1,15,,5245,40,,,1,46,,5253,28,,,1,14,,5246,40,,,1,9,,5247,40,,,1,11,,5249,40,,,1,11,,5251,40,,,1,55,,5254,40,,,1,13,,5255,40,,,1,9,,5256,40,,,1,13,,5259,40,,,1,17,,5260,40,,,1,49,,5257,40,,,1,12,,5258,40,,,1,13,,5250,40,,,1,12,,5248,40,,,1,14,,5261,40,,,1,54,,5252,40,,,1,20,,5262,40,,,1,69,,5263,40,,,1,32,,5265,40,,,1,75,,5267,40,,,1,27,,5269,40,,,1,71,,5264,40,,,1,27,,5266,40,,,1,71,,5268,40,,,1,46,,5270,40,,,1
1200000201,'72',725,,5272,40,,,1,31,,5271,40,,,1,70,,5273,40,,,1,32,,5279,40,,,1,72,,5284,40,,,1,72,,5277,40,,,1,31,,5276,40,,,1,69,,5282,40,,,1,30,,5283,40,,,1,71,,5285,40,,,1,30,,5274,40,,,1,71,,5280,40,,,1,30,,5278,40,,,1,70,,5286,40,,,1,32,,5287,40,,,1,69,,5289,40,,,1,33,,5288,40,,,1,69,,5291,40,,,1,29,,5292,40,,,1,73,,5293,40,,,1,31,,5294,40,,,1,66,,5295,40,,,1,28,,5290,40,,,1,69,,5297,40,,,1,25,,5296,40,,,1,79,,5300,40,,,1,29,,5302,40,,,1,71,,5298,40,,,1,27,,5304,40,,,1,68,,5305,40,,,1,29,,5301,40,,,1,70,,5303,40,,,1,29,,5299,40,,,1,29,,5306,40,,,1,90,,5307,40,,,1
1200000201,'73',826,,5308,40,,,1,32,,5311,40,,,1,72,,5315,40,,,1,72,,5318,40,,,1,31,,5310,40,,,1,69,,5314,40,,,1,30,,5317,40,,,1,71,,5320,40,,,1,30,,5321,40,,,1,71,,5312,40,,,1,30,,5322,40,,,1,70,,5324,40,,,1,32,,5323,40,,,1,69,,5326,40,,,1,33,,5325,40,,,1,69,,5328,40,,,1,29,,5329,40,,,1,73,,5330,40,,,1,31,,5331,40,,,1,66,,5333,40,,,1,28,,5327,40,,,1,69,,5336,40,,,1,25,,5334,40,,,1,79,,5338,40,,,1,29,,5332,40,,,1,71,,5337,40,,,1,27,,5335,40,,,1
1200000201,'81',716,,5339,28,,,1,16,,5340,28,,,1,820,,5341,40,,,1
1200000201,'89',1635,,5345,40,,,1,14,,5346,40,,,1
1200000401,'1',1729,,7635,40,,,1,21,,7633,40,,,1
1200000401,'71',1722,,5572,40,,,1,25,,5571,40,,,1,62,,5575,40,,,1
