905231701,'27',2311,,6491,73,4,,2,29,,6494,73,4,,2,70,,6489,73,4,,2,30,,6492,73,4,,2,70,,6490,73,4,,2,30,,6493,73,4,,2,70,,6495,73,4,,2
905231701,'28',2311,,6498,73,4,,2,29,,6501,73,4,,2,70,,6496,73,4,,2,30,,6499,73,4,,2,70,,6497,73,4,,2,30,,6500,73,4,,2,70,,6502,73,4,,2
905231701,'29',2311,,6505,73,4,,2,29,,6508,73,4,,2,70,,6503,73,4,,2,30,,6506,73,4,,2,70,,6504,73,4,,2,30,,6507,73,4,,2,70,,6509,73,4,,2
1200000101,'1',1618,,7148,77,,,1,32,,7149,77,,,1,71,,7150,77,,,1,30,,7151,77,,,1
1200000101,'71',1614,,5070,77,,,1,32,,5071,77,,,1,71,,5069,77,,,1,30,,5072,77,,,1
1200000301,'1',620,,7508,26,,,1,28,,7513,26,,,1,77,,7506,39,,,1,20,,7510,39,,,1,75,,7516,39,,,1,29,,7511,39,,,1,65,,7519,39,,,1,25,,7507,39,,,1,69,,7517,39,,,1,27,,7515,39,,,1,73,,7520,39,,,1,33,,7521,39,,,1,70,,7523,39,,,1,34,,7525,39,,,1,72,,7527,39,,,1,28,,7522,39,,,1,70,,7524,39,,,1,28,,7526,39,,,1,71,,7528,39,,,1,36,,7529,39,,,1,60,,7532,36,,,1,23,,7530,36,,,1,18,,7535,36,,,1,59,,7534,36,,,1,11,,7539,36,,,1,13,,7537,36,,,1,14,,7538,36,,,1,56,,7541,36,,,1,14,,7533,36,,,1,12,,7536,36,,,1,15,,7531,36,,,1,68,,7540,36,,,1,24,,7544,39,,,1,64,,7542,39,,,1,31,,7543,39,,,1,70,,7545,39,,,1,29,,7546,39,,,1,73,,7549,39,,,1,31,,7547,26,,,1,70,,7550,26,,,1,28,,7548,26,,,1,70,,7551,26,,,1,39,,7552,26,,,1
1200000301,'2',800,,7553,39,,,1,30,,7556,39,,,1,71,,7559,39,,,1,32,,7562,39,,,1,71,,7554,39,,,1,32,,7557,39,,,1,71,,7560,39,,,1,31,,7563,39,,,1,71,,7555,39,,,1,31,,7558,39,,,1,71,,7561,39,,,1,31,,7564,39,,,1,71,,7565,39,,,1,30,,7568,39,,,1,70,,7574,39,,,1,30,,7571,39,,,1,70,,7566,39,,,1,31,,7569,39,,,1,71,,7575,39,,,1,27,,7572,39,,,1,68,,7567,39,,,1,28,,7570,39,,,1,67,,7576,39,,,1,27,,7573,39,,,1,75,,7577,26,,,1,100,,7578,26,,,1,96,,7579,26,,,1,98,,7580,26,,,1,38,,7581,26,,,1,102,,7582,26,,,1
1200000301,'27',2234,,7584,29,,,1,70,,7587,29,,,1,30,,7589,29,,,1,83,,7585,29,,,1,28,,7588,29,,,1,70,,7583,29,,,1,30,,7586,29,,,1
1200000301,'28',2234,,7591,29,,,1,70,,7594,29,,,1,30,,7596,29,,,1,83,,7592,29,,,1,28,,7595,29,,,1,70,,7590,29,,,1,30,,7593,29,,,1
1200000301,'29',2234,,7598,29,,,1,70,,7601,29,,,1,30,,7603,29,,,1,83,,7599,29,,,1,28,,7602,29,,,1,70,,7597,29,,,1,30,,7600,29,,,1
1200000301,'3',830,,7604,39,,,1,71,,7606,39,,,1,32,,7612,39,,,1,71,,7609,39,,,1,32,,7605,39,,,1,71,,7607,39,,,1,31,,7613,39,,,1,71,,7610,39,,,1,31,,7614,39,,,1,71,,7608,39,,,1,31,,7616,39,,,1,71,,7611,39,,,1,30,,7615,39,,,1,70,,7618,39,,,1,30,,7617,39,,,1,70,,7621,39,,,1,31,,7623,39,,,1,71,,7619,39,,,1,27,,7627,39,,,1,68,,7622,39,,,1,28,,7624,39,,,1,67,,7620,39,,,1,27,,7628,39,,,1,75,,7625,26,,,1,121,,7626,26,,,1
1200000301,'71',620,,5456,26,,,1,28,,5460,26,,,1,78,,5454,39,,,1,20,,5458,39,,,1,77,,5466,39,,,1,27,,5463,39,,,1,66,,5469,39,,,1,26,,5455,39,,,1,69,,5465,39,,,1,27,,5467,39,,,1,76,,5470,39,,,1,20,,5471,39,,,1,20,,5473,39,,,1,60,,5475,39,,,1,24,,5476,39,,,1,20,,5478,39,,,1,61,,5480,39,,,1,19,,5472,39,,,1,20,,5474,39,,,1,60,,5481,39,,,1,18,,5477,39,,,1,20,,5479,39,,,1,60,,5483,39,,,1,25,,5484,39,,,1,13,,5485,36,,,1,56,,5486,36,,,1,23,,5482,36,,,1,18,,5494,36,,,1,59,,5490,36,,,1,11,,5493,36,,,1,13,,5488,36,,,1,14,,5487,36,,,1,56,,5497,36,,,1,16,,5496,36,,,1,10,,5495,36,,,1,17,,5492,36,,,1,11,,5489,36,,,1,55,,5491,36,,,1,22,,5498,39,,,1,67,,5499,39,,,1,31,,5501,39,,,1,70,,5500,39,,,1,29,,5502,39,,,1,73,,5505,39,,,1,30,,5503,26,,,1,70,,5506,26,,,1,28,,5504,26,,,1,70,,5507,26,,,1,39,,5508,26,,,1
1200000301,'72',801,,5511,39,,,1,30,,5510,39,,,1,71,,5514,39,,,1,30,,5515,39,,,1,71,,5516,39,,,1,31,,5509,39,,,1,72,,5513,39,,,1,30,,5512,39,,,1,70,,5517,39,,,1,30,,5518,39,,,1,71,,5520,39,,,1,30,,5519,39,,,1,71,,5522,39,,,1,30,,5523,39,,,1,71,,5524,39,,,1,30,,5525,39,,,1,69,,5526,39,,,1,31,,5521,39,,,1,72,,5528,39,,,1,29,,5527,39,,,1,68,,5530,39,,,1,28,,5529,39,,,1,69,,5531,39,,,1,24,,5535,39,,,1,78,,5532,26,,,1,100,,5533,26,,,1,96,,5534,26,,,1,99,,5536,26,,,1,38,,5537,26,,,1,102,,5538,26,,,1
1200000301,'73',831,,5539,39,,,1,71,,5541,39,,,1,30,,5542,39,,,1,71,,5543,39,,,1,31,,5544,39,,,1,72,,5540,39,,,1,30,,5545,39,,,1,70,,5547,39,,,1,30,,5546,39,,,1,71,,5549,39,,,1,30,,5548,39,,,1,71,,5551,39,,,1,30,,5552,39,,,1,71,,5553,39,,,1,30,,5554,39,,,1,69,,5555,39,,,1,31,,5550,39,,,1,72,,5557,39,,,1,29,,5556,39,,,1,68,,5559,39,,,1,28,,5558,39,,,1,69,,5560,39,,,1,24,,5563,39,,,1,78,,5561,26,,,1,121,,5562,26,,,1
