11100,'15',724,,6226,38,,,2
11100,'86',724,,4850,38,,,2
1001101,'1',605,,6322,45,,,1,29,,6326,79,,,1,73,,6323,79,,,1,32,,6327,79,,,1,73,,6324,79,,,1,22,,6320,79,,,1,81,,6325,79,,,1,42,,6328,79,,,1,70,,6329,79,,,1,75,,6333,79,,,1,30,,6330,79,,,1,75,,6334,79,,,1,30,,6331,79,,,1,73,,6335,79,,,1,30,,6332,79,,,1,78,,6336,79,,,1,30,,6338,79,,,1,88,,6337,79,,,1,72,,6339,79,,,1,49,,6341,79,,,1,62,,6340,79,,,1,21,,6344,79,,,1,67,,6342,79,,,1,33,,6345,79,,,1,69,,6343,79,,,1,31,,6346,79,,,1,100,,6347,79,,,1,99,,6348,79,,,1,100,,6349,79,,,1
1001101,'2',737,,6351,45,,,1,99,,6352,79,,,1,103,,6353,79,,,1,101,,6354,79,,,1,99,,6355,79,,,1,100,,6359,79,,,1,100,,6360,79,,,1,101,,6358,79,,,1,100,,6356,79,,,1,99,,6357,79,,,1,102,,6361,79,,,1,97,,6362,79,,,1,100,,6363,79,,,1,99,,6364,79,,,1,100,,6365,79,,,1,100,,6366,79,,,1
1001101,'3',939,,6368,45,,,1,101,,6369,79,,,1,99,,6372,79,,,1,100,,6373,79,,,1,100,,6370,79,,,1,101,,6371,79,,,1,100,,6374,79,,,1,99,,6375,79,,,1,102,,6376,79,,,1,97,,6377,79,,,1
1001101,'71',605,,4969,45,,,1,29,,4973,79,,,1,73,,4970,79,,,1,32,,4974,79,,,1,73,,4971,79,,,1,22,,4976,79,,,1,81,,4972,79,,,1,42,,4978,79,,,1,70,,4975,79,,,1,75,,4979,79,,,1,30,,4982,79,,,1,75,,4980,79,,,1,30,,4983,79,,,1,73,,4981,79,,,1,30,,4984,79,,,1,78,,4986,79,,,1,30,,4985,79,,,1,88,,4987,79,,,1,72,,4989,79,,,1,49,,4988,79,,,1,62,,4990,79,,,1,21,,4993,79,,,1,67,,4991,79,,,1,33,,4994,79,,,1,69,,4992,79,,,1,31,,4995,79,,,1,100,,4996,79,,,1,99,,4997,79,,,1,100,,4998,79,,,1
1001101,'72',737,,5003,45,,,1,99,,5000,79,,,1,103,,5001,79,,,1,101,,5002,79,,,1,99,,5004,79,,,1,100,,5005,79,,,1,100,,5006,79,,,1,101,,5007,79,,,1,100,,5008,79,,,1,99,,5009,79,,,1,102,,5010,79,,,1,97,,5011,79,,,1,100,,5012,79,,,1,99,,5013,79,,,1,100,,5014,79,,,1,100,,5015,79,,,1
1001101,'73',939,,5017,45,,,1,101,,5018,79,,,1,99,,5019,79,,,1,100,,5020,79,,,1,100,,5021,79,,,1,101,,5022,79,,,1,100,,5023,79,,,1,99,,5024,79,,,1,102,,5025,79,,,1,97,,5026,79,,,1
1200000201,'1',546,,7270,11,,,1,60,,7272,11,,,1,17,,7274,11,,,1,19,,7262,41,,,1,62,,7279,11,,,1,18,,7265,53,,,1,17,,7264,53,,,1,61,,7269,53,,,1,20,,7271,53,,,1,19,,7273,53,,,1,20,,7276,53,,,1,55,,7277,53,,,1,16,,7263,53,,,1,12,,7280,53,,,1,14,,7268,53,,,1,51,,7266,53,,,1,12,,7275,53,,,1,12,,7281,53,,,1,14,,7278,53,,,1,57,,7282,53,,,1,31,,7284,53,,,1,69,,7286,53,,,1,30,,7267,53,,,1,73,,7287,53,,,1,29,,7283,53,,,1,70,,7285,53,,,1,31,,7289,53,,,1,72,,7290,53,,,1,30,,7288,53,,,1,82,,7292,53,,,1,26,,7294,53,,,1,56,,7297,53,,,1,16,,7295,53,,,1,17,,7296,53,,,1,11,,7293,53,,,1,10,,7298,53,,,1,52,,7299,53,,,1,14,,7301,53,,,1,13,,7291,53,,,1,9,,7304,53,,,1,13,,7305,53,,,1,53,,7308,53,,,1,12,,7309,53,,,1,13,,7303,53,,,1,24,,7302,53,,,1,66,,7300,53,,,1,19,,7310,53,,,1,68,,7311,53,,,1,32,,7306,53,,,1,75,,7313,53,,,1,26,,7315,53,,,1,71,,7312,53,,,1,27,,7307,53,,,1,71,,7314,53,,,1,46,,7316,53,,,1
1200000201,'14',1719,,7317,47,,,1
1200000201,'2',644,,7323,11,,,1,68,,7321,41,,,1,39,,7318,53,,,1,70,,7326,53,,,1,31,,7324,53,,,1,72,,7322,53,,,1,32,,7328,53,,,1,71,,7319,53,,,1,31,,7327,53,,,1,72,,7325,53,,,1,72,,7330,53,,,1,31,,7329,53,,,1,71,,7320,53,,,1,32,,7332,53,,,1,71,,7334,53,,,1,30,,7331,53,,,1,70,,7336,53,,,1,31,,7337,53,,,1,70,,7333,53,,,1,30,,7335,53,,,1,71,,7339,53,,,1,31,,7341,53,,,1,67,,7338,53,,,1,25,,7343,53,,,1,68,,7344,53,,,1,25,,7340,53,,,1,25,,7342,53,,,1,67,,7348,53,,,1,29,,7347,53,,,1,71,,7345,53,,,1,27,,7349,53,,,1,68,,7351,53,,,1,29,,7350,53,,,1,70,,7353,53,,,1,30,,7346,53,,,1,68,,7352,53,,,1,49,,7354,53,,,1
1200000201,'27',2256,,7355,46,,,1,70,,7358,46,,,1,29,,7356,46,,,1,83,,7359,46,,,1,68,,7361,46,,,1,30,,7357,46,,,1,70,,7360,46,,,1
1200000201,'28',2255,,7362,46,,,1,70,,7365,46,,,1,30,,7363,46,,,1,82,,7366,46,,,1,68,,7368,46,,,1,30,,7364,46,,,1,70,,7367,46,,,1
1200000201,'29',2255,,7369,46,,,1,70,,7372,46,,,1,30,,7370,46,,,1,82,,7373,46,,,1,68,,7375,46,,,1,30,,7371,46,,,1,70,,7374,46,,,1
1200000201,'3',644,,7376,11,,,1,68,,7378,11,,,1,32,,7380,11,,,1,70,,7382,11,,,1,38,,7377,53,,,1,72,,7379,53,,,1,32,,7381,53,,,1,70,,7383,53,,,1,32,,7384,53,,,1,72,,7388,53,,,1,72,,7386,53,,,1,31,,7390,53,,,1,71,,7387,53,,,1,32,,7385,53,,,1,71,,7389,53,,,1,30,,7392,53,,,1,70,,7391,53,,,1,31,,7393,53,,,1,70,,7395,53,,,1,30,,7397,53,,,1,71,,7400,53,,,1,31,,7402,53,,,1,67,,7394,53,,,1,25,,7396,53,,,1,68,,7398,53,,,1,25,,7401,53,,,1,25,,7403,53,,,1,67,,7405,53,,,1,29,,7404,53,,,1,71,,7399,53,,,1,27,,7406,53,,,1
1200000201,'71',546,,5210,11,,,1,60,,5212,11,,,1,17,,5215,11,,,1,19,,5201,41,,,1,62,,5220,11,,,1,13,,5205,53,,,1,18,,5204,53,,,1,21,,5208,53,,,1,49,,5214,53,,,1,14,,5203,53,,,1,13,,5213,53,,,1,19,,5207,53,,,1,57,,5218,53,,,1,15,,5202,53,,,1,14,,5221,53,,,1,13,,5206,53,,,1,52,,5223,53,,,1,12,,5216,53,,,1,12,,5224,53,,,1,15,,5209,53,,,1,12,,5225,53,,,1,57,,5217,53,,,1,19,,5219,53,,,1,14,,5226,53,,,1,15,,5222,53,,,1,55,,5228,53,,,1,15,,5229,53,,,1,15,,5230,53,,,1,58,,5232,53,,,1,15,,5233,53,,,1,15,,5235,53,,,1,14,,5236,53,,,1,55,,5237,53,,,1,16,,5227,53,,,1,15,,5239,53,,,1,15,,5240,53,,,1,57,,5241,53,,,1,14,,5231,53,,,1,16,,5238,53,,,1,19,,5234,53,,,1,69,,5242,53,,,1,20,,5243,53,,,1,16,,5244,53,,,1,53,,5245,53,,,1,6,,5253,41,,,1,14,,5246,53,,,1,9,,5247,53,,,1,10,,5249,53,,,1,51,,5251,53,,,1,15,,5254,53,,,1,13,,5255,53,,,1,9,,5256,53,,,1,13,,5259,53,,,1,57,,5260,53,,,1,9,,5257,53,,,1,12,,5258,53,,,1,13,,5250,53,,,1,12,,5248,53,,,1,54,,5261,53,,,1,14,,5252,53,,,1,20,,5262,53,,,1,69,,5263,53,,,1,32,,5265,53,,,1,75,,5267,53,,,1,26,,5269,53,,,1,71,,5264,53,,,1,27,,5266,53,,,1,71,,5268,53,,,1,46,,5270,53,,,1
1200000201,'72',644,,5275,11,,,1,70,,5281,11,,,1,21,,5272,53,,,1,71,,5271,53,,,1,30,,5273,53,,,1,72,,5279,53,,,1,32,,5284,53,,,1,72,,5277,53,,,1,31,,5276,53,,,1,69,,5282,53,,,1,30,,5283,53,,,1,71,,5285,53,,,1,31,,5274,53,,,1,71,,5280,53,,,1,30,,5278,53,,,1,70,,5286,53,,,1,32,,5287,53,,,1,69,,5289,53,,,1,33,,5288,53,,,1,70,,5291,53,,,1,29,,5292,53,,,1,72,,5293,53,,,1,31,,5294,53,,,1,65,,5295,53,,,1,28,,5290,53,,,1,69,,5297,53,,,1,25,,5296,53,,,1,79,,5300,53,,,1,29,,5302,53,,,1,71,,5298,53,,,1,27,,5304,53,,,1,68,,5305,53,,,1,29,,5301,53,,,1,70,,5303,53,,,1,29,,5299,53,,,1,69,,5306,53,,,1,49,,5307,53,,,1
1200000201,'73',644,,5309,11,,,1,70,,5313,11,,,1,30,,5316,11,,,1,70,,5319,11,,,1,22,,5308,53,,,1,72,,5311,53,,,1,32,,5315,53,,,1,72,,5318,53,,,1,31,,5310,53,,,1,69,,5314,53,,,1,30,,5317,53,,,1,71,,5320,53,,,1,31,,5321,53,,,1,71,,5312,53,,,1,30,,5322,53,,,1,70,,5324,53,,,1,32,,5323,53,,,1,69,,5326,53,,,1,33,,5325,53,,,1,70,,5328,53,,,1,29,,5329,53,,,1,72,,5330,53,,,1,31,,5331,53,,,1,65,,5333,53,,,1,28,,5327,53,,,1,69,,5336,53,,,1,25,,5334,53,,,1,79,,5338,53,,,1,29,,5332,53,,,1,71,,5337,53,,,1,27,,5335,53,,,1
1200000201,'81',727,,5339,41,,,1,17,,5340,41,,,1,860,,5341,53,,,1
1200000201,'89',1648,,5345,53,,,1,53,,5346,53,,,1
