2301,'1',634,,5973,28,,,2,70,,5974,28,,,2,110,,5976,28,,,2,41,,5953,28,,,2,72,,5977,28,,,2,23,,5954,28,,,2,81,,5955,28,,,2,70,,5957,28,,,2,30,,5956,28,,,2,76,,5958,41,,,2,31,,5959,41,,,2,70,,5961,41,,,2,30,,5960,41,,,2,70,,5962,41,,,2,31,,5963,41,,,2,71,,5966,41,,,2,91,,5964,41,,,2,28,,5967,41,,,2,76,,5965,41,,,2,101,,5968,41,,,2,26,,5975,41,,,2,77,,5969,41,,,2,102,,5970,41,,,2,90,,5971,41,,,2,114,,5972,41,,,2
2301,'2',711,,5980,28,,,2,100,,5981,28,,,2,101,,5982,28,,,2,102,,5983,28,,,2,102,,5984,28,,,2,108,,5985,41,,,2,101,,5986,41,,,2,101,,5987,41,,,2,100,,5988,41,,,2,100,,5989,41,,,2,101,,5990,41,,,2,97,,5991,41,,,2
2301,'3',811,,5992,28,,,2,101,,5993,28,,,2,102,,5994,28,,,2,102,,5995,28,,,2,108,,5996,41,,,2,101,,5997,41,,,2,101,,5998,41,,,2,100,,5999,41,,,2,100,,6000,41,,,2,101,,6001,41,,,2,97,,6002,41,,,2
2301,'71',634,,4569,28,,,2,70,,4577,28,,,2,110,,4578,28,,,2,38,,4555,28,,,2,72,,4559,28,,,2,29,,4556,28,,,2,75,,4560,28,,,2,31,,4557,28,,,2,70,,4561,28,,,2,76,,4558,41,,,2,30,,4562,41,,,2,71,,4564,41,,,2,30,,4563,41,,,2,70,,4565,41,,,2,30,,4566,41,,,2,74,,4576,41,,,2,42,,4567,41,,,2,148,,4568,45,,,2,103,,4570,41,,,2,31,,4575,41,,,2,75,,4571,41,,,2,100,,4572,41,,,2,92,,4573,41,,,2,114,,4574,41,,,2
2301,'72',726,,4579,28,,,2,100,,4580,28,,,2,101,,4581,28,,,2,102,,4582,28,,,2,100,,4583,28,,,2,106,,4584,41,,,2,102,,4585,41,,,2,101,,4586,41,,,2,101,,4587,41,,,2,100,,4588,41,,,2,102,,4589,41,,,2,96,,4590,41,,,2
2301,'73',826,,4591,28,,,2,101,,4592,28,,,2,102,,4593,28,,,2,100,,4594,28,,,2,106,,4595,41,,,2,102,,4596,41,,,2,101,,4597,41,,,2,101,,4598,41,,,2,100,,4599,41,,,2,102,,4600,41,,,2,96,,4601,41,,,2
23100,'15',701,,6293,5,,,2
23100,'84',701,,4931,5,,,2
23101,'85',1539,,4932,52,,,2
23500,'12',750,,6295,16,,,2
23500,'82',750,,4935,16,,,2
23501,'83',1706,,4936,38,,,2
5002301,'1',1714,,6382,51,,,2,24,,6381,51,,,2
5002301,'71',1628,,5032,51,,,2,86,,5031,51,,,2,24,,5030,51,,,2
