11101,'85',1551,,4851,60,,,2
11901,'88',1632,,4855,12,,,2
1001101,'1',548,,6322,11,,,1,69,,6326,45,,,1,33,,6323,45,,,1,72,,6327,45,,,1,33,,6324,45,,,1,63,,6320,45,,,1,41,,6325,45,,,1,82,,6328,45,,,1,70,,6329,45,,,1,35,,6333,45,,,1,70,,6330,45,,,1,35,,6334,45,,,1,70,,6331,45,,,1,33,,6335,45,,,1,70,,6332,45,,,1,77,,6336,45,,,1,30,,6338,45,,,1,88,,6337,45,,,1,32,,6339,45,,,1,87,,6341,45,,,1,63,,6340,45,,,1,22,,6344,45,,,1,27,,6342,45,,,1,74,,6345,45,,,1,29,,6343,45,,,1,71,,6346,45,,,1,100,,6347,45,,,1,99,,6348,45,,,1,100,,6349,45,,,1
1001101,'2',721,,6351,11,,,1,99,,6352,45,,,1,102,,6353,45,,,1,101,,6354,45,,,1,100,,6355,45,,,1,98,,6359,45,,,1,100,,6360,45,,,1,102,,6358,45,,,1,100,,6356,45,,,1,99,,6357,45,,,1,101,,6361,45,,,1,99,,6362,45,,,1,100,,6363,45,,,1,99,,6364,45,,,1,100,,6365,45,,,1,100,,6366,45,,,1
1001101,'3',922,,6368,11,,,1,101,,6369,45,,,1,100,,6372,45,,,1,98,,6373,45,,,1,100,,6370,45,,,1,102,,6371,45,,,1,100,,6374,45,,,1,99,,6375,45,,,1,101,,6376,45,,,1,99,,6377,45,,,1
1001101,'71',548,,4969,11,,,1,69,,4973,45,,,1,33,,4970,45,,,1,72,,4974,45,,,1,33,,4971,45,,,1,63,,4976,45,,,1,41,,4972,45,,,1,82,,4978,45,,,1,70,,4975,45,,,1,35,,4979,45,,,1,70,,4982,45,,,1,35,,4980,45,,,1,70,,4983,45,,,1,33,,4981,45,,,1,70,,4984,45,,,1,77,,4986,45,,,1,30,,4985,45,,,1,88,,4987,45,,,1,32,,4989,45,,,1,87,,4988,45,,,1,63,,4990,45,,,1,22,,4993,45,,,1,27,,4991,45,,,1,74,,4994,45,,,1,29,,4992,45,,,1,71,,4995,45,,,1,100,,4996,45,,,1,99,,4997,45,,,1,100,,4998,45,,,1
1001101,'72',721,,5003,11,,,1,99,,5000,45,,,1,102,,5001,45,,,1,101,,5002,45,,,1,100,,5004,45,,,1,98,,5005,45,,,1,100,,5006,45,,,1,102,,5007,45,,,1,100,,5008,45,,,1,99,,5009,45,,,1,101,,5010,45,,,1,99,,5011,45,,,1,100,,5012,45,,,1,99,,5013,45,,,1,100,,5014,45,,,1,100,,5015,45,,,1
1001101,'73',922,,5017,11,,,1,101,,5018,45,,,1,100,,5019,45,,,1,98,,5020,45,,,1,100,,5021,45,,,1,102,,5022,45,,,1,100,,5023,45,,,1,99,,5024,45,,,1,101,,5025,45,,,1,99,,5026,45,,,1
1200000100,'1',621,,7145,7,,,1,15,,7147,7,,,1,70,,7141,88,,,1,35,,7142,88,,,1,61,,7143,88,,,1,57,,7144,88,,,1
1200000100,'71',621,,5065,7,,,1,15,,5067,7,,,1,15,,5068,7,,,1,52,,5061,88,,,1,34,,5062,88,,,1,63,,5063,88,,,1,56,,5064,88,,,1
1200000401,'1',1502,,7634,7,,,1,30,,7636,7,,,1,205,,7635,49,,,1,20,,7633,49,,,1
1200000401,'71',1502,,5573,7,,,1,30,,5574,7,,,1,198,,5572,49,,,1,24,,5571,49,,,1,62,,5575,49,,,1
