3900,'1',634,,6215,15,0,32,2,80,,6216,15,0,32,2,31,,6214,15,0,32,2
3900,'71',645,,4838,15,0,14,2,69,,4840,15,0,14,2,38,,4839,15,0,14,2,92,,4837,15,0,14,2
3901,'1',1630,,6219,10,0,9,2,87,,6217,10,0,9,2,87,,6218,10,0,9,2
31101,'85',1523,,4946,17,,,2
38100,'15',722,,6316,32,,,2
38100,'84',722,,4965,32,,,2
38101,'85',1523,,4966,17,,,2
38501,'83',1645,,4968,11,,,2
39900,'13',844,90,6318,1,,,2
5003701,'1',1728,,6396,30,,,2
5003701,'71',1624,,5050,30,,,2,106,,5049,30,,,2
5003701,'81',1843,,5051,30,,,2
