13100,'15',744,,6233,63,,,2
13100,'84',744,,4864,63,,,2
32501,'83',1621,,4948,23,,,2
34501,'83',1623,,4950,20,,,2
35501,'83',1628,,4956,20,,,2
5004200,'11',655,,6399,13,,,2
5004200,'81',657,,5054,13,,,2
905231701,'27',2248,,6491,35,4,,2,69,,6494,35,4,,2,30,,6489,35,4,,2,70,,6492,35,4,,2,30,,6490,35,4,,2,70,,6493,35,4,,2,30,,6495,35,4,,2
905231701,'28',2248,,6498,35,4,,2,69,,6501,35,4,,2,30,,6496,35,4,,2,70,,6499,35,4,,2,30,,6497,35,4,,2,70,,6500,35,4,,2,30,,6502,35,4,,2
905231701,'29',2248,,6505,35,4,,2,69,,6508,35,4,,2,30,,6503,35,4,,2,70,,6506,35,4,,2,30,,6504,35,4,,2,70,,6507,35,4,,2,30,,6509,35,4,,2
1200000101,'1',1544,,7148,39,,,1,72,,7149,39,,,1,31,,7150,39,,,1,71,,7151,39,,,1
1200000101,'71',1543,,5070,39,,,1,72,,5071,39,,,1,31,,5069,39,,,1,73,,5072,39,,,1
1200000200,'1',545,,7154,13,,,1,55,,7153,35,,,1,15,,7158,35,,,1,15,,7159,35,,,1,18,,7160,35,,,1,55,,7162,35,,,1,16,,7163,35,,,1,17,,7152,35,,,1,15,,7165,35,,,1,55,,7157,35,,,1,14,,7155,35,,,1,14,,7161,35,,,1,15,,7166,35,,,1,58,,7164,35,,,1,19,,7167,35,,,1,29,,7169,35,,,1,69,,7171,35,,,1,30,,7156,35,,,1,70,,7172,35,,,1,30,,7168,35,,,1,70,,7170,35,,,1,31,,7174,35,,,1,70,,7175,35,,,1,29,,7173,35,,,1,70,,7177,35,,,1,18,,7179,35,,,1,71,,7180,35,,,1,16,,7181,35,,,1,12,,7178,35,,,1,14,,7182,35,,,1,55,,7183,35,,,1,16,,7185,35,,,1,15,,7176,35,,,1,13,,7188,35,,,1,55,,7189,35,,,1,17,,7192,35,,,1,13,,7193,35,,,1,15,,7187,35,,,1,69,,7186,35,,,1,30,,7184,35,,,1,70,,7190,35,,,1,30,,7196,35,,,1,70,,7197,35,,,1,30,,7199,35,,,1,69,,7200,35,,,1,32,,7194,35,,,1,70,,7191,35,,,1,32,,7198,35,,,1,66,,7201,35,,,1,30,,7195,35,0,14,1
1200000200,'2',723,,7205,35,,,1,30,,7204,35,,,1,71,,7208,35,,,1,30,,7202,35,,,1,70,,7207,35,,,1,30,,7206,35,,,1,70,,7210,35,,,1,30,,7209,35,,,1,70,,7203,35,,,1,31,,7212,35,,,1,70,,7214,35,,,1,30,,7211,35,,,1,70,,7216,35,,,1,31,,7217,35,,,1,70,,7213,35,,,1,29,,7215,35,,,1,70,,7219,35,,,1,30,,7221,35,,,1,70,,7218,35,,,1,30,,7223,35,,,1,70,,7224,35,,,1,30,,7220,35,,,1,69,,7222,35,,,1,28,,7228,35,,,1,70,,7227,35,,,1,31,,7225,35,,,1,69,,7229,35,,,1,29,,7231,35,,,1,70,,7230,35,,,1,30,,7233,35,,,1,70,,7226,35,,,1,30,,7232,35,,,1,70,,7234,35,,,1
1200000200,'3',723,,7235,35,,,1,30,,7236,35,,,1,71,,7237,35,,,1,30,,7238,35,,,1,70,,7239,35,,,1,30,,7243,35,,,1,70,,7241,35,,,1,30,,7245,35,,,1,70,,7242,35,,,1,31,,7240,35,,,1,70,,7244,35,,,1,30,,7247,35,,,1,70,,7246,35,,,1,31,,7248,35,,,1,70,,7250,35,,,1,29,,7252,35,,,1,70,,7255,35,,,1,30,,7257,35,,,1,70,,7249,35,,,1,30,,7251,35,,,1,70,,7253,35,,,1,30,,7256,35,,,1,69,,7258,35,,,1,28,,7260,35,,,1,70,,7259,35,,,1,31,,7254,35,,,1,69,,7261,35,,,1
1200000200,'71',545,,5075,13,,,1,55,,5074,35,,,1,15,,5078,35,,,1,8,,5082,13,,,1,7,,5080,35,,,1,17,,5081,35,,,1,55,,5077,35,,,1,16,,5085,35,,,1,17,,5073,35,,,1,15,,5087,35,,,1,55,,5076,35,,,1,14,,5089,35,,,1,14,,5083,35,,,1,15,,5090,35,,,1,59,,5079,35,,,1,14,,5091,35,,,1,17,,5084,35,,,1,17,,5086,35,,,1,54,,5092,35,,,1,15,,5088,35,,,1,15,,5094,35,,,1,15,,5095,35,,,1,55,,5096,35,,,1,15,,5098,35,,,1,15,,5099,35,,,1,15,,5101,35,,,1,55,,5102,35,,,1,15,,5103,35,,,1,16,,5093,35,,,1,15,,5105,35,,,1,55,,5106,35,,,1,15,,5107,35,,,1,14,,5097,35,,,1,15,,5104,35,,,1,55,,5100,35,,,1,21,,5108,35,,,1,12,,5109,35,,,1,16,,5110,35,,,1,55,,5111,35,,,1,15,,5112,35,,,1,12,,5113,35,,,1,14,,5115,35,,,1,55,,5117,35,,,1,15,,5119,35,,,1,8,,5121,22,,,1,8,,5120,35,,,1,13,,5122,35,,,1,55,,5125,35,,,1,17,,5126,35,,,1,14,,5123,35,,,1,15,,5124,35,,,1,54,,5116,35,,,1,15,,5114,35,,,1,15,,5128,35,,,1,15,,5118,35,,,1,70,,5129,35,,,1,30,,5127,35,,,1,70,,5133,35,,,1,30,,5135,35,,,1,69,,5136,35,,,1,32,,5130,35,,,1,70,,5132,35,,,1,32,,5134,35,,,1,66,,5137,35,,,1,30,,5131,35,0,14,1
1200000200,'72',724,,5139,35,,,1,30,,5142,35,,,1,70,,5143,35,,,1,30,,5144,35,,,1,70,,5138,35,,,1,30,,5141,35,,,1,70,,5140,35,,,1,30,,5145,35,,,1,70,,5146,35,,,1,31,,5148,35,,,1,69,,5147,35,,,1,30,,5150,35,,,1,70,,5151,35,,,1,30,,5152,35,,,1,70,,5153,35,,,1,30,,5154,35,,,1,70,,5149,35,,,1,30,,5156,35,,,1,70,,5155,35,,,1,30,,5159,35,,,1,70,,5158,35,,,1,31,,5161,35,,,1,68,,5162,35,,,1,29,,5163,35,,,1,70,,5165,35,,,1,31,,5157,35,,,1,69,,5167,35,,,1,29,,5168,35,,,1,70,,5164,35,,,1,30,,5166,35,,,1,70,,5160,35,,,1,30,,5169,35,,,1,70,,5170,35,,,1
1200000200,'73',724,,5171,35,,,1,30,,5173,35,,,1,70,,5174,35,,,1,30,,5175,35,,,1,70,,5176,35,,,1,30,,5172,35,,,1,70,,5177,35,,,1,30,,5179,35,,,1,70,,5178,35,,,1,31,,5181,35,,,1,69,,5180,35,,,1,30,,5183,35,,,1,70,,5184,35,,,1,30,,5185,35,,,1,70,,5186,35,,,1,30,,5188,35,,,1,70,,5182,35,,,1,30,,5191,35,,,1,70,,5189,35,,,1,30,,5193,35,,,1,70,,5192,35,,,1,31,,5195,35,,,1,68,,5196,35,,,1,29,,5197,35,,,1,70,,5187,35,,,1,31,,5194,35,,,1,69,,5190,35,,,1
1200000200,'89',638,,5198,13,,,1,21,,5200,13,,,1,87,,5199,4,,,1
1200000400,'1',655,,7629,37,,,1,56,,7630,37,,,1
1200000400,'71',654,,5565,37,,,1,56,,5566,37,,,1,16,,5567,37,,,1,16,,5564,37,,,1
