20001,'1',1454,,6250,15,4,,2,74,,6251,15,4,,2
20001,'2',644,,6252,15,4,,2,70,,6254,15,4,,2
20001,'71',1458,,4892,20,4,,2,73,,4893,20,4,,2
20001,'72',636,,4896,20,4,,2,78,,4898,20,4,,2
5002300,'1',656,,6378,58,4,,2,72,,6379,58,4,,2,29,,6380,58,4,,2
5002300,'71',656,,5028,58,4,,2,72,,5027,58,4,,2,29,,5029,58,4,,2
5002400,'1',728,,6384,34,4,,2,27,,6383,34,4,,2
5002400,'71',728,,5034,34,4,,2,27,,5033,34,4,,2
5003400,'1',701,,6388,36,4,,2,23,,6387,36,4,,2
5003400,'71',701,,5039,36,4,,2,22,,5038,36,4,,2
5003600,'1',723,,6390,24,4,,2,27,,6391,24,4,,2
5003600,'71',723,,5042,35,4,,2,27,,5041,35,4,,2
5003700,'1',724,,6395,64,4,,2,77,,6394,64,4,,2
5003700,'71',702,,5046,71,4,,2,21,,5047,64,4,,2,36,,5048,64,4,,2
1200000200,'1',607,,7154,31,4,,1,15,,7153,53,4,,1,19,,7158,53,4,,1,60,,7159,53,4,,1,19,,7160,53,4,,1,19,,7162,53,4,,1,16,,7163,53,4,,1,56,,7152,53,4,,1,15,,7165,53,4,,1,15,,7157,53,4,,1,12,,7155,53,4,,1,52,,7161,53,4,,1,13,,7166,53,4,,1,14,,7164,53,4,,1,17,,7167,53,4,,1,69,,7169,53,4,,1,29,,7171,53,4,,1,70,,7156,53,4,,1,30,,7172,53,4,,1,70,,7168,53,4,,1,30,,7170,53,4,,1,71,,7174,53,4,,1,30,,7175,53,4,,1,69,,7173,53,4,,1,31,,7177,53,4,,1,58,,7179,53,4,,1,32,,7180,53,4,,1,17,,7181,53,4,,1,52,,7178,53,4,,1,14,,7182,53,4,,1,15,,7183,53,4,,1,17,,7185,53,4,,1,56,,7176,53,4,,1,12,,7188,53,4,,1,15,,7189,53,4,,1,15,,7192,53,4,,1,53,,7193,53,4,,1,15,,7187,53,4,,1,28,,7186,53,4,,1,67,,7184,53,4,,1,29,,7190,53,4,,1,70,,7196,53,4,,1,30,,7197,53,4,,1,70,,7199,53,4,,1,29,,7200,53,4,,1,72,,7194,53,4,,1,28,,7191,53,4,,1,72,,7198,53,4,,1,26,,7201,53,4,,1
1200000200,'2',744,,7205,53,4,,1,70,,7204,53,4,,1,31,,7208,53,4,,1,70,,7202,53,4,,1,30,,7207,53,4,,1,72,,7206,53,4,,1,31,,7210,53,4,,1,70,,7209,53,4,,1,31,,7203,53,4,,1,72,,7212,53,4,,1,30,,7214,53,4,,1,70,,7211,53,4,,1,30,,7216,53,4,,1,71,,7217,53,4,,1,30,,7213,53,4,,1,69,,7215,53,4,,1,30,,7219,53,4,,1,70,,7221,53,4,,1,30,,7218,53,4,,1,70,,7223,53,4,,1,29,,7224,53,4,,1,68,,7220,53,4,,1,26,,7222,53,4,,1,68,,7228,53,4,,1,30,,7227,53,4,,1,71,,7225,53,4,,1,29,,7229,53,4,,1,69,,7231,53,4,,1,30,,7230,53,4,,1,70,,7233,53,4,,1,30,,7226,53,4,,1,70,,7232,53,4,,1,30,,7234,53,4,,1
1200000200,'3',744,,7235,53,4,,1,70,,7236,53,4,,1,31,,7237,53,4,,1,70,,7238,53,4,,1,30,,7239,53,4,,1,72,,7243,53,4,,1,31,,7241,53,4,,1,70,,7245,53,4,,1,31,,7242,53,4,,1,72,,7240,53,4,,1,30,,7244,53,4,,1,70,,7247,53,4,,1,30,,7246,53,4,,1,71,,7248,53,4,,1,30,,7250,53,4,,1,69,,7252,53,4,,1,30,,7255,53,4,,1,70,,7257,53,4,,1,30,,7249,53,4,,1,70,,7251,53,4,,1,29,,7253,53,4,,1,68,,7256,53,4,,1,26,,7258,53,4,,1,68,,7260,53,4,,1,30,,7259,53,4,,1,71,,7254,53,4,,1,29,,7261,53,4,,1
1200000200,'71',606,,5075,31,4,,1,15,,5074,53,4,,1,19,,5078,53,4,,1,10,,5082,31,4,,1,9,,5080,53,4,,1,57,,5081,53,4,,1,18,,5077,53,4,,1,18,,5085,53,4,,1,55,,5073,53,4,,1,15,,5087,53,4,,1,15,,5076,53,4,,1,13,,5089,53,4,,1,52,,5083,53,4,,1,13,,5090,53,4,,1,15,,5079,53,4,,1,12,,5091,53,4,,1,17,,5084,53,4,,1,57,,5086,53,4,,1,14,,5092,53,4,,1,15,,5088,53,4,,1,55,,5094,53,4,,1,15,,5095,53,4,,1,15,,5096,53,4,,1,15,,5098,53,4,,1,55,,5099,53,4,,1,15,,5101,53,4,,1,15,,5102,53,4,,1,15,,5103,53,4,,1,56,,5093,53,4,,1,15,,5105,53,4,,1,15,,5106,53,4,,1,15,,5107,53,4,,1,54,,5097,53,4,,1,15,,5104,53,4,,1,15,,5100,53,4,,1,22,,5108,53,4,,1,52,,5109,53,4,,1,16,,5110,53,4,,1,15,,5111,53,4,,1,16,,5112,53,4,,1,52,,5113,53,4,,1,14,,5115,53,4,,1,15,,5117,53,4,,1,16,,5119,53,4,,1,9,,5121,40,4,,1,48,,5120,53,4,,1,12,,5122,53,4,,1,15,,5125,53,4,,1,15,,5126,53,4,,1,54,,5123,53,4,,1,14,,5124,53,4,,1,14,,5116,53,4,,1,15,,5114,53,4,,1,15,,5128,53,4,,1,54,,5118,53,4,,1,30,,5129,53,4,,1,70,,5127,53,4,,1,30,,5133,53,4,,1,70,,5135,53,4,,1,29,,5136,53,4,,1,72,,5130,53,4,,1,28,,5132,53,4,,1,72,,5134,53,4,,1,26,,5137,53,4,,1
1200000200,'72',744,,5139,53,4,,1,70,,5142,53,4,,1,30,,5143,53,4,,1,70,,5144,53,4,,1,30,,5138,53,4,,1,70,,5141,53,4,,1,30,,5140,53,4,,1,70,,5145,53,4,,1,30,,5146,53,4,,1,71,,5148,53,4,,1,29,,5147,53,4,,1,71,,5150,53,4,,1,30,,5151,53,4,,1,71,,5152,53,4,,1,30,,5153,53,4,,1,69,,5154,53,4,,1,30,,5149,53,4,,1,70,,5156,53,4,,1,30,,5155,53,4,,1,70,,5159,53,4,,1,30,,5158,53,4,,1,71,,5161,53,4,,1,27,,5162,53,4,,1,69,,5163,53,4,,1,30,,5165,53,4,,1,71,,5157,53,4,,1,29,,5167,53,4,,1,69,,5168,53,4,,1,30,,5164,53,4,,1,70,,5166,53,4,,1,29,,5160,53,4,,1,70,,5169,53,4,,1,30,,5170,53,4,,1
1200000200,'73',744,,5171,53,4,,1,70,,5173,53,4,,1,30,,5174,53,4,,1,70,,5175,53,4,,1,30,,5176,53,4,,1,70,,5172,53,4,,1,30,,5177,53,4,,1,70,,5179,53,4,,1,30,,5178,53,4,,1,71,,5181,53,4,,1,29,,5180,53,4,,1,71,,5183,53,4,,1,30,,5184,53,4,,1,71,,5185,53,4,,1,30,,5186,53,4,,1,69,,5188,53,4,,1,30,,5182,53,4,,1,70,,5191,53,4,,1,30,,5189,53,4,,1,70,,5193,53,4,,1,30,,5192,53,4,,1,71,,5195,53,4,,1,27,,5196,53,4,,1,69,,5197,53,4,,1,30,,5187,53,4,,1,71,,5194,53,4,,1,29,,5190,53,4,,1
1200000200,'89',707,,5198,31,4,,1,24,,5200,31,4,,1,87,,5199,22,4,,1
1200000300,'1',634,,7407,49,4,,1,18,,7410,49,4,,1,58,,7412,49,4,,1,13,,7415,49,4,,1,10,,7409,49,4,,1,16,,7417,49,4,,1,53,,7413,49,4,,1,15,,7418,49,4,,1,14,,7420,49,4,,1,15,,7408,49,4,,1,56,,7411,51,4,,1,14,,7416,51,4,,1,27,,7414,51,4,,1,72,,7419,51,4,,1,33,,7421,51,4,,1,70,,7423,51,4,,1,30,,7425,51,4,,1,72,,7427,51,4,,1,30,,7422,51,4,,1,70,,7424,51,4,,1,28,,7426,51,4,,1,70,,7428,51,4,,1,29,,7429,51,4,,1,74,,7430,51,4,,1,31,,7433,53,4,,1,68,,7434,53,4,,1,28,,7435,53,4,,1,72,,7432,53,4,,1,30,,7431,53,4,,1,73,,7436,53,4,,1,24,,7439,51,4,,1,65,,7437,51,4,,1,21,,7441,51,4,,1,70,,7442,51,4,,1,32,,7440,51,4,,1,73,,7447,51,4,,1
1200000300,'2',714,,7450,51,4,,1,30,,7453,51,4,,1,70,,7456,51,4,,1,31,,7459,51,4,,1,70,,7451,51,4,,1,31,,7454,51,4,,1,70,,7457,51,4,,1,31,,7460,51,4,,1,71,,7452,51,4,,1,31,,7455,51,4,,1,71,,7458,51,4,,1,30,,7461,51,4,,1,71,,7462,51,4,,1,30,,7466,51,4,,1,70,,7472,51,4,,1,30,,7469,51,4,,1,70,,7463,51,4,,1,30,,7467,51,4,,1,69,,7473,51,4,,1,28,,7470,51,4,,1,70,,7464,51,4,,1,30,,7468,51,4,,1,69,,7474,51,4,,1,30,,7471,51,4,,1
1200000300,'3',744,,7480,51,4,,1,70,,7482,51,4,,1,31,,7488,51,4,,1,70,,7485,51,4,,1,31,,7481,51,4,,1,70,,7483,51,4,,1,31,,7489,51,4,,1,71,,7486,51,4,,1,31,,7490,51,4,,1,71,,7484,51,4,,1,30,,7492,51,4,,1,71,,7487,51,4,,1,30,,7491,51,4,,1,70,,7494,51,4,,1,30,,7493,51,4,,1,70,,7498,51,4,,1,30,,7501,51,4,,1,69,,7495,51,4,,1,28,,7504,51,4,,1,70,,7499,51,4,,1,30,,7502,51,4,,1,69,,7496,51,4,,1,30,,7505,51,4,,1
1200000300,'71',634,,5347,49,4,,1,18,,5350,49,4,,1,58,,5352,49,4,,1,13,,5354,49,4,,1,10,,5349,49,4,,1,10,,5356,49,4,,1,10,,5359,49,4,,1,49,,5353,49,4,,1,15,,5361,49,4,,1,14,,5363,49,4,,1,15,,5348,49,4,,1,56,,5351,51,4,,1,14,,5357,51,4,,1,13,,5360,51,4,,1,14,,5358,51,4,,1,15,,5355,51,4,,1,60,,5362,51,4,,1,20,,5364,51,4,,1,20,,5366,51,4,,1,60,,5368,51,4,,1,20,,5369,51,4,,1,20,,5371,51,4,,1,62,,5373,51,4,,1,20,,5365,51,4,,1,60,,5367,51,4,,1,20,,5374,51,4,,1,18,,5370,51,4,,1,20,,5372,51,4,,1,59,,5376,51,4,,1,20,,5378,51,4,,1,19,,5380,51,4,,1,65,,5375,51,4,,1,31,,5383,53,4,,1,68,,5377,53,4,,1,29,,5379,53,4,,1,73,,5384,53,4,,1,28,,5382,53,4,,1,73,,5381,53,4,,1,21,,5385,51,4,,1,68,,5386,51,4,,1,21,,5388,51,4,,1,70,,5390,51,4,,1,32,,5391,51,4,,1,73,,5395,51,4,,1
1200000300,'72',701,,5398,51,4,,1,30,,5399,51,4,,1,70,,5404,51,4,,1,30,,5408,51,4,,1,72,,5402,51,4,,1,31,,5401,51,4,,1,69,,5406,51,4,,1,30,,5407,51,4,,1,71,,5409,51,4,,1,29,,5400,51,4,,1,71,,5405,51,4,,1,30,,5403,51,4,,1,69,,5410,51,4,,1,32,,5411,51,4,,1,69,,5413,51,4,,1,33,,5412,51,4,,1,69,,5415,51,4,,1,29,,5416,51,4,,1,70,,5417,51,4,,1,31,,5418,51,4,,1,68,,5419,51,4,,1,29,,5414,51,4,,1,71,,5421,51,4,,1,29,,5420,51,4,,1
1200000300,'73',731,,5428,51,4,,1,70,,5430,51,4,,1,30,,5433,51,4,,1,72,,5435,51,4,,1,31,,5429,51,4,,1,69,,5432,51,4,,1,30,,5434,51,4,,1,71,,5436,51,4,,1,29,,5437,51,4,,1,71,,5431,51,4,,1,30,,5438,51,4,,1,69,,5440,51,4,,1,32,,5439,51,4,,1,69,,5442,51,4,,1,33,,5441,51,4,,1,69,,5444,51,4,,1,29,,5445,51,4,,1,70,,5446,51,4,,1,31,,5447,51,4,,1,68,,5448,51,4,,1,29,,5443,51,4,,1,71,,5450,51,4,,1,29,,5449,51,4,,1
1200000400,'1',729,,7629,55,4,,1,19,,7630,55,4,,1
1200000400,'71',725,,5565,55,4,,1,18,,5566,55,4,,1,16,,5567,55,4,,1,55,,5564,55,4,,1
