20000,'51',838,,3199,2,,,2,70,,3196,2,,,2,27,,3198,2,,,2,69,,3197,2,,,2
5002300,'51',701,,3368,61,4,,2,33,,3370,61,4,,2,69,,3371,61,4,,2,30,,3369,61,4,,2
5002301,'51',1527,,3375,2,,,2,81,,3373,2,,,2,29,,3372,2,,,2,163,,3374,2,,,2
5002400,'51',734,,3378,37,4,,2,67,,3376,37,4,,2,30,,3377,37,4,,2
5002401,'51',1528,,3381,2,,,2,81,,3379,2,,,2,30,,3380,2,,,2
5003400,'51',707,,3383,39,4,,2,22,,3382,39,4,,2
5003401,'51',1605,5,3384,2,,,2
5003600,'51',729,,3386,38,4,,2
5003601,'51',1525,,3389,2,,,2,79,,3387,2,,,2,26,,3388,2,,,2
5003700,'51',729,,3391,67,4,,2,76,,3392,67,4,,2,30,,3393,67,4,,2,69,,3394,74,4,,2
5003701,'51',1524,,3396,2,,,2,109,5,3395,2,,,2,125,4,3397,2,,,2
5003801,'51',1605,,3399,2,,,2,97,45,3398,2,,,2
1200000201,'51',618,6,3608,2,0,29,1,15,6,3607,2,0,29,1,19,6,3611,2,0,29,1,50,46,3619,2,0,29,1,3,,3614,2,4,,1,10,6,3606,2,0,29,1,14,6,3618,2,0,29,1,18,6,3610,2,0,29,1,58,46,3625,2,0,29,1,15,6,3605,2,0,29,1,15,6,3628,2,0,29,1,15,6,3609,2,0,29,1,52,46,3621,2,0,29,1,12,6,3623,2,0,29,1,13,6,3616,2,0,29,1,15,6,3612,2,0,29,1,12,6,3629,2,0,29,1,57,6,3624,2,0,29,1,18,6,3626,2,0,29,1,14,6,3630,2,0,29,1,15,6,3632,2,0,29,1,55,6,3633,2,0,29,1,15,6,3635,2,0,29,1,15,6,3636,2,0,29,1,15,6,3638,2,0,29,1,55,6,3639,2,0,29,1,15,6,3640,2,0,29,1,15,6,3641,2,0,29,1,15,6,3642,2,0,29,1,56,6,3631,2,0,29,1,15,6,3634,2,0,29,1,15,6,3644,2,0,29,1,15,6,3645,2,0,29,1,54,6,3637,2,0,29,1,15,6,3643,2,0,29,1,15,6,3647,2,0,29,1,10,,3650,2,0,29,1,52,46,3648,2,0,29,1,13,6,3649,2,0,29,1,16,6,3651,2,0,29,1,15,6,3652,2,0,29,1,59,49,3654,2,0,29,1,9,6,3655,2,0,29,1,14,6,3646,2,0,29,1,15,6,3656,2,0,29,1,57,47,3660,2,0,29,1,16,6,3662,2,0,29,1,11,6,3661,2,0,29,1,15,6,3666,2,0,29,1,13,,3663,2,0,29,1,49,50,3653,2,0,29,1,7,6,3665,2,0,29,1,14,6,3658,2,0,29,1,14,6,3668,2,0,29,1,14,6,3664,2,0,29,1,54,5,3670,2,0,29,1,14,5,3657,2,0,29,1,20,5,3671,2,0,29,1,70,5,3672,2,0,29,1,32,5,3669,2,0,29,1,76,8,3674,2,0,29,1,30,4,3676,2,0,29,1,71,3,3673,2,0,29,1,28,3,3667,2,0,29,1,71,2,3675,2,0,29,1,86,62,3677,2,0,29,1
1200000201,'52',642,,3679,2,0,29,1,71,6,3678,2,0,29,1,30,6,3680,2,0,29,1,71,6,3686,2,0,29,1,30,6,3691,2,0,29,1,72,6,3684,2,0,29,1,31,6,3683,2,0,29,1,68,6,3689,2,0,29,1,30,6,3690,2,0,29,1,71,6,3692,2,0,29,1,29,6,3681,2,0,29,1,71,6,3687,2,0,29,1,30,6,3685,2,0,29,1,69,6,3693,2,0,29,1,32,6,3694,2,0,29,1,69,6,3696,2,0,29,1,33,6,3695,2,0,29,1,69,6,3698,2,0,29,1,29,6,3699,2,0,29,1,72,6,3700,2,0,29,1,31,6,3701,2,0,29,1,68,6,3702,2,0,29,1,29,6,3697,2,0,29,1,70,6,3704,2,0,29,1,28,6,3703,2,0,29,1,79,6,3707,2,0,29,1,29,5,3709,2,0,29,1,71,5,3705,2,0,29,1,27,3,3711,2,0,29,1,68,2,3712,2,0,29,1,31,3,3708,2,0,29,1,70,3,3710,2,0,29,1,29,3,3706,2,0,29,1,69,2,3713,2,0,29,1,90,62,3714,2,0,29,1
1200000201,'53',743,6,3715,2,0,29,1,71,6,3718,2,0,29,1,30,6,3722,2,0,29,1,72,6,3725,2,0,29,1,31,6,3717,2,0,29,1,68,6,3721,2,0,29,1,30,6,3724,2,0,29,1,71,6,3727,2,0,29,1,29,6,3728,2,0,29,1,71,6,3719,2,0,29,1,30,6,3729,2,0,29,1,69,6,3731,2,0,29,1,32,6,3730,2,0,29,1,69,6,3733,2,0,29,1,33,6,3732,2,0,29,1,69,6,3735,2,0,29,1,29,6,3736,2,0,29,1,72,6,3737,2,0,29,1,31,6,3738,2,0,29,1,68,6,3740,2,0,29,1,29,6,3734,2,0,29,1,70,6,3743,2,0,29,1,28,6,3741,2,0,29,1,79,6,3745,2,0,29,1,29,5,3739,2,0,29,1,71,5,3744,2,0,29,1,27,3,3742,2,0,29,1
1200000201,'54',641,,3748,2,0,29,1,15,6,3746,2,0,12 13,1,55,,3757,2,0,29,1,15,6,3749,2,0,12 13,1,15,6,3761,2,0,29,1,15,6,3755,2,0,12 13,1,55,6,3766,2,0,29,1,16,6,3752,2,0,12 13,1,15,6,3747,2,0,29,1,15,6,3764,2,0,12 13,1,55,6,3750,2,0,29,1,15,6,3758,2,0,12 13,1,15,6,3756,2,0,29,1,15,6,3762,2,0,12 13,1,55,6,3753,2,0,29,1,14,6,3767,2,0,12 13,1,15,6,3765,2,0,29,1,15,6,3759,2,0,12 13,1,55,6,3772,2,0,29,1,15,6,3770,2,0,12 13,1,15,6,3763,2,0,29,1,15,6,3773,2,0,12 13,1,55,6,3777,2,0,29,1,16,6,3775,2,0,12 13,1,14,6,3760,2,0,29,1,15,6,3768,2,0,12 13,1,56,6,3771,2,0,29,1,15,6,3779,2,0,12 13,1,15,6,3774,2,0,29,1,15,6,3781,2,0,12 13,1,56,6,3776,2,0,29,1,15,6,3783,2,0,12 13,1,15,6,3769,2,0,29,1,15,6,3785,2,0,12 13,1,54,6,3780,2,0,29,1,15,6,3788,2,0,12 13,1,15,6,3782,2,0,29,1,15,6,3778,2,0,12 13,1,56,6,3784,2,0,29,1,16,6,3792,2,0,12 13,1,15,6,3786,2,0,29,1,15,6,3790,2,0,12 13,1,55,6,3789,2,0,29,1,15,6,3795,2,0,12 13,1,15,6,3797,2,0,29,1,15,6,3794,2,0,12 13,1,54,6,3799,2,0,29,1,16,6,3793,2,0,12 13,1,26,6,3791,2,0,29,1,69,6,3801,2,0,29,1,29,5,3787,2,0,29,1,71,5,3800,2,0,29,1,27,3,3802,2,0,29,1,68,2,3803,2,0,29,1,31,3,3798,2,0,29,1,70,3,3806,2,0,29,1,29,3,3796,2,0,29,1,69,2,3804,2,0,29,1,90,62,3805,2,0,29,1
1200000201,'69',714,,3807,2,4,,1,24,,3809,2,4,,1,87,,3808,2,4,,1,700,,3810,2,0,29,1,15,,3811,2,0,29,1
1200000301,'51',646,6,3949,2,0,30,1,59,47,3953,2,0,30,1,12,,3954,2,4,,1,13,,3957,2,4,,1,9,7,3961,2,0,30,1,1,,3952,2,4,,1,10,,3959,2,4,,1,50,,3963,2,4,,1,5,48,3958,2,0,30,1,4,,3956,2,4,,1,24,9,3964,2,0,30,1,67,48,3950,2,0,30,1,30,8,3960,2,0,30,1,27,8,3962,2,0,30,1,76,8,3965,2,0,30,1,20,8,3966,2,0,30,1,60,8,3968,2,0,30,1,20,8,3970,2,0,30,1,20,8,3971,2,0,30,1,60,8,3973,2,0,30,1,22,8,3975,2,0,30,1,20,8,3967,2,0,30,1,60,8,3969,2,0,30,1,20,8,3976,2,0,30,1,18,8,3972,2,0,30,1,60,8,3974,2,0,30,1,19,8,3978,2,0,30,1,20,8,3979,2,0,30,1,55,4,3980,2,0,30,1,10,,3981,2,0,30,1,19,7,3977,2,0,30,1,15,,3990,2,0,30,1,59,,3985,2,0,30,1,13,,3989,2,0,30,1,16,,3983,2,0,30,1,17,,3982,2,0,30,1,58,,3993,2,0,30,1,19,4,3992,2,0,30,1,13,,3987,2,0,30,1,8,,3991,2,0,30,1,48,,3986,2,0,30,1,15,,3984,2,0,30,1,19,6,3988,2,0,30,1,20,6,3995,2,0,30,1,67,5,3994,2,0,30,1,31,5,4000,2,0,30,1,70,5,4001,2,0,30,1,30,5,4004,2,0,30,1,74,9,3996,2,0,30,1
1200000301,'52',725,5,4007,2,0,30,1,30,5,4006,2,0,30,1,71,5,4010,2,0,30,1,30,5,4011,2,0,30,1,70,5,4012,2,0,30,1,30,5,4005,2,0,30,1,70,6,4009,2,0,30,1,30,6,4008,2,0,30,1,70,6,4013,2,0,30,1,30,6,4014,2,0,30,1,71,6,4016,2,0,30,1,29,6,4015,2,0,30,1,71,6,4018,2,0,30,1,30,6,4019,2,0,30,1,71,6,4020,2,0,30,1,30,6,4021,2,0,30,1,69,6,4022,2,0,30,1,30,6,4017,2,0,30,1,72,6,4024,2,0,30,1,30,6,4023,2,0,30,1,70,6,4026,2,0,30,1,29,5,4025,2,0,30,1,70,5,4027,2,0,30,1,24,3,4031,2,0,30,1
1200000301,'53',755,5,4035,2,0,30,1,71,5,4037,2,0,30,1,30,5,4038,2,0,30,1,70,5,4039,2,0,30,1,30,5,4040,2,0,30,1,70,6,4036,2,0,30,1,30,6,4041,2,0,30,1,70,6,4043,2,0,30,1,30,6,4042,2,0,30,1,71,6,4045,2,0,30,1,29,6,4044,2,0,30,1,71,6,4047,2,0,30,1,30,6,4048,2,0,30,1,71,6,4049,2,0,30,1,30,6,4050,2,0,30,1,69,6,4051,2,0,30,1,30,6,4046,2,0,30,1,72,6,4053,2,0,30,1,30,6,4052,2,0,30,1,70,6,4055,2,0,30,1,29,5,4054,2,0,30,1,70,5,4056,2,0,30,1,24,3,4059,2,0,30,1
1200000301,'54',648,5,4062,2,0,30,1,70,5,4060,2,0,30,1,30,5,4064,2,0,30,1,70,5,4068,2,0,30,1,30,5,4063,2,0,30,1,70,5,4061,2,0,30,1,30,5,4065,2,0,30,1,71,6,4069,2,0,30,1,30,6,4067,2,0,30,1,70,6,4071,2,0,30,1,30,6,4066,2,0,30,1,70,6,4070,2,0,30,1,30,6,4073,2,0,30,1,70,6,4072,2,0,30,1,31,6,4074,2,0,30,1,70,6,4077,2,0,30,1,30,6,4080,2,0,30,1,70,6,4082,2,0,30,1,30,6,4075,2,0,30,1,71,6,4078,2,0,30,1,30,6,4081,2,0,30,1,70,6,4083,2,0,30,1,31,5,4076,2,0,30,1,68,5,4079,2,0,30,1,27,3,4084,2,0,30,1
1200000401,'51',750,,4096,2,4,,1,56,,4097,2,4,,1,15,,4095,2,4,,1,790,,4099,2,0,31,1,31,,4098,2,0,31,1,67,4,4102,2,0,31,1
