3900,'1',628,,6215,2,0,32,2,80,,6216,2,0,32,2,31,,6214,2,0,32,2
3900,'71',637,,4838,2,0,14,2,69,,4840,2,0,14,2,38,,4839,2,0,14,2,92,,4837,2,0,14,2
3901,'1',1643,,6219,28,0,9,2,87,,6217,28,0,9,2,87,,6218,28,0,9,2
3901,'71',1647,,4843,25,,,2,82,,4842,25,,,2,80,,4841,25,,,2
37500,'12',809,,6309,2,,,2
37500,'82',809,,4957,2,,,2
37501,'83',1657,,4958,29,,,2
38101,'85',1543,,4966,45,,,2
5003700,'71',620,,5046,29,,,2
5003701,'1',1742,,6396,51,,,2
5003701,'71',1638,,5050,51,,,2,106,,5049,51,,,2
5003701,'81',1857,,5051,51,,,2
5003801,'1',1713,,6398,48,,,2,89,,6397,48,,,2
5003801,'71',1712,,5053,48,,,2,89,,5052,48,,,2
