3600,'1',616,,750,12,,,2,136,,751,12,,,2,94,,752,12,,,2,162,,753,12,,,2,101,,754,12,,,2,100,,755,12,,,2,102,,756,12,,,2,100,,757,12,,,2,100,,758,12,,,2,305,,759,12,,,2,90,,760,12,,,2,53,,761,12,,,2,97,,762,12,,,2,144,,763,12,,,2,53,,764,12,,,2
3600,'3',616,,765,12,,,2,136,,766,12,,,2,256,,767,12,,,2,101,,768,12,,,2,100,,770,12,,,2,102,,769,12,,,2,100,,771,12,,,2,100,,772,12,,,2,305,,773,12,,,2,90,,774,12,,,2,53,,775,12,,,2,97,,776,12,,,2,144,,777,12,,,2,53,,778,12,,,2
3600,'4',616,,779,12,,,2,136,,783,12,,,2,256,,782,12,,,2,101,,780,12,,,2,100,,781,12,,,2,102,,784,12,,,2,100,,785,12,,,2,100,,786,12,,,2,305,,787,12,,,2,90,,790,12,,,2,53,,791,12,,,2,97,,792,12,,,2,144,,788,12,,,2,53,,789,12,,,2
3600,'6',728,,793,12,,,2,100,,794,12,,,2,101,,795,12,,,2,100,,796,12,,,2,105,,797,12,,,2,100,,798,12,,,2,100,,799,12,,,2,102,,800,12,,,2,101,,801,12,,,2,99,,802,12,,,2,97,,807,12,,,2,97,,808,12,,,2,91,,809,12,,,2,109,,803,12,,,2,99,,804,12,,,2,97,,805,12,,,2,93,,806,12,,,2
3600,'8',828,,810,12,,,2,101,,811,12,,,2,100,,812,12,,,2,105,,813,12,,,2,100,,814,12,,,2,100,,815,12,,,2,102,,816,12,,,2,101,,817,12,,,2,99,,818,12,,,2,97,,819,12,,,2,97,,820,12,,,2,91,,821,12,,,2
5003600,'1',648,,1343,12,,,2,68,,1342,12,,,2
5003600,'3',648,,1345,12,,,2,68,,1344,12,,,2
5003600,'4',648,,1347,12,,,2,68,,1346,12,,,2
5003601,'1',1611,,1350,26,,,2,45,,1348,26,,,2,62,,1349,26,,,2
5003601,'3',1644,,1351,26,,,2,67,,1352,26,,,2
5003601,'4',1649,,1353,26,,,2,62,,1354,26,,,2
