3101,'1',627,,6013,7,0,8 1 32,2,32,,6011,7,0,8 1 32,2,144,,6015,7,0,8 1 32,2,105,,6016,7,0,8 1 32,2,99,,6017,7,0,8 1 32,2,100,,6018,7,0,8 1 32,2,106,,6019,7,0,8 1 32,2,102,,6020,7,0,8 1 32,2,101,,6021,7,0,8 1 32,2,100,,6022,7,0,8 1 32,2,97,,6023,7,0,8 1 32,2,31,,6026,7,0,8 1 32,2,71,,6027,7,0,8 1 32,2,31,,6024,7,0,8 1 32,2,73,,6028,7,0,8 1 32,2,24,,6025,7,0,8 1 32,2,76,,6029,7,0,8 1 32,2,290,,6030,7,0,8,2
3701,'1',618,,6123,7,0,9,2,103,,6124,7,,,2,105,,6125,7,0,9,2,104,,6126,7,0,9,2,97,,6127,7,0,9,2,102,,6128,7,0,9,2,115,,6129,7,0,9,2,102,,6130,7,0,9,2,102,,6131,7,0,9,2,154,,6132,7,0,9,2,142,,6133,7,0,9,2,72,,6134,7,0,9,2,101,,6135,7,0,9,2,96,,6136,7,0,9,2,96,,6137,7,0,9,2,100,,6138,7,0,9,2,100,,6139,7,0,9,2,28,,6140,7,0,9,2
3701,'2',652,,6141,7,0,9,2,100,,6142,7,0,9,2,102,,6143,7,0,9,2,102,,6144,7,0,9,2,102,,6145,7,0,9,2,156,,6146,7,0,9,2,103,,6147,7,0,9,2,100,,6148,7,0,9,2,101,,6149,7,0,9,2,100,,6150,7,0,9,2,101,,6151,7,0,9,2,95,,6152,7,0,9,2,97,,6153,7,0,9,2,96,,6154,7,0,9,2,100,,6155,7,0,9,2,101,,6156,7,0,9,2,98,,6157,7,0,9,2,28,,6158,7,0,9,2
3701,'3',752,,6159,7,0,9,2,102,,6160,7,0,9,2,102,,6161,7,0,9,2,102,,6162,7,0,9,2,156,,6163,7,0,9,2,103,,6164,7,0,9,2,100,,6165,7,0,9,2,101,,6166,7,0,9,2,100,,6167,7,0,9,2,101,,6168,7,0,9,2,95,,6169,7,0,9,2,97,,6170,7,0,9,2
3701,'71',721,,4749,7,,,2,105,,4748,7,0,9,2,102,,4747,7,0,9,2,98,,4750,7,0,9,2,102,,4751,7,0,9,2,113,,4752,7,0,9,2,102,,4753,7,0,9,2,102,,4754,7,0,9,2,155,,4755,7,0,9,2,113,,4756,7,0,9,2,100,,4757,7,0,9,2,101,,4758,7,0,9,2,97,,4759,7,0,9,2,97,,4760,7,0,9,2,101,,4761,7,0,9,2,102,,4762,7,0,9,2,28,,4763,7,0,9,2
3701,'72',656,,4764,7,0,9,2,100,,4765,7,0,9,2,102,,4766,7,0,9,2,100,,4767,7,0,9,2,100,,4768,7,0,9,2,152,,4769,7,0,9,2,100,,4770,7,0,9,2,100,,4771,7,0,9,2,102,,4772,7,0,9,2,100,,4773,7,0,9,2,98,,4774,7,0,9,2,100,,4775,7,0,9,2,100,,4776,7,0,9,2,97,,4779,7,0,9,2,100,,4780,7,0,9,2,101,,4781,7,0,9,2,98,,4777,7,0,9,2,28,,4778,7,0,9,2
3701,'73',756,,4782,7,0,9,2,102,,4783,7,0,9,2,100,,4784,7,0,9,2,100,,4785,7,0,9,2,152,,4786,7,0,9,2,100,,4787,7,0,9,2,100,,4788,7,0,9,2,102,,4789,7,0,9,2,100,,4790,7,0,9,2,98,,4791,7,0,9,2,100,,4792,7,0,9,2,109,,4793,7,0,9,2
3800,'1',753,,6171,7,,,2,104,,6172,7,,,2,99,,6173,7,,,2,102,,6174,7,,,2,155,,6175,7,,,2,102,,6176,7,,,2,102,,6177,7,,,2,105,,6178,7,,,2,120,,6179,7,,,2,73,,6180,7,,,2,134,,6181,7,,,2,96,,6182,7,,,2,96,,6183,7,,,2,100,,6184,7,,,2,98,,6185,7,,,2
3800,'2',722,,6186,7,,,2,101,,6187,7,,,2,103,,6188,7,,,2,101,,6189,7,,,2,102,,6190,7,,,2,116,,6191,7,,,2,102,,6192,7,,,2,101,,6193,7,,,2,100,,6194,7,,,2,102,,6195,7,,,2,99,,6196,7,,,2,94,,6197,7,,,2,96,,6198,7,,,2,100,,6199,7,,,2,97,,6200,7,,,2,101,,6201,7,,,2
3800,'3',823,,6202,7,,,2,103,,6203,7,,,2,101,,6204,7,,,2,102,,6205,7,,,2,116,,6206,7,,,2,102,,6207,7,,,2,101,,6208,7,,,2,100,,6209,7,,,2,102,,6210,7,,,2,99,,6211,7,,,2,94,,6212,7,,,2,96,,6213,7,,,2
3800,'71',751,,4794,7,,,2,106,,4795,7,,,2,98,,4796,7,,,2,102,,4797,7,,,2,153,,4798,7,,,2,102,,4799,7,,,2,102,,4800,7,,,2,108,,4801,14,,,2,116,,4802,7,,,2,96,,4803,7,,,2,112,,4804,7,,,2,97,,4805,7,,,2,96,,4806,7,,,2,101,,4807,7,,,2,99,,4808,7,,,2
3800,'72',726,,4809,7,,,2,100,,4810,7,,,2,102,,4811,7,,,2,100,,4812,7,,,2,101,,4813,7,,,2,111,,4814,7,,,2,100,,4815,7,,,2,102,,4816,7,,,2,100,,4817,7,,,2,100,,4818,7,,,2,98,,4819,7,,,2,100,,4820,7,,,2,98,,4822,7,,,2,99,,4823,7,,,2,99,,4824,7,,,2,100,,4821,7,,,2
3800,'73',826,,4825,7,,,2,102,,4826,7,,,2,100,,4827,7,,,2,101,,4828,7,,,2,111,,4829,7,,,2,100,,4830,7,,,2,102,,4831,7,,,2,100,,4832,7,,,2,100,,4833,7,,,2,98,,4834,7,,,2,100,,4835,7,,,2,107,,4836,7,,,2
3901,'1',1628,,6219,7,0,9,2,87,,6217,7,0,9,2,87,,6218,7,0,9,2
31101,'85',1521,,4946,14,,,2
37501,'83',1643,,4958,8,,,2
38001,'1',537,,6313,8,,,2,80,,6314,8,,,2,31,,6315,8,,,2
38001,'71',536,,4962,13,,,2,89,,4963,13,,,2,22,,4964,13,,,2
38101,'85',1521,,4966,14,,,2
38501,'83',1642,,4968,8,,,2
5003700,'1',628,,6395,7,,,2,76,,6394,7,,,2
5003700,'71',607,,5046,7,,,2,23,,5047,7,,,2,74,,5048,7,,,2
5003701,'1',1726,,6396,27,,,2
5003701,'71',1621,,5050,27,,,2,107,,5049,27,,,2
5003701,'81',1841,,5051,27,,,2
5003801,'1',1702,,6398,27,,,2,49,,6397,27,,,2
5003801,'71',1701,,5053,27,,,2,49,,5052,27,,,2
2000003101,'2',735,,7720,7,0,8 1 32,2,101,,7721,7,0,8 1 32,2,101,,7722,7,0,8 1 32,2,101,,7723,7,0,8 1 32,2,101,,7724,7,0,8 1 32,2,101,,7725,7,0,8 1 32,2,215,,7726,7,0,8 1 32,2,101,,7727,7,0,8 1 32,2,101,,7728,7,0,8 1 32,2,96,,7729,7,0,8 1 32,2,90,,7730,7,0,8,2
2000003101,'3',836,,7732,7,0,8 1 32,2,101,,7733,7,0,8 1 32,2,101,,7734,7,0,8 1 32,2,101,,7735,7,0,8 1 32,2,101,,7736,7,0,8 1 32,2,215,,7737,7,0,8 1 32,2,101,,7738,7,0,8 1 32,2,101,,7739,7,0,8 1 32,2,96,,7740,7,0,8 1 32,2,90,,7741,7,0,8,2
