2200,'1',620,,293,44,,,2,28,,307,82,,,2,63,,294,44,,,2,26,,309,44,,,2,70,,311,82,,,2,44,,310,44,0,14 1 15,2,2,,312,27,0,14 1 15,2,84,,308,44,,,2,75,,295,44,,,2,32,,300,44,,,2,72,,296,44,,,2,30,,301,44,,,2,70,,297,44,,,2,31,,302,44,,,2,70,,298,44,,,2,30,,315,44,,,2,70,,299,44,,,2,29,,316,44,,,2,74,,305,44,,,2,30,,303,30,,,2,63,,306,30,,,2,111,,304,30,,,2,28,,313,30,,,2,98,,314,30,,,2
2200,'2',620,,317,44,,,2,28,,327,82,,,2,63,,318,44,,,2,26,,331,44,,,2,70,,333,82,,,2,43,,332,44,,,2,87,,328,44,,,2,107,,319,44,,,2,102,,320,44,,,2,101,,321,44,,,2,100,,322,44,,,2,99,,323,44,,,2,104,,324,30,,,2,63,,326,30,,,2,111,,325,30,,,2,28,,329,30,,,2,98,,330,30,,,2
2300,'1',616,,401,56,,,2,235,,385,20,0,14 1 15,2,1,,404,56,0,14 1 15,2,71,,382,56,,,2,33,,386,56,,,2,70,,383,56,,,2,33,,387,56,,,2,70,,384,56,,,2,30,,388,56,,,2,72,,391,42,,,2,70,,389,42,,,2,30,,392,42,,,2,70,,390,42,,,2,30,,393,42,,,2,76,,402,42,,,2,31,,394,42,,,2,163,,405,42,,,2,29,,403,42,,,2,29,,395,42,,,2,67,,397,42,,,2,28,,396,42,,,2,90,,398,42,,,2,89,,399,42,,,2,97,,400,42,,,2
2300,'2',616,,423,56,,,2,191,,426,56,,,2,44,,429,56,,,2,72,,406,56,,,2,33,,409,56,,,2,70,,407,56,,,2,33,,410,56,,,2,70,,408,56,,,2,30,,411,56,,,2,72,,414,42,,,2,70,,412,42,,,2,30,,415,42,,,2,70,,413,42,,,2,30,,416,42,,,2,76,,424,42,,,2,31,,421,42,,,2,163,,422,42,,,2,29,,425,42,,,2,29,,427,42,,,2,67,,420,42,,,2,28,,428,42,,,2,90,,417,42,,,2,89,,418,42,,,2,97,,419,42,,,2
2300,'6',656,,430,56,,,2,100,,431,56,,,2,101,,432,56,,,2,102,,433,56,,,2,100,,434,56,,,2,100,,435,56,,,2,142,,436,56,,,2,102,,437,42,,,2,100,,438,42,,,2,100,,439,42,,,2,100,,440,42,,,2,100,,441,42,,,2
2300,'8',756,,442,56,,,2,101,,443,56,,,2,102,,444,56,,,2,100,,445,56,,,2,100,,446,56,,,2,142,,447,56,,,2,102,,448,42,,,2,100,,449,42,,,2,100,,450,42,,,2,100,,451,42,,,2,100,,452,42,,,2
3101,'1',646,,540,2,,,2,68,,546,2,,,2,94,,547,2,,,2,105,,543,2,,,2,44,,548,2,,,2,87,,549,2,,,2,99,,550,2,,,2,85,,544,2,,,2,87,,551,2,,,2,44,,554,2,,,2,91,,555,2,,,2,91,,552,2,,,2,74,,556,2,,,2,16,,553,2,,,2,77,,557,2,,,2,24,,561,2,,,2,25,,558,2,,,2,79,,560,2,,,2,68,,559,2,,,2,250,,562,2,0,8,2
3101,'3',646,,563,2,,,2,68,,566,2,,,2,94,,567,2,,,2,105,,568,2,,,2,44,,569,2,,,2,87,,570,2,,,2,99,,571,2,,,2,85,,572,2,,,2,87,,573,2,,,2,44,,574,2,,,2,91,,575,2,,,2,91,,576,2,,,2,74,,579,2,,,2,16,,577,2,,,2,77,,580,2,,,2,24,,578,2,,,2,25,,581,2,,,2,79,,583,2,,,2,68,,582,2,,,2,250,,584,2,0,8,2
3101,'4',646,,585,2,,,2,68,,587,2,,,2,94,,588,2,,,2,105,,589,2,,,2,44,,591,2,,,2,87,,592,2,,,2,99,,593,2,,,2,85,,596,2,,,2,87,,597,2,,,2,44,,594,2,,,2,91,,595,2,,,2,91,,598,2,,,2,74,,602,2,,,2,16,,599,2,,,2,77,,603,2,,,2,24,,600,2,,,2,25,,604,2,,,2,79,,601,2,,,2,68,,605,2,,,2,250,,606,2,0,8,2
3501,'1',636,,659,2,,,2,69,,660,2,,,2,115,,666,2,,,2,36,,663,2,,,2,74,,664,2,,,2,100,,661,2,,,2,101,,662,2,,,2,101,,665,2,,,2,101,,668,2,,,2,100,,667,2,,,2,112,,669,2,,,2,77,,670,2,,,2,36,,672,2,,,2,74,,673,2,,,2,104,,671,2,,,2,89,,674,2,,,2,94,,675,2,,,2,100,,676,2,,,2,100,,677,2,,,2,97,,678,2,,,2
3501,'3',636,,680,2,,,2,69,,681,2,,,2,115,,683,2,,,2,36,,684,2,,,2,74,,685,2,,,2,100,,682,2,,,2,101,,687,2,,,2,101,,686,2,,,2,101,,688,2,,,2,100,,690,2,,,2,112,,689,2,,,2,77,,692,2,,,2,36,,693,2,,,2,74,,694,2,,,2,104,,691,2,,,2,89,,695,2,,,2,94,,696,2,,,2,100,,697,2,,,2,100,,698,2,,,2,97,,699,2,,,2
3501,'4',636,,702,2,,,2,69,,704,2,,,2,115,,705,2,,,2,36,,706,2,,,2,74,,707,2,,,2,100,,703,2,,,2,101,,701,2,,,2,101,,708,2,,,2,101,,709,2,,,2,100,,710,2,,,2,112,,712,2,,,2,77,,713,2,,,2,36,,714,2,,,2,74,,715,2,,,2,104,,711,2,,,2,89,,718,2,,,2,94,,719,2,,,2,100,,720,2,,,2,100,,716,2,,,2,97,,717,2,,,2
3501,'6',651,,721,2,,,2,100,,722,2,,,2,101,,723,2,,,2,100,,724,2,,,2,105,,725,2,,,2,100,,726,2,,,2,100,,727,2,,,2,101,,728,2,,,2,101,,729,2,,,2,141,,730,2,,,2,58,,731,2,,,2,97,,736,2,,,2,96,,737,2,,,2,104,,732,2,,,2,98,,733,2,,,2,99,,734,2,,,2,96,,735,2,,,2
3501,'8',852,,738,2,,,2,100,,739,2,,,2,105,,740,2,,,2,100,,741,2,,,2,100,,742,2,,,2,101,,743,2,,,2,101,,744,2,,,2,141,,745,2,,,2,58,,746,2,,,2,97,,747,2,,,2,96,,748,2,,,2,97,,749,2,,,2
3600,'1',608,,750,2,,,2,135,,751,2,,,2,95,,752,2,,,2,162,,753,2,,,2,101,,754,2,,,2,100,,755,2,,,2,102,,756,2,,,2,100,,757,2,,,2,100,,758,2,,,2,305,,759,2,,,2,50,,760,2,,,2,93,,761,2,,,2,98,,762,2,,,2,104,,763,2,,,2,93,,764,2,,,2
3600,'3',608,,765,2,,,2,135,,766,2,,,2,257,,767,2,,,2,101,,768,2,,,2,100,,770,2,,,2,102,,769,2,,,2,100,,771,2,,,2,100,,772,2,,,2,305,,773,2,,,2,50,,774,2,,,2,93,,775,2,,,2,98,,776,2,,,2,104,,777,2,,,2,93,,778,2,,,2
3600,'4',608,,779,2,,,2,135,,783,2,,,2,257,,782,2,,,2,101,,780,2,,,2,100,,781,2,,,2,102,,784,2,,,2,100,,785,2,,,2,100,,786,2,,,2,305,,787,2,,,2,50,,790,2,,,2,93,,791,2,,,2,98,,792,2,,,2,104,,788,2,,,2,93,,789,2,,,2
3600,'6',721,,793,2,,,2,100,,794,2,,,2,101,,795,2,,,2,100,,796,2,,,2,105,,797,2,,,2,100,,798,2,,,2,100,,799,2,,,2,102,,800,2,,,2,101,,801,2,,,2,99,,802,2,,,2,97,,807,2,,,2,97,,808,2,,,2,91,,809,2,,,2,109,,803,2,,,2,99,,804,2,,,2,97,,805,2,,,2,93,,806,2,,,2
3600,'8',821,,810,2,,,2,101,,811,2,,,2,100,,812,2,,,2,105,,813,2,,,2,100,,814,2,,,2,100,,815,2,,,2,102,,816,2,,,2,101,,817,2,,,2,99,,818,2,,,2,97,,819,2,,,2,97,,820,2,,,2,91,,821,2,,,2
3901,'1',1626,,991,2,,,2,82,,993,2,,,2,36,,992,2,,,2
3901,'3',1626,,994,2,,,2,82,,995,2,,,2,36,,996,2,,,2
3901,'4',1626,,997,2,,,2,82,,998,2,,,2,36,,999,2,,,2
20000,'1',900,,1044,16,,,2,26,,1043,16,,,2,27,,1042,16,,,2,70,,1041,16,,,2,691,,1045,2,,,2,234,,1046,2,,,2,174,,1047,2,,,2,218,,1048,2,,,2
20000,'3',844,,1050,16,,,2,76,,1049,16,,,2,1028,,1051,2,,,2,174,,1052,2,,,2,218,,1053,2,,,2
20000,'4',848,,1055,16,,,2,76,,1054,16,,,2,1024,,1056,2,,,2,174,,1057,2,,,2,218,,1058,2,,,2
20000,'6',2337,,1059,2,,,2
35101,'15',1528,,1159,23,,,2
35501,'13',1642,,1161,34,,,2
5003600,'1',641,,1343,2,,,2,68,,1342,2,,,2
5003600,'3',641,,1345,2,,,2,68,,1344,2,,,2
5003600,'4',641,,1347,2,,,2,68,,1346,2,,,2
5003601,'1',1603,,1350,16,,,2,44,,1348,16,,,2,62,,1349,16,,,2
5003601,'3',1635,,1351,16,,,2,67,,1352,16,,,2
5003601,'4',1640,,1353,16,,,2,62,,1354,16,,,2
2000003101,'6',744,,2461,2,,,2,102,,2462,2,,,2,100,,2463,2,,,2,101,,2464,2,,,2,100,,2465,2,,,2,100,,2466,2,,,2,198,,2467,2,,,2,101,,2468,2,,,2,101,,2469,2,,,2,99,,2470,2,,,2,96,,2471,2,0,8,2
2000003101,'8',846,,2473,2,,,2,100,,2474,2,,,2,101,,2475,2,,,2,100,,2476,2,,,2,100,,2477,2,,,2,198,,2478,2,,,2,101,,2479,2,,,2,101,,2480,2,,,2,99,,2481,2,,,2,96,,2482,2,0,8,2
