11500,'12',842,,6227,26,,,2
11500,'82',842,,4852,26,,,2
12500,'12',842,,6229,23,,,2
12500,'82',842,,4856,23,,,2
12600,'12',847,,6230,17,,,2
12600,'82',847,,4858,17,,,2
12700,'12',848,,6231,14,,,2
12700,'82',848,,4860,14,,,2
1001101,'1',610,,6322,55,,,1,29,,6326,89,,,1,73,,6323,89,,,1,32,,6327,89,,,1,73,,6324,89,,,1,22,,6320,89,,,1,81,,6325,89,,,1,82,,6328,89,,,1,30,,6329,89,,,1,75,,6333,89,,,1,30,,6330,89,,,1,75,,6334,89,,,1,30,,6331,89,,,1,73,,6335,89,,,1,30,,6332,89,,,1,78,,6336,89,,,1,30,,6338,89,,,1,88,,6337,89,,,1,72,,6339,89,,,1,89,,6341,89,,,1,22,,6340,89,,,1,21,,6344,89,,,1,67,,6342,89,,,1,33,,6345,89,,,1,69,,6343,89,,,1,31,,6346,89,,,1,100,,6347,89,,,1,99,,6348,89,,,1,100,,6349,89,,,1
1001101,'2',742,,6351,55,,,1,99,,6352,89,,,1,103,,6353,89,,,1,101,,6354,89,,,1,99,,6355,89,,,1,100,,6359,89,,,1,100,,6360,89,,,1,101,,6358,89,,,1,100,,6356,89,,,1,99,,6357,89,,,1,102,,6361,89,,,1,97,,6362,89,,,1,100,,6363,89,,,1,99,,6364,89,,,1,100,,6365,89,,,1,100,,6366,89,,,1
1001101,'3',944,,6368,55,,,1,101,,6369,89,,,1,99,,6372,89,,,1,100,,6373,89,,,1,100,,6370,89,,,1,101,,6371,89,,,1,100,,6374,89,,,1,99,,6375,89,,,1,102,,6376,89,,,1,97,,6377,89,,,1
1001101,'71',610,,4969,55,,,1,29,,4973,89,,,1,73,,4970,89,,,1,32,,4974,89,,,1,73,,4971,89,,,1,22,,4976,89,,,1,81,,4972,89,,,1,82,,4978,89,,,1,30,,4975,89,,,1,75,,4979,89,,,1,30,,4982,89,,,1,75,,4980,89,,,1,30,,4983,89,,,1,73,,4981,89,,,1,30,,4984,89,,,1,78,,4986,89,,,1,30,,4985,89,,,1,88,,4987,89,,,1,72,,4989,89,,,1,89,,4988,89,,,1,22,,4990,89,,,1,21,,4993,89,,,1,67,,4991,89,,,1,33,,4994,89,,,1,69,,4992,89,,,1,31,,4995,89,,,1,100,,4996,89,,,1,99,,4997,89,,,1,100,,4998,89,,,1
1001101,'72',742,,5003,55,,,1,99,,5000,89,,,1,103,,5001,89,,,1,101,,5002,89,,,1,99,,5004,89,,,1,100,,5005,89,,,1,100,,5006,89,,,1,101,,5007,89,,,1,100,,5008,89,,,1,99,,5009,89,,,1,102,,5010,89,,,1,97,,5011,89,,,1,100,,5012,89,,,1,99,,5013,89,,,1,100,,5014,89,,,1,100,,5015,89,,,1
1001101,'73',944,,5017,55,,,1,101,,5018,89,,,1,99,,5019,89,,,1,100,,5020,89,,,1,100,,5021,89,,,1,101,,5022,89,,,1,100,,5023,89,,,1,99,,5024,89,,,1,102,,5025,89,,,1,97,,5026,89,,,1
