3701,'1',546,,6122,17,0,9,2,81,,6123,24,0,9,2,104,,6124,24,,,2,104,,6125,24,0,9,2,104,,6126,24,0,9,2,97,,6127,24,0,9,2,102,,6128,24,0,9,2,115,,6129,24,0,9,2,102,,6130,24,0,9,2,102,,6131,24,0,9,2,154,,6132,24,0,9,2,142,,6133,24,0,9,2,72,,6134,24,0,9,2,101,,6135,24,0,9,2,96,,6136,24,0,9,2,96,,6137,24,0,9,2,100,,6138,24,0,9,2,100,,6139,24,0,9,2,28,,6140,24,0,9,2
3701,'2',701,,6141,24,0,9,2,100,,6142,24,0,9,2,102,,6143,24,0,9,2,102,,6144,24,0,9,2,102,,6145,24,0,9,2,116,,6146,24,0,9,2,103,,6147,24,0,9,2,100,,6148,24,0,9,2,101,,6149,24,0,9,2,100,,6150,24,0,9,2,101,,6151,24,0,9,2,95,,6152,24,0,9,2,97,,6153,24,0,9,2,96,,6154,24,0,9,2,100,,6155,24,0,9,2,101,,6156,24,0,9,2,98,,6157,24,0,9,2,28,,6158,24,0,9,2
3701,'3',801,,6159,24,0,9,2,102,,6160,24,0,9,2,102,,6161,24,0,9,2,102,,6162,24,0,9,2,116,,6163,24,0,9,2,103,,6164,24,0,9,2,100,,6165,24,0,9,2,101,,6166,24,0,9,2,100,,6167,24,0,9,2,101,,6168,24,0,9,2,95,,6169,24,0,9,2,97,,6170,24,0,9,2
3701,'71',545,,4746,17,0,9,2,186,,4749,24,,,2,104,,4748,24,0,9,2,102,,4747,24,0,9,2,98,,4750,24,0,9,2,102,,4751,24,0,9,2,113,,4752,24,0,9,2,102,,4753,24,0,9,2,102,,4754,24,0,9,2,155,,4755,24,0,9,2,113,,4756,24,0,9,2,100,,4757,24,0,9,2,101,,4758,24,0,9,2,97,,4759,24,0,9,2,97,,4760,24,0,9,2,101,,4761,24,0,9,2,102,,4762,24,0,9,2,28,,4763,24,0,9,2
3701,'72',705,,4764,24,0,9,2,100,,4765,24,0,9,2,102,,4766,24,0,9,2,100,,4767,24,0,9,2,100,,4768,24,0,9,2,112,,4769,24,0,9,2,100,,4770,24,0,9,2,100,,4771,24,0,9,2,102,,4772,24,0,9,2,100,,4773,24,0,9,2,98,,4774,24,0,9,2,100,,4775,24,0,9,2,100,,4776,24,0,9,2,97,,4779,24,0,9,2,100,,4780,24,0,9,2,101,,4781,24,0,9,2,98,,4777,24,0,9,2,28,,4778,24,0,9,2
3701,'73',805,,4782,24,0,9,2,102,,4783,24,0,9,2,100,,4784,24,0,9,2,100,,4785,24,0,9,2,112,,4786,24,0,9,2,100,,4787,24,0,9,2,100,,4788,24,0,9,2,102,,4789,24,0,9,2,100,,4790,24,0,9,2,98,,4791,24,0,9,2,100,,4792,24,0,9,2,109,,4793,24,0,9,2
3900,'1',632,,6215,8,0,32,2,80,,6216,8,0,32,2,31,,6214,8,0,32,2
3900,'71',641,,4838,8,0,14,2,69,,4840,8,0,14,2,38,,4839,8,0,14,2,92,,4837,8,0,14,2
37500,'12',814,,6309,8,,,2
37500,'82',814,,4957,8,,,2
38000,'1',1647,,6312,4,0,38,2,87,,6310,4,0,38,2,87,,6311,4,0,38,2
38000,'71',1651,,4961,4,,,2,82,,4960,4,,,2,80,,4959,4,,,2
5003700,'1',639,,6395,28,,,2,76,,6394,28,,,2
5003700,'71',624,,5046,35,,,2,17,,5047,28,,,2,74,,5048,28,,,2
5003701,'1',1746,,6396,57,,,2
5003701,'71',1642,,5050,57,,,2,106,,5049,57,,,2
5003701,'81',1901,,5051,57,,,2
