3101,'1',625,,6013,5,0,8 1 32,2,32,,6011,5,0,8 1 32,2,144,,6015,5,0,8 1 32,2,105,,6016,5,0,8 1 32,2,99,,6017,5,0,8 1 32,2,100,,6018,5,0,8 1 32,2,106,,6019,5,0,8 1 32,2,102,,6020,5,0,8 1 32,2,101,,6021,5,0,8 1 32,2,99,,6022,5,0,8 1 32,2,97,,6023,5,0,8 1 32,2,31,,6026,5,0,8 1 32,2,72,,6027,5,0,8 1 32,2,31,,6024,5,0,8 1 32,2,73,,6028,5,0,8 1 32,2,24,,6025,5,0,8 1 32,2,76,,6029,5,0,8 1 32,2,290,,6030,5,0,8,2
3701,'1',616,,6123,5,0,9,2,103,,6124,5,,,2,105,,6125,5,0,9,2,104,,6126,5,0,9,2,97,,6127,5,0,9,2,102,,6128,5,0,9,2,115,,6129,5,0,9,2,102,,6130,5,0,9,2,102,,6131,5,0,9,2,113,,6132,5,0,9,2,183,,6133,5,0,9,2,72,,6134,5,0,9,2,101,,6135,5,0,9,2,96,,6136,5,0,9,2,96,,6137,5,0,9,2,100,,6138,5,0,9,2,100,,6139,5,0,9,2,28,,6140,5,0,9,2
3701,'2',650,,6141,5,0,9,2,100,,6142,5,0,9,2,102,,6143,5,0,9,2,102,,6144,5,0,9,2,102,,6145,5,0,9,2,156,,6146,5,0,9,2,103,,6147,5,0,9,2,100,,6148,5,0,9,2,101,,6149,5,0,9,2,100,,6150,5,0,9,2,101,,6151,5,0,9,2,95,,6152,5,0,9,2,97,,6153,5,0,9,2,96,,6154,5,0,9,2,100,,6155,5,0,9,2,101,,6156,5,0,9,2,98,,6157,5,0,9,2,28,,6158,5,0,9,2
3701,'3',750,,6159,5,0,9,2,102,,6160,5,0,9,2,102,,6161,5,0,9,2,102,,6162,5,0,9,2,156,,6163,5,0,9,2,103,,6164,5,0,9,2,100,,6165,5,0,9,2,101,,6166,5,0,9,2,100,,6167,5,0,9,2,101,,6168,5,0,9,2,95,,6169,5,0,9,2,97,,6170,5,0,9,2
3701,'71',719,,4749,5,,,2,105,,4748,5,0,9,2,102,,4747,5,0,9,2,98,,4750,5,0,9,2,102,,4751,5,0,9,2,113,,4752,5,0,9,2,102,,4753,5,0,9,2,102,,4754,5,0,9,2,115,,4755,5,0,9,2,153,,4756,5,0,9,2,100,,4757,5,0,9,2,101,,4758,5,0,9,2,97,,4759,5,0,9,2,97,,4760,5,0,9,2,101,,4761,5,0,9,2,102,,4762,5,0,9,2,28,,4763,5,0,9,2
3701,'72',654,,4764,5,0,9,2,100,,4765,5,0,9,2,102,,4766,5,0,9,2,100,,4767,5,0,9,2,100,,4768,5,0,9,2,152,,4769,5,0,9,2,100,,4770,5,0,9,2,100,,4771,5,0,9,2,102,,4772,5,0,9,2,100,,4773,5,0,9,2,98,,4774,5,0,9,2,100,,4775,5,0,9,2,100,,4776,5,0,9,2,97,,4779,5,0,9,2,100,,4780,5,0,9,2,101,,4781,5,0,9,2,98,,4777,5,0,9,2,28,,4778,5,0,9,2
3701,'73',754,,4782,5,0,9,2,102,,4783,5,0,9,2,100,,4784,5,0,9,2,100,,4785,5,0,9,2,152,,4786,5,0,9,2,100,,4787,5,0,9,2,100,,4788,5,0,9,2,102,,4789,5,0,9,2,100,,4790,5,0,9,2,98,,4791,5,0,9,2,100,,4792,5,0,9,2,109,,4793,5,0,9,2
3800,'1',751,,6171,5,,,2,104,,6172,5,,,2,99,,6173,5,,,2,102,,6174,5,,,2,155,,6175,5,,,2,102,,6176,5,,,2,102,,6177,5,,,2,104,,6178,5,,,2,120,,6179,5,,,2,74,,6180,5,,,2,134,,6181,5,,,2,96,,6182,5,,,2,96,,6183,5,,,2,100,,6184,5,,,2,98,,6185,5,,,2
3800,'2',720,,6186,5,,,2,101,,6187,5,,,2,103,,6188,5,,,2,101,,6189,5,,,2,102,,6190,5,,,2,116,,6191,5,,,2,102,,6192,5,,,2,101,,6193,5,,,2,100,,6194,5,,,2,102,,6195,5,,,2,99,,6196,5,,,2,94,,6197,5,,,2,96,,6198,5,,,2,100,,6199,5,,,2,97,,6200,5,,,2,101,,6201,5,,,2
3800,'3',821,,6202,5,,,2,103,,6203,5,,,2,101,,6204,5,,,2,102,,6205,5,,,2,116,,6206,5,,,2,102,,6207,5,,,2,101,,6208,5,,,2,100,,6209,5,,,2,102,,6210,5,,,2,99,,6211,5,,,2,94,,6212,5,,,2,96,,6213,5,,,2
3800,'71',749,,4794,5,,,2,106,,4795,5,,,2,98,,4796,5,,,2,102,,4797,5,,,2,153,,4798,5,,,2,102,,4799,5,,,2,102,,4800,5,,,2,107,,4801,12,,,2,117,,4802,5,,,2,96,,4803,5,,,2,112,,4804,5,,,2,97,,4805,5,,,2,96,,4806,5,,,2,101,,4807,5,,,2,99,,4808,5,,,2
3800,'72',724,,4809,5,,,2,100,,4810,5,,,2,102,,4811,5,,,2,100,,4812,5,,,2,101,,4813,5,,,2,111,,4814,5,,,2,100,,4815,5,,,2,102,,4816,5,,,2,100,,4817,5,,,2,100,,4818,5,,,2,98,,4819,5,,,2,100,,4820,5,,,2,98,,4822,5,,,2,99,,4823,5,,,2,99,,4824,5,,,2,100,,4821,5,,,2
3800,'73',824,,4825,5,,,2,102,,4826,5,,,2,100,,4827,5,,,2,101,,4828,5,,,2,111,,4829,5,,,2,100,,4830,5,,,2,102,,4831,5,,,2,100,,4832,5,,,2,100,,4833,5,,,2,98,,4834,5,,,2,100,,4835,5,,,2,107,,4836,5,,,2
3901,'1',1625,,6219,5,0,9,2,88,,6217,5,0,9,2,87,,6218,5,0,9,2
24101,'85',1514,,4938,12,,,2
24201,'85',1514,,4940,12,,,2
31101,'85',1519,,4946,12,,,2
38101,'85',1519,,4966,12,,,2
5003700,'1',626,,6395,5,,,2,76,,6394,5,,,2
5003700,'71',605,,5046,5,,,2,23,,5047,5,,,2,74,,5048,5,,,2
5003701,'1',1724,,6396,25,,,2
5003701,'71',1617,,5050,25,,,2,107,,5049,25,,,2
5003701,'81',1837,,5051,25,,,2
5003801,'1',1659,,6398,25,,,2,90,,6397,25,,,2
5003801,'71',1658,,5053,25,,,2,90,,5052,25,,,2
2000003101,'2',733,,7720,5,0,8 1 32,2,101,,7721,5,0,8 1 32,2,101,,7722,5,0,8 1 32,2,101,,7723,5,0,8 1 32,2,101,,7724,5,0,8 1 32,2,101,,7725,5,0,8 1 32,2,215,,7726,5,0,8 1 32,2,101,,7727,5,0,8 1 32,2,101,,7728,5,0,8 1 32,2,96,,7729,5,0,8 1 32,2,90,,7730,5,0,8,2
2000003101,'3',834,,7732,5,0,8 1 32,2,101,,7733,5,0,8 1 32,2,101,,7734,5,0,8 1 32,2,101,,7735,5,0,8 1 32,2,101,,7736,5,0,8 1 32,2,215,,7737,5,0,8 1 32,2,101,,7738,5,0,8 1 32,2,101,,7739,5,0,8 1 32,2,96,,7740,5,0,8 1 32,2,90,,7741,5,0,8,2
