34501,'83',1618,,4950,15,,,2
35501,'83',1623,,4956,15,,,2
5004200,'11',650,,6399,8,,,2
5004200,'81',653,,5054,8,,,2
905231701,'27',2244,,6491,30,4,,2,69,,6494,30,4,,2,30,,6489,30,4,,2,70,,6492,30,4,,2,30,,6490,30,4,,2,70,,6493,30,4,,2,30,,6495,30,4,,2
905231701,'28',2244,,6498,30,4,,2,69,,6501,30,4,,2,30,,6496,30,4,,2,70,,6499,30,4,,2,30,,6497,30,4,,2,70,,6500,30,4,,2,30,,6502,30,4,,2
905231701,'29',2244,,6505,30,4,,2,69,,6508,30,4,,2,30,,6503,30,4,,2,70,,6506,30,4,,2,30,,6504,30,4,,2,70,,6507,30,4,,2,30,,6509,30,4,,2
1200000101,'1',1538,,7148,34,,,1,72,,7149,34,,,1,31,,7150,34,,,1,71,,7151,34,,,1
1200000101,'71',1538,,5070,34,,,1,72,,5071,34,,,1,31,,5069,34,,,1,73,,5072,34,,,1
1200000200,'1',541,,7154,8,,,1,15,,7153,30,,,1,55,,7158,30,,,1,15,,7159,30,,,1,16,,7160,30,,,1,15,,7162,30,,,1,56,,7163,30,,,1,17,,7152,30,,,1,15,,7165,30,,,1,55,,7157,30,,,1,14,,7155,30,,,1,14,,7161,30,,,1,15,,7166,30,,,1,59,,7164,30,,,1,19,,7167,30,,,1,29,,7169,30,,,1,69,,7171,30,,,1,30,,7156,30,,,1,70,,7172,30,,,1,30,,7168,30,,,1,70,,7170,30,,,1,31,,7174,30,,,1,70,,7175,30,,,1,29,,7173,30,,,1,70,,7177,30,,,1,18,,7179,30,,,1,71,,7180,30,,,1,15,,7181,30,,,1,12,,7178,30,,,1,14,,7182,30,,,1,55,,7183,30,,,1,16,,7185,30,,,1,15,,7176,30,,,1,13,,7188,30,,,1,55,,7189,30,,,1,17,,7192,30,,,1,14,,7193,30,,,1,15,,7187,30,,,1,70,,7186,30,,,1,30,,7184,30,,,1,70,,7190,30,,,1,30,,7196,30,,,1,70,,7197,30,,,1,30,,7199,30,,,1,69,,7200,30,,,1,32,,7194,30,,,1,70,,7191,30,,,1,32,,7198,30,,,1,66,,7201,30,,,1,30,,7195,30,0,14,1
1200000200,'2',719,,7205,30,,,1,30,,7204,30,,,1,70,,7208,30,,,1,30,,7202,30,,,1,70,,7207,30,,,1,30,,7206,30,,,1,70,,7210,30,,,1,30,,7209,30,,,1,70,,7203,30,,,1,31,,7212,30,,,1,70,,7214,30,,,1,30,,7211,30,,,1,70,,7216,30,,,1,30,,7217,30,,,1,70,,7213,30,,,1,30,,7215,30,,,1,70,,7219,30,,,1,30,,7221,30,,,1,70,,7218,30,,,1,30,,7223,30,,,1,70,,7224,30,,,1,30,,7220,30,,,1,69,,7222,30,,,1,29,,7228,30,,,1,70,,7227,30,,,1,31,,7225,30,,,1,69,,7229,30,,,1,29,,7231,30,,,1,70,,7230,30,,,1,30,,7233,30,,,1,70,,7226,30,,,1,30,,7232,30,,,1,70,,7234,30,,,1
1200000200,'3',719,,7235,30,,,1,30,,7236,30,,,1,70,,7237,30,,,1,30,,7238,30,,,1,70,,7239,30,,,1,30,,7243,30,,,1,70,,7241,30,,,1,30,,7245,30,,,1,70,,7242,30,,,1,31,,7240,30,,,1,70,,7244,30,,,1,30,,7247,30,,,1,70,,7246,30,,,1,30,,7248,30,,,1,70,,7250,30,,,1,30,,7252,30,,,1,70,,7255,30,,,1,30,,7257,30,,,1,70,,7249,30,,,1,30,,7251,30,,,1,70,,7253,30,,,1,30,,7256,30,,,1,69,,7258,30,,,1,29,,7260,30,,,1,70,,7259,30,,,1,31,,7254,30,,,1,69,,7261,30,,,1
1200000200,'71',541,,5075,8,,,1,15,,5074,30,,,1,55,,5078,30,,,1,8,,5082,8,,,1,7,,5080,30,,,1,16,,5081,30,,,1,15,,5077,30,,,1,56,,5085,30,,,1,17,,5073,30,,,1,15,,5087,30,,,1,55,,5076,30,,,1,14,,5089,30,,,1,14,,5083,30,,,1,15,,5090,30,,,1,59,,5079,30,,,1,14,,5091,30,,,1,17,,5084,30,,,1,17,,5086,30,,,1,54,,5092,30,,,1,15,,5088,30,,,1,15,,5094,30,,,1,15,,5095,30,,,1,55,,5096,30,,,1,15,,5098,30,,,1,15,,5099,30,,,1,15,,5101,30,,,1,55,,5102,30,,,1,15,,5103,30,,,1,16,,5093,30,,,1,15,,5105,30,,,1,55,,5106,30,,,1,15,,5107,30,,,1,14,,5097,30,,,1,15,,5104,30,,,1,55,,5100,30,,,1,21,,5108,30,,,1,12,,5109,30,,,1,16,,5110,30,,,1,55,,5111,30,,,1,15,,5112,30,,,1,12,,5113,30,,,1,14,,5115,30,,,1,55,,5117,30,,,1,15,,5119,30,,,1,8,,5121,17,,,1,8,,5120,30,,,1,13,,5122,30,,,1,55,,5125,30,,,1,17,,5126,30,,,1,14,,5123,30,,,1,15,,5124,30,,,1,55,,5116,30,,,1,15,,5114,30,,,1,15,,5128,30,,,1,15,,5118,30,,,1,70,,5129,30,,,1,30,,5127,30,,,1,70,,5133,30,,,1,30,,5135,30,,,1,69,,5136,30,,,1,32,,5130,30,,,1,70,,5132,30,,,1,32,,5134,30,,,1,66,,5137,30,,,1,30,,5131,30,0,14,1
1200000200,'72',719,,5139,30,,,1,30,,5142,30,,,1,70,,5143,30,,,1,30,,5144,30,,,1,70,,5138,30,,,1,30,,5141,30,,,1,70,,5140,30,,,1,30,,5145,30,,,1,70,,5146,30,,,1,31,,5148,30,,,1,69,,5147,30,,,1,30,,5150,30,,,1,70,,5151,30,,,1,30,,5152,30,,,1,70,,5153,30,,,1,30,,5154,30,,,1,70,,5149,30,,,1,30,,5156,30,,,1,70,,5155,30,,,1,30,,5159,30,,,1,70,,5158,30,,,1,31,,5161,30,,,1,69,,5162,30,,,1,29,,5163,30,,,1,70,,5165,30,,,1,31,,5157,30,,,1,69,,5167,30,,,1,29,,5168,30,,,1,70,,5164,30,,,1,30,,5166,30,,,1,70,,5160,30,,,1,30,,5169,30,,,1,70,,5170,30,,,1
1200000200,'73',719,,5171,30,,,1,30,,5173,30,,,1,70,,5174,30,,,1,30,,5175,30,,,1,70,,5176,30,,,1,30,,5172,30,,,1,70,,5177,30,,,1,30,,5179,30,,,1,70,,5178,30,,,1,31,,5181,30,,,1,69,,5180,30,,,1,30,,5183,30,,,1,70,,5184,30,,,1,30,,5185,30,,,1,70,,5186,30,,,1,30,,5188,30,,,1,70,,5182,30,,,1,30,,5191,30,,,1,70,,5189,30,,,1,30,,5193,30,,,1,70,,5192,30,,,1,31,,5195,30,,,1,69,,5196,30,,,1,29,,5197,30,,,1,70,,5187,30,,,1,31,,5194,30,,,1,69,,5190,30,,,1
1200000200,'89',633,,5198,8,,,1,21,,5200,8,,,1
1200000400,'1',649,,7629,32,,,1,56,,7630,32,,,1
1200000400,'71',649,,5565,32,,,1,56,,5566,32,,,1,16,,5567,32,,,1,16,,5564,32,,,1
