3101,'1',604,,6012,30,0,8 1 32,2,30,,6014,30,0,8 1 32,2,67,,6013,62,0,8 1 32,2,32,,6011,62,0,8 1 32,2,104,,6015,62,0,8 1 32,2,105,,6016,62,0,8 1 32,2,99,,6017,62,0,8 1 32,2,100,,6018,62,0,8 1 32,2,106,,6019,62,0,8 1 32,2,102,,6020,62,0,8 1 32,2,101,,6021,62,0,8 1 32,2,100,,6022,62,0,8 1 32,2,97,,6023,62,0,8 1 32,2,71,,6026,62,0,8 1 32,2,31,,6027,62,0,8 1 32,2,71,,6024,62,0,8 1 32,2,33,,6028,62,0,8 1 32,2,64,,6025,62,0,8 1 32,2,36,,6029,62,0,8 1 32,2
31100,'15',737,,6300,37,,,2
31100,'84',737,,4945,37,,,2
38100,'15',717,,6316,23,,,2
38100,'84',717,,4965,23,,,2
38500,'12',808,,6317,9,,,2
38500,'82',808,,4967,9,,,2
5003801,'1',1720,,6398,62,,,2,89,,6397,62,,,2
5003801,'71',1719,,5053,62,,,2,89,,5052,62,,,2
2000003101,'2',707,,7719,31,0,8 1 32,2,102,,7720,63,0,8 1 32,2,101,,7721,63,0,8 1 32,2,101,,7722,63,0,8 1 32,2,101,,7723,63,0,8 1 32,2,101,,7724,63,0,8 1 32,2,101,,7725,63,0,8 1 32,2,215,,7726,63,0,8 1 32,2,101,,7727,63,0,8 1 32,2,101,,7728,63,0,8 1 32,2,96,,7729,63,0,8 1 32,2
2000003101,'3',809,,7731,31,0,8 1 32,2,101,,7732,63,0,8 1 32,2,101,,7733,63,0,8 1 32,2,101,,7734,63,0,8 1 32,2,101,,7735,63,0,8 1 32,2,101,,7736,63,0,8 1 32,2,215,,7737,63,0,8 1 32,2,101,,7738,63,0,8 1 32,2,101,,7739,63,0,8 1 32,2,96,,7740,63,0,8 1 32,2
