20000,'1',851,,1044,12,,,2,66,,1043,12,,,2,27,,1042,12,,,2,70,,1041,12,,,2
20000,'3',836,,1050,12,,,2,76,,1049,12,,,2
20000,'4',839,,1055,12,,,2,76,,1054,12,,,2
5002301,'1',1554,,1319,12,,,2,77,,1317,12,,,2,27,,1316,12,,,2,157,,1318,12,,,2
5002301,'2',1622,,1322,12,,,2,29,,1320,12,,,2,163,,1321,12,,,2
5002401,'1',1555,,1330,12,,,2,77,,1328,12,,,2,27,,1329,12,,,2
5002401,'2',1623,,1331,12,,,2,29,,1332,12,,,2
5003401,'1',1627,,1339,12,,,2
5003401,'3',1615,,1340,12,,,2
5003401,'4',1621,,1341,12,,,2
5003601,'1',1546,,1350,12,,,2,81,,1348,12,,,2,24,,1349,12,,,2
5003601,'3',1617,,1351,12,,,2,27,,1352,12,,,2
5003601,'4',1621,,1353,12,,,2,23,,1354,12,,,2
5003701,'1',1547,,1365,12,,,2,105,,1364,12,,,2,159,,1366,12,,,2
5003701,'3',1644,,1367,12,,,2
5003701,'4',1645,,1368,12,,,2,163,,1369,12,,,2
5003801,'1',1628,,1371,12,,,2,90,,1370,12,,,2
5003801,'3',1616,,1373,12,,,2,93,,1372,12,,,2
5003801,'4',1622,,1375,12,,,2,90,,1374,12,,,2
1200000201,'1',628,,1672,12,,,1,15,,1671,12,,,1,16,,1674,12,,,1,58,,1676,12,,,1,12,,1670,12,,,1,11,,1683,12,,,1,17,,1673,12,,,1,58,,1689,12,,,1,17,,1669,12,,,1,14,,1679,12,,,1,55,,1691,12,,,1,11,,1686,12,,,1,13,,1681,12,,,1,12,,1692,12,,,1,16,,1677,12,,,1,52,,1695,12,,,1,17,,1688,12,,,1,18,,1690,12,,,1,14,,1696,12,,,1,55,,1694,12,,,1,15,,1698,12,,,1,15,,1700,12,,,1,15,,1693,12,,,1,57,,1701,12,,,1,15,,1702,12,,,1,15,,1703,12,,,1,15,,1704,12,,,1,55,,1706,12,,,1,16,,1697,12,,,1,15,,1699,12,,,1,15,,1709,12,,,1,55,,1710,12,,,1,14,,1712,12,,,1,15,,1708,12,,,1,15,,1713,12,,,1,53,,1714,12,,,1,12,,1705,12,,,1,19,,1707,12,,,1,15,,1715,12,,,1,55,,1716,12,,,1,20,,1718,12,,,1,9,,1720,12,,,1,13,,1711,12,,,1,53,,1723,12,,,1,14,,1726,12,,,1,13,,1727,12,,,1,12,,1731,12,,,1,14,,1734,12,,,1,54,,1719,12,,,1,7,,1717,12,,,1,8,,1732,12,,,1,13,,1733,12,,,1,14,,1722,12,,,1,53,,1721,12,,,1,14,,1728,12,,,1,14,,1724,12,,,1,20,,1729,12,,,1,70,,1736,12,,,1,32,,1730,12,,,1,76,,1738,12,,,1,68,,1740,12,,,1,29,,1737,12,,,1,26,,1735,12,,,1,72,,1739,12,,,1,83,,1741,12,,,1
1200000201,'21',1548,,1745,12,,,1,54,,1746,12,,,1
1200000201,'3',626,,1751,12,,,1,15,,1749,12,,,1,15,,1753,12,,,1,56,,1756,12,,,1,17,,1759,12,,,1,16,,1762,12,,,1,56,,1764,12,,,1,17,,1748,12,,,1,15,,1766,12,,,1,15,,1752,12,,,1,54,,1750,12,,,1,14,,1754,12,,,1,17,,1757,12,,,1,18,,1760,12,,,1,53,,1763,12,,,1,34,,1767,12,,,1,69,,1769,12,,,1,30,,1771,12,,,1,70,,1772,12,,,1,30,,1773,12,,,1,70,,1768,12,,,1,31,,1770,12,,,1,70,,1774,12,,,1,28,,1776,12,,,1,65,,1781,12,,,1,12,,1778,12,,,1,14,,1779,12,,,1,16,,1783,12,,,1,14,,1785,12,,,1,61,,1787,12,,,1,8,,1789,12,,,1,14,,1775,12,,,1,15,,1790,12,,,1,55,,1777,12,,,1,14,,1792,12,,,1,15,,1782,12,,,1,14,,1780,12,,,1,55,,1784,12,,,1,14,,1786,12,,,1,14,,1788,12,,,1,69,,1795,12,,,1,29,,1794,12,,,1,20,,1791,12,,,1,70,,1797,12,,,1,32,,1793,12,,,1,77,,1799,12,,,1,67,,1801,12,,,1,29,,1798,12,,,1,27,,1796,12,,,1,72,,1800,12,,,1,83,,1802,12,,,1
1200000201,'4',627,,1806,12,,,1,15,,1805,12,,,1,15,,1810,12,,,1,57,,1809,12,,,1,19,,1813,12,,,1,16,,1818,12,,,1,56,,1822,12,,,1,16,,1804,12,,,1,14,,1824,12,,,1,15,,1807,12,,,1,54,,1816,12,,,1,14,,1821,12,,,1,15,,1811,12,,,1,18,,1814,12,,,1,53,,1819,12,,,1,17,,1825,12,0,5 6 7,1,18,,1827,12,,,1,14,,1831,12,0,5 6 7,1,55,,1829,12,,,1,15,,1834,12,0,5 6 7,1,15,,1833,12,,,1,15,,1837,12,0,5 6 7,1,55,,1836,12,,,1,15,,1826,12,0,5 6 7,1,14,,1838,12,,,1,16,,1832,12,0,5 6 7,1,54,,1828,12,,,1,16,,1835,12,0,5 6 7,1,15,,1830,12,,,1,15,,1842,12,0,5 6 7,1,55,,1840,12,,,1,14,,1843,12,,,1,15,,1845,12,,,1,16,,1839,12,,,1,51,,1851,12,,,1,12,,1847,12,,,1,14,,1849,12,,,1,17,,1853,12,,,1,55,,1855,12,,,1,21,,1857,12,,,1,9,,1858,12,,,1,13,,1841,12,,,1,13,,1844,12,,,1,55,,1846,12,,,1,13,,1861,12,,,1,15,,1852,12,,,1,14,,1848,12,,,1,54,,1850,12,,,1,7,,1859,12,,,1,8,,1854,12,,,1,14,,1856,12,,,1,14,,1866,12,,,1,54,,1865,12,,,1,28,,1862,12,,,1,20,,1860,12,,,1,70,,1867,12,,,1,32,,1863,12,,,1,77,,1869,12,,,1,68,,1871,12,,,1,29,,1868,12,,,1,26,,1864,12,,,1,72,,1870,12,,,1,83,,1872,12,,,1
1200000201,'6',652,,1875,12,,,1,70,,1873,12,,,1,30,,1876,12,,,1,71,,1882,12,,,1,30,,1887,12,,,1,72,,1880,12,,,1,31,,1879,12,,,1,69,,1885,12,,,1,30,,1886,12,,,1,71,,1874,12,,,1,29,,1877,12,,,1,71,,1883,12,,,1,30,,1881,12,,,1,69,,1888,12,,,1,32,,1889,12,,,1,71,,1891,12,,,1,72,,1890,12,,,1,29,,1893,12,,,1,29,,1894,12,,,1,72,,1895,12,,,1,71,,1896,12,,,1,28,,1897,12,,,1,28,,1892,12,,,1,69,,1899,12,,,1,28,,1898,12,,,1,80,,1907,12,,,1,69,,1905,12,,,1,29,,1900,12,,,1,68,,1908,12,,,1,29,,1903,12,,,1,30,,1902,12,,,1,70,,1909,12,,,1,29,,1901,12,,,1,73,,1904,12,,,1,80,,1906,12,,,1
1200000201,'7',2032,,1910,12,,,1,68,,1911,12,,,1
1200000201,'9',752,,1912,12,,,1,71,,1915,12,,,1,30,,1919,12,,,1,72,,1922,12,,,1,31,,1914,12,,,1,69,,1918,12,,,1,30,,1921,12,,,1,71,,1925,12,,,1,29,,1926,12,,,1,71,,1916,12,,,1,30,,1927,12,,,1,69,,1923,12,,,1,32,,1928,12,,,1,71,,1930,12,,,1,72,,1929,12,,,1,29,,1932,12,,,1,29,,1933,12,,,1,72,,1934,12,,,1,71,,1935,12,,,1,28,,1937,12,,,1,28,,1931,12,,,1,69,,1939,12,,,1,28,,1938,12,,,1,80,,1940,12,,,1,69,,1936,12,,,1
1200000301,'1',654,,2133,12,,,1,59,,2136,12,,,1,36,,2143,12,,,1,71,,2142,12,,,1,26,,2145,12,,,1,66,,2137,12,,,1,25,,2148,12,,,1,70,,2147,12,,,1,36,,2146,12,,,1,60,,2150,12,,,1,20,,2152,12,,,1,20,,2149,12,,,1,61,,2154,12,,,1,21,,2156,12,,,1,22,,2158,12,,,1,60,,2151,12,,,1,20,,2153,12,,,1,20,,2159,12,,,1,56,,2155,12,,,1,20,,2157,12,,,1,22,,2161,12,,,1,62,,2162,12,,,1,15,,2163,12,,,1,19,,2164,12,,,1,15,,2160,12,,,1,58,,2173,12,,,1,19,,2169,12,,,1,12,,2172,12,,,1,55,,2166,12,,,1,15,,2165,12,,,1,17,,2175,12,,,1,14,,2174,12,,,1,54,,2168,12,,,1,8,,2170,12,,,1,8,,2176,12,,,1,15,,2167,12,,,1,16,,2171,12,,,1,59,,2177,12,,,1,28,,2178,12,,,1,71,,2183,12,,,1,30,,2184,12,,,1,70,,2179,12,,,1,34,,2185,12,,,1
1200000301,'3',652,,2188,12,,,1,56,,2191,12,,,1,28,,2199,12,,,1,69,,2196,12,,,1,25,,2202,12,,,1,70,,2192,12,,,1,36,,2201,12,,,1,66,,2197,12,,,1,29,,2203,12,,,1,70,,2204,12,,,1,30,,2206,12,,,1,70,,2198,12,,,1,32,,2208,12,,,1,70,,2205,12,,,1,30,,2207,12,,,1,26,,2209,12,,,1,70,,2210,12,,,1,72,,2211,12,,,1,29,,2214,12,,,1,16,,2212,12,,,1,57,,2216,12,,,1,19,,2219,12,,,1,13,,2221,12,,,1,16,,2215,12,,,1,57,,2213,12,,,1,18,,2217,12,,,1,17,,2218,12,,,1,14,,2222,12,,,1,55,,2220,12,,,1,32,,2224,12,,,1,61,,2225,12,,,1,28,,2223,12,,,1,71,,2230,12,,,1,30,,2231,12,,,1,70,,2226,12,,,1,35,,2232,12,,,1
1200000301,'4',654,,2235,12,,,1,56,,2239,12,,,1,29,,2244,12,,,1,76,,2246,12,,,1,18,,2248,12,,,1,70,,2240,12,,,1,33,,2245,12,,,1,66,,2236,12,,,1,30,,2249,12,,,1,70,,2250,12,,,1,30,,2252,12,,,1,70,,2254,12,,,1,32,,2256,12,,,1,70,,2251,12,,,1,30,,2253,12,,,1,66,,2255,12,,,1,30,,2257,12,,,1,73,,2258,12,,,1,15,,2261,12,,,1,14,,2263,12,,,1,17,,2259,12,,,1,58,,2265,12,,,1,20,,2267,12,,,1,12,,2269,12,,,1,14,,2262,12,,,1,56,,2264,12,,,1,18,,2260,12,,,1,17,,2266,12,,,1,14,,2268,12,,,1,48,,2275,12,,,1,7,,2270,12,,,1,32,,2271,12,,,1,60,,2272,12,,,1,28,,2277,12,,,1,71,,2273,12,,,1,30,,2274,12,,,1,70,,2276,12,,,1,35,,2278,12,,,1
1200000301,'6',733,,2287,12,,,1,71,,2286,12,,,1,31,,2290,12,,,1,70,,2291,12,,,1,30,,2284,12,,,1,71,,2285,12,,,1,30,,2289,12,,,1,70,,2288,12,,,1,30,,2292,12,,,1,70,,2293,12,,,1,30,,2295,12,,,1,70,,2294,12,,,1,31,,2297,12,,,1,70,,2298,12,,,1,31,,2299,12,,,1,71,,2300,12,,,1,29,,2301,12,,,1,70,,2296,12,,,1,32,,2303,12,,,1,70,,2302,12,,,1,29,,2305,12,,,1,69,,2304,12,,,1,29,,2309,12,,,1,64,,2306,12,,,1
1200000301,'9',804,,2315,12,,,1,31,,2317,12,,,1,70,,2318,12,,,1,30,,2320,12,,,1,71,,2321,12,,,1,30,,2316,12,,,1,70,,2322,12,,,1,30,,2319,12,,,1,70,,2323,12,,,1,30,,2325,12,,,1,70,,2324,12,,,1,31,,2327,12,,,1,70,,2328,12,,,1,31,,2329,12,,,1,71,,2330,12,,,1,29,,2331,12,,,1,70,,2326,12,,,1,32,,2333,12,,,1,70,,2332,12,,,1,29,,2335,12,,,1,69,,2334,12,,,1,29,,2336,12,,,1,64,,2338,12,,,1
1200000401,'1',1634,,2355,12,,,1,69,,2354,12,,,1,22,,2358,12,,,1
1200000401,'3',1622,,2366,12,,,1,28,,2363,12,,,1,67,,2364,12,,,1
1200000401,'4',1627,,2373,12,,,1,28,,2375,12,,,1,64,,2376,12,,,1
