1300,'1',643,,5808,32,,,2,86,,5806,32,,,2,84,,5807,32,,,2,792,,5809,32,,,2,108,,5811,32,,,2,14,,5810,32,,,2,31,,5813,32,,,2,72,,5812,32,,,2
1300,'16',856,,5815,32,,,2,3,,5814,27,,,2
1300,'71',641,,4398,32,,,2,71,,4400,32,,,2,20,,4399,32,,,2,83,,4401,32,,,2,41,,4397,32,,,2,750,,4402,32,,,2,98,,4405,32,,,2,13,,4403,32,,,2,39,,4406,32,,,2,66,,4404,32,,,2
1300,'87',859,,4407,27,,,2
11100,'15',734,,6226,51,,,2
11100,'86',734,,4850,51,,,2
22500,'12',843,,6290,36,4,,2
22500,'82',843,,4927,36,4,,2
23500,'12',841,,6295,77,4,,2
23500,'82',841,,4935,77,4,,2
24500,'12',841,,6298,20,4,,2
24500,'82',841,,4941,20,4,,2
24600,'12',838,,6299,19,4,,2
24600,'82',838,,4943,19,4,,2
37500,'12',841,,6309,34,4,,2
37500,'82',841,,4957,34,4,,2
38500,'12',841,,6317,39,4,,2
38500,'82',841,,4967,39,4,,2
1001101,'1',607,,6326,25,,,1,32,,6323,25,,,1,71,,6327,25,,,1,33,,6324,25,,,1,64,,6320,25,,,1,41,,6325,25,,,1,82,,6328,25,,,1,70,,6329,25,,,1,35,,6333,25,,,1,70,,6330,25,,,1,35,,6334,25,,,1,70,,6331,25,,,1,33,,6335,25,,,1,70,,6332,25,,,1,37,,6336,25,,,1,70,,6338,25,,,1,88,,6337,25,,,1,32,,6339,25,,,1,84,,6341,25,,,1,26,,6340,25,,,1,62,,6344,25,,,1,27,,6342,25,,,1,74,,6345,25,,,1,29,,6343,25,,,1,71,,6346,25,,,1,100,,6347,25,,,1,99,,6348,25,,,1,100,,6349,25,,,1
1001101,'2',809,,6352,25,,,1,102,,6353,25,,,1,101,,6354,25,,,1,100,,6355,25,,,1,98,,6359,25,,,1,100,,6360,25,,,1,102,,6358,25,,,1,100,,6356,25,,,1,99,,6357,25,,,1,101,,6361,25,,,1,99,,6362,25,,,1,100,,6363,25,,,1,99,,6364,25,,,1,100,,6365,25,,,1,100,,6366,25,,,1
1001101,'3',1012,,6369,25,,,1,100,,6372,25,,,1,98,,6373,25,,,1,100,,6370,25,,,1,102,,6371,25,,,1,100,,6374,25,,,1,99,,6375,25,,,1,101,,6376,25,,,1,99,,6377,25,,,1
1001101,'71',607,,4973,25,,,1,32,,4970,25,,,1,71,,4974,25,,,1,33,,4971,25,,,1,64,,4976,25,,,1,41,,4972,25,,,1,82,,4978,25,,,1,70,,4975,25,,,1,35,,4979,25,,,1,70,,4982,25,,,1,35,,4980,25,,,1,70,,4983,25,,,1,33,,4981,25,,,1,70,,4984,25,,,1,37,,4986,25,,,1,70,,4985,25,,,1,88,,4987,25,,,1,32,,4989,25,,,1,84,,4988,25,,,1,26,,4990,25,,,1,62,,4993,25,,,1,27,,4991,25,,,1,74,,4994,25,,,1,29,,4992,25,,,1,71,,4995,25,,,1,100,,4996,25,,,1,99,,4997,25,,,1,100,,4998,25,,,1
1001101,'72',809,,5000,25,,,1,102,,5001,25,,,1,101,,5002,25,,,1,100,,5004,25,,,1,98,,5005,25,,,1,100,,5006,25,,,1,102,,5007,25,,,1,100,,5008,25,,,1,99,,5009,25,,,1,101,,5010,25,,,1,99,,5011,25,,,1,100,,5012,25,,,1,99,,5013,25,,,1,100,,5014,25,,,1,100,,5015,25,,,1
1001101,'73',1012,,5018,25,,,1,100,,5019,25,,,1,98,,5020,25,,,1,100,,5021,25,,,1,102,,5022,25,,,1,100,,5023,25,,,1,99,,5024,25,,,1,101,,5025,25,,,1,99,,5026,25,,,1
