3401,'1',642,,6039,32,,,2,67,,6040,32,,,2,97,,6041,33,,,2,748,,6042,32,,,2,90,,6043,32,,,2,97,,6044,32,,,2,66,,6045,32,,,2,46,,6046,32,,,2,68,,6047,32,,,2
3401,'14',1658,,6048,36,,,2
3401,'71',642,,4642,32,,,2,67,,4644,32,,,2,97,,4643,33,,,2,796,,4646,32,,,2,53,,4645,36,,,2,70,,4649,32,,,2,79,,4650,32,,,2,47,,4651,32,,,2,66,,4648,32,,,2
13100,'15',751,,6233,72,,,2
13100,'84',751,,4864,72,,,2
34501,'83',1631,,4950,28,,,2
5003401,'1',1706,,6389,44,,,2
5003401,'71',1706,,5040,44,,,2
2000003401,'2',754,,7771,32,,,2,85,,7772,32,,,2,85,,7773,32,,,2,85,,7774,32,,,2,49,,7775,32,,,2,85,,7776,32,,,2,88,,7777,32,,,2,81,,7778,32,,,2,134,,7779,32,,,2,86,,7780,32,,,2,84,,7781,32,,,2,88,,7782,32,,,2,44,,7783,32,,,2,81,,7784,32,,,2,82,,7785,32,,,2
2000003401,'3',839,,7786,32,,,2,85,,7787,32,,,2,85,,7788,32,,,2,49,,7789,32,,,2,85,,7790,32,,,2,88,,7791,32,,,2,81,,7792,32,,,2,134,,7793,32,,,2,86,,7794,32,,,2,84,,7795,32,,,2,88,,7796,32,,,2,44,,7797,32,,,2,81,,7798,32,,,2,82,,7799,32,,,2
2000003401,'72',754,,5711,32,,,2,85,,5712,32,,,2,84,,5713,32,,,2,85,,5714,32,,,2,47,,5715,32,,,2,85,,5716,32,,,2,85,,5717,32,,,2,85,,5718,32,,,2,130,,5719,32,,,2,92,,5720,32,,,2,79,,5721,32,,,2,93,,5722,32,,,2,37,,5723,32,,,2,88,,5724,32,,,2,77,,5725,32,,,2
2000003401,'73',839,,5726,32,,,2,84,,5727,32,,,2,85,,5728,32,,,2,47,,5729,32,,,2,85,,5730,32,,,2,85,,5731,32,,,2,85,,5732,32,,,2,130,,5733,32,,,2,92,,5734,32,,,2,79,,5735,32,,,2,93,,5736,32,,,2,37,,5737,32,,,2,88,,5738,32,,,2,77,,5739,32,,,2
