1300,'1',642,,5808,29,,,2,85,,5806,29,,,2,84,,5807,29,,,2,792,,5809,29,,,2,108,,5811,29,,,2,14,,5810,29,,,2,32,,5813,29,,,2,72,,5812,29,,,2
1300,'16',854,,5815,29,,,2,3,,5814,24,,,2
1300,'71',640,,4398,29,,,2,70,,4400,29,,,2,20,,4399,29,,,2,83,,4401,29,,,2,41,,4397,29,,,2,750,,4402,29,,,2,98,,4405,29,,,2,13,,4403,29,,,2,40,,4406,29,,,2,66,,4404,29,,,2
1300,'87',857,,4407,24,,,2
1500,'1',854,,5828,43,0,10 11,2
1500,'16',853,,5833,28,0,10 11,2
1500,'71',854,,4422,41,0,10 11,2
1500,'87',853,,4435,30,0,10 11,2
11900,'16',855,,6228,40,,,2
11900,'87',855,,4854,40,,,2
12900,'16',850,,6232,21,,,2
12900,'87',850,,4862,21,,,2
13900,'16',854,,6238,14,,,2
13900,'87',854,,4872,14,,,2
15800,'16',847,,6241,21,,,2
15800,'87',847,,4877,21,,,2
22500,'12',841,,6290,33,4,,2
22500,'82',841,,4927,33,4,,2
23500,'12',839,,6295,74,4,,2
23500,'82',839,,4935,74,4,,2
24500,'12',839,,6298,17,4,,2
24500,'82',839,,4941,17,4,,2
24600,'12',836,,6299,16,4,,2
24600,'82',836,,4943,16,4,,2
37500,'12',839,,6309,31,4,,2
37500,'82',839,,4957,31,4,,2
38500,'12',839,,6317,36,4,,2
38500,'82',839,,4967,36,4,,2
1001101,'1',606,,6326,22,,,1,32,,6323,22,,,1,70,,6327,22,,,1,33,,6324,22,,,1,64,,6320,22,,,1,41,,6325,22,,,1,83,,6328,22,,,1,30,,6329,22,,,1,75,,6333,22,,,1,70,,6330,22,,,1,35,,6334,22,,,1,70,,6331,22,,,1,33,,6335,22,,,1,70,,6332,22,,,1,37,,6336,22,,,1,70,,6338,22,,,1,88,,6337,22,,,1,31,,6339,22,,,1,84,,6341,22,,,1,26,,6340,22,,,1,63,,6344,22,,,1,27,,6342,22,,,1,74,,6345,22,,,1,29,,6343,22,,,1,71,,6346,22,,,1,100,,6347,22,,,1,99,,6348,22,,,1,100,,6349,22,,,1
1001101,'2',808,,6352,22,,,1,102,,6353,22,,,1,101,,6354,22,,,1,100,,6355,22,,,1,98,,6359,22,,,1,100,,6360,22,,,1,102,,6358,22,,,1,100,,6356,22,,,1,99,,6357,22,,,1,100,,6361,22,,,1,100,,6362,22,,,1,100,,6363,22,,,1,99,,6364,22,,,1,100,,6365,22,,,1,100,,6366,22,,,1
1001101,'3',1011,,6369,22,,,1,100,,6372,22,,,1,98,,6373,22,,,1,100,,6370,22,,,1,102,,6371,22,,,1,100,,6374,22,,,1,99,,6375,22,,,1,100,,6376,22,,,1,100,,6377,22,,,1
1001101,'71',606,,4973,22,,,1,32,,4970,22,,,1,70,,4974,22,,,1,33,,4971,22,,,1,64,,4976,22,,,1,41,,4972,22,,,1,83,,4978,22,,,1,30,,4975,22,,,1,75,,4979,22,,,1,70,,4982,22,,,1,35,,4980,22,,,1,70,,4983,22,,,1,33,,4981,22,,,1,70,,4984,22,,,1,37,,4986,22,,,1,70,,4985,22,,,1,88,,4987,22,,,1,31,,4989,22,,,1,84,,4988,22,,,1,26,,4990,22,,,1,63,,4993,22,,,1,27,,4991,22,,,1,74,,4994,22,,,1,29,,4992,22,,,1,71,,4995,22,,,1,100,,4996,22,,,1,99,,4997,22,,,1,100,,4998,22,,,1
1001101,'72',808,,5000,22,,,1,102,,5001,22,,,1,101,,5002,22,,,1,100,,5004,22,,,1,98,,5005,22,,,1,100,,5006,22,,,1,102,,5007,22,,,1,100,,5008,22,,,1,99,,5009,22,,,1,100,,5010,22,,,1,100,,5011,22,,,1,100,,5012,22,,,1,99,,5013,22,,,1,100,,5014,22,,,1,100,,5015,22,,,1
1001101,'73',1011,,5018,22,,,1,100,,5019,22,,,1,98,,5020,22,,,1,100,,5021,22,,,1,102,,5022,22,,,1,100,,5023,22,,,1,99,,5024,22,,,1,100,,5025,22,,,1,100,,5026,22,,,1
