3501,'1',541,,6049,5,,,2,94,,6050,7,,,2,82,,6051,7,,,2,98,,6052,7,,,2,44,,6053,7,,,2,79,,6054,7,,,2,85,,6055,7,,,2,85,,6056,7,,,2,46,,6057,7,,,2,85,,6058,7,,,2,85,,6059,7,,,2,85,,6060,7,,,2,45,,6061,7,,,2,98,,6062,7,,,2,84,,6064,7,,,2,82,,6065,7,,,2,82,,6066,7,,,2,44,,6067,7,,,2,74,,6063,7,,,2,39,,6068,7,,,2,66,,6069,7,,,2,31,,6070,7,,,2,67,,6071,7,,,2,38,,6072,7,,,2,70,,6073,7,,,2,28,,6074,7,,,2,65,,6075,7,,,2
3501,'2',702,,6076,7,,,2,30,,6077,7,,,2,70,,6078,7,,,2,30,,6079,7,,,2,69,,6080,7,,,2,33,,6081,7,,,2,86,,6082,7,,,2,85,,6083,7,,,2,47,,6084,7,,,2,87,,6085,7,,,2,89,,6086,7,,,2,85,,6088,7,,,2,46,,6089,7,,,2,85,,6090,7,,,2,85,,6091,7,,,2,84,,6092,7,,,2,43,,6087,7,,,2,82,,6093,7,,,2,78,,6094,7,,,2,85,,6095,7,,,2,30,,6096,7,,,2,28,,6097,7,,,2,68,,6098,7,,,2,30,,6099,7,,,2,70,,6100,7,,,2,28,,6101,7,,,2,65,,6102,7,,,2
3501,'3',832,,6103,7,,,2,69,,6104,7,,,2,33,,6105,7,,,2,86,,6106,7,,,2,85,,6107,7,,,2,47,,6108,7,,,2,87,,6109,7,,,2,89,,6110,7,,,2,85,,6111,7,,,2,46,,6112,7,,,2,85,,6114,7,,,2,85,,6115,7,,,2,84,,6116,7,,,2,43,,6117,7,,,2,82,,6118,7,,,2,78,,6119,7,,,2,85,,6113,7,,,2
3501,'71',544,,4652,5,,,2,96,,4653,7,,,2,70,,4654,7,,,2,110,,4658,7,,,2,80,,4655,7,,,2,40,,4656,7,,,2,97,,4659,7,,,2,102,,4660,7,,,2,98,,4657,7,,,2,101,,4662,7,,,2,102,,4661,7,,,2,113,,4663,7,,,2,73,,4664,7,,,2,76,,4665,7,,,2,34,,4666,7,,,2,104,,4667,7,,,2,90,,4670,7,,,2,92,,4671,7,,,2,98,,4672,7,,,2,108,,4668,7,,,2,93,,4669,7,,,2
3501,'72',655,,4673,7,,,2,100,,4674,7,,,2,101,,4675,7,,,2,100,,4676,7,,,2,100,,4677,7,,,2,101,,4678,7,,,2,146,,4679,7,,,2,102,,4680,7,,,2,101,,4681,7,,,2,100,,4682,7,,,2,52,,4683,7,,,2,97,,4684,7,,,2,96,,4685,7,,,2,150,,4686,7,,,2,58,,4687,7,,,2,98,,4688,7,,,2,98,,4689,7,,,2
3501,'73',856,,4690,7,,,2,100,,4691,7,,,2,100,,4692,7,,,2,101,,4693,7,,,2,146,,4694,7,,,2,102,,4695,7,,,2,101,,4696,7,,,2,100,,4697,7,,,2,52,,4698,7,,,2,97,,4699,7,,,2,96,,4700,7,,,2,103,,4701,7,,,2
35100,'15',703,,6307,4,,,2
35100,'84',707,,4953,4,,,2
35101,'85',1533,,4954,28,,,2
35500,'12',755,,6308,4,,,2
35500,'82',800,,4955,4,,,2
35501,'83',1646,,4956,38,,,2
