24101,'85',1529,,4938,19,,,2
24501,'83',1655,,4942,13,,,2
905231701,'27',2307,,6491,64,4,,2,29,,6494,64,4,,2,70,,6489,64,4,,2,30,,6492,64,4,,2,70,,6490,64,4,,2,30,,6493,64,4,,2,70,,6495,64,4,,2
905231701,'28',2307,,6498,64,4,,2,29,,6501,64,4,,2,70,,6496,64,4,,2,30,,6499,64,4,,2,70,,6497,64,4,,2,30,,6500,64,4,,2,70,,6502,64,4,,2
905231701,'29',2307,,6505,64,4,,2,29,,6508,64,4,,2,70,,6503,64,4,,2,30,,6506,64,4,,2,70,,6504,64,4,,2,30,,6507,64,4,,2,70,,6509,64,4,,2
1200000101,'1',1614,,7148,68,,,1,32,,7149,68,,,1,71,,7150,68,,,1,30,,7151,68,,,1
1200000101,'71',1610,,5070,68,,,1,32,,5071,68,,,1,71,,5069,68,,,1,30,,5072,68,,,1
1200000301,'1',616,,7508,17,,,1,28,,7513,17,,,1,77,,7506,30,,,1,20,,7510,30,,,1,75,,7516,30,,,1,29,,7511,30,,,1,65,,7519,30,,,1,25,,7507,30,,,1,69,,7517,30,,,1,27,,7515,30,,,1,73,,7520,30,,,1,33,,7521,30,,,1,70,,7523,30,,,1,34,,7525,30,,,1,72,,7527,30,,,1,28,,7522,30,,,1,70,,7524,30,,,1,28,,7526,30,,,1,71,,7528,30,,,1,36,,7529,30,,,1,60,,7532,27,,,1,23,,7530,27,,,1,18,,7535,27,,,1,59,,7534,27,,,1,11,,7539,27,,,1,13,,7537,27,,,1,14,,7538,27,,,1,56,,7541,27,,,1,14,,7533,27,,,1,12,,7536,27,,,1,15,,7531,27,,,1,68,,7540,27,,,1,24,,7544,30,,,1,24,,7542,30,,,1,71,,7543,30,,,1,30,,7545,30,,,1,69,,7546,30,,,1,73,,7549,30,,,1,31,,7547,17,,,1,70,,7550,17,,,1,28,,7548,17,,,1,30,,7551,17,,,1,79,,7552,17,,,1
1200000301,'2',756,,7553,30,,,1,70,,7556,30,,,1,31,,7559,30,,,1,72,,7562,30,,,1,71,,7554,30,,,1,32,,7557,30,,,1,71,,7560,30,,,1,31,,7563,30,,,1,71,,7555,30,,,1,31,,7558,30,,,1,71,,7561,30,,,1,31,,7564,30,,,1,71,,7565,30,,,1,30,,7568,30,,,1,70,,7574,30,,,1,30,,7571,30,,,1,70,,7566,30,,,1,31,,7569,30,,,1,71,,7575,30,,,1,27,,7572,30,,,1,68,,7567,30,,,1,28,,7570,30,,,1,67,,7576,30,,,1,27,,7573,30,,,1,75,,7577,17,,,1,100,,7578,17,,,1,56,,7579,17,,,1,98,,7580,17,,,1,78,,7581,17,,,1,102,,7582,17,,,1
1200000301,'27',2230,,7584,20,,,1,70,,7587,20,,,1,30,,7589,20,,,1,83,,7585,20,,,1,28,,7588,20,,,1,70,,7583,20,,,1,30,,7586,20,,,1
1200000301,'28',2230,,7591,20,,,1,70,,7594,20,,,1,30,,7596,20,,,1,83,,7592,20,,,1,28,,7595,20,,,1,70,,7590,20,,,1,30,,7593,20,,,1
1200000301,'29',2230,,7598,20,,,1,70,,7601,20,,,1,30,,7603,20,,,1,83,,7599,20,,,1,28,,7602,20,,,1,70,,7597,20,,,1,30,,7600,20,,,1
1200000301,'3',826,,7604,30,,,1,31,,7606,30,,,1,72,,7612,30,,,1,71,,7609,30,,,1,32,,7605,30,,,1,71,,7607,30,,,1,31,,7613,30,,,1,71,,7610,30,,,1,31,,7614,30,,,1,71,,7608,30,,,1,31,,7616,30,,,1,71,,7611,30,,,1,30,,7615,30,,,1,70,,7618,30,,,1,30,,7617,30,,,1,70,,7621,30,,,1,31,,7623,30,,,1,71,,7619,30,,,1,27,,7627,30,,,1,68,,7622,30,,,1,28,,7624,30,,,1,67,,7620,30,,,1,27,,7628,30,,,1,75,,7625,17,,,1,121,,7626,17,,,1
1200000301,'71',616,,5456,17,,,1,28,,5460,17,,,1,78,,5454,30,,,1,20,,5458,30,,,1,77,,5466,30,,,1,27,,5463,30,,,1,66,,5469,30,,,1,26,,5455,30,,,1,69,,5465,30,,,1,27,,5467,30,,,1,76,,5470,30,,,1,20,,5471,30,,,1,20,,5473,30,,,1,60,,5475,30,,,1,24,,5476,30,,,1,20,,5478,30,,,1,61,,5480,30,,,1,19,,5472,30,,,1,20,,5474,30,,,1,60,,5481,30,,,1,18,,5477,30,,,1,20,,5479,30,,,1,60,,5483,30,,,1,25,,5484,30,,,1,13,,5485,27,,,1,56,,5486,27,,,1,23,,5482,27,,,1,18,,5494,27,,,1,59,,5490,27,,,1,11,,5493,27,,,1,13,,5488,27,,,1,14,,5487,27,,,1,56,,5497,27,,,1,16,,5496,27,,,1,10,,5495,27,,,1,17,,5492,27,,,1,11,,5489,27,,,1,55,,5491,27,,,1,22,,5498,30,,,1,27,,5499,30,,,1,71,,5501,30,,,1,30,,5500,30,,,1,69,,5502,30,,,1,73,,5505,30,,,1,30,,5503,17,,,1,70,,5506,17,,,1,28,,5504,17,,,1,30,,5507,17,,,1,79,,5508,17,,,1
1200000301,'72',757,,5511,30,,,1,70,,5510,30,,,1,31,,5514,30,,,1,70,,5515,30,,,1,31,,5516,30,,,1,71,,5509,30,,,1,72,,5513,30,,,1,30,,5512,30,,,1,70,,5517,30,,,1,30,,5518,30,,,1,71,,5520,30,,,1,30,,5519,30,,,1,71,,5522,30,,,1,30,,5523,30,,,1,71,,5524,30,,,1,30,,5525,30,,,1,69,,5526,30,,,1,31,,5521,30,,,1,72,,5528,30,,,1,29,,5527,30,,,1,68,,5530,30,,,1,28,,5529,30,,,1,69,,5531,30,,,1,24,,5535,30,,,1,78,,5532,17,,,1,100,,5533,17,,,1,56,,5534,17,,,1,99,,5536,17,,,1,78,,5537,17,,,1,102,,5538,17,,,1
1200000301,'73',827,,5539,30,,,1,31,,5541,30,,,1,70,,5542,30,,,1,31,,5543,30,,,1,71,,5544,30,,,1,72,,5540,30,,,1,30,,5545,30,,,1,70,,5547,30,,,1,30,,5546,30,,,1,71,,5549,30,,,1,30,,5548,30,,,1,71,,5551,30,,,1,30,,5552,30,,,1,71,,5553,30,,,1,30,,5554,30,,,1,69,,5555,30,,,1,31,,5550,30,,,1,72,,5557,30,,,1,29,,5556,30,,,1,68,,5559,30,,,1,28,,5558,30,,,1,69,,5560,30,,,1,24,,5563,30,,,1,78,,5561,17,,,1,121,,5562,17,,,1
