2300,'1',557,,5924,23,,,2,194,,5919,23,,,2,80,,5927,23,,,2,75,,5904,23,,,2,36,,5906,23,,,2,70,,5905,23,,,2,30,,5907,23,,,2,70,,5908,23,,,2,30,,5909,23,,,2
2300,'2',634,,5930,23,,,2,100,,5931,23,,,2,101,,5932,23,,,2,102,,5933,23,,,2,102,,5934,23,,,2,102,,5935,23,,,2,101,,5936,23,,,2
2300,'3',734,,5942,23,,,2,101,,5943,23,,,2,102,,5944,23,,,2,102,,5945,23,,,2,102,,5946,23,,,2,101,,5947,23,,,2
2300,'71',557,,4520,23,,,2,189,,4525,23,,,2,85,,4529,23,0,14 1 15,2,72,,4507,23,,,2,36,,4510,23,,,2,70,,4508,23,,,2,31,,4511,23,,,2,70,,4509,23,,,2,30,,4512,23,,,2
2300,'72',636,,4531,23,,,2,101,,4532,23,,,2,101,,4533,23,,,2,101,,4534,23,,,2,101,,4535,23,,,2,100,,4536,23,,,2,101,,4537,23,,,2
2300,'73',737,,4543,23,,,2,101,,4544,23,,,2,101,,4545,23,,,2,101,,4546,23,,,2,100,,4547,23,,,2,101,,4548,23,,,2
23100,'15',715,,6293,35,,,2
23100,'84',715,,4931,35,,,2
23500,'12',802,,6295,46,,,2
23500,'82',802,,4935,46,,,2
5002300,'1',623,,6378,23,,,2,25,,6379,23,,,2,69,,6380,23,,,2
5002300,'71',623,,5028,23,,,2,25,,5027,23,,,2,69,,5029,23,,,2
