3400,'1',618,,6032,31,,,2,114,,6033,33,,,2,79,,6031,31,,,2,794,,6037,31,,,2,102,,6034,33,,,2,28,,6035,33,,,2,92,,6036,33,,,2
3400,'13',847,,6038,33,0,24 1 15,2
3400,'71',618,,4634,31,,,2,114,,4635,33,,,2,77,,4636,31,,,2,38,,4633,33,0,24 1 15,2,676,,4637,22,,,2,82,,4638,31,,,2,49,,4639,33,,,2,82,,4640,33,,,2,89,,4641,33,,,2
32501,'83',1636,,4948,47,,,2
34501,'83',1645,,4950,50,4,,2
35101,'85',1526,,4954,22,,,2
5003400,'1',642,,6388,31,,,2,62,,6387,31,,,2
5003400,'71',642,,5039,31,,,2,61,,5038,31,,,2
2000003400,'2',726,,7742,31,,,2,85,,7743,33,,,2,46,,7744,33,,,2,85,,7745,33,,,2,87,,7746,33,,,2,86,,7747,33,,,2,85,,7748,33,,,2,48,,7749,33,,,2,171,,7750,33,,,2,83,,7751,33,,,2,47,,7752,33,,,2,83,,7753,33,,,2,90,,7754,33,,,2,82,,7755,33,,,2,41,,7756,33,,,2
2000003400,'3',811,,7757,31,,,2,46,,7758,33,,,2,85,,7759,33,,,2,87,,7760,33,,,2,86,,7761,33,,,2,85,,7762,33,,,2,48,,7763,33,,,2,171,,7764,33,,,2,83,,7765,33,,,2,47,,7766,33,,,2,83,,7767,33,,,2,90,,7768,33,,,2,82,,7769,33,,,2,41,,7770,33,,,2
2000003400,'72',726,,5682,31,,,2,85,,5683,33,,,2,45,,5684,33,,,2,85,,5685,33,,,2,85,,5686,33,,,2,86,,5687,33,,,2,45,,5688,33,,,2,85,,5689,33,,,2,174,,5690,33,,,2,41,,5691,33,,,2,92,,5692,33,,,2,78,,5693,33,,,2,93,,5694,33,,,2,38,,5695,33,,,2,87,,5696,33,,,2
2000003400,'73',811,,5697,31,,,2,45,,5698,33,,,2,85,,5699,33,,,2,85,,5700,33,,,2,86,,5701,33,,,2,45,,5702,33,,,2,85,,5703,33,,,2,174,,5704,33,,,2,41,,5705,33,,,2,92,,5706,33,,,2,78,,5707,33,,,2,93,,5708,33,,,2,38,,5709,33,,,2,87,,5710,33,,,2
