20000,'1',856,,6243,12,0,38,2,69,,6242,12,0,38,2
20000,'71',855,,4882,12,,,2,69,,4879,12,,,2,26,,4881,12,,,2,69,,4880,12,,,2
5002301,'1',1632,,6382,12,,,2,27,,6381,12,,,2
5002301,'71',1547,,5032,12,,,2,85,,5031,12,,,2,27,,5030,12,,,2
5002401,'1',1633,,6385,12,,,2,67,,6386,12,,,2
5002401,'71',1548,,5037,12,,,2,85,,5035,12,,,2,67,,5036,12,,,2
5003401,'1',1629,,6389,12,,,2
5003401,'71',1629,,5040,12,,,2
5003601,'1',1628,,6393,12,,,2,24,,6392,12,,,2
5003601,'71',1545,,5045,12,,,2,83,,5043,12,,,2,24,,5044,12,,,2
5003701,'1',1656,,6396,12,,,2
5003701,'71',1546,,5050,12,,,2,110,,5049,12,,,2
5003701,'81',1816,,5051,12,,,2
5003801,'1',1629,,6398,12,,,2,94,,6397,12,,,2
5003801,'71',1629,,5053,12,,,2,94,,5052,12,,,2
5004301,'11',1625,,6402,6,,,2,98,,6403,6,,,2,94,,6404,6,,,2
5004301,'81',1625,,5057,6,,,2,98,,5059,6,,,2,94,,5058,6,,,2
1200000201,'1',634,,7265,12,,,1,15,,7264,12,,,1,59,,7269,12,,,1,23,,7271,12,,,1,20,,7273,12,,,1,60,,7276,12,,,1,16,,7277,12,,,1,16,,7263,12,,,1,14,,7280,12,,,1,54,,7268,12,,,1,11,,7266,12,,,1,12,,7275,12,,,1,12,,7281,12,,,1,54,,7278,12,,,1,17,,7282,12,,,1,30,,7284,12,,,1,69,,7286,12,,,1,30,,7267,12,,,1,72,,7287,12,,,1,30,,7283,12,,,1,70,,7285,12,,,1,31,,7289,12,,,1,70,,7290,12,,,1,29,,7288,12,,,1,72,,7292,12,,,1,22,,7294,12,,,1,16,,7297,12,,,1,58,,7295,12,,,1,17,,7296,12,,,1,12,,7293,12,,,1,13,,7298,12,,,1,54,,7299,12,,,1,16,,7301,12,,,1,15,,7291,12,,,1,10,,7304,12,,,1,54,,7305,12,,,1,15,,7308,12,,,1,13,,7309,12,,,1,14,,7303,12,,,1,65,,7302,12,,,1,26,,7300,12,,,1,19,,7310,12,,,1,70,,7311,12,,,1,72,,7306,12,,,1,35,,7313,12,,,1,69,,7315,12,,,1,31,,7312,12,,,1,68,,7307,12,,,1,31,,7314,12,,,1,86,,7316,12,,,1
1200000201,'2',709,,7318,12,,,1,30,,7326,12,,,1,70,,7324,12,,,1,31,,7322,12,,,1,71,,7328,12,,,1,31,,7319,12,,,1,71,,7327,12,,,1,31,,7325,12,,,1,71,,7330,12,,,1,30,,7329,12,,,1,71,,7320,12,,,1,32,,7332,12,,,1,71,,7334,12,,,1,30,,7331,12,,,1,70,,7336,12,,,1,31,,7337,12,,,1,70,,7333,12,,,1,29,,7335,12,,,1,71,,7339,12,,,1,32,,7341,12,,,1,70,,7338,12,,,1,28,,7343,12,,,1,69,,7344,12,,,1,26,,7340,12,,,1,65,,7342,12,,,1,28,,7348,12,,,1,69,,7347,12,,,1,31,,7345,12,,,1,67,,7349,12,,,1,28,,7351,12,,,1,70,,7350,12,,,1,30,,7353,12,,,1,70,,7346,12,,,1,29,,7352,12,,,1,89,,7354,12,,,1
1200000201,'27',2217,,7355,5,,,1,30,,7358,5,,,1,70,,7356,5,,,1,83,,7359,5,,,1,28,,7361,5,,,1,30,,7357,5,,,1,70,,7360,5,,,1
1200000201,'28',2217,,7362,5,,,1,30,,7365,5,,,1,70,,7363,5,,,1,83,,7366,5,,,1,28,,7368,5,,,1,30,,7364,5,,,1,70,,7367,5,,,1
1200000201,'29',2217,,7369,5,,,1,30,,7372,5,,,1,70,,7370,5,,,1,83,,7373,5,,,1,28,,7375,5,,,1,30,,7371,5,,,1,70,,7374,5,,,1
1200000201,'3',809,,7377,12,,,1,31,,7379,12,,,1,71,,7381,12,,,1,31,,7383,12,,,1,71,,7384,12,,,1,31,,7388,12,,,1,71,,7386,12,,,1,30,,7390,12,,,1,71,,7387,12,,,1,32,,7385,12,,,1,71,,7389,12,,,1,30,,7392,12,,,1,70,,7391,12,,,1,31,,7393,12,,,1,70,,7395,12,,,1,29,,7397,12,,,1,71,,7400,12,,,1,32,,7402,12,,,1,70,,7394,12,,,1,28,,7396,12,,,1,69,,7398,12,,,1,26,,7401,12,,,1,65,,7403,12,,,1,28,,7405,12,,,1,69,,7404,12,,,1,31,,7399,12,,,1,67,,7406,12,,,1
1200000201,'71',633,,5205,12,,,1,15,,5204,12,,,1,59,,5208,12,,,1,10,,5214,12,,,1,15,,5203,12,,,1,15,,5213,12,,,1,59,,5207,12,,,1,18,,5218,12,,,1,15,,5202,12,,,1,14,,5221,12,,,1,54,,5206,12,,,1,12,,5223,12,,,1,12,,5216,12,,,1,12,,5224,12,,,1,15,,5209,12,,,1,52,,5225,12,,,1,17,,5217,12,,,1,18,,5219,12,,,1,14,,5226,12,,,1,55,,5222,12,,,1,15,,5228,12,,,1,15,,5229,12,,,1,15,,5230,12,,,1,57,,5232,12,,,1,15,,5233,12,,,1,15,,5235,12,,,1,55,,5236,12,,,1,15,,5237,12,,,1,16,,5227,12,,,1,15,,5239,12,,,1,55,,5240,12,,,1,15,,5241,12,,,1,14,,5231,12,,,1,15,,5238,12,,,1,56,,5234,12,,,1,22,,5242,12,,,1,16,,5243,12,,,1,16,,5244,12,,,1,56,,5245,12,,,1,20,,5246,12,,,1,9,,5247,12,,,1,13,,5249,12,,,1,54,,5251,12,,,1,16,,5254,12,,,1,15,,5255,12,,,1,10,,5256,12,,,1,54,,5259,12,,,1,19,,5260,12,,,1,10,,5257,12,,,1,13,,5258,12,,,1,14,,5250,12,,,1,52,,5248,12,,,1,14,,5261,12,,,1,14,,5252,12,,,1,20,,5262,12,,,1,70,,5263,12,,,1,72,,5265,12,,,1,35,,5267,12,,,1,69,,5269,12,,,1,31,,5264,12,,,1,68,,5266,12,,,1,31,,5268,12,,,1,86,,5270,12,,,1
1200000201,'72',655,,5272,12,,,1,71,,5271,12,,,1,30,,5273,12,,,1,71,,5279,12,,,1,30,,5284,12,,,1,72,,5277,12,,,1,72,,5276,12,,,1,29,,5282,12,,,1,70,,5283,12,,,1,31,,5285,12,,,1,69,,5274,12,,,1,31,,5280,12,,,1,70,,5278,12,,,1,30,,5286,12,,,1,72,,5287,12,,,1,29,,5289,12,,,1,73,,5288,12,,,1,29,,5291,12,,,1,69,,5292,12,,,1,33,,5293,12,,,1,71,,5294,12,,,1,27,,5295,12,,,1,68,,5290,12,,,1,30,,5297,12,,,1,27,,5296,12,,,1,79,,5300,12,,,1,69,,5302,12,,,1,31,,5298,12,,,1,67,,5304,12,,,1,28,,5305,12,,,1,70,,5301,12,,,1,30,,5303,12,,,1,69,,5299,12,,,1,29,,5306,12,,,1,90,,5307,12,,,1
1200000201,'73',756,,5308,12,,,1,71,,5311,12,,,1,30,,5315,12,,,1,72,,5318,12,,,1,72,,5310,12,,,1,29,,5314,12,,,1,70,,5317,12,,,1,31,,5320,12,,,1,69,,5321,12,,,1,31,,5312,12,,,1,70,,5322,12,,,1,30,,5324,12,,,1,72,,5323,12,,,1,29,,5326,12,,,1,73,,5325,12,,,1,29,,5328,12,,,1,69,,5329,12,,,1,33,,5330,12,,,1,71,,5331,12,,,1,27,,5333,12,,,1,68,,5327,12,,,1,30,,5336,12,,,1,27,,5334,12,,,1,79,,5338,12,,,1,69,,5332,12,,,1,31,,5337,12,,,1,67,,5335,12,,,1
1200000201,'81',1512,,5341,12,,,1
1200000201,'89',1547,,5345,12,,,1,54,,5346,12,,,1
1200000301,'1',701,,7506,12,,,1,19,,7510,12,,,1,35,,7516,12,,,1,69,,7511,12,,,1,26,,7519,12,,,1,65,,7507,12,,,1,29,,7517,12,,,1,67,,7515,12,,,1,33,,7520,12,,,1,73,,7521,12,,,1,30,,7523,12,,,1,72,,7525,12,,,1,32,,7527,12,,,1,70,,7522,12,,,1,30,,7524,12,,,1,68,,7526,12,,,1,30,,7528,12,,,1,70,,7529,12,,,1,20,,7532,12,,,1,18,,7530,12,,,1,58,,7535,12,,,1,19,,7534,12,,,1,12,,7539,12,,,1,55,,7537,12,,,1,16,,7538,12,,,1,17,,7541,12,,,1,16,,7533,12,,,1,54,,7536,12,,,1,16,,7531,12,,,1,33,,7540,12,,,1,61,,7544,12,,,1,24,,7542,12,,,1,71,,7543,12,,,1,30,,7545,12,,,1,70,,7546,12,,,1,33,,7549,12,,,1
1200000301,'2',738,,7553,12,,,1,70,,7556,12,,,1,31,,7559,12,,,1,71,,7562,12,,,1,31,,7554,12,,,1,72,,7557,12,,,1,30,,7560,12,,,1,71,,7563,12,,,1,31,,7555,12,,,1,71,,7558,12,,,1,31,,7561,12,,,1,71,,7564,12,,,1,31,,7565,12,,,1,70,,7568,12,,,1,30,,7574,12,,,1,70,,7571,12,,,1,30,,7566,12,,,1,71,,7569,12,,,1,31,,7575,12,,,1,68,,7572,12,,,1,28,,7567,12,,,1,69,,7570,12,,,1,27,,7576,12,,,1,67,,7573,12,,,1
1200000301,'27',2217,,7584,5,,,1,30,,7587,5,,,1,70,,7589,5,,,1,83,,7585,5,,,1,28,,7588,5,,,1,30,,7583,5,,,1,70,,7586,5,,,1
1200000301,'28',2217,,7591,5,,,1,30,,7594,5,,,1,70,,7596,5,,,1,83,,7592,5,,,1,28,,7595,5,,,1,30,,7590,5,,,1,70,,7593,5,,,1
1200000301,'29',2217,,7598,5,,,1,30,,7601,5,,,1,70,,7603,5,,,1,83,,7599,5,,,1,28,,7602,5,,,1,30,,7597,5,,,1,70,,7600,5,,,1
1200000301,'3',808,,7604,12,,,1,31,,7606,12,,,1,71,,7612,12,,,1,31,,7609,12,,,1,72,,7605,12,,,1,30,,7607,12,,,1,71,,7613,12,,,1,31,,7610,12,,,1,71,,7614,12,,,1,31,,7608,12,,,1,71,,7616,12,,,1,31,,7611,12,,,1,70,,7615,12,,,1,30,,7618,12,,,1,70,,7617,12,,,1,30,,7621,12,,,1,71,,7623,12,,,1,31,,7619,12,,,1,68,,7627,12,,,1,28,,7622,12,,,1,69,,7624,12,,,1,27,,7620,12,,,1,67,,7628,12,,,1
1200000301,'71',701,,5454,12,,,1,19,,5458,12,,,1,37,,5466,12,,,1,67,,5463,12,,,1,27,,5469,12,,,1,66,,5455,12,,,1,29,,5465,12,,,1,67,,5467,12,,,1,36,,5470,12,,,1,60,,5471,12,,,1,20,,5473,12,,,1,20,,5475,12,,,1,62,,5476,12,,,1,20,,5478,12,,,1,22,,5480,12,,,1,60,,5472,12,,,1,20,,5474,12,,,1,20,,5481,12,,,1,58,,5477,12,,,1,20,,5479,12,,,1,19,,5483,12,,,1,61,,5484,12,,,1,15,,5485,12,,,1,13,,5486,12,,,1,18,,5482,12,,,1,58,,5494,12,,,1,19,,5490,12,,,1,12,,5493,12,,,1,55,,5488,12,,,1,16,,5487,12,,,1,17,,5497,12,,,1,18,,5496,12,,,1,52,,5495,12,,,1,18,,5492,12,,,1,13,,5489,12,,,1,18,,5491,12,,,1,58,,5498,12,,,1,27,,5499,12,,,1,71,,5501,12,,,1,30,,5500,12,,,1,70,,5502,12,,,1,33,,5505,12,,,1
1200000301,'72',738,,5511,12,,,1,70,,5510,12,,,1,31,,5514,12,,,1,70,,5515,12,,,1,31,,5516,12,,,1,71,,5509,12,,,1,30,,5513,12,,,1,70,,5512,12,,,1,30,,5517,12,,,1,70,,5518,12,,,1,31,,5520,12,,,1,70,,5519,12,,,1,31,,5522,12,,,1,70,,5523,12,,,1,31,,5524,12,,,1,70,,5525,12,,,1,29,,5526,12,,,1,71,,5521,12,,,1,32,,5528,12,,,1,70,,5527,12,,,1,28,,5530,12,,,1,69,,5529,12,,,1,29,,5531,12,,,1,64,,5535,12,,,1
1200000301,'73',808,,5539,12,,,1,31,,5541,12,,,1,70,,5542,12,,,1,31,,5543,12,,,1,71,,5544,12,,,1,30,,5540,12,,,1,70,,5545,12,,,1,30,,5547,12,,,1,70,,5546,12,,,1,31,,5549,12,,,1,70,,5548,12,,,1,31,,5551,12,,,1,70,,5552,12,,,1,31,,5553,12,,,1,70,,5554,12,,,1,29,,5555,12,,,1,71,,5550,12,,,1,32,,5557,12,,,1,70,,5556,12,,,1,28,,5559,12,,,1,69,,5558,12,,,1,29,,5560,12,,,1,64,,5563,12,,,1
1200000401,'1',1639,,7635,12,,,1,65,,7633,12,,,1
1200000401,'71',1635,,5572,12,,,1,69,,5571,12,,,1,25,,5575,12,,,1
