'36',905231700,221500,4,'',2,2000,4,'',2,2000,4,'',2,6000,4,'',2,2000,4,'',2,2000,4,'',2,6000,4,'',2,2000,4,'',2,2000,4,'',2,6000,4,'',2,2000,4,'',2
'31',905271700,130000,,'',2,2000,,'',2,2000,,'',2,6000,,'',2,2000,,'',2,2000,,'',2,6000,,'',2,2000,,'',2,2000,,'',2,6000,,'',2,2000,,'',2,2000,,'',2,6000,,'',2
'31',905271701,131700,4,'',2,2000,4,'',2,2000,4,'',2,6000,4,'',2,2000,4,'',2,2000,4,'',2,6000,4,'',2,2000,4,'',2,2000,4,'',2,6000,4,'',2,2000,4,'',2,2000,4,'',2,6000,4,'',2
'32',905271700,172000,,'',2,2000,,'',2,6000,,'',2,2000,,'',2,2000,,'',2,6000,,'',2
'32',905271701,173700,4,'',2,2000,4,'',2,6000,4,'',2,2000,4,'',2,2000,4,'',2,6000,4,'',2
'33',905271700,192000,,'',2,2000,,'',2,6000,,'',2,2000,,'',2,2000,,'',2,6000,,'',2
'33',905271701,193700,4,'',2,2000,4,'',2,6000,4,'',2,2000,4,'',2,2000,4,'',2,6000,4,'',2
'34',905271700,212000,,'',2,2000,,'',2,6000,,'',2,2000,,'',2,2000,,'',2
'34',905271701,213700,4,'',2,2000,4,'',2,6000,4,'',2,2000,4,'',2,7000,4,'',2
'35',905271700,173000,,'',2,2000,,'',2,6000,,'',2,2000,,'',2,2000,,'',2,6000,,'',2,2000,,'',2,2000,,'',2,6000,,'',2,2000,,'',2,2000,,'',2,6000,,'',2,2000,,'',2,2000,,'',2
'35',905271701,174700,4,'',2,6000,4,'',2,2000,4,'',2,2000,4,'',2,6000,4,'',2,2000,4,'',2,2000,4,'',2,6000,4,'',2,2000,4,'',2,2000,4,'',2,6000,4,'',2,2000,4,'',2,2000,4,'',2,9000,4,'',2,1500,4,'',2,5500,4,'',2
