3400,'1',615,,6032,24,,,2,114,,6033,26,,,2,79,,6031,24,,,2,793,,6037,24,,,2,103,,6034,26,,,2,28,,6035,26,,,2,92,,6036,26,,,2
3400,'13',843,,6038,26,0,24 1 15,2
3400,'71',615,,4634,24,,,2,114,,4635,26,,,2,77,,4636,24,,,2,37,,4633,26,0,24 1 15,2,677,,4637,15,,,2,81,,4638,24,,,2,50,,4639,26,,,2,82,,4640,26,,,2,89,,4641,26,,,2
34501,'83',1641,,4950,43,,,2
5003400,'1',639,,6388,24,,,2,62,,6387,24,,,2
5003400,'71',639,,5039,24,,,2,61,,5038,24,,,2
2000003400,'2',723,,7742,24,,,2,85,,7743,26,,,2,46,,7744,26,,,2,85,,7745,26,,,2,87,,7746,26,,,2,86,,7747,26,,,2,45,,7748,26,,,2,88,,7749,26,,,2,171,,7750,26,,,2,43,,7751,26,,,2,87,,7752,26,,,2,83,,7753,26,,,2,90,,7754,26,,,2,82,,7755,26,,,2,41,,7756,26,,,2
2000003400,'3',808,,7757,24,,,2,46,,7758,26,,,2,85,,7759,26,,,2,87,,7760,26,,,2,86,,7761,26,,,2,45,,7762,26,,,2,88,,7763,26,,,2,171,,7764,26,,,2,43,,7765,26,,,2,87,,7766,26,,,2,83,,7767,26,,,2,90,,7768,26,,,2,82,,7769,26,,,2,41,,7770,26,,,2
2000003400,'72',723,,5682,24,,,2,85,,5683,26,,,2,45,,5684,26,,,2,85,,5685,26,,,2,85,,5686,26,,,2,86,,5687,26,,,2,45,,5688,26,,,2,85,,5689,26,,,2,174,,5690,26,,,2,41,,5691,26,,,2,92,,5692,26,,,2,78,,5693,26,,,2,93,,5694,26,,,2,38,,5695,26,,,2,87,,5696,26,,,2
2000003400,'73',808,,5697,24,,,2,45,,5698,26,,,2,85,,5699,26,,,2,85,,5700,26,,,2,86,,5701,26,,,2,45,,5702,26,,,2,85,,5703,26,,,2,174,,5704,26,,,2,41,,5705,26,,,2,92,,5706,26,,,2,78,,5707,26,,,2,93,,5708,26,,,2,38,,5709,26,,,2,87,,5710,26,,,2
