2300,'1',601,,5924,33,,,2,154,,5919,33,,,2,80,,5927,33,,,2,75,,5904,33,,,2,36,,5906,33,,,2,70,,5905,33,,,2,30,,5907,33,,,2,70,,5908,33,,,2,30,,5909,33,,,2,73,,5912,23,,,2,30,,5910,23,,,2,70,,5913,23,,,2,30,,5911,23,,,2,71,,5914,23,,,2,33,,5915,23,,,2,72,,5917,23,,,2,118,,5918,23,,,2,77,,5916,23,,,2,24,,5925,23,,,2,73,,5920,23,,,2,30,,5926,23,,,2,73,,5921,23,,,2,102,,5922,23,,,2,95,,5923,23,,,2
2300,'2',638,,5930,33,,,2,100,,5931,33,,,2,101,,5932,33,,,2,102,,5933,33,,,2,102,,5934,33,,,2,102,,5935,33,,,2,101,,5936,33,,,2,104,,5937,23,,,2,100,,5938,23,,,2,100,,5939,23,,,2,101,,5940,23,,,2,88,,5941,23,,,2
2300,'3',738,,5942,33,,,2,101,,5943,33,,,2,102,,5944,33,,,2,102,,5945,33,,,2,102,,5946,33,,,2,101,,5947,33,,,2,104,,5948,23,,,2,100,,5949,23,,,2,100,,5950,23,,,2,101,,5951,23,,,2,88,,5952,23,,,2
2300,'71',601,,4520,33,,,2,149,,4525,33,,,2,85,,4529,33,0,14 1 15,2,72,,4507,33,,,2,36,,4510,33,,,2,70,,4508,33,,,2,31,,4511,33,,,2,70,,4509,33,,,2,30,,4512,33,,,2,74,,4515,23,,,2,30,,4513,23,,,2,70,,4516,23,,,2,30,,4514,23,,,2,72,,4517,23,,,2,33,,4518,23,,,2,70,,4528,23,,,2,116,,4530,23,,,2,75,,4519,23,,,2,28,,4526,23,,,2,73,,4521,23,,,2,30,,4527,23,,,2,75,,4522,23,,,2,100,,4523,23,,,2,97,,4524,23,,,2
2300,'72',640,,4531,33,,,2,101,,4532,33,,,2,101,,4533,33,,,2,101,,4534,33,,,2,101,,4535,33,,,2,100,,4536,33,,,2,101,,4537,33,,,2,104,,4538,23,,,2,100,,4539,23,,,2,100,,4540,23,,,2,100,,4541,23,,,2,102,,4542,23,,,2
2300,'73',741,,4543,33,,,2,101,,4544,33,,,2,101,,4545,33,,,2,101,,4546,33,,,2,100,,4547,33,,,2,101,,4548,33,,,2,104,,4549,23,,,2,100,,4550,23,,,2,100,,4551,23,,,2,100,,4552,23,,,2,102,,4553,23,,,2
23100,'15',720,,6293,45,,,2
23100,'84',720,,4931,45,,,2
23500,'12',807,,6295,56,,,2
23500,'82',807,,4935,56,,,2
23501,'83',1718,,4936,68,,,2
5002300,'1',627,,6378,33,,,2,26,,6379,33,,,2,69,,6380,33,,,2
5002300,'71',627,,5028,33,,,2,26,,5027,33,,,2,69,,5029,33,,,2
