3101,'1',606,,6012,36,0,8 1 32,2,30,,6014,36,0,8 1 32,2,67,,6013,68,0,8 1 32,2,32,,6011,68,0,8 1 32,2,104,,6015,68,0,8 1 32,2,105,,6016,68,0,8 1 32,2,99,,6017,68,0,8 1 32,2,100,,6018,68,0,8 1 32,2,106,,6019,68,0,8 1 32,2,102,,6020,68,0,8 1 32,2,101,,6021,68,0,8 1 32,2,100,,6022,68,0,8 1 32,2,97,,6023,68,0,8 1 32,2,71,,6026,68,0,8 1 32,2,31,,6027,68,0,8 1 32,2,71,,6024,68,0,8 1 32,2,33,,6028,68,0,8 1 32,2,64,,6025,68,0,8 1 32,2,36,,6029,68,0,8 1 32,2
3800,'1',808,,6171,37,,,2,103,,6172,37,,,2,99,,6173,37,,,2,102,,6174,37,,,2,115,,6175,37,,,2,102,,6176,37,,,2,102,,6177,37,,,2,106,,6178,37,,,2,119,,6179,37,,,2,72,,6180,37,,,2,174,,6181,37,,,2,56,,6182,37,,,2,96,,6183,37,,,2,100,,6184,37,,,2,98,,6185,37,,,2
3800,'2',736,,6186,37,,,2,101,,6187,37,,,2,103,,6188,37,,,2,101,,6189,37,,,2,102,,6190,37,,,2,116,,6191,37,,,2,142,,6192,37,,,2,101,,6193,37,,,2,100,,6194,37,,,2,102,,6195,37,,,2,99,,6196,37,,,2,54,,6197,37,,,2,96,,6198,37,,,2,100,,6199,37,,,2,97,,6200,37,,,2,101,,6201,37,,,2
3800,'3',837,,6202,37,,,2,103,,6203,37,,,2,101,,6204,37,,,2,102,,6205,37,,,2,116,,6206,37,,,2,142,,6207,37,,,2,101,,6208,37,,,2,100,,6209,37,,,2,102,,6210,37,,,2,99,,6211,37,,,2,54,,6212,37,,,2,96,,6213,37,,,2
3800,'71',806,,4794,37,,,2,105,,4795,37,,,2,98,,4796,37,,,2,102,,4797,37,,,2,113,,4798,37,,,2,102,,4799,37,,,2,102,,4800,37,,,2,109,,4801,44,,,2,115,,4802,37,,,2,95,,4803,37,,,2,112,,4804,37,,,2,97,,4805,37,,,2,96,,4806,37,,,2,101,,4807,37,,,2,99,,4808,37,,,2
3800,'72',740,,4809,37,,,2,100,,4810,37,,,2,102,,4811,37,,,2,100,,4812,37,,,2,101,,4813,37,,,2,111,,4814,37,,,2,100,,4815,37,,,2,102,,4816,37,,,2,100,,4817,37,,,2,100,,4818,37,,,2,98,,4819,37,,,2,100,,4820,37,,,2,98,,4822,37,,,2,99,,4823,37,,,2,99,,4824,37,,,2,100,,4821,37,,,2
3800,'73',840,,4825,37,,,2,102,,4826,37,,,2,100,,4827,37,,,2,101,,4828,37,,,2,111,,4829,37,,,2,100,,4830,37,,,2,102,,4831,37,,,2,100,,4832,37,,,2,100,,4833,37,,,2,98,,4834,37,,,2,100,,4835,37,,,2,147,,4836,37,,,2
3900,'1',633,,6215,12,0,32,2,80,,6216,12,0,32,2,31,,6214,12,0,32,2
3900,'71',643,,4838,12,0,14,2,69,,4840,12,0,14,2,38,,4839,12,0,14,2,92,,4837,12,0,14,2
31100,'15',739,,6300,43,,,2
31100,'84',739,,4945,43,,,2
38000,'1',1650,,6312,8,0,38,2,87,,6310,8,0,38,2,87,,6311,8,0,38,2
38000,'71',1654,,4961,8,,,2,82,,4960,8,,,2,80,,4959,8,,,2
38100,'15',720,,6316,29,,,2
38100,'84',720,,4965,29,,,2
38500,'12',812,,6317,15,,,2
38500,'82',812,,4967,15,,,2
5003801,'1',1723,,6398,68,,,2,89,,6397,68,,,2
5003801,'71',1722,,5053,68,,,2,89,,5052,68,,,2
2000003101,'2',709,,7719,37,0,8 1 32,2,102,,7720,69,0,8 1 32,2,101,,7721,69,0,8 1 32,2,101,,7722,69,0,8 1 32,2,101,,7723,69,0,8 1 32,2,101,,7724,69,0,8 1 32,2,101,,7725,69,0,8 1 32,2,215,,7726,69,0,8 1 32,2,101,,7727,69,0,8 1 32,2,101,,7728,69,0,8 1 32,2,96,,7729,69,0,8 1 32,2
2000003101,'3',811,,7731,37,0,8 1 32,2,101,,7732,69,0,8 1 32,2,101,,7733,69,0,8 1 32,2,101,,7734,69,0,8 1 32,2,101,,7735,69,0,8 1 32,2,101,,7736,69,0,8 1 32,2,215,,7737,69,0,8 1 32,2,101,,7738,69,0,8 1 32,2,101,,7739,69,0,8 1 32,2,96,,7740,69,0,8 1 32,2
