2300,'1',603,,5924,37,,,2,155,,5919,37,,,2,80,,5927,37,,,2,74,,5904,37,,,2,36,,5906,37,,,2,70,,5905,37,,,2,30,,5907,37,,,2,70,,5908,37,,,2,30,,5909,37,,,2
2300,'13',837,28,5928,1,0,14 1 15,2
2300,'2',640,,5930,37,,,2,100,,5931,37,,,2,101,,5932,37,,,2,102,,5933,37,,,2,102,,5934,37,,,2,102,,5935,37,,,2,101,,5936,37,,,2
2300,'3',740,,5942,37,,,2,101,,5943,37,,,2,102,,5944,37,,,2,102,,5945,37,,,2,102,,5946,37,,,2,101,,5947,37,,,2
2300,'71',603,,4520,37,,,2,150,,4525,37,,,2,85,,4529,37,0,14 1 15,2,71,,4507,37,,,2,36,,4510,37,,,2,70,,4508,37,,,2,31,,4511,37,,,2,70,,4509,37,,,2,30,,4512,37,,,2
2300,'72',642,,4531,37,,,2,101,,4532,37,,,2,101,,4533,37,,,2,101,,4534,37,,,2,101,,4535,37,,,2,100,,4536,37,,,2,101,,4537,37,,,2
2300,'73',743,,4543,37,,,2,101,,4544,37,,,2,101,,4545,37,,,2,101,,4546,37,,,2,100,,4547,37,,,2,101,,4548,37,,,2
2300,'87',837,,4554,1,0,14 1 15,2
22200,'15',714,,6289,4,,,2
22200,'84',714,,4925,4,,,2
22201,'85',1532,,4926,32,,,2
23500,'12',810,,6295,60,,,2
23500,'82',810,,4935,60,,,2
5002300,'1',630,,6378,37,,,2,26,,6379,37,,,2,69,,6380,37,,,2
5002300,'71',630,,5028,37,,,2,26,,5027,37,,,2,69,,5029,37,,,2
