3600,'1',611,,750,4,,,2,136,,751,4,,,2,94,,752,4,,,2,162,,753,4,,,2,101,,754,4,,,2,100,,755,4,,,2,102,,756,4,,,2,100,,757,4,,,2,100,,758,4,,,2,305,,759,4,,,2,90,,760,4,,,2,53,,761,4,,,2,97,,762,4,,,2,104,,763,4,,,2,93,,764,4,,,2
3600,'3',611,,765,4,,,2,136,,766,4,,,2,256,,767,4,,,2,101,,768,4,,,2,100,,770,4,,,2,102,,769,4,,,2,100,,771,4,,,2,100,,772,4,,,2,305,,773,4,,,2,90,,774,4,,,2,53,,775,4,,,2,97,,776,4,,,2,104,,777,4,,,2,93,,778,4,,,2
3600,'4',611,,779,4,,,2,136,,783,4,,,2,256,,782,4,,,2,101,,780,4,,,2,100,,781,4,,,2,102,,784,4,,,2,100,,785,4,,,2,100,,786,4,,,2,305,,787,4,,,2,90,,790,4,,,2,53,,791,4,,,2,97,,792,4,,,2,104,,788,4,,,2,93,,789,4,,,2
3600,'6',724,,793,4,,,2,100,,794,4,,,2,101,,795,4,,,2,100,,796,4,,,2,105,,797,4,,,2,100,,798,4,,,2,100,,799,4,,,2,102,,800,4,,,2,101,,801,4,,,2,99,,802,4,,,2,97,,807,4,,,2,97,,808,4,,,2,91,,809,4,,,2,109,,803,4,,,2,99,,804,4,,,2,97,,805,4,,,2,93,,806,4,,,2
3600,'8',824,,810,4,,,2,101,,811,4,,,2,100,,812,4,,,2,105,,813,4,,,2,100,,814,4,,,2,100,,815,4,,,2,102,,816,4,,,2,101,,817,4,,,2,99,,818,4,,,2,97,,819,4,,,2,97,,820,4,,,2,91,,821,4,,,2
5003600,'1',644,,1343,4,,,2,68,,1342,4,,,2
5003600,'3',644,,1345,4,,,2,68,,1344,4,,,2
5003600,'4',644,,1347,4,,,2,68,,1346,4,,,2
5003601,'1',1606,,1350,18,,,2,45,,1348,18,,,2,62,,1349,18,,,2
5003601,'3',1639,,1351,18,,,2,67,,1352,18,,,2
5003601,'4',1644,,1353,18,,,2,62,,1354,18,,,2
