11901,'68',1627,,3172,6,,,2
12501,'63',1614,,3174,17,,,2
12701,'63',1614,,3178,17,,,2
12901,'68',1628,,3180,6,,,2
1200000100,'51',619,,3411,1,0,34 35 6 31,1,15,,3413,1,0,34 35 6 31,1,15,,3414,1,0,34 35 6 31,1,52,,3407,82,0,34 35 6 31,1,33,,3408,82,0,34 35 6 31,1,23,,3409,82,0,34 35 6 31,1,68,,3412,82,0,16 1 17,1,29,,3410,82,0,34 35 6 31,1
1200000201,'51',540,,3613,1,0,29,1,60,,3617,1,0,29,1,17,,3622,1,0,29,1,19,,3604,31,0,29,1,22,,3627,1,0,29,1,53,,3608,43,0,29,1,10,,3620,31,0,29,1,7,,3607,43,0,29,1,9,,3615,31,0,29,1,12,,3611,43,0,29,1,10,,3619,43,0,29,1,54,,3606,43,0,29,1,13,,3618,43,0,29,1,19,,3610,43,0,29,1,57,,3625,43,0,29,1,15,,3605,43,0,29,1,14,,3628,43,0,29,1,13,,3609,43,0,29,1,12,,3621,43,0,29,1,52,,3623,43,0,29,1,12,,3616,43,0,29,1,15,,3612,43,0,29,1,12,,3629,43,0,29,1,57,,3624,43,0,29,1,19,,3626,43,0,29,1,14,,3630,43,0,29,1,15,,3632,43,0,29,1,55,,3633,43,0,29,1,15,,3635,43,0,29,1,15,,3636,43,0,29,1,18,,3638,43,0,29,1,55,,3639,43,0,29,1,15,,3640,43,0,29,1,14,,3641,43,0,29,1,15,,3642,43,0,29,1,56,,3631,43,0,29,1,15,,3634,43,0,29,1,15,,3644,43,0,29,1,16,,3645,43,0,29,1,54,,3637,43,0,29,1,16,,3643,43,0,29,1,19,,3647,43,0,29,1,12,,3650,43,0,29,1,56,,3648,43,0,29,1,20,,3649,43,0,29,1,16,,3651,43,0,29,1,55,,3652,43,0,29,1,6,,3659,31,0,29,1,14,,3654,43,0,29,1,9,,3655,43,0,29,1,10,,3646,43,0,29,1,11,,3656,43,0,29,1,55,,3660,43,0,29,1,13,,3662,43,0,29,1,9,,3661,43,0,29,1,13,,3666,43,0,29,1,12,,3663,43,0,29,1,48,,3653,43,0,29,1,6,,3665,43,0,29,1,12,,3658,43,0,29,1,13,,3668,43,0,29,1,12,,3664,43,0,29,1,54,,3670,43,0,29,1,14,,3657,43,0,29,1,20,,3671,43,0,29,1,69,,3672,43,0,29,1,32,,3669,43,0,29,1,75,,3674,43,0,29,1,27,,3676,43,0,29,1,71,,3673,43,0,29,1,27,,3667,43,0,29,1,71,,3675,43,0,29,1,46,,3677,43,0,29,1
1200000201,'52',638,,3682,1,0,29,1,70,,3688,1,0,29,1,21,,3679,43,0,29,1,71,,3678,43,0,29,1,30,,3680,43,0,29,1,72,,3686,43,0,29,1,32,,3691,43,0,29,1,72,,3684,43,0,29,1,31,,3683,43,0,29,1,69,,3689,43,0,29,1,30,,3690,43,0,29,1,71,,3692,43,0,29,1,30,,3681,43,0,29,1,71,,3687,43,0,29,1,30,,3685,43,0,29,1,70,,3693,43,0,29,1,32,,3694,43,0,29,1,69,,3696,43,0,29,1,33,,3695,43,0,29,1,70,,3698,43,0,29,1,29,,3699,43,0,29,1,72,,3700,43,0,29,1,31,,3701,43,0,29,1,66,,3702,43,0,29,1,28,,3697,43,0,29,1,69,,3704,43,0,29,1,25,,3703,43,0,29,1,79,,3707,43,0,29,1,29,,3709,43,0,29,1,71,,3705,43,0,29,1,27,,3711,43,0,29,1,68,,3712,43,0,29,1,29,,3708,43,0,29,1,70,,3710,43,0,29,1,29,,3706,43,0,29,1,69,,3713,43,0,29,1,49,,3714,43,0,29,1
1200000201,'53',638,,3716,1,0,29,1,70,,3720,1,0,29,1,30,,3723,1,0,29,1,70,,3726,1,0,29,1,22,,3715,43,0,29,1,72,,3718,43,0,29,1,32,,3722,43,0,29,1,72,,3725,43,0,29,1,31,,3717,43,0,29,1,69,,3721,43,0,29,1,30,,3724,43,0,29,1,71,,3727,43,0,29,1,30,,3728,43,0,29,1,71,,3719,43,0,29,1,30,,3729,43,0,29,1,70,,3731,43,0,29,1,32,,3730,43,0,29,1,69,,3733,43,0,29,1,33,,3732,43,0,29,1,70,,3735,43,0,29,1,29,,3736,43,0,29,1,72,,3737,43,0,29,1,31,,3738,43,0,29,1,66,,3740,43,0,29,1,28,,3734,43,0,29,1,69,,3743,43,0,29,1,25,,3741,43,0,29,1,79,,3745,43,0,29,1,29,,3739,43,0,29,1,71,,3744,43,0,29,1,27,,3742,43,0,29,1
1200000201,'54',638,,3754,1,0,29,1,70,,3751,31,0,29,1,20,,3748,43,0,29,1,30,,3757,43,0,29,1,70,,3761,43,0,29,1,31,,3766,43,0,29,1,72,,3747,43,0,29,1,71,,3750,43,0,29,1,30,,3756,43,0,29,1,71,,3753,43,0,29,1,29,,3765,43,0,29,1,70,,3772,43,0,29,1,31,,3763,43,0,29,1,70,,3777,43,0,29,1,30,,3760,43,0,29,1,72,,3771,43,0,29,1,30,,3774,43,0,29,1,71,,3776,43,0,29,1,30,,3769,43,0,29,1,70,,3780,43,0,29,1,30,,3782,43,0,29,1,71,,3784,43,0,29,1,31,,3786,43,0,29,1,69,,3789,43,0,29,1,28,,3797,43,0,29,1,68,,3799,43,0,29,1,39,,3791,43,0,29,1,69,,3801,43,0,29,1,29,,3787,43,0,29,1,71,,3800,43,0,29,1,27,,3802,43,0,29,1,68,,3803,43,0,29,1,29,,3798,43,0,29,1,70,,3806,43,0,29,1,29,,3796,43,0,29,1,69,,3804,43,0,29,1,49,,3805,43,0,29,1
1200000201,'69',1640,,3810,43,0,29,1,14,,3811,43,0,29,1
1200000401,'51',1459,,4100,1,0,31,1,70,,4101,1,0,31,1,198,,4099,43,0,31,1,24,,4098,43,0,31,1,62,,4102,43,0,31,1
