2300,'1',552,,5924,8,,,2,194,,5919,8,,,2,79,,5927,8,,,2,76,,5904,8,,,2,36,,5906,8,,,2,70,,5905,8,,,2,30,,5907,8,,,2,70,,5908,8,,,2,30,,5909,8,,,2,77,,5912,8,,,2,30,,5910,8,,,2,70,,5913,8,,,2,30,,5911,8,,,2,71,,5914,8,,,2,33,,5915,8,,,2,72,,5917,8,,,2,118,,5918,8,,,2,77,,5916,8,,,2,24,,5925,8,,,2,73,,5920,8,,,2,30,,5926,8,,,2,73,,5921,8,,,2,102,,5922,8,,,2,95,,5923,8,,,2
2300,'2',629,,5930,8,,,2,100,,5931,8,,,2,101,,5932,8,,,2,102,,5933,8,,,2,102,,5934,8,,,2,102,,5935,8,,,2,101,,5936,8,,,2,108,,5937,8,,,2,100,,5938,8,,,2,100,,5939,8,,,2,101,,5940,8,,,2,88,,5941,8,,,2
2300,'3',729,,5942,8,,,2,101,,5943,8,,,2,102,,5944,8,,,2,102,,5945,8,,,2,102,,5946,8,,,2,101,,5947,8,,,2,108,,5948,8,,,2,100,,5949,8,,,2,100,,5950,8,,,2,101,,5951,8,,,2,88,,5952,8,,,2
2300,'71',552,,4520,8,,,2,189,,4525,8,,,2,84,,4529,8,0,14 1 15,2,33,,4507,8,,,2,76,,4510,8,,,2,70,,4508,8,,,2,31,,4511,8,,,2,70,,4509,8,,,2,30,,4512,8,,,2,78,,4515,8,,,2,30,,4513,8,,,2,70,,4516,8,,,2,30,,4514,8,,,2,72,,4517,8,,,2,33,,4518,8,,,2,70,,4528,8,,,2,116,,4530,8,,,2,75,,4519,8,,,2,28,,4526,8,,,2,73,,4521,8,,,2,30,,4527,8,,,2,75,,4522,8,,,2,100,,4523,8,,,2,97,,4524,8,,,2
2300,'72',631,,4531,8,,,2,101,,4532,8,,,2,101,,4533,8,,,2,101,,4534,8,,,2,101,,4535,8,,,2,100,,4536,8,,,2,101,,4537,8,,,2,108,,4538,8,,,2,100,,4539,8,,,2,100,,4540,8,,,2,100,,4541,8,,,2,102,,4542,8,,,2
2300,'73',732,,4543,8,,,2,101,,4544,8,,,2,101,,4545,8,,,2,101,,4546,8,,,2,100,,4547,8,,,2,101,,4548,8,,,2,108,,4549,8,,,2,100,,4550,8,,,2,100,,4551,8,,,2,100,,4552,8,,,2,102,,4553,8,,,2
2301,'1',1515,,5966,56,4,,2,91,,5964,56,4,,2,614,,5972,56,4,,2
2301,'2',1229,,5985,56,4,,2,600,,5991,56,4,,2
2301,'3',1229,,5996,56,4,,2,600,,6002,56,4,,2
2301,'71',1210,,4558,56,4,,2,305,,4576,56,4,,2,42,,4567,56,4,,2,663,,4574,56,4,,2
2301,'72',1240,,4584,56,4,,2,602,,4590,56,4,,2
2301,'73',1240,,4595,56,4,,2,602,,4601,56,4,,2
23100,'15',709,,6293,20,,,2
23100,'84',709,,4931,20,,,2
23101,'85',1548,,4932,67,,,2
23500,'12',757,,6295,31,,,2
23500,'82',757,,4935,31,,,2
23501,'83',1713,,4936,53,,,2
5002300,'1',616,,6378,8,,,2,25,,6379,8,,,2,69,,6380,8,,,2
5002300,'71',616,,5028,8,,,2,25,,5027,8,,,2,69,,5029,8,,,2
5002301,'1',1743,,6381,66,4,,2
5002301,'71',1743,,5030,66,4,,2
