1100,'1',617,,5748,47,,,1,33,,5754,47,,,1,68,,5749,47,,,1,34,,5755,47,,,1,70,,5750,47,,,1,18,,5751,47,,,1,70,,5756,47,,,1,34,,5752,47,,,1,70,,5757,47,,,1,35,,5758,47,,,1,70,,5761,47,,,1,33,,5759,47,,,1,70,,5762,47,,,1,37,,5760,47,,,1,70,,5763,47,,,1,88,,5764,47,,,1,30,,5766,47,,,1,75,,5765,47,,,1,30,,5767,47,,,1,85,,5770,47,,,1,63,,5768,47,,,1,22,,5772,47,,,1,26,,5771,47,,,1,76,,5773,47,,,1,28,,5769,47,,,1,70,,5774,47,,,1,100,,5775,47,,,1,100,,5776,47,,,1,100,,5777,47,,,1,100,,5778,47,,,1
1100,'2',718,,5779,47,,,1,102,,5780,47,,,1,100,,5781,47,,,1,102,,5782,47,,,1,100,,5783,47,,,1,100,,5784,47,,,1,101,,5785,47,,,1,99,,5786,47,,,1,100,,5787,47,,,1,100,,5788,47,,,1,100,,5789,47,,,1,100,,5790,47,,,1,99,,5792,47,,,1,100,,5793,47,,,1,100,,5791,47,,,1,100,,5795,47,,,1,100,,5794,47,,,1
1100,'3',920,,5796,47,,,1,102,,5797,47,,,1,100,,5798,47,,,1,100,,5799,47,,,1,101,,5800,47,,,1,99,,5801,47,,,1,100,,5802,47,,,1,100,,5803,47,,,1,100,,5804,47,,,1,100,,5805,47,,,1
1100,'71',617,,4339,47,,,1,33,,4343,47,,,1,68,,4340,47,,,1,34,,4344,47,,,1,70,,4341,47,,,1,18,,4345,47,,,1,70,,4350,47,,,1,34,,4346,47,,,1,70,,4351,47,,,1,35,,4347,47,,,1,70,,4352,47,,,1,33,,4348,47,,,1,70,,4353,47,,,1,37,,4349,47,,,1,70,,4354,47,,,1,88,,4358,47,,,1,30,,4355,47,,,1,75,,4359,47,,,1,30,,4356,47,,,1,83,,4360,48,,,1,65,,4357,47,,,1,22,,4363,47,,,1,26,,4361,47,,,1,76,,4364,47,,,1,28,,4362,47,,,1,70,,4365,47,,,1,100,,4366,47,,,1,100,,4367,47,,,1,100,,4368,47,,,1,100,,4369,47,,,1
1100,'72',718,,4370,47,,,1,102,,4371,47,,,1,100,,4372,47,,,1,102,,4373,47,,,1,100,,4374,47,,,1,100,,4375,47,,,1,101,,4376,47,,,1,99,,4377,47,,,1,100,,4378,47,,,1,100,,4379,47,,,1,100,,4380,47,,,1,100,,4381,47,,,1,99,,4384,47,,,1,100,,4382,47,,,1,100,,4383,47,,,1,100,,4386,47,,,1,100,,4385,47,,,1
1100,'73',920,,4387,47,,,1,102,,4388,47,,,1,100,,4389,47,,,1,100,,4390,47,,,1,101,,4391,47,,,1,99,,4392,47,,,1,100,,4393,47,,,1,100,,4394,47,,,1,100,,4395,47,,,1,100,,4396,47,,,1
11100,'15',708,,6226,11,,,2
11100,'86',708,,4850,11,,,2
11500,'12',830,,6227,7,,,2
11500,'82',830,,4852,7,,,2
1200000101,'1',1513,,7148,6,,,1,30,,7149,6,,,1,67,,7150,6,,,1,38,,7151,6,,,1
1200000101,'71',1513,,5070,6,,,1,30,,5071,6,,,1,67,,5069,6,,,1,40,,5072,6,,,1
1200000400,'1',632,,7629,11,,,1,15,,7630,11,,,1
1200000400,'71',632,,5565,11,,,1,15,,5566,11,,,1,55,,5567,11,,,1,16,,5564,11,,,1
