3101,'71',649,,4610,3,0,8 1 14,2,64,,4612,3,0,8 1 14,2,95,,4614,3,0,8 1 14,2,110,,4619,3,0,8 1 14,2,85,,4615,3,0,8 1 14,2,47,,4616,3,0,8 1 14,2,96,,4617,3,0,8 1 14,2,87,,4620,3,0,8 1 14,2,85,,4621,3,0,8 1 14,2,86,,4622,3,0,8 1 14,2,48,,4623,3,0,8 1 14,2,86,,4624,3,0,8 1 14,2,80,,4627,3,0,8 1 14,2,16,,4625,3,0,8 1 14,2,78,,4628,3,0,8 1 14,2,25,,4631,3,0,8 1 14,2,66,,4629,3,0,8 1 14,2,36,,4626,3,0,8 1 14,2,68,,4630,3,0,8 1 14,2,251,,4632,3,0,8,2
3501,'1',540,,6049,1,,,2,94,,6050,3,,,2,82,,6051,3,,,2,98,,6052,3,,,2,44,,6053,3,,,2,79,,6054,3,,,2,85,,6055,3,,,2,85,,6056,3,,,2,46,,6057,3,,,2,85,,6058,3,,,2,85,,6059,3,,,2,85,,6060,3,,,2,45,,6061,3,,,2,98,,6062,3,,,2,84,,6064,3,,,2,82,,6065,3,,,2,42,,6066,3,,,2,84,,6067,3,,,2,74,,6063,3,,,2,39,,6068,3,,,2,66,,6069,3,,,2,31,,6070,3,,,2,67,,6071,3,,,2,38,,6072,3,,,2,70,,6073,3,,,2,28,,6074,3,,,2,65,,6075,3,,,2
3501,'2',701,,6076,3,,,2,30,,6077,3,,,2,70,,6078,3,,,2,30,,6079,3,,,2,69,,6080,3,,,2,33,,6081,3,,,2,86,,6082,3,,,2,85,,6083,3,,,2,47,,6084,3,,,2,87,,6085,3,,,2,89,,6086,3,,,2,85,,6088,3,,,2,46,,6089,3,,,2,85,,6090,3,,,2,85,,6091,3,,,2,84,,6092,3,,,2,43,,6087,3,,,2,82,,6093,3,,,2,78,,6094,3,,,2,85,,6095,3,,,2,30,,6096,3,,,2,28,,6097,3,,,2,68,,6098,3,,,2,30,,6099,3,,,2,70,,6100,3,,,2,28,,6101,3,,,2,65,,6102,3,,,2
3501,'3',831,,6103,3,,,2,69,,6104,3,,,2,33,,6105,3,,,2,86,,6106,3,,,2,85,,6107,3,,,2,47,,6108,3,,,2,87,,6109,3,,,2,89,,6110,3,,,2,85,,6111,3,,,2,46,,6112,3,,,2,85,,6114,3,,,2,85,,6115,3,,,2,84,,6116,3,,,2,43,,6117,3,,,2,82,,6118,3,,,2,78,,6119,3,,,2,85,,6113,3,,,2
3501,'71',543,,4652,1,,,2,96,,4653,3,,,2,70,,4654,3,,,2,110,,4658,3,,,2,40,,4655,3,,,2,80,,4656,3,,,2,97,,4659,3,,,2,102,,4660,3,,,2,98,,4657,3,,,2,101,,4662,3,,,2,102,,4661,3,,,2,113,,4663,3,,,2,73,,4664,3,,,2,76,,4665,3,,,2,34,,4666,3,,,2,104,,4667,3,,,2,90,,4670,3,,,2,92,,4671,3,,,2,98,,4672,3,,,2,108,,4668,3,,,2,93,,4669,3,,,2
3501,'72',654,,4673,3,,,2,100,,4674,3,,,2,101,,4675,3,,,2,100,,4676,3,,,2,100,,4677,3,,,2,101,,4678,3,,,2,146,,4679,3,,,2,102,,4680,3,,,2,101,,4681,3,,,2,100,,4682,3,,,2,52,,4683,3,,,2,97,,4684,3,,,2,96,,4685,3,,,2,150,,4686,3,,,2,58,,4687,3,,,2,98,,4688,3,,,2,98,,4689,3,,,2
3501,'73',855,,4690,3,,,2,100,,4691,3,,,2,100,,4692,3,,,2,101,,4693,3,,,2,146,,4694,3,,,2,102,,4695,3,,,2,101,,4696,3,,,2,100,,4697,3,,,2,52,,4698,3,,,2,97,,4699,3,,,2,96,,4700,3,,,2,103,,4701,3,,,2
3901,'71',1629,,4843,3,,,2,83,,4842,3,,,2,40,,4841,3,,,2
22900,'13',854,,6291,16,,,2
22900,'87',854,,4929,16,,,2
35001,'71',1617,,4952,12,4,,2
35101,'85',1531,,4954,24,,,2
35501,'83',1644,,4956,34,,,2
2000003101,'72',749,,5660,3,0,8 1 14,2,101,,5661,3,0,8 1 14,2,100,,5662,3,0,8 1 14,2,100,,5663,3,0,8 1 14,2,100,,5664,3,0,8 1 14,2,100,,5665,3,0,8 1 14,2,199,,5666,3,0,8 1 14,2,102,,5667,3,0,8 1 14,2,102,,5668,3,0,8 1 14,2,98,,5669,3,0,8 1 14,2,98,,5670,3,0,8,2
2000003101,'73',849,,5672,3,0,8 1 14,2,101,,5673,3,0,8 1 14,2,100,,5674,3,0,8 1 14,2,100,,5675,3,0,8 1 14,2,100,,5676,3,0,8 1 14,2,199,,5677,3,0,8 1 14,2,102,,5678,3,0,8 1 14,2,102,,5679,3,0,8 1 14,2,98,,5680,3,0,8 1 14,2,98,,5681,3,0,8,2
