2301,'1',1203,,5958,31,,,2,31,,5959,31,,,2,70,,5961,31,,,2,30,,5960,31,,,2,70,,5962,31,,,2,31,,5963,31,,,2,71,,5966,31,,,2,51,,5964,31,,,2,68,,5967,31,,,2,76,,5965,31,,,2,101,,5968,31,,,2,26,,5975,31,,,2,77,,5969,31,,,2,102,,5970,31,,,2,50,,5971,31,,,2,154,,5972,31,,,2
2301,'2',1220,,5985,31,,,2,101,,5986,31,,,2,101,,5987,31,,,2,100,,5988,31,,,2,100,,5989,31,,,2,101,,5990,31,,,2,97,,5991,31,,,2
2301,'3',1220,,5996,31,,,2,101,,5997,31,,,2,101,,5998,31,,,2,100,,5999,31,,,2,100,,6000,31,,,2,101,,6001,31,,,2,97,,6002,31,,,2
2301,'71',1201,,4558,31,,,2,30,,4562,31,,,2,71,,4564,31,,,2,30,,4563,31,,,2,70,,4565,31,,,2,30,,4566,31,,,2,74,,4576,31,,,2,42,,4567,31,,,2,108,,4568,35,,,2,103,,4570,31,,,2,71,,4575,31,,,2,75,,4571,31,,,2,100,,4572,31,,,2,52,,4573,31,,,2,154,,4574,31,,,2
2301,'72',1231,,4584,31,,,2,102,,4585,31,,,2,101,,4586,31,,,2,101,,4587,31,,,2,100,,4588,31,,,2,102,,4589,31,,,2,96,,4590,31,,,2
2301,'73',1231,,4595,31,,,2,102,,4596,31,,,2,101,,4597,31,,,2,101,,4598,31,,,2,100,,4599,31,,,2,102,,4600,31,,,2,96,,4601,31,,,2
23101,'85',1535,,4932,42,,,2
23501,'83',1701,,4936,28,,,2
5002301,'1',1710,,6382,41,,,2,24,,6381,41,,,2
5002301,'71',1624,,5032,41,,,2,86,,5031,41,,,2,24,,5030,41,,,2
