3401,'1',629,,6039,5,,,2,27,,6040,5,,,2,90,,6041,5,,,2,795,,6042,5,,,2,88,,6043,5,,,2,99,,6044,5,,,2,26,,6045,5,,,2,86,,6046,5,,,2,68,,6047,5,,,2
3401,'14',1643,,6048,9,,,2
3401,'71',629,,4642,5,,,2,27,,4644,5,,,2,90,,4643,5,,,2,803,,4646,5,,,2,91,,4645,9,,,2,72,,4649,5,,,2,39,,4650,5,,,2,87,,4651,5,,,2,66,,4648,5,,,2
23200,'15',726,,6294,25,,,2
32500,'12',811,,6304,21,,,2
32500,'82',811,,4947,21,,,2
34500,'12',805,,6305,4,,,2
34500,'82',805,,4949,4,,,2
35100,'84',728,,4953,35,,,2
5003401,'1',1651,,6389,17,,,2
5003401,'71',1651,,5040,17,,,2
2000003401,'2',743,,7771,5,,,2,85,,7772,5,,,2,85,,7773,5,,,2,45,,7774,5,,,2,89,,7775,5,,,2,85,,7776,5,,,2,88,,7777,5,,,2,81,,7778,5,,,2,134,,7779,5,,,2,86,,7780,5,,,2,84,,7781,5,,,2,48,,7782,5,,,2,84,,7783,5,,,2,81,,7784,5,,,2,82,,7785,5,,,2
2000003401,'3',828,,7786,5,,,2,85,,7787,5,,,2,45,,7788,5,,,2,89,,7789,5,,,2,85,,7790,5,,,2,88,,7791,5,,,2,81,,7792,5,,,2,134,,7793,5,,,2,86,,7794,5,,,2,84,,7795,5,,,2,48,,7796,5,,,2,84,,7797,5,,,2,81,,7798,5,,,2,82,,7799,5,,,2
2000003401,'72',743,,5711,5,,,2,85,,5712,5,,,2,84,,5713,5,,,2,45,,5714,5,,,2,87,,5715,5,,,2,85,,5716,5,,,2,85,,5717,5,,,2,45,,5718,5,,,2,170,,5719,5,,,2,92,,5720,5,,,2,79,,5721,5,,,2,53,,5722,5,,,2,77,,5723,5,,,2,88,,5724,5,,,2,37,,5725,5,,,2
2000003401,'73',828,,5726,5,,,2,84,,5727,5,,,2,45,,5728,5,,,2,87,,5729,5,,,2,85,,5730,5,,,2,85,,5731,5,,,2,45,,5732,5,,,2,170,,5733,5,,,2,92,,5734,5,,,2,79,,5735,5,,,2,53,,5736,5,,,2,77,,5737,5,,,2,88,,5738,5,,,2,37,,5739,5,,,2
