11901,'18',1628,,1017,7,,,2
12701,'13',1614,,1023,18,,,2
1200000100,'1',620,,1393,2,,,1,15,,1395,2,,,1,15,,1396,2,,,1,51,,1390,83,,,1,32,,1391,83,,,1,23,,1392,83,,,1,68,,1394,83,0,16 1 17,1,29,,1389,83,,,1
1200000100,'3',620,,1403,2,,,1,15,,1399,2,,,1,15,,1405,2,,,1,51,,1400,83,,,1,32,,1401,83,,,1,23,,1402,83,,,1,68,,1404,83,0,16 1 17,1,29,,1398,83,,,1
1200000100,'4',620,,1411,2,,,1,15,,1413,2,,,1,15,,1414,2,,,1,51,,1408,83,,,1,32,,1409,83,,,1,23,,1410,83,,,1,68,,1412,83,0,16 1 17,1,29,,1407,83,,,1
1200000201,'1',540,,1675,2,,,1,61,,1682,2,,,1,17,,1687,2,,,1,18,,1668,32,,,1,22,,1678,2,,,1,50,,1672,46,,,1,9,,1685,32,,,1,7,,1671,46,,,1,8,,1680,32,,,1,9,,1674,46,,,1,60,,1676,46,,,1,11,,1670,46,,,1,9,,1683,46,,,1,16,,1673,46,,,1,18,,1689,46,,,1,56,,1669,46,,,1,14,,1679,46,,,1,15,,1691,46,,,1,11,,1686,46,,,1,54,,1681,46,,,1,12,,1692,46,,,1,16,,1677,46,,,1,12,,1695,46,,,1,57,,1688,46,,,1,18,,1690,46,,,1,14,,1696,46,,,1,15,,1694,46,,,1,55,,1698,46,,,1,15,,1700,46,,,1,15,,1693,46,,,1,18,,1701,46,,,1,55,,1702,46,,,1,15,,1703,46,,,1,14,,1704,46,,,1,15,,1706,46,,,1,56,,1697,46,,,1,15,,1699,46,,,1,15,,1709,46,,,1,16,,1710,46,,,1,54,,1712,46,,,1,16,,1708,46,,,1,17,,1713,46,,,1,13,,1714,46,,,1,54,,1705,46,,,1,22,,1707,46,,,1,19,,1715,46,,,1,54,,1716,46,,,1,8,,1725,32,,,1,13,,1718,46,,,1,8,,1720,46,,,1,12,,1711,46,,,1,9,,1723,46,,,1,52,,1726,46,,,1,11,,1727,46,,,1,12,,1731,46,,,1,10,,1734,46,,,1,14,,1719,46,,,1,7,,1717,46,,,1,47,,1732,46,,,1,13,,1733,46,,,1,14,,1722,46,,,1,12,,1721,46,,,1,14,,1728,46,,,1,54,,1724,46,,,1,20,,1729,46,,,1,69,,1736,46,,,1,32,,1730,46,,,1,76,,1738,46,,,1,26,,1740,46,,,1,69,,1737,46,,,1,25,,1735,46,,,1,72,,1739,46,,,1,43,,1741,46,,,1
1200000201,'21',1641,,1745,46,,,1,14,,1746,46,,,1
1200000201,'3',540,,1755,2,,,1,61,,1758,2,,,1,17,,1761,2,,,1,18,,1747,32,,,1,22,,1765,2,,,1,46,,1751,46,,,1,16,,1749,46,,,1,16,,1753,46,,,1,19,,1756,46,,,1,56,,1759,46,,,1,14,,1762,46,,,1,15,,1764,46,,,1,16,,1748,46,,,1,54,,1766,46,,,1,15,,1752,46,,,1,14,,1750,46,,,1,14,,1754,46,,,1,58,,1757,46,,,1,18,,1760,46,,,1,13,,1763,46,,,1,74,,1767,46,,,1,29,,1769,46,,,1,70,,1771,46,,,1,32,,1772,46,,,1,70,,1773,46,,,1,29,,1768,46,,,1,71,,1770,46,,,1,31,,1774,46,,,1,68,,1776,46,,,1,27,,1781,46,,,1,12,,1778,46,,,1,54,,1779,46,,,1,18,,1783,46,,,1,14,,1785,46,,,1,60,,1787,46,,,1,8,,1789,46,,,1,14,,1775,46,,,1,15,,1790,46,,,1,12,,1777,46,,,1,54,,1792,46,,,1,13,,1782,46,,,1,14,,1780,46,,,1,15,,1784,46,,,1,54,,1786,46,,,1,14,,1788,46,,,1,28,,1795,46,,,1,69,,1794,46,,,1,20,,1791,46,,,1,69,,1797,46,,,1,32,,1793,46,,,1,77,,1799,46,,,1,25,,1801,46,,,1,69,,1798,46,,,1,26,,1796,46,,,1,72,,1800,46,,,1,43,,1802,46,,,1
1200000201,'4',540,,1808,2,,,1,61,,1812,2,,,1,17,,1817,2,,,1,18,,1803,32,,,1,22,,1823,2,,,1,48,,1806,46,,,1,11,,1815,32,,,1,5,,1805,46,,,1,10,,1820,32,,,1,6,,1810,46,,,1,20,,1809,46,,,1,57,,1813,46,,,1,15,,1818,46,,,1,15,,1822,46,,,1,55,,1804,46,,,1,14,,1824,46,,,1,15,,1807,46,,,1,14,,1816,46,,,1,14,,1821,46,,,1,56,,1811,46,,,1,18,,1814,46,,,1,12,,1819,46,,,1,57,,1825,46,0,5 6 7,1,18,,1827,46,,,1,14,,1831,46,0,5 6 7,1,15,,1829,46,,,1,55,,1834,46,0,5 6 7,1,15,,1833,46,,,1,15,,1837,46,0,5 6 7,1,17,,1836,46,,,1,55,,1826,46,0,5 6 7,1,14,,1838,46,,,1,15,,1832,46,0,5 6 7,1,14,,1828,46,,,1,56,,1835,46,0,5 6 7,1,15,,1830,46,,,1,15,,1842,46,0,5 6 7,1,16,,1840,46,,,1,54,,1843,46,,,1,15,,1845,46,,,1,18,,1839,46,,,1,11,,1851,46,,,1,53,,1847,46,,,1,16,,1849,46,,,1,20,,1853,46,,,1,17,,1855,46,,,1,62,,1857,46,,,1,9,,1858,46,,,1,12,,1841,46,,,1,7,,1844,46,,,1,14,,1846,46,,,1,49,,1861,46,,,1,15,,1852,46,,,1,13,,1848,46,,,1,14,,1850,46,,,1,7,,1859,46,,,1,48,,1854,46,,,1,14,,1856,46,,,1,14,,1866,46,,,1,12,,1865,46,,,1,68,,1862,46,,,1,20,,1860,46,,,1,69,,1867,46,,,1,32,,1863,46,,,1,77,,1869,46,,,1,26,,1871,46,,,1,69,,1868,46,,,1,25,,1864,46,,,1,72,,1870,46,,,1,43,,1872,46,,,1
1200000201,'6',638,,1878,2,,,1,70,,1884,2,,,1,19,,1875,46,,,1,30,,1873,46,,,1,70,,1876,46,,,1,32,,1882,46,,,1,71,,1887,46,,,1,72,,1880,46,,,1,31,,1879,46,,,1,69,,1885,46,,,1,30,,1886,46,,,1,71,,1874,46,,,1,30,,1877,46,,,1,72,,1883,46,,,1,30,,1881,46,,,1,69,,1888,46,,,1,32,,1889,46,,,1,71,,1891,46,,,1,32,,1890,46,,,1,69,,1893,46,,,1,29,,1894,46,,,1,72,,1895,46,,,1,31,,1896,46,,,1,67,,1897,46,,,1,28,,1892,46,,,1,67,,1899,46,,,1,26,,1898,46,,,1,80,,1907,46,,,1,29,,1905,46,,,1,69,,1900,46,,,1,28,,1908,46,,,1,69,,1903,46,,,1,29,,1902,46,,,1,70,,1909,46,,,1,29,,1901,46,,,1,72,,1904,46,,,1,40,,1906,46,,,1
1200000201,'7',2106,,1910,46,,,1,28,,1911,46,,,1
1200000201,'9',638,,1913,2,,,1,70,,1917,2,,,1,30,,1920,2,,,1,70,,1924,2,,,1,19,,1912,46,,,1,32,,1915,46,,,1,71,,1919,46,,,1,72,,1922,46,,,1,31,,1914,46,,,1,69,,1918,46,,,1,30,,1921,46,,,1,71,,1925,46,,,1,30,,1926,46,,,1,72,,1916,46,,,1,30,,1927,46,,,1,69,,1923,46,,,1,32,,1928,46,,,1,71,,1930,46,,,1,32,,1929,46,,,1,69,,1932,46,,,1,29,,1933,46,,,1,72,,1934,46,,,1,31,,1935,46,,,1,67,,1937,46,,,1,28,,1931,46,,,1,67,,1939,46,,,1,26,,1938,46,,,1,80,,1940,46,,,1,29,,1936,46,,,1
1200000401,'1',1503,,2356,2,,,1,30,,2357,2,,,1,194,,2355,46,,,1,22,,2354,46,,,1,59,,2358,46,,,1
1200000401,'3',1503,,2365,2,,,1,30,,2367,2,,,1,181,,2366,46,,,1,26,,2363,46,,,1,61,,2364,46,,,1
1200000401,'4',1503,,2372,2,,,1,30,,2374,2,,,1,186,,2373,46,,,1,24,,2375,46,,,1,58,,2376,46,,,1
