2300,'1',558,,5924,26,,,2,194,,5919,26,,,2,80,,5927,26,,,2,75,,5904,26,,,2,36,,5906,26,,,2,70,,5905,26,,,2,30,,5907,26,,,2,70,,5908,26,,,2,30,,5909,26,,,2
2300,'2',635,,5930,26,,,2,100,,5931,26,,,2,101,,5932,26,,,2,102,,5933,26,,,2,102,,5934,26,,,2,102,,5935,26,,,2,101,,5936,26,,,2
2300,'3',735,,5942,26,,,2,101,,5943,26,,,2,102,,5944,26,,,2,102,,5945,26,,,2,102,,5946,26,,,2,101,,5947,26,,,2
2300,'71',558,,4520,26,,,2,189,,4525,26,,,2,85,,4529,26,0,14 1 15,2,72,,4507,26,,,2,36,,4510,26,,,2,70,,4508,26,,,2,31,,4511,26,,,2,70,,4509,26,,,2,30,,4512,26,,,2
2300,'72',637,,4531,26,,,2,101,,4532,26,,,2,101,,4533,26,,,2,101,,4534,26,,,2,101,,4535,26,,,2,100,,4536,26,,,2,101,,4537,26,,,2
2300,'73',738,,4543,26,,,2,101,,4544,26,,,2,101,,4545,26,,,2,101,,4546,26,,,2,100,,4547,26,,,2,101,,4548,26,,,2
23100,'15',717,,6293,38,,,2
23100,'84',717,,4931,38,,,2
23500,'12',804,,6295,49,,,2
23500,'82',804,,4935,49,,,2
5002300,'1',624,,6378,26,,,2,25,,6379,26,,,2,69,,6380,26,,,2
5002300,'71',624,,5028,26,,,2,25,,5027,26,,,2,69,,5029,26,,,2
