2300,'1',549,,5924,2,,,2,194,,5919,2,,,2,79,,5927,2,,,2,36,,5904,2,,,2,76,,5906,2,,,2,70,,5905,2,,,2,30,,5907,2,,,2,70,,5908,2,,,2,30,,5909,2,,,2,77,,5912,2,,,2,30,,5910,2,,,2,70,,5913,2,,,2,30,,5911,2,,,2,71,,5914,2,,,2,33,,5915,2,,,2,72,,5917,2,,,2,118,,5918,2,,,2,77,,5916,2,,,2,24,,5925,2,,,2,73,,5920,2,,,2,30,,5926,2,,,2,73,,5921,2,,,2,102,,5922,2,,,2,95,,5923,2,,,2
2300,'2',627,,5930,2,,,2,100,,5931,2,,,2,101,,5932,2,,,2,102,,5933,2,,,2,102,,5934,2,,,2,102,,5935,2,,,2,101,,5936,2,,,2,108,,5937,2,,,2,100,,5938,2,,,2,100,,5939,2,,,2,101,,5940,2,,,2,88,,5941,2,,,2
2300,'3',727,,5942,2,,,2,101,,5943,2,,,2,102,,5944,2,,,2,102,,5945,2,,,2,102,,5946,2,,,2,101,,5947,2,,,2,108,,5948,2,,,2,100,,5949,2,,,2,100,,5950,2,,,2,101,,5951,2,,,2,88,,5952,2,,,2
2300,'71',549,,4520,2,,,2,189,,4525,2,,,2,84,,4529,2,0,14 1 15,2,33,,4507,2,,,2,76,,4510,2,,,2,70,,4508,2,,,2,31,,4511,2,,,2,70,,4509,2,,,2,30,,4512,2,,,2,78,,4515,2,,,2,30,,4513,2,,,2,70,,4516,2,,,2,30,,4514,2,,,2,72,,4517,2,,,2,33,,4518,2,,,2,70,,4528,2,,,2,116,,4530,2,,,2,75,,4519,2,,,2,28,,4526,2,,,2,73,,4521,2,,,2,30,,4527,2,,,2,75,,4522,2,,,2,100,,4523,2,,,2,97,,4524,2,,,2
2300,'72',629,,4531,2,,,2,101,,4532,2,,,2,101,,4533,2,,,2,101,,4534,2,,,2,101,,4535,2,,,2,100,,4536,2,,,2,101,,4537,2,,,2,108,,4538,2,,,2,100,,4539,2,,,2,100,,4540,2,,,2,100,,4541,2,,,2,102,,4542,2,,,2
2300,'73',730,,4543,2,,,2,101,,4544,2,,,2,101,,4545,2,,,2,101,,4546,2,,,2,100,,4547,2,,,2,101,,4548,2,,,2,108,,4549,2,,,2,100,,4550,2,,,2,100,,4551,2,,,2,100,,4552,2,,,2,102,,4553,2,,,2
2301,'1',1513,,5966,50,,,2,91,,5964,50,,,2,614,,5972,50,,,2
2301,'2',1227,,5985,50,,,2,600,,5991,50,,,2
2301,'3',1227,,5996,50,,,2,600,,6002,50,,,2
2301,'71',1208,,4558,50,,,2,305,,4576,50,,,2,42,,4567,50,,,2,663,,4574,50,,,2
2301,'72',1238,,4584,50,,,2,602,,4590,50,,,2
2301,'73',1238,,4595,50,,,2,602,,4601,50,,,2
23100,'15',705,,6293,14,,,2
23100,'84',705,,4931,14,,,2
23101,'85',1545,,4932,61,,,2
23500,'12',753,,6295,25,,,2
23500,'82',753,,4935,25,,,2
23501,'83',1710,,4936,47,,,2
5002300,'1',613,,6378,2,,,2,25,,6379,2,,,2,69,,6380,2,,,2
5002300,'71',613,,5028,2,,,2,25,,5027,2,,,2,69,,5029,2,,,2
5002301,'1',1741,,6381,60,,,2
5002301,'71',1741,,5030,60,,,2
