20000,'51',852,,3199,11,,,2,70,,3196,11,,,2,26,,3198,11,,,2,69,,3197,11,,,2
5002301,'51',1544,,3375,11,,,2,84,,3373,11,,,2,27,,3372,11,,,2,159,,3374,11,,,2
5002401,'51',1545,,3381,11,,,2,84,,3379,11,,,2,27,,3380,11,,,2
5003401,'51',1625,,3384,11,,,2
5003601,'51',1542,,3389,11,,,2,82,,3387,11,,,2,24,,3388,11,,,2
5003701,'51',1543,,3396,11,,,2,109,,3395,11,,,2,161,,3397,11,,,2
5003801,'51',1625,,3399,11,,,2,95,,3398,11,,,2
1200000201,'51',631,,3608,11,0,29,1,15,,3607,11,0,29,1,59,,3611,11,0,29,1,10,,3619,11,0,29,1,15,,3606,11,0,29,1,14,,3618,11,0,29,1,59,,3610,11,0,29,1,18,,3625,11,0,29,1,15,,3605,11,0,29,1,14,,3628,11,0,29,1,54,,3609,11,0,29,1,12,,3621,11,0,29,1,12,,3623,11,0,29,1,13,,3616,11,0,29,1,15,,3612,11,0,29,1,52,,3629,11,0,29,1,17,,3624,11,0,29,1,18,,3626,11,0,29,1,14,,3630,11,0,29,1,55,,3632,11,0,29,1,15,,3633,11,0,29,1,15,,3635,11,0,29,1,15,,3636,11,0,29,1,56,,3638,11,0,29,1,15,,3639,11,0,29,1,15,,3640,11,0,29,1,15,,3641,11,0,29,1,55,,3642,11,0,29,1,16,,3631,11,0,29,1,15,,3634,11,0,29,1,15,,3644,11,0,29,1,55,,3645,11,0,29,1,14,,3637,11,0,29,1,15,,3643,11,0,29,1,16,,3647,11,0,29,1,50,,3650,11,0,29,1,12,,3648,11,0,29,1,16,,3649,11,0,29,1,16,,3651,11,0,29,1,55,,3652,11,0,29,1,20,,3654,11,0,29,1,9,,3655,11,0,29,1,13,,3646,11,0,29,1,54,,3656,11,0,29,1,17,,3660,11,0,29,1,15,,3662,11,0,29,1,10,,3661,11,0,29,1,54,,3666,11,0,29,1,13,,3663,11,0,29,1,9,,3653,11,0,29,1,7,,3665,11,0,29,1,13,,3658,11,0,29,1,14,,3668,11,0,29,1,53,,3664,11,0,29,1,14,,3670,11,0,29,1,14,,3657,11,0,29,1,20,,3671,11,0,29,1,70,,3672,11,0,29,1,32,,3669,11,0,29,1,75,,3674,11,0,29,1,69,,3676,11,0,29,1,31,,3673,11,0,29,1,68,,3667,11,0,29,1,31,,3675,11,0,29,1,86,,3677,11,0,29,1
1200000201,'52',653,,3679,11,0,29,1,71,,3678,11,0,29,1,30,,3680,11,0,29,1,71,,3686,11,0,29,1,30,,3691,11,0,29,1,72,,3684,11,0,29,1,32,,3683,11,0,29,1,69,,3689,11,0,29,1,30,,3690,11,0,29,1,71,,3692,11,0,29,1,29,,3681,11,0,29,1,71,,3687,11,0,29,1,30,,3685,11,0,29,1,69,,3693,11,0,29,1,72,,3694,11,0,29,1,29,,3696,11,0,29,1,73,,3695,11,0,29,1,29,,3698,11,0,29,1,69,,3699,11,0,29,1,33,,3700,11,0,29,1,71,,3701,11,0,29,1,27,,3702,11,0,29,1,69,,3697,11,0,29,1,30,,3704,11,0,29,1,27,,3703,11,0,29,1,79,,3707,11,0,29,1,69,,3709,11,0,29,1,31,,3705,11,0,29,1,67,,3711,11,0,29,1,28,,3712,11,0,29,1,70,,3708,11,0,29,1,30,,3710,11,0,29,1,69,,3706,11,0,29,1,29,,3713,11,0,29,1,90,,3714,11,0,29,1
1200000201,'53',754,,3715,11,0,29,1,71,,3718,11,0,29,1,30,,3722,11,0,29,1,72,,3725,11,0,29,1,32,,3717,11,0,29,1,69,,3721,11,0,29,1,30,,3724,11,0,29,1,71,,3727,11,0,29,1,29,,3728,11,0,29,1,71,,3719,11,0,29,1,30,,3729,11,0,29,1,69,,3731,11,0,29,1,72,,3730,11,0,29,1,29,,3733,11,0,29,1,73,,3732,11,0,29,1,29,,3735,11,0,29,1,69,,3736,11,0,29,1,33,,3737,11,0,29,1,71,,3738,11,0,29,1,27,,3740,11,0,29,1,69,,3734,11,0,29,1,30,,3743,11,0,29,1,27,,3741,11,0,29,1,79,,3745,11,0,29,1,69,,3739,11,0,29,1,31,,3744,11,0,29,1,67,,3742,11,0,29,1
1200000201,'54',652,,3748,11,0,29,1,55,,3746,11,0,12 13,1,15,,3757,11,0,29,1,15,,3749,11,0,12 13,1,15,,3761,11,0,29,1,55,,3755,11,0,12 13,1,15,,3766,11,0,29,1,16,,3752,11,0,12 13,1,15,,3747,11,0,29,1,55,,3764,11,0,12 13,1,15,,3750,11,0,29,1,16,,3758,11,0,12 13,1,15,,3756,11,0,29,1,56,,3762,11,0,12 13,1,15,,3753,11,0,29,1,14,,3767,11,0,12 13,1,15,,3765,11,0,29,1,55,,3759,11,0,12 13,1,15,,3772,11,0,29,1,15,,3770,11,0,12 13,1,15,,3763,11,0,29,1,55,,3773,11,0,12 13,1,15,,3777,11,0,29,1,16,,3775,11,0,12 13,1,14,,3760,11,0,29,1,55,,3768,11,0,12 13,1,16,,3771,11,0,29,1,15,,3779,11,0,12 13,1,15,,3774,11,0,29,1,55,,3781,11,0,12 13,1,16,,3776,11,0,29,1,15,,3783,11,0,12 13,1,15,,3769,11,0,29,1,55,,3785,11,0,12 13,1,14,,3780,11,0,29,1,15,,3788,11,0,12 13,1,15,,3782,11,0,29,1,56,,3778,11,0,12 13,1,16,,3784,11,0,29,1,16,,3792,11,0,12 13,1,15,,3786,11,0,29,1,55,,3790,11,0,12 13,1,15,,3789,11,0,29,1,14,,3795,11,0,12 13,1,15,,3797,11,0,29,1,55,,3794,11,0,12 13,1,14,,3799,11,0,29,1,15,,3793,11,0,12 13,1,66,,3791,11,0,29,1,29,,3801,11,0,29,1,69,,3787,11,0,29,1,31,,3800,11,0,29,1,67,,3802,11,0,29,1,28,,3803,11,0,29,1,70,,3798,11,0,29,1,30,,3806,11,0,29,1,69,,3796,11,0,29,1,29,,3804,11,0,29,1,90,,3805,11,0,29,1
1200000201,'69',1544,,3810,11,0,29,1,14,,3811,11,0,29,1
1200000301,'51',659,,3949,11,0,30,1,59,,3953,11,0,30,1,36,,3961,11,0,30,1,67,,3958,11,0,30,1,27,,3964,11,0,30,1,66,,3950,11,0,30,1,30,,3960,11,0,30,1,67,,3962,11,0,30,1,36,,3965,11,0,30,1,60,,3966,11,0,30,1,20,,3968,11,0,30,1,20,,3970,11,0,30,1,61,,3971,11,0,30,1,20,,3973,11,0,30,1,22,,3975,11,0,30,1,60,,3967,11,0,30,1,20,,3969,11,0,30,1,20,,3976,11,0,30,1,58,,3972,11,0,30,1,20,,3974,11,0,30,1,19,,3978,11,0,30,1,61,,3979,11,0,30,1,15,,3980,11,0,30,1,13,,3981,11,0,30,1,18,,3977,11,0,30,1,57,,3990,11,0,30,1,19,,3985,11,0,30,1,12,,3989,11,0,30,1,15,,3983,11,0,30,1,57,,3982,11,0,30,1,17,,3993,11,0,30,1,18,,3992,11,0,30,1,52,,3987,11,0,30,1,8,,3991,11,0,30,1,8,,3986,11,0,30,1,15,,3984,11,0,30,1,18,,3988,11,0,30,1,59,,3995,11,0,30,1,27,,3994,11,0,30,1,71,,4000,11,0,30,1,30,,4001,11,0,30,1,70,,4004,11,0,30,1,33,,3996,11,0,30,1
1200000301,'52',736,,4007,11,0,30,1,70,,4006,11,0,30,1,31,,4010,11,0,30,1,70,,4011,11,0,30,1,31,,4012,11,0,30,1,71,,4005,11,0,30,1,30,,4009,11,0,30,1,70,,4008,11,0,30,1,30,,4013,11,0,30,1,70,,4014,11,0,30,1,31,,4016,11,0,30,1,69,,4015,11,0,30,1,31,,4018,11,0,30,1,70,,4019,11,0,30,1,31,,4020,11,0,30,1,70,,4021,11,0,30,1,29,,4022,11,0,30,1,71,,4017,11,0,30,1,32,,4024,11,0,30,1,70,,4023,11,0,30,1,29,,4026,11,0,30,1,69,,4025,11,0,30,1,29,,4027,11,0,30,1,64,,4031,11,0,30,1
1200000301,'53',806,,4035,11,0,30,1,31,,4037,11,0,30,1,70,,4038,11,0,30,1,31,,4039,11,0,30,1,71,,4040,11,0,30,1,30,,4036,11,0,30,1,70,,4041,11,0,30,1,30,,4043,11,0,30,1,70,,4042,11,0,30,1,31,,4045,11,0,30,1,69,,4044,11,0,30,1,31,,4047,11,0,30,1,70,,4048,11,0,30,1,31,,4049,11,0,30,1,70,,4050,11,0,30,1,29,,4051,11,0,30,1,71,,4046,11,0,30,1,32,,4053,11,0,30,1,70,,4052,11,0,30,1,29,,4055,11,0,30,1,69,,4054,11,0,30,1,29,,4056,11,0,30,1,64,,4059,11,0,30,1
1200000301,'54',659,,4062,11,0,30,1,70,,4060,11,0,30,1,30,,4064,11,0,30,1,70,,4068,11,0,30,1,30,,4063,11,0,30,1,70,,4061,11,0,30,1,71,,4065,11,0,30,1,32,,4069,11,0,30,1,70,,4067,11,0,30,1,30,,4071,11,0,30,1,70,,4066,11,0,30,1,30,,4070,11,0,30,1,70,,4073,11,0,30,1,30,,4072,11,0,30,1,71,,4074,11,0,30,1,30,,4077,11,0,30,1,70,,4080,11,0,30,1,30,,4082,11,0,30,1,71,,4075,11,0,30,1,31,,4078,11,0,30,1,70,,4081,11,0,30,1,29,,4083,11,0,30,1,71,,4076,11,0,30,1,27,,4079,11,0,30,1,27,,4084,11,0,30,1
1200000401,'51',1631,,4099,11,0,31,1,69,,4098,11,0,31,1,26,,4102,11,0,31,1
