3600,'1',615,,750,11,,,2,136,,751,11,,,2,94,,752,11,,,2,162,,753,11,,,2,101,,754,11,,,2,100,,755,11,,,2,102,,756,11,,,2,100,,757,11,,,2,100,,758,11,,,2,305,,759,11,,,2,90,,760,11,,,2,53,,761,11,,,2,97,,762,11,,,2,104,,763,11,,,2,93,,764,11,,,2
3600,'3',615,,765,11,,,2,136,,766,11,,,2,256,,767,11,,,2,101,,768,11,,,2,100,,770,11,,,2,102,,769,11,,,2,100,,771,11,,,2,100,,772,11,,,2,305,,773,11,,,2,90,,774,11,,,2,53,,775,11,,,2,97,,776,11,,,2,104,,777,11,,,2,93,,778,11,,,2
3600,'4',615,,779,11,,,2,136,,783,11,,,2,256,,782,11,,,2,101,,780,11,,,2,100,,781,11,,,2,102,,784,11,,,2,100,,785,11,,,2,100,,786,11,,,2,305,,787,11,,,2,90,,790,11,,,2,53,,791,11,,,2,97,,792,11,,,2,104,,788,11,,,2,93,,789,11,,,2
3600,'6',728,,793,11,,,2,100,,794,11,,,2,101,,795,11,,,2,100,,796,11,,,2,105,,797,11,,,2,100,,798,11,,,2,100,,799,11,,,2,102,,800,11,,,2,101,,801,11,,,2,99,,802,11,,,2,97,,807,11,,,2,97,,808,11,,,2,91,,809,11,,,2,109,,803,11,,,2,99,,804,11,,,2,97,,805,11,,,2,93,,806,11,,,2
3600,'8',828,,810,11,,,2,101,,811,11,,,2,100,,812,11,,,2,105,,813,11,,,2,100,,814,11,,,2,100,,815,11,,,2,102,,816,11,,,2,101,,817,11,,,2,99,,818,11,,,2,97,,819,11,,,2,97,,820,11,,,2,91,,821,11,,,2
5003600,'1',648,,1343,11,,,2,68,,1342,11,,,2
5003600,'3',648,,1345,11,,,2,68,,1344,11,,,2
5003600,'4',648,,1347,11,,,2,68,,1346,11,,,2
5003601,'1',1611,,1350,25,,,2,45,,1348,25,,,2,62,,1349,25,,,2
5003601,'3',1644,,1351,25,,,2,67,,1352,25,,,2
5003601,'4',1649,,1353,25,,,2,62,,1354,25,,,2
