1100,'1',610,,5748,37,,,1,33,,5754,37,,,1,68,,5749,37,,,1,34,,5755,37,,,1,70,,5750,37,,,1,18,,5751,37,,,1,70,,5756,37,,,1,34,,5752,37,,,1,70,,5757,37,,,1,35,,5758,37,,,1,70,,5761,37,,,1,33,,5759,37,,,1,70,,5762,37,,,1,37,,5760,37,,,1,70,,5763,37,,,1,88,,5764,37,,,1,30,,5766,37,,,1,75,,5765,37,,,1,30,,5767,37,,,1,85,,5770,37,,,1,23,,5768,37,,,1,62,,5772,37,,,1,26,,5771,37,,,1,76,,5773,37,,,1,28,,5769,37,,,1,70,,5774,37,,,1,100,,5775,37,,,1,100,,5776,37,,,1,100,,5777,37,,,1,100,,5778,37,,,1
1100,'2',711,,5779,37,,,1,102,,5780,37,,,1,100,,5781,37,,,1,102,,5782,37,,,1,100,,5783,37,,,1,100,,5784,37,,,1,101,,5785,37,,,1,99,,5786,37,,,1,100,,5787,37,,,1,100,,5788,37,,,1,100,,5789,37,,,1,100,,5790,37,,,1,99,,5792,37,,,1,100,,5793,37,,,1,100,,5791,37,,,1,100,,5795,37,,,1,100,,5794,37,,,1
1100,'3',913,,5796,37,,,1,102,,5797,37,,,1,100,,5798,37,,,1,100,,5799,37,,,1,101,,5800,37,,,1,99,,5801,37,,,1,100,,5802,37,,,1,100,,5803,37,,,1,100,,5804,37,,,1,100,,5805,37,,,1
1100,'71',610,,4339,37,,,1,33,,4343,37,,,1,68,,4340,37,,,1,34,,4344,37,,,1,70,,4341,37,,,1,18,,4345,37,,,1,70,,4350,37,,,1,34,,4346,37,,,1,70,,4351,37,,,1,35,,4347,37,,,1,70,,4352,37,,,1,33,,4348,37,,,1,70,,4353,37,,,1,37,,4349,37,,,1,70,,4354,37,,,1,88,,4358,37,,,1,30,,4355,37,,,1,75,,4359,37,,,1,30,,4356,37,,,1,83,,4360,38,,,1,25,,4357,37,,,1,62,,4363,37,,,1,26,,4361,37,,,1,76,,4364,37,,,1,28,,4362,37,,,1,70,,4365,37,,,1,100,,4366,37,,,1,100,,4367,37,,,1,100,,4368,37,,,1,100,,4369,37,,,1
1100,'72',711,,4370,37,,,1,102,,4371,37,,,1,100,,4372,37,,,1,102,,4373,37,,,1,100,,4374,37,,,1,100,,4375,37,,,1,101,,4376,37,,,1,99,,4377,37,,,1,100,,4378,37,,,1,100,,4379,37,,,1,100,,4380,37,,,1,100,,4381,37,,,1,99,,4384,37,,,1,100,,4382,37,,,1,100,,4383,37,,,1,100,,4386,37,,,1,100,,4385,37,,,1
1100,'73',913,,4387,37,,,1,102,,4388,37,,,1,100,,4389,37,,,1,100,,4390,37,,,1,101,,4391,37,,,1,99,,4392,37,,,1,100,,4393,37,,,1,100,,4394,37,,,1,100,,4395,37,,,1,100,,4396,37,,,1
11101,'85',1555,,4851,69,,,2
11901,'88',1645,,4855,36,,,2
1200000401,'1',1506,,7634,16,,,1,30,,7636,16,,,1,205,,7635,58,,,1,60,,7633,58,,,1
1200000401,'71',1506,,5573,16,,,1,30,,5574,16,,,1,198,,5572,58,,,1,24,,5571,58,,,1,62,,5575,58,,,1
