1100,'1',613,,5753,12,,,1,25,,5748,84,,,1,75,,5754,84,,,1,30,,5749,84,,,1,74,,5755,84,,,1,30,,5750,84,,,1,58,,5751,84,,,1,29,,5756,84,,,1,74,,5752,84,,,1,30,,5757,84,,,1,75,,5758,84,,,1,30,,5761,84,,,1,74,,5759,84,,,1,30,,5762,84,,,1,77,,5760,84,,,1,30,,5763,84,,,1,88,,5764,84,,,1,71,,5766,84,,,1,36,,5765,84,,,1,72,,5767,84,,,1,81,,5770,84,,,1,22,,5768,84,,,1,21,,5772,84,,,1,66,,5771,84,,,1,34,,5773,84,,,1,68,,5769,84,,,1,30,,5774,84,,,1,100,,5775,84,,,1,100,,5776,84,,,1,99,,5777,84,,,1,100,,5778,84,,,1
1100,'2',743,,5779,84,,,1,102,,5780,84,,,1,99,,5781,84,,,1,102,,5782,84,,,1,100,,5783,84,,,1,100,,5784,84,,,1,102,,5785,84,,,1,99,,5786,84,,,1,100,,5787,84,,,1,99,,5788,84,,,1,99,,5789,84,,,1,99,,5790,84,,,1,98,,5792,84,,,1,100,,5793,84,,,1,100,,5791,84,,,1,100,,5795,84,,,1,100,,5794,84,,,1
1100,'3',944,,5796,84,,,1,102,,5797,84,,,1,100,,5798,84,,,1,100,,5799,84,,,1,102,,5800,84,,,1,99,,5801,84,,,1,100,,5802,84,,,1,99,,5803,84,,,1,99,,5804,84,,,1,99,,5805,84,,,1
1100,'71',613,,4342,12,,,1,25,,4339,84,,,1,75,,4343,84,,,1,30,,4340,84,,,1,74,,4344,84,,,1,30,,4341,84,,,1,58,,4345,84,,,1,29,,4350,84,,,1,74,,4346,84,,,1,30,,4351,84,,,1,75,,4347,84,,,1,30,,4352,84,,,1,74,,4348,84,,,1,30,,4353,84,,,1,77,,4349,84,,,1,30,,4354,84,,,1,88,,4358,84,,,1,71,,4355,84,,,1,36,,4359,84,,,1,72,,4356,84,,,1,81,,4360,85,,,1,22,,4357,84,,,1,21,,4363,84,,,1,66,,4361,84,,,1,34,,4364,84,,,1,68,,4362,84,,,1,30,,4365,84,,,1,100,,4366,84,,,1,100,,4367,84,,,1,99,,4368,84,,,1,100,,4369,84,,,1
1100,'72',743,,4370,84,,,1,102,,4371,84,,,1,99,,4372,84,,,1,102,,4373,84,,,1,100,,4374,84,,,1,100,,4375,84,,,1,102,,4376,84,,,1,99,,4377,84,,,1,100,,4378,84,,,1,99,,4379,84,,,1,99,,4380,84,,,1,99,,4381,84,,,1,98,,4384,84,,,1,100,,4382,84,,,1,100,,4383,84,,,1,100,,4386,84,,,1,100,,4385,84,,,1
1100,'73',944,,4387,84,,,1,102,,4388,84,,,1,100,,4389,84,,,1,100,,4390,84,,,1,102,,4391,84,,,1,99,,4392,84,,,1,100,,4393,84,,,1,99,,4394,84,,,1,99,,4395,84,,,1,99,,4396,84,,,1
13801,'83',1613,,4871,9,,,2
34501,'83',1612,,4950,9,,,2
35501,'83',1617,,4956,9,,,2
5004200,'11',645,,6399,2,,,2
5004200,'81',648,,5054,2,,,2
905231701,'27',2239,,6491,24,4,,2,69,,6494,24,4,,2,30,,6489,24,4,,2,70,,6492,24,4,,2,30,,6490,24,4,,2,70,,6493,24,4,,2,30,,6495,24,4,,2
905231701,'28',2239,,6498,24,4,,2,69,,6501,24,4,,2,30,,6496,24,4,,2,70,,6499,24,4,,2,30,,6497,24,4,,2,70,,6500,24,4,,2,30,,6502,24,4,,2
905231701,'29',2239,,6505,24,4,,2,69,,6508,24,4,,2,30,,6503,24,4,,2,70,,6506,24,4,,2,30,,6504,24,4,,2,70,,6507,24,4,,2,30,,6509,24,4,,2
1200000101,'1',1531,,7148,28,,,1,71,,7149,28,,,1,30,,7150,28,,,1,73,,7151,28,,,1
1200000101,'71',1531,,5070,28,,,1,71,,5071,28,,,1,30,,5069,28,,,1,75,,5072,28,,,1
1200000200,'1',536,,7154,2,,,1,15,,7153,24,,,1,55,,7158,24,,,1,15,,7159,24,,,1,16,,7160,24,,,1,15,,7162,24,,,1,55,,7163,24,,,1,17,,7152,24,,,1,15,,7165,24,,,1,16,,7157,24,,,1,54,,7155,24,,,1,14,,7161,24,,,1,15,,7166,24,,,1,19,,7164,24,,,1,59,,7167,24,,,1,29,,7169,24,,,1,69,,7171,24,,,1,30,,7156,24,,,1,70,,7172,24,,,1,30,,7168,24,,,1,70,,7170,24,,,1,31,,7174,24,,,1,70,,7175,24,,,1,29,,7173,24,,,1,70,,7177,24,,,1,18,,7179,24,,,1,70,,7180,24,,,1,15,,7181,24,,,1,12,,7178,24,,,1,14,,7182,24,,,1,15,,7183,24,,,1,55,,7185,24,,,1,15,,7176,24,,,1,14,,7188,24,,,1,15,,7189,24,,,1,57,,7192,24,,,1,15,,7193,24,,,1,15,,7187,24,,,1,70,,7186,24,,,1,30,,7184,24,,,1,70,,7190,24,,,1,30,,7196,24,,,1,70,,7197,24,,,1,30,,7199,24,,,1,69,,7200,24,,,1,32,,7194,24,,,1,70,,7191,24,,,1,32,,7198,24,,,1,66,,7201,24,,,1,30,,7195,24,0,14,1
1200000200,'2',714,,7205,24,,,1,30,,7204,24,,,1,70,,7208,24,,,1,30,,7202,24,,,1,70,,7207,24,,,1,30,,7206,24,,,1,70,,7210,24,,,1,30,,7209,24,,,1,70,,7203,24,,,1,30,,7212,24,,,1,70,,7214,24,,,1,30,,7211,24,,,1,70,,7216,24,,,1,30,,7217,24,,,1,70,,7213,24,,,1,30,,7215,24,,,1,70,,7219,24,,,1,30,,7221,24,,,1,70,,7218,24,,,1,30,,7223,24,,,1,70,,7224,24,,,1,31,,7220,24,,,1,69,,7222,24,,,1,29,,7228,24,,,1,70,,7227,24,,,1,31,,7225,24,,,1,69,,7229,24,,,1,29,,7231,24,,,1,70,,7230,24,,,1,30,,7233,24,,,1,70,,7226,24,,,1,30,,7232,24,,,1,70,,7234,24,,,1
1200000200,'3',714,,7235,24,,,1,30,,7236,24,,,1,70,,7237,24,,,1,30,,7238,24,,,1,70,,7239,24,,,1,30,,7243,24,,,1,70,,7241,24,,,1,30,,7245,24,,,1,70,,7242,24,,,1,30,,7240,24,,,1,70,,7244,24,,,1,30,,7247,24,,,1,70,,7246,24,,,1,30,,7248,24,,,1,70,,7250,24,,,1,30,,7252,24,,,1,70,,7255,24,,,1,30,,7257,24,,,1,70,,7249,24,,,1,30,,7251,24,,,1,70,,7253,24,,,1,31,,7256,24,,,1,69,,7258,24,,,1,29,,7260,24,,,1,70,,7259,24,,,1,31,,7254,24,,,1,69,,7261,24,,,1
1200000200,'71',536,,5075,2,,,1,15,,5074,24,,,1,55,,5078,24,,,1,8,,5082,2,,,1,7,,5080,24,,,1,16,,5081,24,,,1,15,,5077,24,,,1,55,,5085,24,,,1,17,,5073,24,,,1,15,,5087,24,,,1,16,,5076,24,,,1,54,,5089,24,,,1,14,,5083,24,,,1,15,,5090,24,,,1,19,,5079,24,,,1,54,,5091,24,,,1,17,,5084,24,,,1,17,,5086,24,,,1,14,,5092,24,,,1,55,,5088,24,,,1,15,,5094,24,,,1,15,,5095,24,,,1,15,,5096,24,,,1,55,,5098,24,,,1,15,,5099,24,,,1,15,,5101,24,,,1,15,,5102,24,,,1,55,,5103,24,,,1,16,,5093,24,,,1,15,,5105,24,,,1,55,,5106,24,,,1,15,,5107,24,,,1,14,,5097,24,,,1,15,,5104,24,,,1,15,,5100,24,,,1,61,,5108,24,,,1,12,,5109,24,,,1,15,,5110,24,,,1,55,,5111,24,,,1,15,,5112,24,,,1,12,,5113,24,,,1,14,,5115,24,,,1,15,,5117,24,,,1,54,,5119,24,,,1,8,,5121,11,,,1,8,,5120,24,,,1,14,,5122,24,,,1,15,,5125,24,,,1,57,,5126,24,,,1,15,,5123,24,,,1,15,,5124,24,,,1,15,,5116,24,,,1,55,,5114,24,,,1,15,,5128,24,,,1,15,,5118,24,,,1,70,,5129,24,,,1,30,,5127,24,,,1,70,,5133,24,,,1,30,,5135,24,,,1,69,,5136,24,,,1,32,,5130,24,,,1,70,,5132,24,,,1,32,,5134,24,,,1,66,,5137,24,,,1,30,,5131,24,0,14,1
1200000200,'72',714,,5139,24,,,1,30,,5142,24,,,1,70,,5143,24,,,1,30,,5144,24,,,1,70,,5138,24,,,1,30,,5141,24,,,1,70,,5140,24,,,1,30,,5145,24,,,1,70,,5146,24,,,1,31,,5148,24,,,1,69,,5147,24,,,1,30,,5150,24,,,1,70,,5151,24,,,1,30,,5152,24,,,1,70,,5153,24,,,1,30,,5154,24,,,1,70,,5149,24,,,1,30,,5156,24,,,1,70,,5155,24,,,1,30,,5159,24,,,1,70,,5158,24,,,1,31,,5161,24,,,1,69,,5162,24,,,1,29,,5163,24,,,1,70,,5165,24,,,1,31,,5157,24,,,1,69,,5167,24,,,1,29,,5168,24,,,1,70,,5164,24,,,1,30,,5166,24,,,1,70,,5160,24,,,1,30,,5169,24,,,1,70,,5170,24,,,1
1200000200,'73',714,,5171,24,,,1,30,,5173,24,,,1,70,,5174,24,,,1,30,,5175,24,,,1,70,,5176,24,,,1,30,,5172,24,,,1,70,,5177,24,,,1,30,,5179,24,,,1,70,,5178,24,,,1,31,,5181,24,,,1,69,,5180,24,,,1,30,,5183,24,,,1,70,,5184,24,,,1,30,,5185,24,,,1,70,,5186,24,,,1,30,,5188,24,,,1,70,,5182,24,,,1,30,,5191,24,,,1,70,,5189,24,,,1,30,,5193,24,,,1,70,,5192,24,,,1,31,,5195,24,,,1,69,,5196,24,,,1,29,,5197,24,,,1,70,,5187,24,,,1,31,,5194,24,,,1,69,,5190,24,,,1
1200000200,'89',628,,5198,2,,,1,21,,5200,2,,,1
1200000400,'1',644,,7629,26,,,1,15,,7630,26,,,1
1200000400,'71',644,,5565,26,,,1,15,,5566,26,,,1,56,,5567,26,,,1,16,,5564,26,,,1
