3101,'1',628,,6013,9,0,8 1 32,2,72,,6011,9,0,8 1 32,2,104,,6015,9,0,8 1 32,2,105,,6016,9,0,8 1 32,2,99,,6017,9,0,8 1 32,2,100,,6018,9,0,8 1 32,2,106,,6019,9,0,8 1 32,2,102,,6020,9,0,8 1 32,2,101,,6021,9,0,8 1 32,2,100,,6022,9,0,8 1 32,2,97,,6023,9,0,8 1 32,2,31,,6026,9,0,8 1 32,2,71,,6027,9,0,8 1 32,2,31,,6024,9,0,8 1 32,2,73,,6028,9,0,8 1 32,2,24,,6025,9,0,8 1 32,2,76,,6029,9,0,8 1 32,2,290,,6030,9,0,8,2
3701,'1',538,,6122,2,0,9,2,81,,6123,9,0,9,2,103,,6124,9,,,2,105,,6125,9,0,9,2,104,,6126,9,0,9,2,97,,6127,9,0,9,2,102,,6128,9,0,9,2,115,,6129,9,0,9,2,102,,6130,9,0,9,2,102,,6131,9,0,9,2,154,,6132,9,0,9,2,142,,6133,9,0,9,2,72,,6134,9,0,9,2,101,,6135,9,0,9,2,96,,6136,9,0,9,2,96,,6137,9,0,9,2,100,,6138,9,0,9,2,100,,6139,9,0,9,2,28,,6140,9,0,9,2
3701,'2',653,,6141,9,0,9,2,100,,6142,9,0,9,2,102,,6143,9,0,9,2,102,,6144,9,0,9,2,102,,6145,9,0,9,2,156,,6146,9,0,9,2,103,,6147,9,0,9,2,100,,6148,9,0,9,2,101,,6149,9,0,9,2,100,,6150,9,0,9,2,101,,6151,9,0,9,2,95,,6152,9,0,9,2,97,,6153,9,0,9,2,96,,6154,9,0,9,2,100,,6155,9,0,9,2,101,,6156,9,0,9,2,98,,6157,9,0,9,2,28,,6158,9,0,9,2
3701,'3',753,,6159,9,0,9,2,102,,6160,9,0,9,2,102,,6161,9,0,9,2,102,,6162,9,0,9,2,156,,6163,9,0,9,2,103,,6164,9,0,9,2,100,,6165,9,0,9,2,101,,6166,9,0,9,2,100,,6167,9,0,9,2,101,,6168,9,0,9,2,95,,6169,9,0,9,2,97,,6170,9,0,9,2
3701,'71',537,,4746,2,0,9,2,185,,4749,9,,,2,105,,4748,9,0,9,2,102,,4747,9,0,9,2,98,,4750,9,0,9,2,102,,4751,9,0,9,2,113,,4752,9,0,9,2,102,,4753,9,0,9,2,102,,4754,9,0,9,2,155,,4755,9,0,9,2,113,,4756,9,0,9,2,100,,4757,9,0,9,2,101,,4758,9,0,9,2,97,,4759,9,0,9,2,97,,4760,9,0,9,2,101,,4761,9,0,9,2,102,,4762,9,0,9,2,28,,4763,9,0,9,2
3701,'72',657,,4764,9,0,9,2,100,,4765,9,0,9,2,102,,4766,9,0,9,2,100,,4767,9,0,9,2,100,,4768,9,0,9,2,152,,4769,9,0,9,2,100,,4770,9,0,9,2,100,,4771,9,0,9,2,102,,4772,9,0,9,2,100,,4773,9,0,9,2,98,,4774,9,0,9,2,100,,4775,9,0,9,2,100,,4776,9,0,9,2,97,,4779,9,0,9,2,100,,4780,9,0,9,2,101,,4781,9,0,9,2,98,,4777,9,0,9,2,28,,4778,9,0,9,2
3701,'73',757,,4782,9,0,9,2,102,,4783,9,0,9,2,100,,4784,9,0,9,2,100,,4785,9,0,9,2,152,,4786,9,0,9,2,100,,4787,9,0,9,2,100,,4788,9,0,9,2,102,,4789,9,0,9,2,100,,4790,9,0,9,2,98,,4791,9,0,9,2,100,,4792,9,0,9,2,109,,4793,9,0,9,2
3901,'1',1629,,6219,9,0,9,2,87,,6217,9,0,9,2,87,,6218,9,0,9,2
31101,'85',1522,,4946,16,,,2
38001,'1',618,,6314,10,,,2,31,,6315,10,,,2
38001,'71',626,,4963,15,,,2,22,,4964,15,,,2
38101,'85',1522,,4966,16,,,2
38501,'83',1643,,4968,10,,,2
5003700,'1',629,,6395,9,,,2,76,,6394,9,,,2
5003700,'71',608,,5046,9,,,2,23,,5047,9,,,2,74,,5048,9,,,2
5003701,'1',1727,,6396,29,,,2
5003701,'71',1623,,5050,29,,,2,106,,5049,29,,,2
5003701,'81',1842,,5051,29,,,2
2000003101,'2',736,,7720,9,0,8 1 32,2,101,,7721,9,0,8 1 32,2,101,,7722,9,0,8 1 32,2,101,,7723,9,0,8 1 32,2,101,,7724,9,0,8 1 32,2,101,,7725,9,0,8 1 32,2,215,,7726,9,0,8 1 32,2,101,,7727,9,0,8 1 32,2,101,,7728,9,0,8 1 32,2,96,,7729,9,0,8 1 32,2,90,,7730,9,0,8,2
2000003101,'3',837,,7732,9,0,8 1 32,2,101,,7733,9,0,8 1 32,2,101,,7734,9,0,8 1 32,2,101,,7735,9,0,8 1 32,2,101,,7736,9,0,8 1 32,2,215,,7737,9,0,8 1 32,2,101,,7738,9,0,8 1 32,2,101,,7739,9,0,8 1 32,2,96,,7740,9,0,8 1 32,2,90,,7741,9,0,8,2
