1100,'1',610,,5753,9,,,1,25,,5748,81,,,1,75,,5754,81,,,1,30,,5749,81,,,1,74,,5755,81,,,1,30,,5750,81,,,1,58,,5751,81,,,1,29,,5756,81,,,1,74,,5752,81,,,1,30,,5757,81,,,1,75,,5758,81,,,1,30,,5761,81,,,1,73,,5759,81,,,1,30,,5762,81,,,1,77,,5760,81,,,1,30,,5763,81,,,1,88,,5764,81,,,1,71,,5766,81,,,1,36,,5765,81,,,1,72,,5767,81,,,1,41,,5770,81,,,1,62,,5768,81,,,1,22,,5772,81,,,1,66,,5771,81,,,1,34,,5773,81,,,1,68,,5769,81,,,1,30,,5774,81,,,1,100,,5775,81,,,1,100,,5776,81,,,1,100,,5777,81,,,1,100,,5778,81,,,1
1100,'2',740,,5779,81,,,1,102,,5780,81,,,1,99,,5781,81,,,1,102,,5782,81,,,1,100,,5783,81,,,1,100,,5784,81,,,1,101,,5785,81,,,1,99,,5786,81,,,1,100,,5787,81,,,1,100,,5788,81,,,1,99,,5789,81,,,1,99,,5790,81,,,1,98,,5792,81,,,1,100,,5793,81,,,1,100,,5791,81,,,1,100,,5795,81,,,1,100,,5794,81,,,1
1100,'3',941,,5796,81,,,1,102,,5797,81,,,1,100,,5798,81,,,1,100,,5799,81,,,1,101,,5800,81,,,1,99,,5801,81,,,1,100,,5802,81,,,1,100,,5803,81,,,1,99,,5804,81,,,1,99,,5805,81,,,1
1100,'71',610,,4342,9,,,1,25,,4339,81,,,1,75,,4343,81,,,1,30,,4340,81,,,1,74,,4344,81,,,1,30,,4341,81,,,1,58,,4345,81,,,1,29,,4350,81,,,1,74,,4346,81,,,1,30,,4351,81,,,1,75,,4347,81,,,1,30,,4352,81,,,1,73,,4348,81,,,1,30,,4353,81,,,1,77,,4349,81,,,1,30,,4354,81,,,1,88,,4358,81,,,1,71,,4355,81,,,1,36,,4359,81,,,1,72,,4356,81,,,1,41,,4360,82,,,1,62,,4357,81,,,1,22,,4363,81,,,1,66,,4361,81,,,1,34,,4364,81,,,1,68,,4362,81,,,1,30,,4365,81,,,1,100,,4366,81,,,1,100,,4367,81,,,1,100,,4368,81,,,1,100,,4369,81,,,1
1100,'72',740,,4370,81,,,1,102,,4371,81,,,1,99,,4372,81,,,1,102,,4373,81,,,1,100,,4374,81,,,1,100,,4375,81,,,1,101,,4376,81,,,1,99,,4377,81,,,1,100,,4378,81,,,1,100,,4379,81,,,1,99,,4380,81,,,1,99,,4381,81,,,1,98,,4384,81,,,1,100,,4382,81,,,1,100,,4383,81,,,1,100,,4386,81,,,1,100,,4385,81,,,1
1100,'73',941,,4387,81,,,1,102,,4388,81,,,1,100,,4389,81,,,1,100,,4390,81,,,1,101,,4391,81,,,1,99,,4392,81,,,1,100,,4393,81,,,1,100,,4394,81,,,1,99,,4395,81,,,1,99,,4396,81,,,1
1500,'1',609,,5823,36,,,2,29,,5825,36,,,2,69,,5827,36,,,2,30,,5826,39,,,2,71,,5829,39,,,2,41,,5828,39,0,10 11,2,109,,5824,36,0,12 13,2,100,,5830,36,0,12 13,2,100,,5831,36,0,12 13,2,143,,5832,35,0,12 13,2
1500,'16',848,,5833,24,0,10 11,2
1500,'71',609,,4416,37,,,2,29,,4417,37,,,2,69,,4421,37,,,2,32,,4420,36,,,2,69,,4418,36,,,2,41,,4422,37,0,10 11,2,151,,4419,36,0,12 13,2,115,,4423,36,0,12 13,2,116,,4424,36,0,12 13,2,70,,4425,36,0,12 13,2,117,,4427,36,0,12 13,2,116,,4428,36,,,2,20,,4429,5,,,2,77,,4426,36,,,2,77,,4431,37,,,2,27,,4430,36,,,2,100,,4432,36,0,12 13,2,111,,4433,36,0,12 13,2,103,,4434,36,0,12 13,2
1500,'87',848,,4435,26,0,10 11,2
1600,'1',1357,,5848,20,0,12 13,2,96,,5849,20,0,12 13,2,76,,5851,20,,,2,25,,5854,5,,,2,75,,5850,23,,,2,80,,5852,23,,,2,25,,5855,23,,,2,99,,5853,23,0,12 13,2,102,,5856,20,0,12 13,2,110,,5857,20,0,12 13,2
13500,'12',835,,6234,12,,,2
13500,'82',835,,4866,12,,,2
15500,'12',836,,6239,21,,,2
15500,'82',836,,4874,21,,,2
15600,'12',833,,6240,22,,,2
15600,'82',833,,4875,22,,,2
1200000101,'1',1528,,7148,25,,,1,72,,7149,25,,,1,30,,7150,25,,,1,72,,7151,25,,,1
1200000101,'71',1528,,5070,25,,,1,72,,5071,25,,,1,30,,5069,25,,,1,74,,5072,25,,,1
2000001500,'2',753,,7667,36,,,2,101,,7668,35,,,2,100,,7669,35,,,2,94,,7670,35,,,2,109,,7671,35,,,2,101,,7672,35,,,2,201,,7673,36,,,2,141,,7674,35,,,2,55,,7675,35,,,2,145,,7676,35,,,2,53,,7677,35,,,2
2000001500,'3',854,,7678,36,,,2,100,,7679,35,,,2,94,,7680,35,,,2,109,,7681,35,,,2,101,,7682,35,,,2,201,,7683,36,,,2,141,,7684,35,,,2,55,,7685,35,,,2,145,,7686,35,,,2,53,,7687,35,,,2
2000001500,'72',746,,5607,37,,,2,102,,5608,36,,,2,103,,5609,36,,,2,100,,5610,36,,,2,102,,5611,36,,,2,100,,5612,36,,,2,190,,5613,37,,,2,99,,5614,36,,,2,95,,5615,36,,,2,107,,5616,36,,,2,98,,5617,36,,,2
2000001500,'73',848,,5618,37,,,2,103,,5619,36,,,2,100,,5620,36,,,2,102,,5621,36,,,2,100,,5622,36,,,2,190,,5623,37,,,2,99,,5624,36,,,2,95,,5625,36,,,2,107,,5626,36,,,2,98,,5627,36,,,2
