20000,'1',851,,6243,10,0,38,2,69,,6242,10,0,38,2
20000,'71',850,,4882,10,,,2,70,,4879,10,,,2,26,,4881,10,,,2,69,,4880,10,,,2
5002301,'1',1625,,6382,10,,,2,27,,6381,10,,,2
5002301,'71',1541,,5032,10,,,2,84,,5031,10,,,2,27,,5030,10,,,2
5002401,'1',1626,,6385,10,,,2,28,,6386,10,,,2
5002401,'71',1542,,5037,10,,,2,84,,5035,10,,,2,28,,5036,10,,,2
5003401,'1',1622,,6389,10,,,2
5003401,'71',1622,,5040,10,,,2
5003601,'1',1621,,6393,10,,,2,24,,6392,10,,,2
5003601,'71',1540,,5045,10,,,2,81,,5043,10,,,2,24,,5044,10,,,2
5003701,'1',1649,,6396,10,,,2
5003701,'71',1541,,5050,10,,,2,108,,5049,10,,,2
5003701,'81',1811,,5051,10,,,2
5003801,'1',1622,,6398,10,,,2,95,,6397,10,,,2
5003801,'71',1622,,5053,10,,,2,95,,5052,10,,,2
1200000201,'1',630,,7265,10,,,1,15,,7264,10,,,1,59,,7269,10,,,1,23,,7271,10,,,1,19,,7273,10,,,1,60,,7276,10,,,1,16,,7277,10,,,1,16,,7263,10,,,1,14,,7280,10,,,1,54,,7268,10,,,1,11,,7266,10,,,1,12,,7275,10,,,1,13,,7281,10,,,1,14,,7278,10,,,1,57,,7282,10,,,1,30,,7284,10,,,1,69,,7286,10,,,1,30,,7267,10,,,1,71,,7287,10,,,1,30,,7283,10,,,1,70,,7285,10,,,1,31,,7289,10,,,1,70,,7290,10,,,1,29,,7288,10,,,1,72,,7292,10,,,1,22,,7294,10,,,1,15,,7297,10,,,1,57,,7295,10,,,1,17,,7296,10,,,1,12,,7293,10,,,1,13,,7298,10,,,1,55,,7299,10,,,1,16,,7301,10,,,1,16,,7291,10,,,1,10,,7304,10,,,1,54,,7305,10,,,1,15,,7308,10,,,1,13,,7309,10,,,1,14,,7303,10,,,1,66,,7302,10,,,1,26,,7300,10,,,1,19,,7310,10,,,1,70,,7311,10,,,1,32,,7306,10,,,1,75,,7313,10,,,1,70,,7315,10,,,1,31,,7312,10,,,1,68,,7307,10,,,1,31,,7314,10,,,1,86,,7316,10,,,1
1200000201,'2',706,,7318,10,,,1,30,,7326,10,,,1,70,,7324,10,,,1,31,,7322,10,,,1,71,,7328,10,,,1,30,,7319,10,,,1,71,,7327,10,,,1,31,,7325,10,,,1,71,,7330,10,,,1,30,,7329,10,,,1,71,,7320,10,,,1,32,,7332,10,,,1,70,,7334,10,,,1,30,,7331,10,,,1,70,,7336,10,,,1,31,,7337,10,,,1,70,,7333,10,,,1,29,,7335,10,,,1,71,,7339,10,,,1,32,,7341,10,,,1,70,,7338,10,,,1,29,,7343,10,,,1,69,,7344,10,,,1,26,,7340,10,,,1,65,,7342,10,,,1,28,,7348,10,,,1,69,,7347,10,,,1,31,,7345,10,,,1,67,,7349,10,,,1,28,,7351,10,,,1,71,,7350,10,,,1,30,,7353,10,,,1,70,,7346,10,,,1,29,,7352,10,,,1,89,,7354,10,,,1
1200000201,'27',2214,,7355,3,,,1,30,,7358,3,,,1,70,,7356,3,,,1,43,,7359,3,,,1,68,,7361,3,,,1,30,,7357,3,,,1,70,,7360,3,,,1
1200000201,'28',2214,,7362,3,,,1,30,,7365,3,,,1,70,,7363,3,,,1,43,,7366,3,,,1,68,,7368,3,,,1,30,,7364,3,,,1,70,,7367,3,,,1
1200000201,'29',2214,,7369,3,,,1,30,,7372,3,,,1,70,,7370,3,,,1,43,,7373,3,,,1,68,,7375,3,,,1,30,,7371,3,,,1,70,,7374,3,,,1
1200000201,'3',806,,7377,10,,,1,31,,7379,10,,,1,71,,7381,10,,,1,30,,7383,10,,,1,71,,7384,10,,,1,31,,7388,10,,,1,71,,7386,10,,,1,30,,7390,10,,,1,71,,7387,10,,,1,32,,7385,10,,,1,70,,7389,10,,,1,30,,7392,10,,,1,70,,7391,10,,,1,31,,7393,10,,,1,70,,7395,10,,,1,29,,7397,10,,,1,71,,7400,10,,,1,32,,7402,10,,,1,70,,7394,10,,,1,29,,7396,10,,,1,69,,7398,10,,,1,26,,7401,10,,,1,65,,7403,10,,,1,28,,7405,10,,,1,69,,7404,10,,,1,31,,7399,10,,,1,67,,7406,10,,,1
1200000201,'71',629,,5205,10,,,1,15,,5204,10,,,1,59,,5208,10,,,1,10,,5214,10,,,1,15,,5203,10,,,1,14,,5213,10,,,1,59,,5207,10,,,1,18,,5218,10,,,1,15,,5202,10,,,1,14,,5221,10,,,1,54,,5206,10,,,1,12,,5223,10,,,1,12,,5216,10,,,1,13,,5224,10,,,1,15,,5209,10,,,1,52,,5225,10,,,1,17,,5217,10,,,1,18,,5219,10,,,1,14,,5226,10,,,1,55,,5222,10,,,1,15,,5228,10,,,1,15,,5229,10,,,1,15,,5230,10,,,1,56,,5232,10,,,1,15,,5233,10,,,1,15,,5235,10,,,1,15,,5236,10,,,1,55,,5237,10,,,1,16,,5227,10,,,1,15,,5239,10,,,1,15,,5240,10,,,1,55,,5241,10,,,1,14,,5231,10,,,1,15,,5238,10,,,1,16,,5234,10,,,1,62,,5242,10,,,1,16,,5243,10,,,1,15,,5244,10,,,1,55,,5245,10,,,1,20,,5246,10,,,1,9,,5247,10,,,1,13,,5249,10,,,1,55,,5251,10,,,1,16,,5254,10,,,1,16,,5255,10,,,1,10,,5256,10,,,1,14,,5259,10,,,1,59,,5260,10,,,1,10,,5257,10,,,1,13,,5258,10,,,1,14,,5250,10,,,1,53,,5248,10,,,1,14,,5261,10,,,1,14,,5252,10,,,1,20,,5262,10,,,1,70,,5263,10,,,1,32,,5265,10,,,1,75,,5267,10,,,1,70,,5269,10,,,1,31,,5264,10,,,1,68,,5266,10,,,1,31,,5268,10,,,1,86,,5270,10,,,1
1200000201,'72',652,,5272,10,,,1,71,,5271,10,,,1,30,,5273,10,,,1,71,,5279,10,,,1,30,,5284,10,,,1,72,,5277,10,,,1,31,,5276,10,,,1,69,,5282,10,,,1,30,,5283,10,,,1,71,,5285,10,,,1,29,,5274,10,,,1,71,,5280,10,,,1,30,,5278,10,,,1,69,,5286,10,,,1,32,,5287,10,,,1,69,,5289,10,,,1,73,,5288,10,,,1,29,,5291,10,,,1,29,,5292,10,,,1,73,,5293,10,,,1,71,,5294,10,,,1,27,,5295,10,,,1,29,,5290,10,,,1,70,,5297,10,,,1,27,,5296,10,,,1,79,,5300,10,,,1,69,,5302,10,,,1,31,,5298,10,,,1,67,,5304,10,,,1,28,,5305,10,,,1,71,,5301,10,,,1,30,,5303,10,,,1,29,,5299,10,,,1,69,,5306,10,,,1,90,,5307,10,,,1
1200000201,'73',753,,5308,10,,,1,71,,5311,10,,,1,30,,5315,10,,,1,72,,5318,10,,,1,31,,5310,10,,,1,69,,5314,10,,,1,30,,5317,10,,,1,71,,5320,10,,,1,29,,5321,10,,,1,71,,5312,10,,,1,30,,5322,10,,,1,69,,5324,10,,,1,32,,5323,10,,,1,69,,5326,10,,,1,73,,5325,10,,,1,29,,5328,10,,,1,29,,5329,10,,,1,73,,5330,10,,,1,71,,5331,10,,,1,27,,5333,10,,,1,29,,5327,10,,,1,70,,5336,10,,,1,27,,5334,10,,,1,79,,5338,10,,,1,69,,5332,10,,,1,31,,5337,10,,,1,67,,5335,10,,,1
1200000201,'81',1507,,5341,10,,,1
1200000201,'89',1542,,5345,10,,,1,13,,5346,10,,,1
1200000301,'1',657,,7506,10,,,1,59,,7510,10,,,1,34,,7516,10,,,1,69,,7511,10,,,1,26,,7519,10,,,1,65,,7507,10,,,1,30,,7517,10,,,1,67,,7515,10,,,1,33,,7520,10,,,1,73,,7521,10,,,1,30,,7523,10,,,1,71,,7525,10,,,1,32,,7527,10,,,1,70,,7522,10,,,1,30,,7524,10,,,1,68,,7526,10,,,1,30,,7528,10,,,1,69,,7529,10,,,1,20,,7532,10,,,1,18,,7530,10,,,1,57,,7535,10,,,1,19,,7534,10,,,1,12,,7539,10,,,1,16,,7537,10,,,1,56,,7538,10,,,1,17,,7541,10,,,1,17,,7533,10,,,1,14,,7536,10,,,1,56,,7531,10,,,1,33,,7540,10,,,1,62,,7544,10,,,1,24,,7542,10,,,1,71,,7543,10,,,1,30,,7545,10,,,1,70,,7546,10,,,1,33,,7549,10,,,1
1200000301,'2',735,,7553,10,,,1,70,,7556,10,,,1,31,,7559,10,,,1,71,,7562,10,,,1,30,,7554,10,,,1,72,,7557,10,,,1,30,,7560,10,,,1,71,,7563,10,,,1,31,,7555,10,,,1,71,,7558,10,,,1,31,,7561,10,,,1,70,,7564,10,,,1,31,,7565,10,,,1,70,,7568,10,,,1,30,,7574,10,,,1,70,,7571,10,,,1,30,,7566,10,,,1,71,,7569,10,,,1,31,,7575,10,,,1,68,,7572,10,,,1,29,,7567,10,,,1,69,,7570,10,,,1,27,,7576,10,,,1,67,,7573,10,,,1
1200000301,'27',2214,,7584,3,,,1,30,,7587,3,,,1,70,,7589,3,,,1,43,,7585,3,,,1,68,,7588,3,,,1,30,,7583,3,,,1,70,,7586,3,,,1
1200000301,'28',2214,,7591,3,,,1,30,,7594,3,,,1,70,,7596,3,,,1,43,,7592,3,,,1,68,,7595,3,,,1,30,,7590,3,,,1,70,,7593,3,,,1
1200000301,'29',2214,,7598,3,,,1,30,,7601,3,,,1,70,,7603,3,,,1,43,,7599,3,,,1,68,,7602,3,,,1,30,,7597,3,,,1,70,,7600,3,,,1
1200000301,'3',805,,7604,10,,,1,31,,7606,10,,,1,71,,7612,10,,,1,30,,7609,10,,,1,72,,7605,10,,,1,30,,7607,10,,,1,71,,7613,10,,,1,31,,7610,10,,,1,71,,7614,10,,,1,31,,7608,10,,,1,70,,7616,10,,,1,31,,7611,10,,,1,70,,7615,10,,,1,30,,7618,10,,,1,70,,7617,10,,,1,30,,7621,10,,,1,71,,7623,10,,,1,31,,7619,10,,,1,68,,7627,10,,,1,29,,7622,10,,,1,69,,7624,10,,,1,27,,7620,10,,,1,67,,7628,10,,,1
1200000301,'71',657,,5454,10,,,1,59,,5458,10,,,1,36,,5466,10,,,1,67,,5463,10,,,1,27,,5469,10,,,1,66,,5455,10,,,1,30,,5465,10,,,1,67,,5467,10,,,1,36,,5470,10,,,1,60,,5471,10,,,1,20,,5473,10,,,1,20,,5475,10,,,1,61,,5476,10,,,1,20,,5478,10,,,1,22,,5480,10,,,1,60,,5472,10,,,1,20,,5474,10,,,1,20,,5481,10,,,1,58,,5477,10,,,1,20,,5479,10,,,1,19,,5483,10,,,1,60,,5484,10,,,1,15,,5485,10,,,1,13,,5486,10,,,1,18,,5482,10,,,1,57,,5494,10,,,1,19,,5490,10,,,1,12,,5493,10,,,1,16,,5488,10,,,1,56,,5487,10,,,1,17,,5497,10,,,1,19,,5496,10,,,1,12,,5495,10,,,1,58,,5492,10,,,1,13,,5489,10,,,1,18,,5491,10,,,1,59,,5498,10,,,1,27,,5499,10,,,1,71,,5501,10,,,1,30,,5500,10,,,1,70,,5502,10,,,1,33,,5505,10,,,1
1200000301,'72',735,,5511,10,,,1,70,,5510,10,,,1,31,,5514,10,,,1,70,,5515,10,,,1,30,,5516,10,,,1,71,,5509,10,,,1,30,,5513,10,,,1,70,,5512,10,,,1,30,,5517,10,,,1,70,,5518,10,,,1,31,,5520,10,,,1,69,,5519,10,,,1,31,,5522,10,,,1,70,,5523,10,,,1,31,,5524,10,,,1,70,,5525,10,,,1,29,,5526,10,,,1,71,,5521,10,,,1,32,,5528,10,,,1,70,,5527,10,,,1,29,,5530,10,,,1,69,,5529,10,,,1,29,,5531,10,,,1,64,,5535,10,,,1
1200000301,'73',805,,5539,10,,,1,31,,5541,10,,,1,70,,5542,10,,,1,30,,5543,10,,,1,71,,5544,10,,,1,30,,5540,10,,,1,70,,5545,10,,,1,30,,5547,10,,,1,70,,5546,10,,,1,31,,5549,10,,,1,69,,5548,10,,,1,31,,5551,10,,,1,70,,5552,10,,,1,31,,5553,10,,,1,70,,5554,10,,,1,29,,5555,10,,,1,71,,5550,10,,,1,32,,5557,10,,,1,70,,5556,10,,,1,29,,5559,10,,,1,69,,5558,10,,,1,29,,5560,10,,,1,64,,5563,10,,,1
1200000401,'1',1632,,7635,10,,,1,26,,7633,10,,,1
1200000401,'71',1628,,5572,10,,,1,30,,5571,10,,,1,65,,5575,10,,,1
