1300,'1',641,,5808,27,,,2,85,,5806,27,,,2,84,,5807,27,,,2,792,,5809,27,,,2,108,,5811,27,,,2,14,,5810,27,,,2,32,,5813,27,,,2,72,,5812,27,,,2
1300,'16',853,,5815,27,,,2,3,,5814,22,,,2
1300,'71',639,,4398,27,,,2,70,,4400,27,,,2,20,,4399,27,,,2,83,,4401,27,,,2,41,,4397,27,,,2,750,,4402,27,,,2,98,,4405,27,,,2,13,,4403,27,,,2,40,,4406,27,,,2,66,,4404,27,,,2
1300,'87',856,,4407,22,,,2
1501,'1',1532,,5837,16,,,2,79,,5840,16,,,2,21,,5842,16,,,2,79,,5838,16,0,41,2,29,,5841,16,,,2
1501,'71',644,,4438,16,0,41,2,64,,4436,16,0,41,2,33,,4439,16,0,41,2,791,,4443,16,0,41,2,84,,4446,16,0,41,2,16,,4448,16,0,41,2,73,,4450,16,0,41,2,36,,4449,16,0,41,2
1501,'88',1634,3,4455,1,0,41,2
1601,'1',644,,5859,16,,,2,64,,5861,16,,,2,31,,5860,16,,,2,174,,5858,16,0,41,2
11900,'16',853,,6228,38,,,2
11900,'87',853,,4854,38,,,2
12900,'16',848,,6232,19,,,2
12900,'87',848,,4862,19,,,2
20001,'71',546,,4888,2,0,14,2,60,,4889,2,0,14,2,7,,4890,2,0,14,2,8,,4891,2,0,14,2,801,,4892,2,,,2,29,,4893,2,,,2,76,,4894,2,0,14,2,308,,4895,2,0,14,2
20001,'72',610,,4896,2,,,2,20,,4897,2,0,14,2,16,,4898,2,,,2
21001,'71',526,,4909,2,,,2,27,,4910,2,,,2,55,,4911,2,,,2,13,,4912,2,,,2,324,,4913,2,,,2,163,,4914,2,,,2,894,,4915,2,,,2
21001,'72',553,,4916,2,,,2,69,,4917,2,,,2,30,,4918,2,,,2,69,,4919,2,,,2
21001,'73',622,,4920,2,,,2,30,,4921,2,,,2,69,,4922,2,,,2
35001,'71',1538,,4952,2,,,2
38001,'71',521,,4962,2,,,2,88,,4963,2,,,2,19,,4964,2,,,2
905231701,'27',2236,,6491,21,4,,2,70,,6494,21,4,,2,30,,6489,21,4,,2,70,,6492,21,4,,2,30,,6490,21,4,,2,70,,6493,21,4,,2,30,,6495,21,4,,2
905231701,'28',2236,,6498,21,4,,2,70,,6501,21,4,,2,30,,6496,21,4,,2,70,,6499,21,4,,2,30,,6497,21,4,,2,70,,6500,21,4,,2,30,,6502,21,4,,2
905231701,'29',2236,,6505,21,4,,2,70,,6508,21,4,,2,30,,6503,21,4,,2,70,,6506,21,4,,2,30,,6504,21,4,,2,70,,6507,21,4,,2,30,,6509,21,4,,2
1200000101,'1',1522,,7148,18,,,1,31,,7149,18,,,1,68,,7150,18,,,1,35,,7151,18,,,1
1200000101,'71',1522,,5070,18,,,1,31,,5071,18,,,1,68,,5069,18,,,1,37,,5072,18,,,1
1200000200,'1',548,,7153,21,,,1,55,,7158,21,,,1,15,,7159,21,,,1,16,,7160,21,,,1,15,,7162,21,,,1,55,,7163,21,,,1,17,,7152,21,,,1,15,,7165,21,,,1,16,,7157,21,,,1,54,,7155,21,,,1,14,,7161,21,,,1,15,,7166,21,,,1,18,,7164,21,,,1,60,,7167,21,,,1,29,,7169,21,,,1,69,,7171,21,,,1,30,,7156,21,,,1,70,,7172,21,,,1,30,,7168,21,,,1,69,,7170,21,,,1,32,,7174,21,,,1,70,,7175,21,,,1,29,,7173,21,,,1,70,,7177,21,,,1,18,,7179,21,,,1,30,,7180,21,,,1,55,,7181,21,,,1,12,,7178,21,,,1,13,,7182,21,,,1,15,,7183,21,,,1,55,,7185,21,,,1,15,,7176,21,,,1,14,,7188,21,,,1,15,,7189,21,,,1,57,,7192,21,,,1,16,,7193,21,,,1,15,,7187,21,,,1,70,,7186,21,,,1,30,,7184,21,,,1,70,,7190,21,,,1,30,,7196,21,,,1,70,,7197,21,,,1,30,,7199,21,,,1,69,,7200,21,,,1,32,,7194,21,,,1,70,,7191,21,,,1,32,,7198,21,,,1,67,,7201,21,,,1,30,,7195,21,0,14,1
1200000200,'2',711,,7205,21,,,1,30,,7204,21,,,1,70,,7208,21,,,1,30,,7202,21,,,1,70,,7207,21,,,1,30,,7206,21,,,1,70,,7210,21,,,1,30,,7209,21,,,1,70,,7203,21,,,1,30,,7212,21,,,1,70,,7214,21,,,1,30,,7211,21,,,1,70,,7216,21,,,1,30,,7217,21,,,1,70,,7213,21,,,1,30,,7215,21,,,1,70,,7219,21,,,1,30,,7221,21,,,1,70,,7218,21,,,1,30,,7223,21,,,1,70,,7224,21,,,1,31,,7220,21,,,1,69,,7222,21,,,1,29,,7228,21,,,1,70,,7227,21,,,1,31,,7225,21,,,1,69,,7229,21,,,1,29,,7231,21,,,1,70,,7230,21,,,1,30,,7233,21,,,1,70,,7226,21,,,1,30,,7232,21,,,1,70,,7234,21,,,1
1200000200,'3',711,,7235,21,,,1,30,,7236,21,,,1,70,,7237,21,,,1,30,,7238,21,,,1,70,,7239,21,,,1,30,,7243,21,,,1,70,,7241,21,,,1,30,,7245,21,,,1,70,,7242,21,,,1,30,,7240,21,,,1,70,,7244,21,,,1,30,,7247,21,,,1,70,,7246,21,,,1,30,,7248,21,,,1,70,,7250,21,,,1,30,,7252,21,,,1,70,,7255,21,,,1,30,,7257,21,,,1,70,,7249,21,,,1,30,,7251,21,,,1,70,,7253,21,,,1,31,,7256,21,,,1,69,,7258,21,,,1,29,,7260,21,,,1,70,,7259,21,,,1,31,,7254,21,,,1,69,,7261,21,,,1
1200000200,'71',548,,5074,21,,,1,55,,5078,21,,,1,15,,5080,21,,,1,16,,5081,21,,,1,15,,5077,21,,,1,55,,5085,21,,,1,17,,5073,21,,,1,15,,5087,21,,,1,16,,5076,21,,,1,54,,5089,21,,,1,14,,5083,21,,,1,15,,5090,21,,,1,18,,5079,21,,,1,55,,5091,21,,,1,17,,5084,21,,,1,17,,5086,21,,,1,14,,5092,21,,,1,55,,5088,21,,,1,15,,5094,21,,,1,15,,5095,21,,,1,15,,5096,21,,,1,55,,5098,21,,,1,15,,5099,21,,,1,15,,5101,21,,,1,15,,5102,21,,,1,54,,5103,21,,,1,17,,5093,21,,,1,15,,5105,21,,,1,15,,5106,21,,,1,55,,5107,21,,,1,14,,5097,21,,,1,15,,5104,21,,,1,15,,5100,21,,,1,61,,5108,21,,,1,12,,5109,21,,,1,15,,5110,21,,,1,15,,5111,21,,,1,55,,5112,21,,,1,12,,5113,21,,,1,13,,5115,21,,,1,15,,5117,21,,,1,54,,5119,21,,,1,8,,5121,8,,,1,8,,5120,21,,,1,14,,5122,21,,,1,15,,5125,21,,,1,57,,5126,21,,,1,16,,5123,21,,,1,15,,5124,21,,,1,15,,5116,21,,,1,55,,5114,21,,,1,15,,5128,21,,,1,15,,5118,21,,,1,70,,5129,21,,,1,30,,5127,21,,,1,70,,5133,21,,,1,30,,5135,21,,,1,69,,5136,21,,,1,32,,5130,21,,,1,70,,5132,21,,,1,32,,5134,21,,,1,67,,5137,21,,,1,30,,5131,21,0,14,1
1200000200,'72',711,,5139,21,,,1,30,,5142,21,,,1,70,,5143,21,,,1,30,,5144,21,,,1,70,,5138,21,,,1,30,,5141,21,,,1,70,,5140,21,,,1,30,,5145,21,,,1,70,,5146,21,,,1,31,,5148,21,,,1,69,,5147,21,,,1,30,,5150,21,,,1,70,,5151,21,,,1,30,,5152,21,,,1,70,,5153,21,,,1,30,,5154,21,,,1,70,,5149,21,,,1,30,,5156,21,,,1,70,,5155,21,,,1,30,,5159,21,,,1,70,,5158,21,,,1,31,,5161,21,,,1,69,,5162,21,,,1,29,,5163,21,,,1,70,,5165,21,,,1,31,,5157,21,,,1,69,,5167,21,,,1,29,,5168,21,,,1,70,,5164,21,,,1,30,,5166,21,,,1,70,,5160,21,,,1,30,,5169,21,,,1,70,,5170,21,,,1
1200000200,'73',711,,5171,21,,,1,30,,5173,21,,,1,70,,5174,21,,,1,30,,5175,21,,,1,70,,5176,21,,,1,30,,5172,21,,,1,70,,5177,21,,,1,30,,5179,21,,,1,70,,5178,21,,,1,31,,5181,21,,,1,69,,5180,21,,,1,30,,5183,21,,,1,70,,5184,21,,,1,30,,5185,21,,,1,70,,5186,21,,,1,30,,5188,21,,,1,70,,5182,21,,,1,30,,5191,21,,,1,70,,5189,21,,,1,30,,5193,21,,,1,70,,5192,21,,,1,31,,5195,21,,,1,69,,5196,21,,,1,29,,5197,21,,,1,70,,5187,21,,,1,31,,5194,21,,,1,69,,5190,21,,,1
1200000400,'1',641,,7629,23,,,1,15,,7630,23,,,1
1200000400,'71',641,,5565,23,,,1,15,,5566,23,,,1,55,,5567,23,,,1,16,,5564,23,,,1
