3101,'1',605,,6012,34,0,8 1 32,2,30,,6014,34,0,8 1 32,2,67,,6013,66,0,8 1 32,2,32,,6011,66,0,8 1 32,2,104,,6015,66,0,8 1 32,2,105,,6016,66,0,8 1 32,2,99,,6017,66,0,8 1 32,2,100,,6018,66,0,8 1 32,2,106,,6019,66,0,8 1 32,2,102,,6020,66,0,8 1 32,2,101,,6021,66,0,8 1 32,2,100,,6022,66,0,8 1 32,2,97,,6023,66,0,8 1 32,2,71,,6026,66,0,8 1 32,2,31,,6027,66,0,8 1 32,2,71,,6024,66,0,8 1 32,2,33,,6028,66,0,8 1 32,2,64,,6025,66,0,8 1 32,2,36,,6029,66,0,8 1 32,2
3800,'1',807,,6171,35,,,2,103,,6172,35,,,2,99,,6173,35,,,2,102,,6174,35,,,2,115,,6175,35,,,2,102,,6176,35,,,2,102,,6177,35,,,2,106,,6178,35,,,2,119,,6179,35,,,2,72,,6180,35,,,2,174,,6181,35,,,2,56,,6182,35,,,2,96,,6183,35,,,2,100,,6184,35,,,2,98,,6185,35,,,2
3800,'2',735,,6186,35,,,2,101,,6187,35,,,2,103,,6188,35,,,2,101,,6189,35,,,2,102,,6190,35,,,2,116,,6191,35,,,2,142,,6192,35,,,2,101,,6193,35,,,2,100,,6194,35,,,2,102,,6195,35,,,2,99,,6196,35,,,2,54,,6197,35,,,2,96,,6198,35,,,2,100,,6199,35,,,2,97,,6200,35,,,2,101,,6201,35,,,2
3800,'3',836,,6202,35,,,2,103,,6203,35,,,2,101,,6204,35,,,2,102,,6205,35,,,2,116,,6206,35,,,2,142,,6207,35,,,2,101,,6208,35,,,2,100,,6209,35,,,2,102,,6210,35,,,2,99,,6211,35,,,2,54,,6212,35,,,2,96,,6213,35,,,2
3800,'71',805,,4794,35,,,2,105,,4795,35,,,2,98,,4796,35,,,2,102,,4797,35,,,2,113,,4798,35,,,2,102,,4799,35,,,2,102,,4800,35,,,2,109,,4801,42,,,2,115,,4802,35,,,2,95,,4803,35,,,2,112,,4804,35,,,2,97,,4805,35,,,2,96,,4806,35,,,2,101,,4807,35,,,2,99,,4808,35,,,2
3800,'72',739,,4809,35,,,2,100,,4810,35,,,2,102,,4811,35,,,2,100,,4812,35,,,2,101,,4813,35,,,2,111,,4814,35,,,2,100,,4815,35,,,2,102,,4816,35,,,2,100,,4817,35,,,2,100,,4818,35,,,2,98,,4819,35,,,2,100,,4820,35,,,2,98,,4822,35,,,2,99,,4823,35,,,2,99,,4824,35,,,2,100,,4821,35,,,2
3800,'73',839,,4825,35,,,2,102,,4826,35,,,2,100,,4827,35,,,2,101,,4828,35,,,2,111,,4829,35,,,2,100,,4830,35,,,2,102,,4831,35,,,2,100,,4832,35,,,2,100,,4833,35,,,2,98,,4834,35,,,2,100,,4835,35,,,2,147,,4836,35,,,2
3900,'1',633,,6215,10,0,32,2,80,,6216,10,0,32,2,31,,6214,10,0,32,2
3900,'71',642,,4838,10,0,14,2,69,,4840,10,0,14,2,38,,4839,10,0,14,2,92,,4837,10,0,14,2
31100,'15',738,,6300,41,,,2
31100,'84',738,,4945,41,,,2
38000,'1',1649,,6312,6,0,38,2,87,,6310,6,0,38,2,87,,6311,6,0,38,2
38000,'71',1653,,4961,6,,,2,82,,4960,6,,,2,80,,4959,6,,,2
38100,'15',719,,6316,27,,,2
38100,'84',719,,4965,27,,,2
38500,'12',810,,6317,13,,,2
38500,'82',810,,4967,13,,,2
5003801,'1',1722,,6398,66,,,2,89,,6397,66,,,2
5003801,'71',1721,,5053,66,,,2,89,,5052,66,,,2
2000003101,'2',708,,7719,35,0,8 1 32,2,102,,7720,67,0,8 1 32,2,101,,7721,67,0,8 1 32,2,101,,7722,67,0,8 1 32,2,101,,7723,67,0,8 1 32,2,101,,7724,67,0,8 1 32,2,101,,7725,67,0,8 1 32,2,215,,7726,67,0,8 1 32,2,101,,7727,67,0,8 1 32,2,101,,7728,67,0,8 1 32,2,96,,7729,67,0,8 1 32,2
2000003101,'3',810,,7731,35,0,8 1 32,2,101,,7732,67,0,8 1 32,2,101,,7733,67,0,8 1 32,2,101,,7734,67,0,8 1 32,2,101,,7735,67,0,8 1 32,2,101,,7736,67,0,8 1 32,2,215,,7737,67,0,8 1 32,2,101,,7738,67,0,8 1 32,2,101,,7739,67,0,8 1 32,2,96,,7740,67,0,8 1 32,2
