2301,'1',630,,5973,20,,,2,70,,5974,20,,,2,110,,5976,20,,,2,41,,5953,20,,,2,72,,5977,20,,,2,23,,5954,20,,,2,81,,5955,20,,,2,30,,5957,20,,,2,70,,5956,20,,,2,73,,5958,23,,,2,31,,5959,23,,,2,70,,5961,23,,,2,30,,5960,23,,,2,70,,5962,23,,,2,31,,5963,23,,,2,71,,5966,23,,,2,51,,5964,23,,,2,68,,5967,23,,,2,36,,5965,23,,,2,101,,5968,23,,,2,66,,5975,23,,,2,77,,5969,23,,,2,102,,5970,23,,,2,50,,5971,23,,,2,154,,5972,23,,,2
2301,'2',707,,5980,20,,,2,100,,5981,20,,,2,101,,5982,20,,,2,102,,5983,20,,,2,102,,5984,20,,,2,105,,5985,23,,,2,101,,5986,23,,,2,101,,5987,23,,,2,100,,5988,23,,,2,100,,5989,23,,,2,101,,5990,23,,,2,97,,5991,23,,,2
2301,'3',807,,5992,20,,,2,101,,5993,20,,,2,102,,5994,20,,,2,102,,5995,20,,,2,105,,5996,23,,,2,101,,5997,23,,,2,101,,5998,23,,,2,100,,5999,23,,,2,100,,6000,23,,,2,101,,6001,23,,,2,97,,6002,23,,,2
2301,'71',630,,4569,20,,,2,70,,4577,20,,,2,110,,4578,20,,,2,38,,4555,20,,,2,72,,4559,20,,,2,29,,4556,20,,,2,75,,4560,20,,,2,31,,4557,20,,,2,70,,4561,20,,,2,33,,4558,23,,,2,70,,4562,23,,,2,31,,4564,23,,,2,70,,4563,23,,,2,30,,4565,23,,,2,70,,4566,23,,,2,74,,4576,23,,,2,42,,4567,23,,,2,108,,4568,27,,,2,103,,4570,23,,,2,71,,4575,23,,,2,75,,4571,23,,,2,100,,4572,23,,,2,52,,4573,23,,,2,154,,4574,23,,,2
2301,'72',722,,4579,20,,,2,100,,4580,20,,,2,101,,4581,20,,,2,102,,4582,20,,,2,100,,4583,20,,,2,103,,4584,23,,,2,102,,4585,23,,,2,101,,4586,23,,,2,101,,4587,23,,,2,100,,4588,23,,,2,102,,4589,23,,,2,96,,4590,23,,,2
2301,'73',822,,4591,20,,,2,101,,4592,20,,,2,102,,4593,20,,,2,100,,4594,20,,,2,103,,4595,23,,,2,102,,4596,23,,,2,101,,4597,23,,,2,101,,4598,23,,,2,100,,4599,23,,,2,102,,4600,23,,,2,96,,4601,23,,,2
23101,'85',1531,,4932,34,,,2
23500,'12',746,,6295,8,,,2
23500,'82',746,,4935,8,,,2
23501,'83',1656,,4936,20,,,2
5002301,'1',1706,,6382,33,,,2,25,,6381,33,,,2
5002301,'71',1620,,5032,33,,,2,86,,5031,33,,,2,25,,5030,33,,,2
