1301,'1',632,,5816,9,,,2,77,,5818,9,,,2,93,,5817,9,,,2,806,,5819,9,,,2,16,,5820,9,,,2,80,,5822,9,,,2,30,,5821,9,,,2
1301,'71',647,,4409,9,,,2,82,,4410,9,,,2,73,,4408,9,,,2,806,,4413,9,,,2,16,,4411,9,,,2,80,,4414,9,,,2,30,,4412,9,,,2
1500,'1',621,,5823,54,,,2,30,,5825,54,,,2,70,,5827,54,,,2,31,,5826,57,,,2,70,,5829,57,,,2
1500,'71',621,,4416,55,,,2,30,,4417,55,,,2,70,,4421,55,,,2,33,,4420,54,,,2,68,,4418,54,,,2,729,,4428,54,,,2,62,,4429,23,,,2,34,,4426,54,,,2,76,,4431,55,,,2,27,,4430,54,,,2
1600,'1',1545,,5851,38,,,2,68,,5854,23,,,2,32,,5850,41,,,2,77,,5852,41,,,2,25,,5855,41,,,2
1200000201,'1',552,,7270,18,,,1,60,,7272,18,,,1,17,,7274,18,,,1,19,,7262,48,,,1,62,,7279,18,,,1,18,,7265,60,,,1,17,,7264,60,,,1,61,,7269,60,,,1,20,,7271,60,,,1,19,,7273,60,,,1,60,,7276,60,,,1,15,,7277,60,,,1,16,,7263,60,,,1,12,,7280,60,,,1,54,,7268,60,,,1,11,,7266,60,,,1,12,,7275,60,,,1,12,,7281,60,,,1,14,,7278,60,,,1,57,,7282,60,,,1,31,,7284,60,,,1,69,,7286,60,,,1,30,,7267,60,,,1,73,,7287,60,,,1,29,,7283,60,,,1,70,,7285,60,,,1,31,,7289,60,,,1,72,,7290,60,,,1,30,,7288,60,,,1,82,,7292,60,,,1,26,,7294,60,,,1,56,,7297,60,,,1,16,,7295,60,,,1,17,,7296,60,,,1,11,,7293,60,,,1,50,,7298,60,,,1,12,,7299,60,,,1,14,,7301,60,,,1,13,,7291,60,,,1,9,,7304,60,,,1,53,,7305,60,,,1,13,,7308,60,,,1,12,,7309,60,,,1,13,,7303,60,,,1,64,,7302,60,,,1,26,,7300,60,,,1,19,,7310,60,,,1,68,,7311,60,,,1,32,,7306,60,,,1,74,,7313,60,,,1,26,,7315,60,,,1,71,,7312,60,,,1,26,,7307,60,,,1,71,,7314,60,,,1,86,,7316,60,,,1
1200000201,'14',1725,,7317,54,,,1
1200000201,'2',650,,7323,18,,,1,68,,7321,48,,,1,39,,7318,60,,,1,70,,7326,60,,,1,31,,7324,60,,,1,72,,7322,60,,,1,72,,7328,60,,,1,31,,7319,60,,,1,71,,7327,60,,,1,32,,7325,60,,,1,72,,7330,60,,,1,31,,7329,60,,,1,71,,7320,60,,,1,32,,7332,60,,,1,71,,7334,60,,,1,30,,7331,60,,,1,70,,7336,60,,,1,31,,7337,60,,,1,70,,7333,60,,,1,30,,7335,60,,,1,71,,7339,60,,,1,31,,7341,60,,,1,67,,7338,60,,,1,25,,7343,60,,,1,68,,7344,60,,,1,25,,7340,60,,,1,25,,7342,60,,,1,67,,7348,60,,,1,29,,7347,60,,,1,71,,7345,60,,,1,27,,7349,60,,,1,68,,7351,60,,,1,29,,7350,60,,,1,70,,7353,60,,,1,29,,7346,60,,,1,68,,7352,60,,,1,89,,7354,60,,,1
1200000201,'27',2301,,7355,53,,,1,30,,7358,53,,,1,28,,7356,53,,,1,83,,7359,53,,,1,68,,7361,53,,,1,30,,7357,53,,,1,70,,7360,53,,,1
1200000201,'28',2301,,7362,53,,,1,30,,7365,53,,,1,69,,7363,53,,,1,42,,7366,53,,,1,68,,7368,53,,,1,30,,7364,53,,,1,70,,7367,53,,,1
1200000201,'29',2301,,7369,53,,,1,30,,7372,53,,,1,69,,7370,53,,,1,42,,7373,53,,,1,68,,7375,53,,,1,30,,7371,53,,,1,70,,7374,53,,,1
1200000201,'3',650,,7376,18,,,1,68,,7378,18,,,1,32,,7380,18,,,1,70,,7382,18,,,1,38,,7377,60,,,1,72,,7379,60,,,1,72,,7381,60,,,1,30,,7383,60,,,1,72,,7384,60,,,1,32,,7388,60,,,1,72,,7386,60,,,1,31,,7390,60,,,1,71,,7387,60,,,1,32,,7385,60,,,1,71,,7389,60,,,1,30,,7392,60,,,1,70,,7391,60,,,1,31,,7393,60,,,1,70,,7395,60,,,1,30,,7397,60,,,1,71,,7400,60,,,1,31,,7402,60,,,1,67,,7394,60,,,1,25,,7396,60,,,1,68,,7398,60,,,1,25,,7401,60,,,1,25,,7403,60,,,1,67,,7405,60,,,1,29,,7404,60,,,1,71,,7399,60,,,1,27,,7406,60,,,1
1200000201,'71',552,,5210,18,,,1,60,,5212,18,,,1,17,,5215,18,,,1,19,,5201,48,,,1,62,,5220,18,,,1,13,,5205,60,,,1,18,,5204,60,,,1,61,,5208,60,,,1,9,,5214,60,,,1,14,,5203,60,,,1,13,,5213,60,,,1,19,,5207,60,,,1,57,,5218,60,,,1,15,,5202,60,,,1,14,,5221,60,,,1,13,,5206,60,,,1,52,,5223,60,,,1,12,,5216,60,,,1,12,,5224,60,,,1,15,,5209,60,,,1,12,,5225,60,,,1,57,,5217,60,,,1,19,,5219,60,,,1,14,,5226,60,,,1,55,,5222,60,,,1,15,,5228,60,,,1,15,,5229,60,,,1,15,,5230,60,,,1,58,,5232,60,,,1,15,,5233,60,,,1,15,,5235,60,,,1,14,,5236,60,,,1,55,,5237,60,,,1,16,,5227,60,,,1,15,,5239,60,,,1,15,,5240,60,,,1,57,,5241,60,,,1,14,,5231,60,,,1,16,,5238,60,,,1,19,,5234,60,,,1,69,,5242,60,,,1,20,,5243,60,,,1,56,,5244,60,,,1,13,,5245,60,,,1,6,,5253,48,,,1,14,,5246,60,,,1,9,,5247,60,,,1,10,,5249,60,,,1,51,,5251,60,,,1,15,,5254,60,,,1,13,,5255,60,,,1,9,,5256,60,,,1,13,,5259,60,,,1,57,,5260,60,,,1,9,,5257,60,,,1,12,,5258,60,,,1,13,,5250,60,,,1,12,,5248,60,,,1,54,,5261,60,,,1,14,,5252,60,,,1,20,,5262,60,,,1,69,,5263,60,,,1,32,,5265,60,,,1,74,,5267,60,,,1,26,,5269,60,,,1,71,,5264,60,,,1,26,,5266,60,,,1,71,,5268,60,,,1,86,,5270,60,,,1
1200000201,'72',650,,5275,18,,,1,70,,5281,18,,,1,21,,5272,60,,,1,71,,5271,60,,,1,30,,5273,60,,,1,72,,5279,60,,,1,32,,5284,60,,,1,72,,5277,60,,,1,31,,5276,60,,,1,69,,5282,60,,,1,30,,5283,60,,,1,71,,5285,60,,,1,31,,5274,60,,,1,71,,5280,60,,,1,30,,5278,60,,,1,70,,5286,60,,,1,32,,5287,60,,,1,69,,5289,60,,,1,33,,5288,60,,,1,70,,5291,60,,,1,29,,5292,60,,,1,72,,5293,60,,,1,31,,5294,60,,,1,65,,5295,60,,,1,28,,5290,60,,,1,69,,5297,60,,,1,25,,5296,60,,,1,79,,5300,60,,,1,29,,5302,60,,,1,71,,5298,60,,,1,27,,5304,60,,,1,68,,5305,60,,,1,29,,5301,60,,,1,70,,5303,60,,,1,29,,5299,60,,,1,68,,5306,60,,,1,89,,5307,60,,,1
1200000201,'73',650,,5309,18,,,1,70,,5313,18,,,1,30,,5316,18,,,1,70,,5319,18,,,1,22,,5308,60,,,1,72,,5311,60,,,1,32,,5315,60,,,1,72,,5318,60,,,1,31,,5310,60,,,1,69,,5314,60,,,1,30,,5317,60,,,1,71,,5320,60,,,1,31,,5321,60,,,1,71,,5312,60,,,1,30,,5322,60,,,1,70,,5324,60,,,1,32,,5323,60,,,1,69,,5326,60,,,1,33,,5325,60,,,1,70,,5328,60,,,1,29,,5329,60,,,1,72,,5330,60,,,1,31,,5331,60,,,1,65,,5333,60,,,1,28,,5327,60,,,1,69,,5336,60,,,1,25,,5334,60,,,1,79,,5338,60,,,1,29,,5332,60,,,1,71,,5337,60,,,1,27,,5335,60,,,1
1200000201,'81',733,,5339,48,,,1,17,,5340,48,,,1,860,,5341,60,,,1
1200000201,'89',1654,,5345,60,,,1,53,,5346,60,,,1
