2200,'71',621,,4456,47,,,2,28,,4471,85,,,2,63,,4457,47,,,2,30,,4472,47,,,2,66,,4474,85,,,2,130,,4458,47,,,2,75,,4460,47,,,2,32,,4459,47,,,2,72,,4461,47,,,2,30,,4465,47,,,2,70,,4462,47,,,2,31,,4466,47,,,2,70,,4463,47,,,2,30,,4475,47,,,2,70,,4464,47,,,2,29,,4476,47,,,2,74,,4469,47,,,2,31,,4467,33,,,2,65,,4470,33,,,2,108,,4468,33,,,2,34,,4477,33,,,2,100,,4478,33,,,2
2201,'14',1638,,5902,4,0,14,2
2201,'71',1634,,4501,4,,,2
2201,'88',1634,,4506,4,,,2
2300,'71',618,,4520,59,,,2,191,,4525,59,,,2,115,,4507,59,,,2,76,,4510,59,,,2,30,,4508,59,,,2,71,,4511,59,,,2,30,,4509,59,,,2,70,,4512,59,,,2,32,,4515,45,,,2,70,,4513,45,,,2,30,,4516,45,,,2,70,,4514,45,,,2,32,,4517,45,,,2,74,,4518,45,,,2,31,,4528,45,,,2,117,,4530,45,,,2,75,,4519,45,,,2,68,,4526,45,,,2,30,,4521,45,,,2,70,,4527,45,,,2,35,,4522,45,,,2,100,,4523,45,,,2,97,,4524,45,,,2
2300,'72',658,,4531,59,,,2,101,,4532,59,,,2,141,,4533,59,,,2,101,,4534,59,,,2,101,,4535,59,,,2,100,,4536,59,,,2,101,,4537,59,,,2,102,,4538,45,,,2,100,,4539,45,,,2,100,,4540,45,,,2,100,,4541,45,,,2,102,,4542,45,,,2
2300,'73',759,,4543,59,,,2,141,,4544,59,,,2,101,,4545,59,,,2,101,,4546,59,,,2,100,,4547,59,,,2,101,,4548,59,,,2,102,,4549,45,,,2,100,,4550,45,,,2,100,,4551,45,,,2,100,,4552,45,,,2,102,,4553,45,,,2
2301,'14',1637,,5979,4,,,2,1,,5978,4,0,14,2
2301,'71',1634,,4568,4,,,2
2301,'88',1634,,4602,4,,,2
3101,'71',618,,4611,44,0,8 1 14,2,31,,4613,44,0,8 1 14,2,79,,4610,70,0,8 1 14,2,24,,4612,70,0,8 1 14,2,95,,4614,70,0,8 1 14,2,56,,4618,44,0,8 1 14,2,54,,4619,70,0,8 1 14,2,85,,4615,70,0,8 1 14,2,87,,4616,70,0,8 1 14,2,96,,4617,70,0,8 1 14,2,87,,4620,70,0,8 1 14,2,45,,4621,70,0,8 1 14,2,86,,4622,70,0,8 1 14,2,88,,4623,70,0,8 1 14,2,87,,4624,70,0,8 1 14,2,82,,4627,70,0,8 1 14,2,16,,4625,70,0,8 1 14,2,35,,4628,70,0,8 1 14,2,64,,4631,70,0,8 1 14,2,26,,4629,70,0,8 1 14,2,76,,4626,70,0,8 1 14,2,28,,4630,70,0,8 1 14,2
3400,'1',622,,6032,37,,,2,117,,6033,39,,,2,79,,6031,37,,,2,795,,6037,37,,,2,102,,6034,39,,,2,26,,6035,39,,,2,92,,6036,39,,,2
3400,'71',622,,4634,37,,,2,117,,4635,39,,,2,77,,4636,37,,,2,715,,4637,28,,,2,82,,4638,37,,,2,89,,4639,39,,,2,40,,4640,39,,,2,89,,4641,39,,,2
3401,'14',1637,,6048,4,,,2
3401,'71',1635,,4647,4,0,14,2
3501,'1',558,,6049,33,,,2,99,,6050,35,,,2,84,,6051,35,,,2,96,,6052,35,,,2,83,,6053,35,,,2,39,,6054,35,,,2,85,,6055,35,,,2,85,,6056,35,,,2,86,,6057,35,,,2,85,,6058,35,,,2,45,,6059,35,,,2,85,,6060,35,,,2,85,,6061,35,,,2,100,,6062,35,,,2,44,,6064,35,,,2,80,,6065,35,,,2,82,,6066,35,,,2,82,,6067,35,,,2,34,,6063,35,,,2,77,,6068,35,,,2,26,,6069,35,,,2,71,,6070,35,,,2,27,,6071,35,,,2,78,,6072,35,,,2,30,,6073,35,,,2,68,,6074,35,,,2,25,,6075,35,,,2
3501,'2',721,,6076,35,,,2,30,,6077,35,,,2,70,,6078,35,,,2,30,,6079,35,,,2,72,,6080,35,,,2,33,,6081,35,,,2,88,,6082,35,,,2,85,,6083,35,,,2,87,,6084,35,,,2,87,,6085,35,,,2,49,,6086,35,,,2,85,,6088,35,,,2,86,,6089,35,,,2,85,,6090,35,,,2,45,,6091,35,,,2,81,,6092,35,,,2,83,,6087,35,,,2,38,,6093,35,,,2,78,,6094,35,,,2,85,,6095,35,,,2,30,,6096,35,,,2,68,,6097,35,,,2,28,,6098,35,,,2,70,,6099,35,,,2,30,,6100,35,,,2,68,,6101,35,,,2,25,,6102,35,,,2
3501,'3',851,,6103,35,,,2,72,,6104,35,,,2,33,,6105,35,,,2,88,,6106,35,,,2,85,,6107,35,,,2,87,,6108,35,,,2,87,,6109,35,,,2,49,,6110,35,,,2,85,,6111,35,,,2,86,,6112,35,,,2,85,,6114,35,,,2,45,,6115,35,,,2,81,,6116,35,,,2,83,,6117,35,,,2,38,,6118,35,,,2,78,,6119,35,,,2,85,,6113,35,,,2
3501,'71',601,,4652,33,,,2,56,,4653,35,,,2,71,,4654,35,,,2,110,,4658,35,,,2,79,,4655,35,,,2,40,,4656,35,,,2,97,,4659,35,,,2,102,,4660,35,,,2,98,,4657,35,,,2,101,,4662,35,,,2,102,,4661,35,,,2,154,,4663,35,,,2,33,,4664,35,,,2,76,,4665,35,,,2,33,,4666,35,,,2,104,,4667,35,,,2,90,,4670,35,,,2,92,,4671,35,,,2,98,,4672,35,,,2,108,,4668,35,,,2,93,,4669,35,,,2
3501,'72',712,,4673,35,,,2,100,,4674,35,,,2,101,,4675,35,,,2,100,,4676,35,,,2,100,,4677,35,,,2,101,,4678,35,,,2,106,,4679,35,,,2,102,,4680,35,,,2,101,,4681,35,,,2,100,,4682,35,,,2,92,,4683,35,,,2,97,,4684,35,,,2,95,,4685,35,,,2,110,,4686,35,,,2,98,,4687,35,,,2,98,,4688,35,,,2,98,,4689,35,,,2
3501,'73',913,,4690,35,,,2,100,,4691,35,,,2,100,,4692,35,,,2,101,,4693,35,,,2,106,,4694,35,,,2,102,,4695,35,,,2,101,,4696,35,,,2,100,,4697,35,,,2,92,,4698,35,,,2,97,,4699,35,,,2,95,,4700,35,,,2,103,,4701,35,,,2
3600,'1',630,,6120,33,,,2
3600,'13',906,,6121,33,,,2
3600,'71',629,,4702,33,,,2,179,,4703,33,,,2,50,,4705,33,,,2,166,,4706,33,,,2,100,,4707,33,,,2,100,,4708,33,,,2,102,,4704,33,,,2,99,,4709,33,,,2,100,,4710,33,,,2,300,,4711,33,,,2,98,,4714,33,,,2,92,,4715,33,,,2,96,,4716,33,,,2,104,,4712,33,,,2,98,,4713,33,,,2
3600,'72',742,,4717,33,,,2,101,,4718,33,,,2,100,,4719,33,,,2,100,,4720,33,,,2,101,,4721,33,,,2,107,,4722,33,,,2,101,,4723,33,,,2,101,,4724,33,,,2,101,,4725,33,,,2,98,,4726,33,,,2,93,,4727,33,,,2,93,,4728,33,,,2,97,,4729,33,,,2,113,,4730,33,,,2,96,,4731,33,,,2,99,,4732,33,,,2,92,,4733,33,,,2
3600,'73',843,,4734,33,,,2,100,,4735,33,,,2,100,,4736,33,,,2,101,,4737,33,,,2,107,,4738,33,,,2,101,,4739,33,,,2,101,,4740,33,,,2,101,,4741,33,,,2,98,,4742,33,,,2,93,,4743,33,,,2,93,,4744,33,,,2,97,,4745,33,,,2
3900,'71',659,,4838,28,0,14,2,69,,4840,28,0,14,2,79,,4839,28,0,14,2,52,,4837,28,0,14,2
20001,'1',602,,6248,9,0,14,2,24,,6249,9,0,14,2,816,,6250,9,,,2,74,,6251,9,,,2
20001,'2',633,,6252,9,,,2,19,,6253,9,0,14,2,51,,6254,9,,,2
20001,'71',603,,4888,14,0,14,2,22,,4889,14,0,14,2,9,,4890,14,0,14,2,13,,4891,14,0,14,2,800,,4892,14,,,2,72,,4893,14,,,2,81,,4894,14,0,14,2,254,,4895,14,0,14,2
20001,'72',626,,4896,14,,,2,20,,4897,14,0,14,2,58,,4898,14,,,2
5003601,'71',1626,,5045,45,,,2,84,,5043,45,,,2,24,,5044,45,,,2
1200000201,'14',1633,,7317,6,,,1
2000003101,'72',727,,5659,44,0,8 1 14,2,101,,5660,70,0,8 1 14,2,101,,5661,70,0,8 1 14,2,100,,5662,70,0,8 1 14,2,100,,5663,70,0,8 1 14,2,100,,5664,70,0,8 1 14,2,100,,5665,70,0,8 1 14,2,199,,5666,70,0,8 1 14,2,102,,5667,70,0,8 1 14,2,102,,5668,70,0,8 1 14,2,98,,5669,70,0,8 1 14,2
2000003101,'73',828,,5671,44,0,8 1 14,2,100,,5672,70,0,8 1 14,2,101,,5673,70,0,8 1 14,2,100,,5674,70,0,8 1 14,2,100,,5675,70,0,8 1 14,2,100,,5676,70,0,8 1 14,2,199,,5677,70,0,8 1 14,2,102,,5678,70,0,8 1 14,2,102,,5679,70,0,8 1 14,2,98,,5680,70,0,8 1 14,2
2000003400,'2',733,,7742,37,,,2,85,,7743,39,,,2,86,,7744,39,,,2,45,,7745,39,,,2,87,,7746,39,,,2,86,,7747,39,,,2,85,,7748,39,,,2,48,,7749,39,,,2,171,,7750,39,,,2,83,,7751,39,,,2,47,,7752,39,,,2,83,,7753,39,,,2,90,,7754,39,,,2,82,,7755,39,,,2,41,,7756,39,,,2
2000003400,'3',818,,7757,37,,,2,86,,7758,39,,,2,45,,7759,39,,,2,87,,7760,39,,,2,86,,7761,39,,,2,85,,7762,39,,,2,48,,7763,39,,,2,171,,7764,39,,,2,83,,7765,39,,,2,47,,7766,39,,,2,83,,7767,39,,,2,90,,7768,39,,,2,82,,7769,39,,,2,41,,7770,39,,,2
2000003400,'72',733,,5682,37,,,2,85,,5683,39,,,2,85,,5684,39,,,2,45,,5685,39,,,2,85,,5686,39,,,2,86,,5687,39,,,2,85,,5688,39,,,2,45,,5689,39,,,2,174,,5690,39,,,2,81,,5691,39,,,2,52,,5692,39,,,2,78,,5693,39,,,2,93,,5694,39,,,2,78,,5695,39,,,2,47,,5696,39,,,2
2000003400,'73',818,,5697,37,,,2,85,,5698,39,,,2,45,,5699,39,,,2,85,,5700,39,,,2,86,,5701,39,,,2,85,,5702,39,,,2,45,,5703,39,,,2,174,,5704,39,,,2,81,,5705,39,,,2,52,,5706,39,,,2,78,,5707,39,,,2,93,,5708,39,,,2,78,,5709,39,,,2,47,,5710,39,,,2
