1300,'1',650,,125,45,4,,2,71,,127,45,4,,2,23,,126,45,4,,2,79,,128,45,4,,2,81,,124,45,4,,2,710,,129,45,4,,2,95,,132,45,4,,2,13,,130,45,4,,2,79,,133,45,4,,2,23,,131,45,4,,2
1300,'17',907,,134,40,4,,2
1300,'3',650,,136,45,4,,2,71,,138,45,4,,2,23,,137,45,4,,2,79,,139,45,4,,2,32,,135,45,4,,2,759,,140,45,4,,2,95,,141,45,4,,2,13,,142,45,4,,2,79,,144,45,4,,2,23,,143,45,4,,2
1300,'4',650,,146,45,4,,2,71,,148,45,4,,2,23,,147,45,4,,2,79,,149,45,4,,2,32,,145,45,4,,2,759,,151,45,4,,2,95,,153,45,4,,2,13,,152,45,4,,2,79,,154,45,4,,2,23,,150,45,4,,2
1301,'1',645,,156,1,,,2,79,3,157,1,,,2,32,6,155,1,,,2,846,,160,1,,,2,18,6,158,1,,,2,39,6,161,1,,,2,66,3,159,1,,,2
1301,'3',645,,164,1,,,2,79,3,165,1,,,2,32,6,163,1,,,2,846,,167,1,,,2,18,6,166,1,,,2,39,,169,1,,,2,66,3,168,1,,,2
1301,'4',645,,171,1,,,2,79,3,172,1,,,2,32,6,170,1,,,2,846,,175,1,,,2,18,6,173,1,,,2,39,,176,1,,,2,66,3,174,1,,,2
1200000200,'1',532,,1428,1,,,1,15,,1431,1,,,1,55,48,1432,1,,,1,15,2,1436,1,,,1,15,9,1430,1,,,1,14,,1440,1,,,1,56,52,1427,1,,,1,15,5,1434,1,,,1,15,,1442,1,,,1,15,16,1438,1,,,1,55,55,1435,1,,,1,15,,1443,1,,,1,19,21,1433,1,,,1,15,3,1446,1,,,1,57,6,1439,1,,,1,17,16,1441,1,,,1,15,,1447,1,,,1,15,3,1445,1,,,1,55,,1449,1,,,1,15,,1451,1,,,1,15,9,1444,1,,,1,15,,1452,1,,,1,55,,1453,1,,,1,15,,1454,1,,,1,15,,1455,1,,,1,15,,1457,1,,,1,55,62,1448,1,,,1,15,7,1450,1,,,1,15,,1460,1,,,1,15,,1461,1,,,1,55,,1463,1,,,1,15,15,1459,1,,,1,15,,1464,1,,,1,60,50,1456,1,,,1,12,7,1458,1,,,1,15,,1465,1,,,1,14,,1466,1,,,1,16,,1467,1,,,1,52,,1468,1,,,1,14,16,1462,1,,,1,14,,1471,1,,,1,13,,1473,1,,,1,52,,1474,1,,,1,18,,1477,1,,,1,16,,1480,1,,,1,17,,1481,1,,,1,57,8,1478,1,,,1,15,13,1479,1,,,1,15,13,1470,1,,,1,15,10,1469,1,,,1,55,59,1475,1,,,1,15,19,1472,1,,,1,30,,1483,1,,,1,70,,1487,1,,,1,30,6,1482,1,,,1,70,,1489,1,,,1,30,,1490,1,,,1,70,10,1485,1,,,1,30,5,1484,1,,,1,73,6,1488,1,,,1,27,8,1491,1,,,1,70,9,1486,1,0,14,1
1200000200,'3',532,,1496,1,,,1,15,,1500,1,,,1,55,48,1502,1,,,1,15,2,1504,1,,,1,15,,1506,1,,,1,14,,1508,1,,,1,56,52,1495,1,,,1,15,5,1509,1,,,1,15,14,1499,1,,,1,15,13,1497,1,,,1,55,51,1501,1,,,1,15,8,1503,1,,,1,19,11,1505,1,,,1,15,12,1507,1,,,1,74,,1510,1,,,1,30,,1512,1,,,1,70,,1514,1,,,1,30,,1515,1,,,1,70,,1516,1,,,1,30,25,1511,1,,,1,70,66,1513,1,,,1,30,,1517,1,,,1,70,,1519,1,,,1,75,,1521,1,,,1,12,,1522,1,,,1,15,,1525,1,,,1,14,,1527,1,,,1,16,,1529,1,,,1,52,,1531,1,,,1,14,21,1518,1,,,1,14,,1532,1,,,1,13,19,1520,1,,,1,52,,1533,1,,,1,18,61,1524,1,,,1,16,10,1523,1,,,1,17,9,1526,1,,,1,57,53,1528,1,,,1,15,10,1530,1,,,1,30,,1535,1,,,1,70,24,1534,1,,,1,30,,1537,1,,,1,70,,1541,1,,,1,30,3,1536,1,,,1,70,,1543,1,,,1,30,,1544,1,,,1,70,11,1539,1,,,1,30,6,1538,1,,,1,73,6,1542,1,,,1,27,9,1545,1,,,1,70,10,1540,1,0,14,1
1200000200,'4',532,,1547,1,,,1,15,,1551,1,,,1,55,48,1550,1,,,1,15,2,1553,1,,,1,15,,1556,1,,,1,14,,1559,1,,,1,56,52,1546,1,,,1,15,5,1560,1,,,1,15,12,1549,1,,,1,15,16,1555,1,,,1,55,55,1558,1,,,1,15,64,1552,1,,,1,19,7,1554,1,,,1,15,7,1557,1,,,1,74,,1563,1,,,1,30,,1565,1,,,1,70,,1569,1,,,1,30,,1572,1,,,1,70,,1574,1,,,1,30,23,1564,1,,,1,70,24,1566,1,,,1,30,,1576,1,,,1,70,,1581,1,,,1,75,,1583,1,,,1,12,,1585,1,,,1,15,,1588,1,,,1,14,,1590,1,,,1,16,,1592,1,,,1,52,,1593,1,,,1,14,20,1577,1,,,1,14,19,1580,1,,,1,13,16,1582,1,,,1,52,,1594,1,,,1,18,17,1587,1,,,1,16,19,1584,1,,,1,17,20,1586,1,,,1,57,58,1589,1,,,1,15,17,1591,1,,,1,15,,1600,1,,,1,15,4,1597,1,,,1,70,7,1595,1,,,1,30,4,1598,1,,,1,70,5,1599,1,,,1,30,10,1601,1,,,1,70,,1605,1,,,1,30,,1606,1,,,1,70,11,1602,1,,,1,30,9,1596,1,,,1,73,6,1604,1,,,1,27,8,1607,1,,,1,70,9,1603,1,0,14,1
1200000200,'6',655,3,1610,1,,,1,70,3,1613,1,,,1,30,8,1614,1,,,1,70,14,1608,1,,,1,30,14,1609,1,,,1,70,12,1612,1,,,1,30,5,1611,1,,,1,70,,1615,1,,,1,30,,1616,1,,,1,70,,1618,1,,,1,30,6,1617,1,,,1,70,,1620,1,,,1,30,,1621,1,,,1,70,,1622,1,,,1,30,,1623,1,,,1,70,,1624,1,,,1,30,5,1619,1,,,1,70,,1626,1,,,1,30,5,1625,1,,,1,70,,1629,1,,,1,30,6,1628,1,,,1,70,,1633,1,,,1,30,4,1631,1,,,1,70,,1638,1,,,1,30,5,1636,1,,,1,70,9,1627,1,,,1,30,7,1639,1,,,1,70,6,1634,1,,,1,30,7,1632,1,,,1,70,,1640,1,,,1,30,8,1630,1,,,1,70,8,1635,1,,,1,30,7,1637,1,,,1
1200000200,'7',1925,3,1641,1,,,1,30,13,1642,1,,,1
1200000200,'9',655,3,1643,1,,,1,70,3,1645,1,,,1,30,3,1646,1,,,1,70,3,1648,1,,,1,30,,1649,1,,,1,70,12,1644,1,,,1,30,7,1650,1,,,1,70,9,1647,1,,,1,30,5,1651,1,,,1,70,,1653,1,,,1,30,6,1652,1,,,1,70,,1655,1,,,1,30,,1656,1,,,1,70,,1657,1,,,1,30,,1658,1,,,1,70,,1660,1,,,1,30,5,1654,1,,,1,70,,1662,1,,,1,30,5,1661,1,,,1,70,,1664,1,,,1,30,6,1663,1,,,1,70,,1666,1,,,1,30,,1667,1,,,1,70,3,1665,1,,,1,30,5,1659,1,,,1
1200000201,'1',554,,1675,19,4,,1,61,,1682,19,4,,1,17,,1687,19,4,,1,18,,1668,49,4,,1,62,,1678,19,4,,1,10,,1672,63,4,,1,9,,1685,49,4,,1,8,,1671,63,4,,1,8,,1680,49,4,,1,9,,1674,63,4,,1,59,,1676,63,4,,1,11,,1670,63,4,,1,9,,1683,63,4,,1,16,,1673,63,4,,1,58,,1689,63,4,,1,16,,1669,63,4,,1,14,,1679,63,4,,1,15,,1691,63,4,,1,51,,1686,63,4,,1,14,,1681,63,4,,1,12,,1692,63,4,,1,16,,1677,63,4,,1,12,,1695,63,4,,1,57,,1688,63,4,,1,18,,1690,63,4,,1,14,,1696,63,4,,1,55,,1694,63,4,,1,15,,1698,63,4,,1,15,,1700,63,4,,1,15,,1693,63,4,,1,58,,1701,63,4,,1,15,,1702,63,4,,1,15,,1703,63,4,,1,14,,1704,63,4,,1,55,,1706,63,4,,1,16,,1697,63,4,,1,15,,1699,63,4,,1,15,,1709,63,4,,1,56,,1710,63,4,,1,15,,1712,63,4,,1,17,,1708,63,4,,1,17,,1713,63,4,,1,53,,1714,63,4,,1,15,,1705,63,4,,1,22,,1707,63,4,,1,58,,1715,63,4,,1,12,,1716,63,4,,1,8,,1725,49,4,,1,13,,1718,63,4,,1,8,,1720,63,4,,1,12,,1711,63,4,,1,49,,1723,63,4,,1,12,,1726,63,4,,1,11,,1727,63,4,,1,12,,1731,63,4,,1,10,,1734,63,4,,1,54,,1719,63,4,,1,7,,1717,63,4,,1,7,,1732,63,4,,1,13,,1733,63,4,,1,14,,1722,63,4,,1,12,,1721,63,4,,1,54,,1728,63,4,,1,14,,1724,63,4,,1,20,,1729,63,4,,1,69,,1736,63,4,,1,32,,1730,63,4,,1,75,,1738,63,4,,1,25,,1740,63,4,,1,69,,1737,63,4,,1,24,,1735,63,4,,1,72,,1739,63,4,,1,43,,1741,63,4,,1
1200000201,'21',1657,,1745,63,4,,1,53,,1746,63,4,,1
1200000201,'3',554,,1755,19,4,,1,61,,1758,19,4,,1,17,,1761,19,4,,1,18,,1747,49,4,,1,62,,1765,19,4,,1,6,,1751,63,4,,1,16,,1749,63,4,,1,17,,1753,63,4,,1,58,,1756,63,4,,1,16,,1759,63,4,,1,14,,1762,63,4,,1,15,,1764,63,4,,1,56,,1748,63,4,,1,14,,1766,63,4,,1,15,,1752,63,4,,1,14,,1750,63,4,,1,54,,1754,63,4,,1,18,,1757,63,4,,1,18,,1760,63,4,,1,13,,1763,63,4,,1,74,,1767,63,4,,1,29,,1769,63,4,,1,70,,1771,63,4,,1,72,,1772,63,4,,1,30,,1773,63,4,,1,69,,1768,63,4,,1,31,,1770,63,4,,1,71,,1774,63,4,,1,29,,1776,63,4,,1,28,,1781,63,4,,1,52,,1778,63,4,,1,15,,1779,63,4,,1,18,,1783,63,4,,1,13,,1785,63,4,,1,58,,1787,63,4,,1,8,,1789,63,4,,1,14,,1775,63,4,,1,15,,1790,63,4,,1,52,,1777,63,4,,1,14,,1792,63,4,,1,13,,1782,63,4,,1,14,,1780,63,4,,1,55,,1784,63,4,,1,14,,1786,63,4,,1,14,,1788,63,4,,1,28,,1795,63,4,,1,69,,1794,63,4,,1,20,,1791,63,4,,1,69,,1797,63,4,,1,32,,1793,63,4,,1,76,,1799,63,4,,1,24,,1801,63,4,,1,69,,1798,63,4,,1,25,,1796,63,4,,1,72,,1800,63,4,,1,43,,1802,63,4,,1
1200000201,'4',554,,1808,19,4,,1,61,,1812,19,4,,1,17,,1817,19,4,,1,18,,1803,49,4,,1,62,,1823,19,4,,1,8,,1806,63,4,,1,11,,1815,49,4,,1,5,,1805,63,4,,1,11,,1820,49,4,,1,6,,1810,63,4,,1,59,,1809,63,4,,1,17,,1813,63,4,,1,15,,1818,63,4,,1,15,,1822,63,4,,1,55,,1804,63,4,,1,14,,1824,63,4,,1,15,,1807,63,4,,1,14,,1816,63,4,,1,54,,1821,63,4,,1,16,,1811,63,4,,1,18,,1814,63,4,,1,12,,1819,63,4,,1,75,,1827,63,4,,1,69,,1829,63,4,,1,30,,1833,63,4,,1,72,,1836,63,4,,1,29,,1838,63,4,,1,69,,1828,63,4,,1,31,,1830,63,4,,1,71,,1840,63,4,,1,15,,1843,63,4,,1,16,,1845,63,4,,1,18,,1839,63,4,,1,51,,1851,63,4,,1,14,,1847,63,4,,1,16,,1849,63,4,,1,19,,1853,63,4,,1,56,,1855,63,4,,1,21,,1857,63,4,,1,9,,1858,63,4,,1,12,,1841,63,4,,1,7,,1844,63,4,,1,54,,1846,63,4,,1,9,,1861,63,4,,1,15,,1852,63,4,,1,13,,1848,63,4,,1,54,,1850,63,4,,1,7,,1859,63,4,,1,8,,1854,63,4,,1,14,,1856,63,4,,1,14,,1866,63,4,,1,12,,1865,63,4,,1,68,,1862,63,4,,1,20,,1860,63,4,,1,69,,1867,63,4,,1,32,,1863,63,4,,1,76,,1869,63,4,,1,25,,1871,63,4,,1,69,,1868,63,4,,1,24,,1864,63,4,,1,72,,1870,63,4,,1,43,,1872,63,4,,1
1200000201,'6',652,,1878,19,4,,1,70,,1884,19,4,,1,19,,1875,63,4,,1,70,,1873,63,4,,1,30,,1876,63,4,,1,72,,1882,63,4,,1,31,,1887,63,4,,1,72,,1880,63,4,,1,31,,1879,63,4,,1,69,,1885,63,4,,1,30,,1886,63,4,,1,71,,1874,63,4,,1,31,,1877,63,4,,1,72,,1883,63,4,,1,30,,1881,63,4,,1,69,,1888,63,4,,1,32,,1889,63,4,,1,71,,1891,63,4,,1,32,,1890,63,4,,1,69,,1893,63,4,,1,29,,1894,63,4,,1,72,,1895,63,4,,1,31,,1896,63,4,,1,66,,1897,63,4,,1,28,,1892,63,4,,1,67,,1899,63,4,,1,26,,1898,63,4,,1,80,,1907,63,4,,1,29,,1905,63,4,,1,69,,1900,63,4,,1,28,,1908,63,4,,1,69,,1903,63,4,,1,29,,1902,63,4,,1,70,,1909,63,4,,1,29,,1901,63,4,,1,71,,1904,63,4,,1,40,,1906,63,4,,1
1200000201,'7',2120,,1910,63,4,,1,28,,1911,63,4,,1
1200000201,'9',652,,1913,19,4,,1,70,,1917,19,4,,1,30,,1920,19,4,,1,70,,1924,19,4,,1,19,,1912,63,4,,1,72,,1915,63,4,,1,31,,1919,63,4,,1,72,,1922,63,4,,1,31,,1914,63,4,,1,69,,1918,63,4,,1,30,,1921,63,4,,1,71,,1925,63,4,,1,31,,1926,63,4,,1,72,,1916,63,4,,1,30,,1927,63,4,,1,69,,1923,63,4,,1,32,,1928,63,4,,1,71,,1930,63,4,,1,32,,1929,63,4,,1,69,,1932,63,4,,1,29,,1933,63,4,,1,72,,1934,63,4,,1,31,,1935,63,4,,1,66,,1937,63,4,,1,28,,1931,63,4,,1,67,,1939,63,4,,1,26,,1938,63,4,,1,80,,1940,63,4,,1,29,,1936,63,4,,1
