2200,'1',558,,5864,9,,,2,67,,5873,47,,,2,22,,5865,9,,,2,70,,5877,9,,,2,26,,5879,47,,,2,83,,5878,9,,,2,89,,5874,9,,,2,109,,5866,9,,,2,100,,5867,9,,,2,100,,5868,9,,,2,100,,5870,9,,,2,102,,5871,9,,,2
2200,'71',558,,4456,9,,,2,67,,4471,47,,,2,22,,4457,9,,,2,70,,4472,9,,,2,26,,4474,47,,,2,83,,4473,9,0,14 1 15,2,89,,4458,9,,,2,35,,4460,9,,,2,72,,4459,9,,,2,32,,4461,9,,,2,70,,4465,9,,,2,30,,4462,9,,,2,71,,4466,9,,,2,30,,4463,9,,,2,70,,4475,9,,,2,30,,4464,9,,,2,69,,4476,9,,,2,34,,4469,9,,,2
2201,'1',1528,,5900,39,,,2,80,,5891,39,,,2,96,,5888,39,,,2,30,,5895,39,,,2,70,,5889,39,,,2,29,,5896,39,,,2,67,,5901,39,,,2,24,,5897,39,,,2
2201,'14',1704,,5903,43,,,2
2201,'71',1528,,4491,41,,,2,25,,4493,41,,,2,55,,4500,41,,,2,51,,4501,45,,,2,71,,4502,41,,,2,74,,4492,41,,,2,31,,4503,41,,,2,65,,4505,41,,,2,24,,4504,41,,,2
2201,'88',1659,,4506,45,,,2
22100,'15',706,,6288,9,,,2
22100,'84',706,,4923,9,,,2
22101,'85',1543,,4924,37,,,2
22500,'12',814,,6290,23,,,2
22500,'82',814,,4927,23,,,2
22501,'83',1652,,4928,15,,,2
22900,'13',842,,6291,9,,,2
22900,'87',842,,4929,9,,,2
22901,'14',1641,,6292,16,,,2
22901,'88',1641,,4930,16,,,2
