24101,'85',1529,,4938,20,,,2
24501,'83',1655,,4942,14,,,2
905231701,'27',2308,,6491,65,4,,2,29,,6494,65,4,,2,70,,6489,65,4,,2,30,,6492,65,4,,2,70,,6490,65,4,,2,30,,6493,65,4,,2,70,,6495,65,4,,2
905231701,'28',2308,,6498,65,4,,2,29,,6501,65,4,,2,70,,6496,65,4,,2,30,,6499,65,4,,2,70,,6497,65,4,,2,30,,6500,65,4,,2,70,,6502,65,4,,2
905231701,'29',2308,,6505,65,4,,2,29,,6508,65,4,,2,70,,6503,65,4,,2,30,,6506,65,4,,2,70,,6504,65,4,,2,30,,6507,65,4,,2,70,,6509,65,4,,2
1200000101,'1',1614,,7148,69,,,1,32,,7149,69,,,1,71,,7150,69,,,1,30,,7151,69,,,1
1200000101,'71',1610,,5070,69,,,1,32,,5071,69,,,1,71,,5069,69,,,1,30,,5072,69,,,1
1200000301,'1',617,,7508,18,,,1,28,,7513,18,,,1,77,,7506,31,,,1,20,,7510,31,,,1,75,,7516,31,,,1,29,,7511,31,,,1,65,,7519,31,,,1,25,,7507,31,,,1,69,,7517,31,,,1,27,,7515,31,,,1,73,,7520,31,,,1,33,,7521,31,,,1,70,,7523,31,,,1,33,,7525,31,,,1,72,,7527,31,,,1,29,,7522,31,,,1,70,,7524,31,,,1,28,,7526,31,,,1,70,,7528,31,,,1,36,,7529,31,,,1,60,,7532,28,,,1,23,,7530,28,,,1,18,,7535,28,,,1,59,,7534,28,,,1,11,,7539,28,,,1,13,,7537,28,,,1,14,,7538,28,,,1,56,,7541,28,,,1,14,,7533,28,,,1,12,,7536,28,,,1,15,,7531,28,,,1,69,,7540,28,,,1,24,,7544,31,,,1,24,,7542,31,,,1,71,,7543,31,,,1,30,,7545,31,,,1,69,,7546,31,,,1,73,,7549,31,,,1,31,,7547,18,,,1,70,,7550,18,,,1,28,,7548,18,,,1,70,,7551,18,,,1,39,,7552,18,,,1
1200000301,'2',757,,7553,31,,,1,70,,7556,31,,,1,31,,7559,31,,,1,72,,7562,31,,,1,71,,7554,31,,,1,32,,7557,31,,,1,71,,7560,31,,,1,31,,7563,31,,,1,71,,7555,31,,,1,31,,7558,31,,,1,71,,7561,31,,,1,31,,7564,31,,,1,71,,7565,31,,,1,30,,7568,31,,,1,70,,7574,31,,,1,30,,7571,31,,,1,70,,7566,31,,,1,31,,7569,31,,,1,71,,7575,31,,,1,27,,7572,31,,,1,68,,7567,31,,,1,28,,7570,31,,,1,67,,7576,31,,,1,27,,7573,31,,,1,75,,7577,18,,,1,100,,7578,18,,,1,96,,7579,18,,,1,58,,7580,18,,,1,78,,7581,18,,,1,102,,7582,18,,,1
1200000301,'27',2231,,7584,21,,,1,70,,7587,21,,,1,30,,7589,21,,,1,83,,7585,21,,,1,28,,7588,21,,,1,70,,7583,21,,,1,30,,7586,21,,,1
1200000301,'28',2231,,7591,21,,,1,70,,7594,21,,,1,30,,7596,21,,,1,83,,7592,21,,,1,28,,7595,21,,,1,70,,7590,21,,,1,30,,7593,21,,,1
1200000301,'29',2231,,7598,21,,,1,70,,7601,21,,,1,30,,7603,21,,,1,83,,7599,21,,,1,28,,7602,21,,,1,70,,7597,21,,,1,30,,7600,21,,,1
1200000301,'3',827,,7604,31,,,1,31,,7606,31,,,1,72,,7612,31,,,1,71,,7609,31,,,1,32,,7605,31,,,1,71,,7607,31,,,1,31,,7613,31,,,1,71,,7610,31,,,1,31,,7614,31,,,1,71,,7608,31,,,1,31,,7616,31,,,1,71,,7611,31,,,1,30,,7615,31,,,1,70,,7618,31,,,1,30,,7617,31,,,1,70,,7621,31,,,1,31,,7623,31,,,1,71,,7619,31,,,1,27,,7627,31,,,1,68,,7622,31,,,1,28,,7624,31,,,1,67,,7620,31,,,1,27,,7628,31,,,1,75,,7625,18,,,1,121,,7626,18,,,1
1200000301,'71',617,,5456,18,,,1,28,,5460,18,,,1,78,,5454,31,,,1,20,,5458,31,,,1,77,,5466,31,,,1,27,,5463,31,,,1,66,,5469,31,,,1,26,,5455,31,,,1,69,,5465,31,,,1,27,,5467,31,,,1,76,,5470,31,,,1,20,,5471,31,,,1,20,,5473,31,,,1,60,,5475,31,,,1,23,,5476,31,,,1,20,,5478,31,,,1,62,,5480,31,,,1,19,,5472,31,,,1,20,,5474,31,,,1,60,,5481,31,,,1,18,,5477,31,,,1,20,,5479,31,,,1,59,,5483,31,,,1,25,,5484,31,,,1,13,,5485,28,,,1,56,,5486,28,,,1,23,,5482,28,,,1,18,,5494,28,,,1,59,,5490,28,,,1,11,,5493,28,,,1,13,,5488,28,,,1,14,,5487,28,,,1,56,,5497,28,,,1,16,,5496,28,,,1,10,,5495,28,,,1,17,,5492,28,,,1,11,,5489,28,,,1,56,,5491,28,,,1,22,,5498,31,,,1,27,,5499,31,,,1,71,,5501,31,,,1,70,,5500,31,,,1,29,,5502,31,,,1,73,,5505,31,,,1,30,,5503,18,,,1,70,,5506,18,,,1,28,,5504,18,,,1,70,,5507,18,,,1,39,,5508,18,,,1
1200000301,'72',758,,5511,31,,,1,70,,5510,31,,,1,31,,5514,31,,,1,70,,5515,31,,,1,71,,5516,31,,,1,31,,5509,31,,,1,72,,5513,31,,,1,30,,5512,31,,,1,70,,5517,31,,,1,30,,5518,31,,,1,71,,5520,31,,,1,30,,5519,31,,,1,71,,5522,31,,,1,30,,5523,31,,,1,71,,5524,31,,,1,30,,5525,31,,,1,69,,5526,31,,,1,31,,5521,31,,,1,72,,5528,31,,,1,29,,5527,31,,,1,68,,5530,31,,,1,28,,5529,31,,,1,69,,5531,31,,,1,24,,5535,31,,,1,78,,5532,18,,,1,100,,5533,18,,,1,96,,5534,18,,,1,59,,5536,18,,,1,78,,5537,18,,,1,102,,5538,18,,,1
1200000301,'73',828,,5539,31,,,1,31,,5541,31,,,1,70,,5542,31,,,1,71,,5543,31,,,1,31,,5544,31,,,1,72,,5540,31,,,1,30,,5545,31,,,1,70,,5547,31,,,1,30,,5546,31,,,1,71,,5549,31,,,1,30,,5548,31,,,1,71,,5551,31,,,1,30,,5552,31,,,1,71,,5553,31,,,1,30,,5554,31,,,1,69,,5555,31,,,1,31,,5550,31,,,1,72,,5557,31,,,1,29,,5556,31,,,1,68,,5559,31,,,1,28,,5558,31,,,1,69,,5560,31,,,1,24,,5563,31,,,1,78,,5561,18,,,1,121,,5562,18,,,1
