15500,'12',835,,6239,20,,,2
15500,'82',835,,4874,20,,,2
15600,'12',832,,6240,21,,,2
15600,'82',832,,4875,21,,,2
20000,'1',919,,6243,17,0,38,2,28,,6242,17,0,38,2,1189,,6244,5,0,38,2,218,,6245,5,0,38,2
20000,'2',1908,,6246,5,0,38,2,445,,6247,5,0,38,2
20000,'71',917,,4882,17,,,2,28,,4879,17,,,2,66,,4881,17,,,2,29,,4880,17,,,2,689,,4883,5,,,2,273,,4884,5,,,2,134,,4886,5,,,2,218,,4885,5,,,2
20000,'72',2351,,4887,5,,,2
21000,'1',1115,,6255,23,0,38,2,33,,6256,23,0,38,2,585,,6258,23,0,38,2,69,,6260,23,0,38,2,28,,6259,23,0,38,2,80,,6257,23,0,38,2,132,,6261,23,0,38,2
21000,'2',1250,,6262,23,0,38,2,71,,6263,23,0,38,2,31,,6264,23,0,38,2,71,,6265,23,0,38,2,496,,6266,23,0,38,2,93,,6267,23,0,38,2
21000,'3',1219,,6269,23,0,38,2,133,,6268,23,0,38,2,172,,6270,23,0,38,2,100,,6271,23,0,38,2
21000,'71',1118,,4899,21,,,2,36,,4900,21,,,2,246,,4902,21,,,2,39,,4901,21,,,2,277,,4903,21,,,2,18,,4907,21,,,2,68,,4905,21,,,2,27,,4904,21,,,2,81,,4906,21,,,2,132,,4908,21,,,2
35000,'13',910,,6306,4,0,38,2
35000,'71',910,,4951,4,,,2
38000,'1',1705,,6312,18,0,38,2,46,,6310,18,0,38,2,86,,6311,18,0,38,2
38000,'71',1708,,4961,18,,,2,42,,4960,18,,,2,79,,4959,18,,,2
