2200,'1',554,,5864,4,,,2,67,,5873,42,,,2,22,,5865,4,,,2,70,,5877,4,,,2,27,,5879,42,,,2,83,,5878,4,,,2,89,,5874,4,,,2,109,,5866,4,,,2,100,,5867,4,,,2,100,,5868,4,,,2,100,,5870,4,,,2,102,,5871,4,,,2
2200,'71',554,,4456,4,,,2,67,,4471,42,,,2,22,,4457,4,,,2,70,,4472,4,,,2,27,,4474,42,,,2,83,,4473,4,0,14 1 15,2,89,,4458,4,,,2,35,,4460,4,,,2,72,,4459,4,,,2,32,,4461,4,,,2,70,,4465,4,,,2,30,,4462,4,,,2,71,,4466,4,,,2,30,,4463,4,,,2,70,,4475,4,,,2,30,,4464,4,,,2,69,,4476,4,,,2,34,,4469,4,,,2
2201,'1',1525,,5900,34,,,2,80,,5891,34,,,2,96,,5888,34,,,2,30,,5895,34,,,2,70,,5889,34,,,2,29,,5896,34,,,2,27,,5901,34,,,2,64,,5897,34,,,2
2201,'14',1701,,5903,38,,,2
2201,'71',1525,,4491,36,,,2,25,,4493,36,,,2,55,,4500,36,,,2,51,,4501,40,,,2,71,,4502,36,,,2,74,,4492,36,,,2,31,,4503,36,,,2,25,,4505,36,,,2,64,,4504,36,,,2
2201,'88',1656,,4506,40,,,2
22100,'15',703,,6288,4,,,2
22100,'84',703,,4923,4,,,2
22101,'85',1540,,4924,32,,,2
22500,'12',810,,6290,18,,,2
22500,'82',810,,4927,18,,,2
22501,'83',1649,,4928,10,,,2
22900,'13',839,,6291,4,,,2
22900,'87',839,,4929,4,,,2
22901,'14',1638,,6292,11,,,2
22901,'88',1638,,4930,11,,,2
