11501,'83',1615,,4853,8,,,2
12501,'83',1610,,4857,8,,,2
12601,'83',1618,,4859,8,,,2
12701,'83',1609,,4861,8,,,2
1001101,'1',607,,6326,26,,,1,33,,6323,26,,,1,70,,6327,26,,,1,33,,6324,26,,,1,64,,6320,26,,,1,41,,6325,26,,,1,83,,6328,26,,,1,70,,6329,26,,,1,35,,6333,26,,,1,70,,6330,26,,,1,35,,6334,26,,,1,70,,6331,26,,,1,33,,6335,26,,,1,70,,6332,26,,,1,37,,6336,26,,,1,70,,6338,26,,,1,88,,6337,26,,,1,31,,6339,26,,,1,85,,6341,26,,,1,25,,6340,26,,,1,63,,6344,26,,,1,27,,6342,26,,,1,74,,6345,26,,,1,29,,6343,26,,,1,71,,6346,26,,,1,100,,6347,26,,,1,99,,6348,26,,,1,100,,6349,26,,,1
1001101,'2',810,,6352,26,,,1,102,,6353,26,,,1,101,,6354,26,,,1,100,,6355,26,,,1,98,,6359,26,,,1,100,,6360,26,,,1,102,,6358,26,,,1,100,,6356,26,,,1,99,,6357,26,,,1,100,,6361,26,,,1,100,,6362,26,,,1,100,,6363,26,,,1,99,,6364,26,,,1,100,,6365,26,,,1,100,,6366,26,,,1
1001101,'3',1013,,6369,26,,,1,100,,6372,26,,,1,98,,6373,26,,,1,100,,6370,26,,,1,102,,6371,26,,,1,100,,6374,26,,,1,99,,6375,26,,,1,100,,6376,26,,,1,100,,6377,26,,,1
1001101,'71',607,,4973,26,,,1,33,,4970,26,,,1,70,,4974,26,,,1,33,,4971,26,,,1,64,,4976,26,,,1,41,,4972,26,,,1,83,,4978,26,,,1,70,,4975,26,,,1,35,,4979,26,,,1,70,,4982,26,,,1,35,,4980,26,,,1,70,,4983,26,,,1,33,,4981,26,,,1,70,,4984,26,,,1,37,,4986,26,,,1,70,,4985,26,,,1,88,,4987,26,,,1,31,,4989,26,,,1,85,,4988,26,,,1,25,,4990,26,,,1,63,,4993,26,,,1,27,,4991,26,,,1,74,,4994,26,,,1,29,,4992,26,,,1,71,,4995,26,,,1,100,,4996,26,,,1,99,,4997,26,,,1,100,,4998,26,,,1
1001101,'72',810,,5000,26,,,1,102,,5001,26,,,1,101,,5002,26,,,1,100,,5004,26,,,1,98,,5005,26,,,1,100,,5006,26,,,1,102,,5007,26,,,1,100,,5008,26,,,1,99,,5009,26,,,1,100,,5010,26,,,1,100,,5011,26,,,1,100,,5012,26,,,1,99,,5013,26,,,1,100,,5014,26,,,1,100,,5015,26,,,1
1001101,'73',1013,,5018,26,,,1,100,,5019,26,,,1,98,,5020,26,,,1,100,,5021,26,,,1,102,,5022,26,,,1,100,,5023,26,,,1,99,,5024,26,,,1,100,,5025,26,,,1,100,,5026,26,,,1
