20000,'1',850,,1044,11,,,2,66,,1043,11,,,2,28,,1042,11,,,2,70,,1041,11,,,2
20000,'3',835,,1050,11,,,2,76,,1049,11,,,2
20000,'4',839,,1055,11,,,2,76,,1054,11,,,2
5002301,'1',1553,,1319,11,,,2,77,,1317,11,,,2,26,,1316,11,,,2,158,,1318,11,,,2
5002301,'2',1621,,1322,11,,,2,29,,1320,11,,,2,164,,1321,11,,,2
5002401,'1',1554,,1330,11,,,2,77,,1328,11,,,2,26,,1329,11,,,2
5002401,'2',1622,,1331,11,,,2,29,,1332,11,,,2
5003401,'1',1626,,1339,11,,,2
5003401,'3',1614,,1340,11,,,2
5003401,'4',1619,,1341,11,,,2
5003601,'1',1544,,1350,11,,,2,82,,1348,11,,,2,24,,1349,11,,,2
5003601,'3',1616,,1351,11,,,2,27,,1352,11,,,2
5003601,'4',1619,,1353,11,,,2,24,,1354,11,,,2
5003701,'1',1546,,1365,11,,,2,105,,1364,11,,,2,159,,1366,11,,,2
5003701,'3',1643,,1367,11,,,2
5003701,'4',1644,,1368,11,,,2,164,,1369,11,,,2
5003801,'1',1627,,1371,11,,,2,90,,1370,11,,,2
5003801,'3',1615,,1373,11,,,2,93,,1372,11,,,2
5003801,'4',1620,,1375,11,,,2,91,,1374,11,,,2
1200000201,'1',628,,1672,11,,,1,15,,1671,11,,,1,16,,1674,11,,,1,58,,1676,11,,,1,12,,1670,11,,,1,10,,1683,11,,,1,17,,1673,11,,,1,58,,1689,11,,,1,17,,1669,11,,,1,14,,1679,11,,,1,55,,1691,11,,,1,11,,1686,11,,,1,13,,1681,11,,,1,13,,1692,11,,,1,16,,1677,11,,,1,52,,1695,11,,,1,17,,1688,11,,,1,18,,1690,11,,,1,14,,1696,11,,,1,55,,1694,11,,,1,15,,1698,11,,,1,15,,1700,11,,,1,15,,1693,11,,,1,56,,1701,11,,,1,15,,1702,11,,,1,15,,1703,11,,,1,15,,1704,11,,,1,55,,1706,11,,,1,16,,1697,11,,,1,15,,1699,11,,,1,15,,1709,11,,,1,55,,1710,11,,,1,14,,1712,11,,,1,15,,1708,11,,,1,16,,1713,11,,,1,52,,1714,11,,,1,12,,1705,11,,,1,18,,1707,11,,,1,16,,1715,11,,,1,54,,1716,11,,,1,21,,1718,11,,,1,8,,1720,11,,,1,14,,1711,11,,,1,52,,1723,11,,,1,15,,1726,11,,,1,12,,1727,11,,,1,13,,1731,11,,,1,14,,1734,11,,,1,54,,1719,11,,,1,7,,1717,11,,,1,8,,1732,11,,,1,13,,1733,11,,,1,14,,1722,11,,,1,53,,1721,11,,,1,14,,1728,11,,,1,14,,1724,11,,,1,20,,1729,11,,,1,70,,1736,11,,,1,32,,1730,11,,,1,76,,1738,11,,,1,68,,1740,11,,,1,29,,1737,11,,,1,26,,1735,11,,,1,72,,1739,11,,,1,83,,1741,11,,,1
1200000201,'21',1547,,1745,11,,,1,53,,1746,11,,,1
1200000201,'3',625,,1751,11,,,1,15,,1749,11,,,1,15,,1753,11,,,1,57,,1756,11,,,1,17,,1759,11,,,1,16,,1762,11,,,1,56,,1764,11,,,1,17,,1748,11,,,1,14,,1766,11,,,1,15,,1752,11,,,1,54,,1750,11,,,1,14,,1754,11,,,1,17,,1757,11,,,1,18,,1760,11,,,1,53,,1763,11,,,1,34,,1767,11,,,1,69,,1769,11,,,1,30,,1771,11,,,1,71,,1772,11,,,1,30,,1773,11,,,1,70,,1768,11,,,1,31,,1770,11,,,1,70,,1774,11,,,1,28,,1776,11,,,1,65,,1781,11,,,1,12,,1778,11,,,1,13,,1779,11,,,1,16,,1783,11,,,1,14,,1785,11,,,1,61,,1787,11,,,1,8,,1789,11,,,1,14,,1775,11,,,1,15,,1790,11,,,1,55,,1777,11,,,1,14,,1792,11,,,1,15,,1782,11,,,1,15,,1780,11,,,1,55,,1784,11,,,1,14,,1786,11,,,1,14,,1788,11,,,1,68,,1795,11,,,1,29,,1794,11,,,1,20,,1791,11,,,1,70,,1797,11,,,1,32,,1793,11,,,1,77,,1799,11,,,1,27,,1801,11,,,1,69,,1798,11,,,1,27,,1796,11,,,1,72,,1800,11,,,1,83,,1802,11,,,1
1200000201,'4',626,,1806,11,,,1,15,,1805,11,,,1,15,,1810,11,,,1,58,,1809,11,,,1,18,,1813,11,,,1,16,,1818,11,,,1,56,,1822,11,,,1,16,,1804,11,,,1,15,,1824,11,,,1,15,,1807,11,,,1,54,,1816,11,,,1,14,,1821,11,,,1,15,,1811,11,,,1,18,,1814,11,,,1,52,,1819,11,,,1,17,,1825,11,0,5 6 7,1,18,,1827,11,,,1,14,,1831,11,0,5 6 7,1,55,,1829,11,,,1,15,,1834,11,0,5 6 7,1,15,,1833,11,,,1,15,,1837,11,0,5 6 7,1,56,,1836,11,,,1,15,,1826,11,0,5 6 7,1,14,,1838,11,,,1,16,,1832,11,0,5 6 7,1,54,,1828,11,,,1,16,,1835,11,0,5 6 7,1,15,,1830,11,,,1,15,,1842,11,0,5 6 7,1,55,,1840,11,,,1,14,,1843,11,,,1,15,,1845,11,,,1,16,,1839,11,,,1,51,,1851,11,,,1,11,,1847,11,,,1,14,,1849,11,,,1,17,,1853,11,,,1,55,,1855,11,,,1,20,,1857,11,,,1,9,,1858,11,,,1,14,,1841,11,,,1,13,,1844,11,,,1,55,,1846,11,,,1,13,,1861,11,,,1,15,,1852,11,,,1,15,,1848,11,,,1,54,,1850,11,,,1,7,,1859,11,,,1,8,,1854,11,,,1,14,,1856,11,,,1,14,,1866,11,,,1,53,,1865,11,,,1,28,,1862,11,,,1,20,,1860,11,,,1,70,,1867,11,,,1,32,,1863,11,,,1,77,,1869,11,,,1,68,,1871,11,,,1,29,,1868,11,,,1,26,,1864,11,,,1,72,,1870,11,,,1,83,,1872,11,,,1
1200000201,'6',651,,1875,11,,,1,70,,1873,11,,,1,30,,1876,11,,,1,71,,1882,11,,,1,30,,1887,11,,,1,72,,1880,11,,,1,31,,1879,11,,,1,69,,1885,11,,,1,30,,1886,11,,,1,71,,1874,11,,,1,29,,1877,11,,,1,72,,1883,11,,,1,30,,1881,11,,,1,69,,1888,11,,,1,32,,1889,11,,,1,71,,1891,11,,,1,31,,1890,11,,,1,69,,1893,11,,,1,29,,1894,11,,,1,72,,1895,11,,,1,71,,1896,11,,,1,28,,1897,11,,,1,29,,1892,11,,,1,68,,1899,11,,,1,28,,1898,11,,,1,80,,1907,11,,,1,69,,1905,11,,,1,29,,1900,11,,,1,28,,1908,11,,,1,69,,1903,11,,,1,30,,1902,11,,,1,70,,1909,11,,,1,29,,1901,11,,,1,73,,1904,11,,,1,80,,1906,11,,,1
1200000201,'7',2031,,1910,11,,,1,28,,1911,11,,,1
1200000201,'9',751,,1912,11,,,1,71,,1915,11,,,1,30,,1919,11,,,1,72,,1922,11,,,1,31,,1914,11,,,1,69,,1918,11,,,1,30,,1921,11,,,1,71,,1925,11,,,1,29,,1926,11,,,1,72,,1916,11,,,1,30,,1927,11,,,1,69,,1923,11,,,1,32,,1928,11,,,1,71,,1930,11,,,1,31,,1929,11,,,1,69,,1932,11,,,1,29,,1933,11,,,1,72,,1934,11,,,1,71,,1935,11,,,1,28,,1937,11,,,1,29,,1931,11,,,1,68,,1939,11,,,1,28,,1938,11,,,1,80,,1940,11,,,1,69,,1936,11,,,1
1200000301,'1',654,,2133,11,,,1,59,,2136,11,,,1,35,,2143,11,,,1,71,,2142,11,,,1,26,,2145,11,,,1,66,,2137,11,,,1,26,,2148,11,,,1,70,,2147,11,,,1,36,,2146,11,,,1,60,,2150,11,,,1,20,,2152,11,,,1,20,,2149,11,,,1,60,,2154,11,,,1,21,,2156,11,,,1,22,,2158,11,,,1,60,,2151,11,,,1,20,,2153,11,,,1,20,,2159,11,,,1,56,,2155,11,,,1,20,,2157,11,,,1,22,,2161,11,,,1,62,,2162,11,,,1,15,,2163,11,,,1,18,,2164,11,,,1,16,,2160,11,,,1,58,,2173,11,,,1,19,,2169,11,,,1,11,,2172,11,,,1,15,,2166,11,,,1,56,,2165,11,,,1,16,,2175,11,,,1,16,,2174,11,,,1,13,,2168,11,,,1,48,,2170,11,,,1,8,,2176,11,,,1,15,,2167,11,,,1,16,,2171,11,,,1,59,,2177,11,,,1,28,,2178,11,,,1,71,,2183,11,,,1,30,,2184,11,,,1,70,,2179,11,,,1,34,,2185,11,,,1
1200000301,'3',652,,2188,11,,,1,56,,2191,11,,,1,27,,2199,11,,,1,70,,2196,11,,,1,25,,2202,11,,,1,29,,2192,11,,,1,76,,2201,11,,,1,66,,2197,11,,,1,29,,2203,11,,,1,70,,2204,11,,,1,30,,2206,11,,,1,70,,2198,11,,,1,33,,2208,11,,,1,70,,2205,11,,,1,30,,2207,11,,,1,26,,2209,11,,,1,70,,2210,11,,,1,72,,2211,11,,,1,28,,2214,11,,,1,16,,2212,11,,,1,57,,2216,11,,,1,19,,2219,11,,,1,13,,2221,11,,,1,16,,2215,11,,,1,57,,2213,11,,,1,18,,2217,11,,,1,17,,2218,11,,,1,15,,2222,11,,,1,55,,2220,11,,,1,32,,2224,11,,,1,60,,2225,11,,,1,28,,2223,11,,,1,71,,2230,11,,,1,30,,2231,11,,,1,70,,2226,11,,,1,35,,2232,11,,,1
1200000301,'4',654,,2235,11,,,1,56,,2239,11,,,1,28,,2244,11,,,1,76,,2246,11,,,1,19,,2248,11,,,1,70,,2240,11,,,1,33,,2245,11,,,1,65,,2236,11,,,1,30,,2249,11,,,1,70,,2250,11,,,1,30,,2252,11,,,1,71,,2254,11,,,1,32,,2256,11,,,1,70,,2251,11,,,1,30,,2253,11,,,1,66,,2255,11,,,1,30,,2257,11,,,1,73,,2258,11,,,1,14,,2261,11,,,1,14,,2263,11,,,1,17,,2259,11,,,1,58,,2265,11,,,1,19,,2267,11,,,1,13,,2269,11,,,1,14,,2262,11,,,1,56,,2264,11,,,1,18,,2260,11,,,1,17,,2266,11,,,1,15,,2268,11,,,1,48,,2275,11,,,1,7,,2270,11,,,1,32,,2271,11,,,1,59,,2272,11,,,1,28,,2277,11,,,1,71,,2273,11,,,1,30,,2274,11,,,1,70,,2276,11,,,1,35,,2278,11,,,1
1200000301,'6',732,,2287,11,,,1,71,,2286,11,,,1,31,,2290,11,,,1,70,,2291,11,,,1,30,,2284,11,,,1,71,,2285,11,,,1,30,,2289,11,,,1,70,,2288,11,,,1,30,,2292,11,,,1,71,,2293,11,,,1,30,,2295,11,,,1,70,,2294,11,,,1,31,,2297,11,,,1,70,,2298,11,,,1,31,,2299,11,,,1,70,,2300,11,,,1,29,,2301,11,,,1,70,,2296,11,,,1,32,,2303,11,,,1,70,,2302,11,,,1,30,,2305,11,,,1,68,,2304,11,,,1,29,,2309,11,,,1,64,,2306,11,,,1
1200000301,'9',803,,2315,11,,,1,31,,2317,11,,,1,70,,2318,11,,,1,30,,2320,11,,,1,71,,2321,11,,,1,30,,2316,11,,,1,70,,2322,11,,,1,30,,2319,11,,,1,71,,2323,11,,,1,30,,2325,11,,,1,70,,2324,11,,,1,31,,2327,11,,,1,70,,2328,11,,,1,31,,2329,11,,,1,70,,2330,11,,,1,29,,2331,11,,,1,70,,2326,11,,,1,32,,2333,11,,,1,70,,2332,11,,,1,30,,2335,11,,,1,68,,2334,11,,,1,29,,2336,11,,,1,64,,2338,11,,,1
1200000401,'1',1633,,2355,11,,,1,68,,2354,11,,,1,22,,2358,11,,,1
1200000401,'3',1621,,2366,11,,,1,28,,2363,11,,,1,67,,2364,11,,,1
1200000401,'4',1625,,2373,11,,,1,29,,2375,11,,,1,64,,2376,11,,,1
