3600,'1',621,,750,24,,,2,137,,751,24,,,2,94,,752,24,,,2,161,,753,24,,,2,101,,754,24,,,2,100,,755,24,,,2,103,,756,24,,,2,100,,757,24,,,2,100,,758,24,,,2,305,,759,24,,,2,90,,760,24,,,2,92,,761,24,,,2,97,,762,24,,,2,104,,763,24,,,2,53,,764,24,,,2
3600,'3',621,,765,24,,,2,137,,766,24,,,2,255,,767,24,,,2,101,,768,24,,,2,100,,770,24,,,2,103,,769,24,,,2,100,,771,24,,,2,100,,772,24,,,2,305,,773,24,,,2,90,,774,24,,,2,92,,775,24,,,2,97,,776,24,,,2,104,,777,24,,,2,53,,778,24,,,2
3600,'4',621,,779,24,,,2,137,,783,24,,,2,255,,782,24,,,2,101,,780,24,,,2,100,,781,24,,,2,103,,784,24,,,2,100,,785,24,,,2,100,,786,24,,,2,305,,787,24,,,2,90,,790,24,,,2,92,,791,24,,,2,97,,792,24,,,2,104,,788,24,,,2,53,,789,24,,,2
3600,'6',735,,793,24,,,2,100,,794,24,,,2,101,,795,24,,,2,100,,796,24,,,2,105,,797,24,,,2,100,,798,24,,,2,100,,799,24,,,2,102,,800,24,,,2,101,,801,24,,,2,99,,802,24,,,2,97,,807,24,,,2,97,,808,24,,,2,91,,809,24,,,2,109,,803,24,,,2,99,,804,24,,,2,97,,805,24,,,2,93,,806,24,,,2
3600,'8',835,,810,24,,,2,101,,811,24,,,2,100,,812,24,,,2,105,,813,24,,,2,100,,814,24,,,2,100,,815,24,,,2,102,,816,24,,,2,101,,817,24,,,2,99,,818,24,,,2,97,,819,24,,,2,97,,820,24,,,2,91,,821,24,,,2
5003600,'1',656,,1343,24,,,2,68,,1342,24,,,2
5003600,'3',656,,1345,24,,,2,68,,1344,24,,,2
5003600,'4',656,,1347,24,,,2,68,,1346,24,,,2
5003601,'1',1618,,1350,38,,,2,85,,1348,38,,,2,22,,1349,38,,,2
5003601,'3',1651,,1351,38,,,2,67,,1352,38,,,2
5003601,'4',1656,,1353,38,,,2,62,,1354,38,,,2
