3501,'1',552,,6049,27,,,2,95,,6050,29,,,2,83,,6051,29,,,2,98,,6052,29,,,2,83,,6053,29,,,2,39,,6054,29,,,2,85,,6055,29,,,2,85,,6056,29,,,2,86,,6057,29,,,2,45,,6058,29,,,2,85,,6059,29,,,2,85,,6060,29,,,2,85,,6061,29,,,2,98,,6062,29,,,2,44,,6064,29,,,2,82,,6065,29,,,2,82,,6066,29,,,2,43,,6067,29,,,2,74,,6063,29,,,2,79,,6068,29,,,2,26,,6069,29,,,2,71,,6070,29,,,2,27,,6071,29,,,2,78,,6072,29,,,2,30,,6073,29,,,2,68,,6074,29,,,2,25,,6075,29,,,2
3501,'2',713,,6076,29,,,2,30,,6077,29,,,2,70,,6078,29,,,2,30,,6079,29,,,2,70,,6080,29,,,2,33,,6081,29,,,2,86,,6082,29,,,2,85,,6083,29,,,2,87,,6084,29,,,2,47,,6085,29,,,2,89,,6086,29,,,2,85,,6088,29,,,2,86,,6089,29,,,2,45,,6090,29,,,2,85,,6091,29,,,2,84,,6092,29,,,2,83,,6087,29,,,2,41,,6093,29,,,2,78,,6094,29,,,2,85,,6095,29,,,2,30,,6096,29,,,2,68,,6097,29,,,2,28,,6098,29,,,2,70,,6099,29,,,2,30,,6100,29,,,2,68,,6101,29,,,2,25,,6102,29,,,2
3501,'3',843,,6103,29,,,2,70,,6104,29,,,2,33,,6105,29,,,2,86,,6106,29,,,2,85,,6107,29,,,2,87,,6108,29,,,2,47,,6109,29,,,2,89,,6110,29,,,2,85,,6111,29,,,2,86,,6112,29,,,2,45,,6114,29,,,2,85,,6115,29,,,2,84,,6116,29,,,2,83,,6117,29,,,2,41,,6118,29,,,2,78,,6119,29,,,2,85,,6113,29,,,2
3501,'71',555,,4652,27,,,2,96,,4653,29,,,2,71,,4654,29,,,2,110,,4658,29,,,2,79,,4655,29,,,2,40,,4656,29,,,2,97,,4659,29,,,2,102,,4660,29,,,2,98,,4657,29,,,2,101,,4662,29,,,2,102,,4661,29,,,2,153,,4663,29,,,2,33,,4664,29,,,2,76,,4665,29,,,2,34,,4666,29,,,2,104,,4667,29,,,2,90,,4670,29,,,2,92,,4671,29,,,2,98,,4672,29,,,2,108,,4668,29,,,2,93,,4669,29,,,2
3501,'72',706,,4673,29,,,2,100,,4674,29,,,2,101,,4675,29,,,2,100,,4676,29,,,2,100,,4677,29,,,2,101,,4678,29,,,2,106,,4679,29,,,2,102,,4680,29,,,2,101,,4681,29,,,2,100,,4682,29,,,2,92,,4683,29,,,2,97,,4684,29,,,2,96,,4685,29,,,2,110,,4686,29,,,2,98,,4687,29,,,2,98,,4688,29,,,2,98,,4689,29,,,2
3501,'73',907,,4690,29,,,2,100,,4691,29,,,2,100,,4692,29,,,2,101,,4693,29,,,2,106,,4694,29,,,2,102,,4695,29,,,2,101,,4696,29,,,2,100,,4697,29,,,2,92,,4698,29,,,2,97,,4699,29,,,2,96,,4700,29,,,2,103,,4701,29,,,2
35100,'15',721,,6307,28,,,2
35100,'84',721,,4953,28,,,2
35101,'85',1547,,4954,52,,,2
35500,'12',811,,6308,28,,,2
35500,'82',814,,4955,28,,,2
35501,'83',1700,,4956,62,,,2
5003601,'1',1656,,6393,29,4,,2,64,,6392,29,4,,2
