905231701,'27',2312,,6491,74,4,,2,29,,6494,74,4,,2,70,,6489,74,4,,2,30,,6492,74,4,,2,70,,6490,74,4,,2,30,,6493,74,4,,2,70,,6495,74,4,,2
905231701,'28',2312,,6498,74,4,,2,29,,6501,74,4,,2,70,,6496,74,4,,2,30,,6499,74,4,,2,70,,6497,74,4,,2,30,,6500,74,4,,2,70,,6502,74,4,,2
905231701,'29',2312,,6505,74,4,,2,29,,6508,74,4,,2,70,,6503,74,4,,2,30,,6506,74,4,,2,70,,6504,74,4,,2,30,,6507,74,4,,2,70,,6509,74,4,,2
1200000101,'1',1619,,7148,78,,,1,32,,7149,78,,,1,71,,7150,78,,,1,30,,7151,78,,,1
1200000101,'71',1615,,5070,78,,,1,32,,5071,78,,,1,71,,5069,78,,,1,30,,5072,78,,,1
1200000301,'1',621,,7508,27,,,1,28,,7513,27,,,1,77,,7506,40,,,1,20,,7510,40,,,1,75,,7516,40,,,1,29,,7511,40,,,1,65,,7519,40,,,1,25,,7507,40,,,1,69,,7517,40,,,1,27,,7515,40,,,1,73,,7520,40,,,1,33,,7521,40,,,1,70,,7523,40,,,1,34,,7525,40,,,1,72,,7527,40,,,1,28,,7522,40,,,1,70,,7524,40,,,1,28,,7526,40,,,1,71,,7528,40,,,1,36,,7529,40,,,1,60,,7532,37,,,1,23,,7530,37,,,1,18,,7535,37,,,1,59,,7534,37,,,1,11,,7539,37,,,1,13,,7537,37,,,1,14,,7538,37,,,1,56,,7541,37,,,1,14,,7533,37,,,1,12,,7536,37,,,1,15,,7531,37,,,1,68,,7540,37,,,1,24,,7544,40,,,1,64,,7542,40,,,1,31,,7543,40,,,1,70,,7545,40,,,1,29,,7546,40,,,1,73,,7549,40,,,1,31,,7547,27,,,1,70,,7550,27,,,1,28,,7548,27,,,1,70,,7551,27,,,1,39,,7552,27,,,1
1200000301,'2',801,,7553,40,,,1,30,,7556,40,,,1,71,,7559,40,,,1,32,,7562,40,,,1,71,,7554,40,,,1,32,,7557,40,,,1,71,,7560,40,,,1,31,,7563,40,,,1,71,,7555,40,,,1,31,,7558,40,,,1,71,,7561,40,,,1,31,,7564,40,,,1,71,,7565,40,,,1,30,,7568,40,,,1,70,,7574,40,,,1,30,,7571,40,,,1,70,,7566,40,,,1,31,,7569,40,,,1,71,,7575,40,,,1,27,,7572,40,,,1,68,,7567,40,,,1,28,,7570,40,,,1,67,,7576,40,,,1,27,,7573,40,,,1,75,,7577,27,,,1,100,,7578,27,,,1,96,,7579,27,,,1,98,,7580,27,,,1,38,,7581,27,,,1,102,,7582,27,,,1
1200000301,'27',2235,,7584,30,,,1,70,,7587,30,,,1,30,,7589,30,,,1,83,,7585,30,,,1,28,,7588,30,,,1,70,,7583,30,,,1,30,,7586,30,,,1
1200000301,'28',2235,,7591,30,,,1,70,,7594,30,,,1,30,,7596,30,,,1,83,,7592,30,,,1,28,,7595,30,,,1,70,,7590,30,,,1,30,,7593,30,,,1
1200000301,'29',2235,,7598,30,,,1,70,,7601,30,,,1,30,,7603,30,,,1,83,,7599,30,,,1,28,,7602,30,,,1,70,,7597,30,,,1,30,,7600,30,,,1
1200000301,'3',831,,7604,40,,,1,71,,7606,40,,,1,32,,7612,40,,,1,71,,7609,40,,,1,32,,7605,40,,,1,71,,7607,40,,,1,31,,7613,40,,,1,71,,7610,40,,,1,31,,7614,40,,,1,71,,7608,40,,,1,31,,7616,40,,,1,71,,7611,40,,,1,30,,7615,40,,,1,70,,7618,40,,,1,30,,7617,40,,,1,70,,7621,40,,,1,31,,7623,40,,,1,71,,7619,40,,,1,27,,7627,40,,,1,68,,7622,40,,,1,28,,7624,40,,,1,67,,7620,40,,,1,27,,7628,40,,,1,75,,7625,27,,,1,121,,7626,27,,,1
1200000301,'71',621,,5456,27,,,1,28,,5460,27,,,1,78,,5454,40,,,1,20,,5458,40,,,1,77,,5466,40,,,1,27,,5463,40,,,1,66,,5469,40,,,1,26,,5455,40,,,1,69,,5465,40,,,1,27,,5467,40,,,1,76,,5470,40,,,1,20,,5471,40,,,1,20,,5473,40,,,1,60,,5475,40,,,1,24,,5476,40,,,1,20,,5478,40,,,1,61,,5480,40,,,1,19,,5472,40,,,1,20,,5474,40,,,1,60,,5481,40,,,1,18,,5477,40,,,1,20,,5479,40,,,1,60,,5483,40,,,1,25,,5484,40,,,1,13,,5485,37,,,1,56,,5486,37,,,1,23,,5482,37,,,1,18,,5494,37,,,1,59,,5490,37,,,1,11,,5493,37,,,1,13,,5488,37,,,1,14,,5487,37,,,1,56,,5497,37,,,1,16,,5496,37,,,1,10,,5495,37,,,1,17,,5492,37,,,1,11,,5489,37,,,1,55,,5491,37,,,1,22,,5498,40,,,1,67,,5499,40,,,1,31,,5501,40,,,1,70,,5500,40,,,1,29,,5502,40,,,1,73,,5505,40,,,1,30,,5503,27,,,1,70,,5506,27,,,1,28,,5504,27,,,1,70,,5507,27,,,1,39,,5508,27,,,1
1200000301,'72',802,,5511,40,,,1,30,,5510,40,,,1,71,,5514,40,,,1,30,,5515,40,,,1,71,,5516,40,,,1,31,,5509,40,,,1,72,,5513,40,,,1,30,,5512,40,,,1,70,,5517,40,,,1,30,,5518,40,,,1,71,,5520,40,,,1,30,,5519,40,,,1,71,,5522,40,,,1,30,,5523,40,,,1,71,,5524,40,,,1,30,,5525,40,,,1,69,,5526,40,,,1,31,,5521,40,,,1,72,,5528,40,,,1,29,,5527,40,,,1,68,,5530,40,,,1,28,,5529,40,,,1,69,,5531,40,,,1,24,,5535,40,,,1,78,,5532,27,,,1,100,,5533,27,,,1,96,,5534,27,,,1,99,,5536,27,,,1,38,,5537,27,,,1,102,,5538,27,,,1
1200000301,'73',832,,5539,40,,,1,71,,5541,40,,,1,30,,5542,40,,,1,71,,5543,40,,,1,31,,5544,40,,,1,72,,5540,40,,,1,30,,5545,40,,,1,70,,5547,40,,,1,30,,5546,40,,,1,71,,5549,40,,,1,30,,5548,40,,,1,71,,5551,40,,,1,30,,5552,40,,,1,71,,5553,40,,,1,30,,5554,40,,,1,69,,5555,40,,,1,31,,5550,40,,,1,72,,5557,40,,,1,29,,5556,40,,,1,68,,5559,40,,,1,28,,5558,40,,,1,69,,5560,40,,,1,24,,5563,40,,,1,78,,5561,27,,,1,121,,5562,27,,,1
