15601,'83',1618,,4876,12,,,2
20001,'1',550,,6248,4,0,14,2,60,,6249,4,0,14,2,812,,6250,4,,,2,33,,6251,4,,,2
20001,'2',621,,6252,4,,,2,18,,6253,4,0,14,2,10,,6254,4,,,2
20001,'71',550,,4888,9,0,14,2,60,,4889,9,0,14,2,7,,4890,9,0,14,2,9,,4891,9,0,14,2,801,,4892,9,,,2,29,,4893,9,,,2,76,,4894,9,0,14,2,307,,4895,9,0,14,2
20001,'72',613,,4896,9,,,2,20,,4897,9,0,14,2,16,,4898,9,,,2
21001,'1',530,,6272,4,,,2,27,,6273,4,,,2,55,,6274,4,,,2,14,,6275,4,,,2,1380,,6276,4,,,2
21001,'2',607,,6277,4,,,2,30,,6278,4,,,2,70,,6279,4,,,2,31,,6280,4,,,2,475,,6281,4,,,2,30,,6282,4,,,2,468,,6283,4,,,2
21001,'3',637,,6284,4,,,2,70,,6285,4,,,2,31,,6286,4,,,2,404,,6287,4,,,2
21001,'71',530,,4909,9,,,2,27,,4910,9,,,2,55,,4911,9,,,2,14,,4912,9,,,2,324,,4913,9,,,2,162,,4914,9,,,2,894,,4915,9,,,2
21001,'72',556,,4916,9,,,2,69,,4917,9,,,2,30,,4918,9,,,2,70,,4919,9,,,2
21001,'73',625,,4920,9,,,2,30,,4921,9,,,2,70,,4922,9,,,2
35001,'71',1543,,4952,9,,,2
38001,'1',526,,6313,4,,,2,79,,6314,4,,,2,29,,6315,4,,,2
38001,'71',525,,4962,9,,,2,88,,4963,9,,,2,20,,4964,9,,,2
