3600,'1',619,,750,19,,,2,136,,751,19,,,2,94,,752,19,,,2,162,,753,19,,,2,101,,754,19,,,2,100,,755,19,,,2,102,,756,19,,,2,100,,757,19,,,2,100,,758,19,,,2,305,,759,19,,,2,90,,760,19,,,2,93,,761,19,,,2,57,,762,19,,,2,144,,763,19,,,2,53,,764,19,,,2
3600,'3',619,,765,19,,,2,136,,766,19,,,2,256,,767,19,,,2,101,,768,19,,,2,100,,770,19,,,2,102,,769,19,,,2,100,,771,19,,,2,100,,772,19,,,2,305,,773,19,,,2,90,,774,19,,,2,93,,775,19,,,2,57,,776,19,,,2,144,,777,19,,,2,53,,778,19,,,2
3600,'4',619,,779,19,,,2,136,,783,19,,,2,256,,782,19,,,2,101,,780,19,,,2,100,,781,19,,,2,102,,784,19,,,2,100,,785,19,,,2,100,,786,19,,,2,305,,787,19,,,2,90,,790,19,,,2,93,,791,19,,,2,57,,792,19,,,2,144,,788,19,,,2,53,,789,19,,,2
3600,'6',732,,793,19,,,2,100,,794,19,,,2,101,,795,19,,,2,100,,796,19,,,2,105,,797,19,,,2,100,,798,19,,,2,100,,799,19,,,2,102,,800,19,,,2,101,,801,19,,,2,99,,802,19,,,2,97,,807,19,,,2,97,,808,19,,,2,91,,809,19,,,2,109,,803,19,,,2,99,,804,19,,,2,97,,805,19,,,2,93,,806,19,,,2
3600,'8',832,,810,19,,,2,101,,811,19,,,2,100,,812,19,,,2,105,,813,19,,,2,100,,814,19,,,2,100,,815,19,,,2,102,,816,19,,,2,101,,817,19,,,2,99,,818,19,,,2,97,,819,19,,,2,97,,820,19,,,2,91,,821,19,,,2
5003600,'1',653,,1343,19,,,2,68,,1342,19,,,2
5003600,'3',653,,1345,19,,,2,68,,1344,19,,,2
5003600,'4',653,,1347,19,,,2,68,,1346,19,,,2
5003601,'1',1615,,1350,33,,,2,85,,1348,33,,,2,22,,1349,33,,,2
5003601,'3',1648,,1351,33,,,2,67,,1352,33,,,2
5003601,'4',1653,,1353,33,,,2,62,,1354,33,,,2
