11100,'15',722,,6226,34,,,2
11100,'86',722,,4850,34,,,2
11900,'16',843,,6228,21,,,2
11900,'87',843,,4854,21,,,2
1001101,'1',603,,6322,41,,,1,29,,6326,75,,,1,73,,6323,75,,,1,32,,6327,75,,,1,73,,6324,75,,,1,22,,6320,75,,,1,81,,6325,75,,,1,42,,6328,75,,,1,70,,6329,75,,,1,75,,6333,75,,,1,30,,6330,75,,,1,75,,6334,75,,,1,30,,6331,75,,,1,73,,6335,75,,,1,30,,6332,75,,,1,78,,6336,75,,,1,30,,6338,75,,,1,88,,6337,75,,,1,72,,6339,75,,,1,49,,6341,75,,,1,62,,6340,75,,,1,21,,6344,75,,,1,67,,6342,75,,,1,33,,6345,75,,,1,69,,6343,75,,,1,31,,6346,75,,,1,100,,6347,75,,,1,99,,6348,75,,,1,100,,6349,75,,,1
1001101,'2',735,,6351,41,,,1,99,,6352,75,,,1,103,,6353,75,,,1,101,,6354,75,,,1,99,,6355,75,,,1,100,,6359,75,,,1,100,,6360,75,,,1,101,,6358,75,,,1,100,,6356,75,,,1,99,,6357,75,,,1,102,,6361,75,,,1,97,,6362,75,,,1,100,,6363,75,,,1,99,,6364,75,,,1,100,,6365,75,,,1,100,,6366,75,,,1
1001101,'3',937,,6368,41,,,1,101,,6369,75,,,1,99,,6372,75,,,1,100,,6373,75,,,1,100,,6370,75,,,1,101,,6371,75,,,1,100,,6374,75,,,1,99,,6375,75,,,1,102,,6376,75,,,1,97,,6377,75,,,1
1001101,'71',603,,4969,41,,,1,29,,4973,75,,,1,73,,4970,75,,,1,32,,4974,75,,,1,73,,4971,75,,,1,22,,4976,75,,,1,81,,4972,75,,,1,42,,4978,75,,,1,70,,4975,75,,,1,75,,4979,75,,,1,30,,4982,75,,,1,75,,4980,75,,,1,30,,4983,75,,,1,73,,4981,75,,,1,30,,4984,75,,,1,78,,4986,75,,,1,30,,4985,75,,,1,88,,4987,75,,,1,72,,4989,75,,,1,49,,4988,75,,,1,62,,4990,75,,,1,21,,4993,75,,,1,67,,4991,75,,,1,33,,4994,75,,,1,69,,4992,75,,,1,31,,4995,75,,,1,100,,4996,75,,,1,99,,4997,75,,,1,100,,4998,75,,,1
1001101,'72',735,,5003,41,,,1,99,,5000,75,,,1,103,,5001,75,,,1,101,,5002,75,,,1,99,,5004,75,,,1,100,,5005,75,,,1,100,,5006,75,,,1,101,,5007,75,,,1,100,,5008,75,,,1,99,,5009,75,,,1,102,,5010,75,,,1,97,,5011,75,,,1,100,,5012,75,,,1,99,,5013,75,,,1,100,,5014,75,,,1,100,,5015,75,,,1
1001101,'73',937,,5017,41,,,1,101,,5018,75,,,1,99,,5019,75,,,1,100,,5020,75,,,1,100,,5021,75,,,1,101,,5022,75,,,1,100,,5023,75,,,1,99,,5024,75,,,1,102,,5025,75,,,1,97,,5026,75,,,1
