2300,'1',555,,5924,17,,,2,194,,5919,17,,,2,79,,5927,17,,,2,76,,5904,17,,,2,36,,5906,17,,,2,70,,5905,17,,,2,30,,5907,17,,,2,70,,5908,17,,,2,30,,5909,17,,,2,77,,5912,17,,,2,30,,5910,17,,,2,70,,5913,17,,,2,30,,5911,17,,,2,71,,5914,17,,,2,33,,5915,17,,,2,72,,5917,17,,,2,118,,5918,17,,,2,77,,5916,17,,,2,24,,5925,17,,,2,73,,5920,17,,,2,30,,5926,17,,,2,73,,5921,17,,,2,102,,5922,17,,,2,95,,5923,17,,,2
2300,'2',632,,5930,17,,,2,100,,5931,17,,,2,101,,5932,17,,,2,102,,5933,17,,,2,102,,5934,17,,,2,102,,5935,17,,,2,101,,5936,17,,,2,108,,5937,17,,,2,100,,5938,17,,,2,100,,5939,17,,,2,101,,5940,17,,,2,88,,5941,17,,,2
2300,'3',732,,5942,17,,,2,101,,5943,17,,,2,102,,5944,17,,,2,102,,5945,17,,,2,102,,5946,17,,,2,101,,5947,17,,,2,108,,5948,17,,,2,100,,5949,17,,,2,100,,5950,17,,,2,101,,5951,17,,,2,88,,5952,17,,,2
2300,'71',555,,4520,17,,,2,189,,4525,17,,,2,84,,4529,17,0,14 1 15,2,73,,4507,17,,,2,36,,4510,17,,,2,70,,4508,17,,,2,31,,4511,17,,,2,70,,4509,17,,,2,30,,4512,17,,,2,78,,4515,17,,,2,30,,4513,17,,,2,70,,4516,17,,,2,30,,4514,17,,,2,72,,4517,17,,,2,33,,4518,17,,,2,70,,4528,17,,,2,116,,4530,17,,,2,75,,4519,17,,,2,28,,4526,17,,,2,73,,4521,17,,,2,30,,4527,17,,,2,75,,4522,17,,,2,100,,4523,17,,,2,97,,4524,17,,,2
2300,'72',634,,4531,17,,,2,101,,4532,17,,,2,101,,4533,17,,,2,101,,4534,17,,,2,101,,4535,17,,,2,100,,4536,17,,,2,101,,4537,17,,,2,108,,4538,17,,,2,100,,4539,17,,,2,100,,4540,17,,,2,100,,4541,17,,,2,102,,4542,17,,,2
2300,'73',735,,4543,17,,,2,101,,4544,17,,,2,101,,4545,17,,,2,101,,4546,17,,,2,100,,4547,17,,,2,101,,4548,17,,,2,108,,4549,17,,,2,100,,4550,17,,,2,100,,4551,17,,,2,100,,4552,17,,,2,102,,4553,17,,,2
23100,'15',713,,6293,29,,,2
23100,'84',713,,4931,29,,,2
23500,'12',800,,6295,40,,,2
23500,'82',800,,4935,40,,,2
23501,'83',1716,,4936,62,,,2
5002300,'1',620,,6378,17,,,2,25,,6379,17,,,2,69,,6380,17,,,2
5002300,'71',620,,5028,17,,,2,25,,5027,17,,,2,69,,5029,17,,,2
