2300,'1',552,,5924,10,,,2,194,,5919,10,,,2,79,,5927,10,,,2,76,,5904,10,,,2,36,,5906,10,,,2,70,,5905,10,,,2,30,,5907,10,,,2,70,,5908,10,,,2,30,,5909,10,,,2,77,,5912,10,,,2,30,,5910,10,,,2,70,,5913,10,,,2,30,,5911,10,,,2,71,,5914,10,,,2,33,,5915,10,,,2,72,,5917,10,,,2,118,,5918,10,,,2,77,,5916,10,,,2,24,,5925,10,,,2,73,,5920,10,,,2,30,,5926,10,,,2,73,,5921,10,,,2,102,,5922,10,,,2,95,,5923,10,,,2
2300,'2',630,,5930,10,,,2,100,,5931,10,,,2,101,,5932,10,,,2,102,,5933,10,,,2,102,,5934,10,,,2,102,,5935,10,,,2,101,,5936,10,,,2,108,,5937,10,,,2,100,,5938,10,,,2,100,,5939,10,,,2,101,,5940,10,,,2,88,,5941,10,,,2
2300,'3',730,,5942,10,,,2,101,,5943,10,,,2,102,,5944,10,,,2,102,,5945,10,,,2,102,,5946,10,,,2,101,,5947,10,,,2,108,,5948,10,,,2,100,,5949,10,,,2,100,,5950,10,,,2,101,,5951,10,,,2,88,,5952,10,,,2
2300,'71',552,,4520,10,,,2,189,,4525,10,,,2,84,,4529,10,0,14 1 15,2,33,,4507,10,,,2,76,,4510,10,,,2,70,,4508,10,,,2,31,,4511,10,,,2,70,,4509,10,,,2,30,,4512,10,,,2,78,,4515,10,,,2,30,,4513,10,,,2,70,,4516,10,,,2,30,,4514,10,,,2,72,,4517,10,,,2,33,,4518,10,,,2,70,,4528,10,,,2,116,,4530,10,,,2,75,,4519,10,,,2,28,,4526,10,,,2,73,,4521,10,,,2,30,,4527,10,,,2,75,,4522,10,,,2,100,,4523,10,,,2,97,,4524,10,,,2
2300,'72',632,,4531,10,,,2,101,,4532,10,,,2,101,,4533,10,,,2,101,,4534,10,,,2,101,,4535,10,,,2,100,,4536,10,,,2,101,,4537,10,,,2,108,,4538,10,,,2,100,,4539,10,,,2,100,,4540,10,,,2,100,,4541,10,,,2,102,,4542,10,,,2
2300,'73',733,,4543,10,,,2,101,,4544,10,,,2,101,,4545,10,,,2,101,,4546,10,,,2,100,,4547,10,,,2,101,,4548,10,,,2,108,,4549,10,,,2,100,,4550,10,,,2,100,,4551,10,,,2,100,,4552,10,,,2,102,,4553,10,,,2
23100,'15',709,,6293,22,,,2
23100,'84',709,,4931,22,,,2
23101,'85',1549,,4932,69,,,2
23500,'12',757,,6295,33,,,2
23500,'82',757,,4935,33,,,2
23501,'83',1714,,4936,55,,,2
5002300,'1',616,,6378,10,,,2,25,,6379,10,,,2,69,,6380,10,,,2
5002300,'71',616,,5028,10,,,2,25,,5027,10,,,2,69,,5029,10,,,2
