2200,'1',601,,5864,13,,,2,27,,5873,51,,,2,22,,5865,13,,,2,70,,5877,13,,,2,26,,5879,51,,,2,83,,5878,13,,,2,88,,5874,13,,,2,109,,5866,13,,,2,100,,5867,13,,,2,100,,5868,13,,,2,100,,5870,13,,,2,102,,5871,13,,,2
2200,'71',601,,4456,13,,,2,27,,4471,51,,,2,22,,4457,13,,,2,70,,4472,13,,,2,26,,4474,51,,,2,83,,4473,13,0,14 1 15,2,88,,4458,13,,,2,35,,4460,13,,,2,72,,4459,13,,,2,32,,4461,13,,,2,70,,4465,13,,,2,30,,4462,13,,,2,71,,4466,13,,,2,30,,4463,13,,,2,70,,4475,13,,,2,30,,4464,13,,,2,69,,4476,13,,,2,74,,4469,13,,,2
2201,'1',1531,,5900,43,,,2,80,,5891,43,,,2,96,,5888,43,,,2,30,,5895,43,,,2,70,,5889,43,,,2,29,,5896,43,,,2,67,,5901,43,,,2,24,,5897,43,,,2
2201,'14',1707,,5903,47,,,2
2201,'71',1531,,4491,45,,,2,25,,4493,45,,,2,55,,4500,45,,,2,91,,4501,49,,,2,31,,4502,45,,,2,74,,4492,45,,,2,31,,4503,45,,,2,65,,4505,45,,,2,24,,4504,45,,,2
2201,'88',1702,,4506,49,,,2
22100,'15',710,,6288,13,,,2
22100,'84',710,,4923,13,,,2
22101,'85',1546,,4924,41,,,2
22500,'12',817,,6290,27,,,2
22500,'82',817,,4927,27,,,2
22501,'83',1655,,4928,19,,,2
22900,'13',845,,6291,13,,,2
22900,'87',845,,4929,13,,,2
22901,'14',1644,,6292,20,,,2
22901,'88',1644,,4930,20,,,2
