3401,'1',629,,6039,4,,,2,27,,6040,4,,,2,90,,6041,4,,,2,795,,6042,4,,,2,87,,6043,4,,,2,99,,6044,4,,,2,27,,6045,4,,,2,86,,6046,4,,,2,68,,6047,4,,,2
3401,'14',1642,,6048,8,,,2
3401,'71',629,,4642,4,,,2,27,,4644,4,,,2,90,,4643,4,,,2,803,,4646,4,,,2,90,,4645,8,,,2,72,,4649,4,,,2,40,,4650,4,,,2,87,,4651,4,,,2,66,,4648,4,,,2
23200,'15',725,,6294,24,,,2
32500,'12',810,,6304,20,,,2
32500,'82',810,,4947,20,,,2
34500,'12',804,,6305,3,,,2
34500,'82',804,,4949,3,,,2
35100,'84',727,,4953,34,,,2
5003401,'1',1650,,6389,16,,,2
5003401,'71',1650,,5040,16,,,2
2000003401,'2',742,,7771,4,,,2,85,,7772,4,,,2,86,,7773,4,,,2,45,,7774,4,,,2,89,,7775,4,,,2,85,,7776,4,,,2,88,,7777,4,,,2,81,,7778,4,,,2,134,,7779,4,,,2,86,,7780,4,,,2,83,,7781,4,,,2,48,,7782,4,,,2,85,,7783,4,,,2,81,,7784,4,,,2,82,,7785,4,,,2
2000003401,'3',827,,7786,4,,,2,86,,7787,4,,,2,45,,7788,4,,,2,89,,7789,4,,,2,85,,7790,4,,,2,88,,7791,4,,,2,81,,7792,4,,,2,134,,7793,4,,,2,86,,7794,4,,,2,83,,7795,4,,,2,48,,7796,4,,,2,85,,7797,4,,,2,81,,7798,4,,,2,82,,7799,4,,,2
2000003401,'72',742,,5711,4,,,2,85,,5712,4,,,2,85,,5713,4,,,2,45,,5714,4,,,2,87,,5715,4,,,2,85,,5716,4,,,2,85,,5717,4,,,2,45,,5718,4,,,2,170,,5719,4,,,2,92,,5720,4,,,2,38,,5721,4,,,2,93,,5722,4,,,2,78,,5723,4,,,2,88,,5724,4,,,2,37,,5725,4,,,2
2000003401,'73',827,,5726,4,,,2,85,,5727,4,,,2,45,,5728,4,,,2,87,,5729,4,,,2,85,,5730,4,,,2,85,,5731,4,,,2,45,,5732,4,,,2,170,,5733,4,,,2,92,,5734,4,,,2,38,,5735,4,,,2,93,,5736,4,,,2,78,,5737,4,,,2,88,,5738,4,,,2,37,,5739,4,,,2
