3400,'1',608,,6032,8,,,2,114,,6033,10,,,2,79,,6031,8,,,2,752,,6037,8,,,2,104,,6034,10,,,2,68,,6035,10,,,2,92,,6036,10,,,2
3400,'13',835,,6038,10,0,24 1 15,2
3400,'71',608,,4634,8,,,2,114,,4635,10,,,2,37,,4636,8,,,2,76,,4633,10,0,24 1 15,2,718,,4638,8,,,2,91,,4639,10,,,2,82,,4640,10,,,2,89,,4641,10,,,2
13100,'15',755,,6233,76,,,2
13100,'84',755,,4864,76,,,2
5003400,'1',631,,6388,8,,,2,22,,6387,8,,,2
5003400,'71',631,,5039,8,,,2,21,,5038,8,,,2
2000003400,'2',717,,7742,8,,,2,85,,7743,10,,,2,46,,7744,10,,,2,85,,7745,10,,,2,87,,7746,10,,,2,86,,7747,10,,,2,45,,7748,10,,,2,88,,7749,10,,,2,171,,7750,10,,,2,43,,7751,10,,,2,87,,7752,10,,,2,83,,7753,10,,,2,90,,7754,10,,,2,42,,7755,10,,,2,81,,7756,10,,,2
2000003400,'3',802,,7757,8,,,2,46,,7758,10,,,2,85,,7759,10,,,2,87,,7760,10,,,2,86,,7761,10,,,2,45,,7762,10,,,2,88,,7763,10,,,2,171,,7764,10,,,2,43,,7765,10,,,2,87,,7766,10,,,2,83,,7767,10,,,2,90,,7768,10,,,2,42,,7769,10,,,2,81,,7770,10,,,2
2000003400,'72',717,,5682,8,,,2,85,,5683,10,,,2,45,,5684,10,,,2,85,,5685,10,,,2,85,,5686,10,,,2,86,,5687,10,,,2,45,,5688,10,,,2,85,,5689,10,,,2,174,,5690,10,,,2,41,,5691,10,,,2,92,,5692,10,,,2,78,,5693,10,,,2,93,,5694,10,,,2,38,,5695,10,,,2,87,,5696,10,,,2
2000003400,'73',802,,5697,8,,,2,45,,5698,10,,,2,85,,5699,10,,,2,85,,5700,10,,,2,86,,5701,10,,,2,45,,5702,10,,,2,85,,5703,10,,,2,174,,5704,10,,,2,41,,5705,10,,,2,92,,5706,10,,,2,78,,5707,10,,,2,93,,5708,10,,,2,38,,5709,10,,,2,87,,5710,10,,,2
