3101,'1',615,,6012,50,4,,2,32,,6014,50,4,,2,68,,6013,82,4,,2,32,,6011,82,4,,2,101,,6015,82,4,,2,105,,6016,82,4,,2,99,,6017,82,4,,2,100,,6018,82,4,,2,106,,6019,82,4,,2,142,,6020,82,4,,2,101,,6021,82,4,,2,101,,6022,82,4,,2,57,,6023,82,4,,2,71,,6026,82,4,,2,70,,6027,82,4,,2,31,,6024,82,4,,2,73,,6028,82,4,,2,24,,6025,82,4,,2,76,,6029,82,4,,2
3701,'1',600,,6122,41,4,,2,43,,6123,48,4,,2,105,,6124,48,,,2,101,,6125,48,4,,2,104,,6126,48,4,,2,97,,6127,48,4,,2,102,,6128,48,4,,2,155,,6129,48,4,,2,102,,6130,48,4,,2,102,,6131,48,4,,2,115,,6132,48,4,,2,181,,6133,48,4,,2,32,,6134,48,4,,2,100,,6135,48,4,,2,96,,6136,48,4,,2,96,,6137,48,4,,2,100,,6138,48,4,,2,100,,6139,48,4,,2,25,,6140,48,4,,2
3701,'2',715,,6141,48,4,,2,100,,6142,48,4,,2,102,,6143,48,4,,2,102,,6144,48,4,,2,102,,6145,48,4,,2,116,,6146,48,4,,2,103,,6147,48,4,,2,100,,6148,48,4,,2,101,,6149,48,4,,2,100,,6150,48,4,,2,101,,6151,48,4,,2,95,,6152,48,4,,2,97,,6153,48,4,,2,96,,6154,48,4,,2,100,,6155,48,4,,2,101,,6156,48,4,,2,98,,6157,48,4,,2,25,,6158,48,4,,2
3701,'3',815,,6159,48,4,,2,102,,6160,48,4,,2,102,,6161,48,4,,2,102,,6162,48,4,,2,116,,6163,48,4,,2,103,,6164,48,4,,2,100,,6165,48,4,,2,101,,6166,48,4,,2,100,,6167,48,4,,2,101,,6168,48,4,,2,95,,6169,48,4,,2,97,,6170,48,4,,2
3701,'71',559,,4746,41,4,,2,189,,4749,48,,,2,101,,4748,48,4,,2,102,,4747,48,4,,2,98,,4750,48,4,,2,102,,4751,48,4,,2,153,,4752,48,4,,2,102,,4753,48,4,,2,102,,4754,48,4,,2,116,,4755,48,4,,2,112,,4756,48,4,,2,100,,4757,48,4,,2,100,,4758,48,4,,2,97,,4759,48,4,,2,97,,4760,48,4,,2,101,,4761,48,4,,2,102,,4762,48,4,,2,25,,4763,48,4,,2
3701,'72',719,,4764,48,4,,2,100,,4765,48,4,,2,102,,4766,48,4,,2,100,,4767,48,4,,2,100,,4768,48,4,,2,112,,4769,48,4,,2,100,,4770,48,4,,2,100,,4771,48,4,,2,102,,4772,48,4,,2,100,,4773,48,4,,2,98,,4774,48,4,,2,100,,4775,48,4,,2,100,,4776,48,4,,2,97,,4779,48,4,,2,100,,4780,48,4,,2,101,,4781,48,4,,2,98,,4777,48,4,,2,25,,4778,48,4,,2
3701,'73',819,,4782,48,4,,2,102,,4783,48,4,,2,100,,4784,48,4,,2,100,,4785,48,4,,2,112,,4786,48,4,,2,100,,4787,48,4,,2,100,,4788,48,4,,2,102,,4789,48,4,,2,100,,4790,48,4,,2,98,,4791,48,4,,2,100,,4792,48,4,,2,109,,4793,48,4,,2
3800,'1',818,,6171,49,4,,2,102,,6172,49,4,,2,99,,6173,49,4,,2,102,,6174,49,4,,2,115,,6175,49,4,,2,102,,6176,49,4,,2,102,,6177,49,4,,2,107,,6178,49,4,,2,159,,6179,49,4,,2,31,,6180,49,4,,2,174,,6181,49,4,,2,96,,6182,49,4,,2,96,,6183,49,4,,2,100,,6184,49,4,,2,98,,6185,49,4,,2
3800,'2',745,,6186,49,4,,2,101,,6187,49,4,,2,103,,6188,49,4,,2,101,,6189,49,4,,2,102,,6190,49,4,,2,156,,6191,49,4,,2,102,,6192,49,4,,2,101,,6193,49,4,,2,100,,6194,49,4,,2,102,,6195,49,4,,2,99,,6196,49,4,,2,94,,6197,49,4,,2,96,,6198,49,4,,2,100,,6199,49,4,,2,57,,6200,49,4,,2,141,,6201,49,4,,2
3800,'3',846,,6202,49,4,,2,103,,6203,49,4,,2,101,,6204,49,4,,2,102,,6205,49,4,,2,156,,6206,49,4,,2,102,,6207,49,4,,2,101,,6208,49,4,,2,100,,6209,49,4,,2,102,,6210,49,4,,2,99,,6211,49,4,,2,94,,6212,49,4,,2,96,,6213,49,4,,2
3800,'71',815,,4794,49,4,,2,105,,4795,49,4,,2,98,,4796,49,4,,2,102,,4797,49,4,,2,113,,4798,49,4,,2,102,,4799,49,4,,2,102,,4800,49,4,,2,109,,4801,56,4,,2,155,,4802,49,4,,2,55,,4803,49,4,,2,152,,4804,49,4,,2,97,,4805,49,4,,2,96,,4806,49,4,,2,101,,4807,49,4,,2,99,,4808,49,4,,2
3800,'72',749,,4809,49,4,,2,100,,4810,49,4,,2,102,,4811,49,4,,2,100,,4812,49,4,,2,101,,4813,49,4,,2,151,,4814,49,4,,2,100,,4815,49,4,,2,102,,4816,49,4,,2,100,,4817,49,4,,2,100,,4818,49,4,,2,98,,4819,49,4,,2,100,,4820,49,4,,2,98,,4822,49,4,,2,99,,4823,49,4,,2,59,,4824,49,4,,2,100,,4821,49,4,,2
3800,'73',849,,4825,49,4,,2,102,,4826,49,4,,2,100,,4827,49,4,,2,101,,4828,49,4,,2,151,,4829,49,4,,2,100,,4830,49,4,,2,102,,4831,49,4,,2,100,,4832,49,4,,2,100,,4833,49,4,,2,98,,4834,49,4,,2,100,,4835,49,4,,2,107,,4836,49,4,,2
3900,'1',651,,6215,34,4,,2,80,,6216,34,4,,2,71,,6214,34,4,,2
34501,'83',1635,,4950,33,,,2
35501,'83',1634,,4956,26,,,2
5003700,'1',656,,6395,52,,,2,76,,6394,52,,,2
5003700,'71',638,,5046,59,,,2,19,,5047,52,,,2,74,,5048,52,,,2
5004200,'11',701,,6399,19,,,2
5004200,'81',702,,5054,19,,,2
905231701,'27',2252,,6491,41,4,,2,69,,6494,41,4,,2,30,,6489,41,4,,2,70,,6492,41,4,,2,30,,6490,41,4,,2,70,,6493,41,4,,2,30,,6495,41,4,,2
905231701,'28',2252,,6498,41,4,,2,69,,6501,41,4,,2,30,,6496,41,4,,2,70,,6499,41,4,,2,30,,6497,41,4,,2,70,,6500,41,4,,2,30,,6502,41,4,,2
905231701,'29',2252,,6505,41,4,,2,69,,6508,41,4,,2,30,,6503,41,4,,2,70,,6506,41,4,,2,30,,6504,41,4,,2,70,,6507,41,4,,2,30,,6509,41,4,,2
1200000101,'1',1550,,7148,45,,,1,72,,7149,45,,,1,31,,7150,45,,,1,71,,7151,45,,,1
1200000101,'71',1548,,5070,45,,,1,72,,5071,45,,,1,31,,5069,45,,,1,72,,5072,45,,,1
1200000200,'1',550,,7154,19,,,1,55,,7153,41,,,1,15,,7158,41,,,1,16,,7159,41,,,1,18,,7160,41,,,1,55,,7162,41,,,1,16,,7163,41,,,1,17,,7152,41,,,1,15,,7165,41,,,1,55,,7157,41,,,1,14,,7155,41,,,1,14,,7161,41,,,1,15,,7166,41,,,1,58,,7164,41,,,1,18,,7167,41,,,1,69,,7169,41,,,1,29,,7171,41,,,1,30,,7156,41,,,1,70,,7172,41,,,1,30,,7168,41,,,1,70,,7170,41,,,1,71,,7174,41,,,1,30,,7175,41,,,1,29,,7173,41,,,1,70,,7177,41,,,1,18,,7179,41,,,1,71,,7180,41,,,1,17,,7181,41,,,1,12,,7178,41,,,1,54,,7182,41,,,1,15,,7183,41,,,1,16,,7185,41,,,1,16,,7176,41,,,1,52,,7188,41,,,1,15,,7189,41,,,1,17,,7192,41,,,1,13,,7193,41,,,1,55,,7187,41,,,1,29,,7186,41,,,1,29,,7184,41,,,1,69,,7190,41,,,1,30,,7196,41,,,1,70,,7197,41,,,1,30,,7199,41,,,1,69,,7200,41,,,1,32,,7194,41,,,1,70,,7191,41,,,1,72,,7198,41,,,1,26,,7201,41,,,1,30,,7195,41,0,14,1
1200000200,'2',728,,7205,41,,,1,30,,7204,41,,,1,71,,7208,41,,,1,30,,7202,41,,,1,70,,7207,41,,,1,30,,7206,41,,,1,71,,7210,41,,,1,70,,7209,41,,,1,30,,7203,41,,,1,71,,7212,41,,,1,30,,7214,41,,,1,70,,7211,41,,,1,30,,7216,41,,,1,71,,7217,41,,,1,30,,7213,41,,,1,69,,7215,41,,,1,30,,7219,41,,,1,70,,7221,41,,,1,30,,7218,41,,,1,70,,7223,41,,,1,30,,7224,41,,,1,69,,7220,41,,,1,28,,7222,41,,,1,28,,7228,41,,,1,70,,7227,41,,,1,31,,7225,41,,,1,69,,7229,41,,,1,29,,7231,41,,,1,70,,7230,41,,,1,30,,7233,41,,,1,70,,7226,41,,,1,30,,7232,41,,,1,70,,7234,41,,,1
1200000200,'3',728,,7235,41,,,1,30,,7236,41,,,1,71,,7237,41,,,1,30,,7238,41,,,1,70,,7239,41,,,1,30,,7243,41,,,1,71,,7241,41,,,1,70,,7245,41,,,1,30,,7242,41,,,1,71,,7240,41,,,1,30,,7244,41,,,1,70,,7247,41,,,1,30,,7246,41,,,1,71,,7248,41,,,1,30,,7250,41,,,1,69,,7252,41,,,1,30,,7255,41,,,1,70,,7257,41,,,1,30,,7249,41,,,1,70,,7251,41,,,1,30,,7253,41,,,1,69,,7256,41,,,1,28,,7258,41,,,1,28,,7260,41,,,1,70,,7259,41,,,1,31,,7254,41,,,1,69,,7261,41,,,1
1200000200,'71',549,,5075,19,,,1,55,,5074,41,,,1,15,,5078,41,,,1,8,,5082,19,,,1,8,,5080,41,,,1,17,,5081,41,,,1,55,,5077,41,,,1,16,,5085,41,,,1,17,,5073,41,,,1,15,,5087,41,,,1,55,,5076,41,,,1,14,,5089,41,,,1,14,,5083,41,,,1,15,,5090,41,,,1,59,,5079,41,,,1,13,,5091,41,,,1,17,,5084,41,,,1,17,,5086,41,,,1,54,,5092,41,,,1,15,,5088,41,,,1,15,,5094,41,,,1,15,,5095,41,,,1,55,,5096,41,,,1,15,,5098,41,,,1,15,,5099,41,,,1,15,,5101,41,,,1,55,,5102,41,,,1,15,,5103,41,,,1,16,,5093,41,,,1,15,,5105,41,,,1,55,,5106,41,,,1,15,,5107,41,,,1,14,,5097,41,,,1,15,,5104,41,,,1,55,,5100,41,,,1,21,,5108,41,,,1,12,,5109,41,,,1,56,,5110,41,,,1,15,,5111,41,,,1,16,,5112,41,,,1,12,,5113,41,,,1,14,,5115,41,,,1,55,,5117,41,,,1,15,,5119,41,,,1,9,,5121,28,,,1,8,,5120,41,,,1,12,,5122,41,,,1,55,,5125,41,,,1,17,,5126,41,,,1,14,,5123,41,,,1,14,,5124,41,,,1,54,,5116,41,,,1,15,,5114,41,,,1,15,,5128,41,,,1,15,,5118,41,,,1,70,,5129,41,,,1,30,,5127,41,,,1,70,,5133,41,,,1,30,,5135,41,,,1,69,,5136,41,,,1,32,,5130,41,,,1,70,,5132,41,,,1,72,,5134,41,,,1,26,,5137,41,,,1,30,,5131,41,0,14,1
1200000200,'72',728,,5139,41,,,1,30,,5142,41,,,1,70,,5143,41,,,1,30,,5144,41,,,1,70,,5138,41,,,1,30,,5141,41,,,1,70,,5140,41,,,1,30,,5145,41,,,1,70,,5146,41,,,1,31,,5148,41,,,1,69,,5147,41,,,1,30,,5150,41,,,1,70,,5151,41,,,1,31,,5152,41,,,1,70,,5153,41,,,1,29,,5154,41,,,1,70,,5149,41,,,1,30,,5156,41,,,1,70,,5155,41,,,1,30,,5159,41,,,1,70,,5158,41,,,1,31,,5161,41,,,1,68,,5162,41,,,1,29,,5163,41,,,1,70,,5165,41,,,1,31,,5157,41,,,1,69,,5167,41,,,1,29,,5168,41,,,1,70,,5164,41,,,1,30,,5166,41,,,1,70,,5160,41,,,1,30,,5169,41,,,1,70,,5170,41,,,1
1200000200,'73',728,,5171,41,,,1,30,,5173,41,,,1,70,,5174,41,,,1,30,,5175,41,,,1,70,,5176,41,,,1,30,,5172,41,,,1,70,,5177,41,,,1,30,,5179,41,,,1,70,,5178,41,,,1,31,,5181,41,,,1,69,,5180,41,,,1,30,,5183,41,,,1,70,,5184,41,,,1,31,,5185,41,,,1,70,,5186,41,,,1,29,,5188,41,,,1,70,,5182,41,,,1,30,,5191,41,,,1,70,,5189,41,,,1,30,,5193,41,,,1,70,,5192,41,,,1,31,,5195,41,,,1,68,,5196,41,,,1,29,,5197,41,,,1,70,,5187,41,,,1,31,,5194,41,,,1,69,,5190,41,,,1
1200000200,'89',643,,5198,19,,,1,61,,5200,19,,,1,47,,5199,10,,,1
1200000400,'1',701,,7629,43,,,1,16,,7630,43,,,1
1200000400,'71',659,,5565,43,,,1,56,,5566,43,,,1,16,,5567,43,,,1,16,,5564,43,,,1
2000003101,'2',718,,7719,51,4,,2,102,,7720,83,4,,2,101,,7721,83,4,,2,101,,7722,83,4,,2,101,,7723,83,4,,2,101,,7724,83,4,,2,101,,7725,83,4,,2,215,,7726,83,4,,2,101,,7727,83,4,,2,101,,7728,83,4,,2,96,,7729,83,4,,2
2000003101,'3',820,,7731,51,4,,2,101,,7732,83,4,,2,101,,7733,83,4,,2,101,,7734,83,4,,2,101,,7735,83,4,,2,101,,7736,83,4,,2,215,,7737,83,4,,2,101,,7738,83,4,,2,101,,7739,83,4,,2,96,,7740,83,4,,2
