1200000201,'1',543,,7270,6,,,1,60,,7272,6,,,1,17,,7274,6,,,1,19,,7262,36,,,1,62,,7279,6,,,1,18,,7265,48,,,1,16,,7264,48,,,1,21,,7269,48,,,1,61,,7271,48,,,1,19,,7273,48,,,1,20,,7276,48,,,1,55,,7277,48,,,1,16,,7263,48,,,1,12,,7280,48,,,1,14,,7268,48,,,1,51,,7266,48,,,1,12,,7275,48,,,1,12,,7281,48,,,1,14,,7278,48,,,1,17,,7282,48,,,1,71,,7284,48,,,1,29,,7286,48,,,1,70,,7267,48,,,1,73,,7287,48,,,1,29,,7283,48,,,1,70,,7285,48,,,1,31,,7289,48,,,1,71,,7290,48,,,1,30,,7288,48,,,1,82,,7292,48,,,1,26,,7294,48,,,1,17,,7297,48,,,1,56,,7295,48,,,1,17,,7296,48,,,1,11,,7293,48,,,1,10,,7298,48,,,1,52,,7299,48,,,1,14,,7301,48,,,1,13,,7291,48,,,1,9,,7304,48,,,1,13,,7305,48,,,1,53,,7308,48,,,1,12,,7309,48,,,1,13,,7303,48,,,1,24,,7302,48,,,1,66,,7300,48,,,1,19,,7310,48,,,1,68,,7311,48,,,1,32,,7306,48,,,1,75,,7313,48,,,1,26,,7315,48,,,1,71,,7312,48,,,1,27,,7307,48,,,1,71,,7314,48,,,1,46,,7316,48,,,1
1200000201,'14',1716,,7317,42,,,1
1200000201,'2',641,,7323,6,,,1,68,,7321,36,,,1,39,,7318,48,,,1,70,,7326,48,,,1,31,,7324,48,,,1,72,,7322,48,,,1,32,,7328,48,,,1,71,,7319,48,,,1,31,,7327,48,,,1,72,,7325,48,,,1,32,,7330,48,,,1,70,,7329,48,,,1,71,,7320,48,,,1,32,,7332,48,,,1,71,,7334,48,,,1,30,,7331,48,,,1,70,,7336,48,,,1,31,,7337,48,,,1,70,,7333,48,,,1,30,,7335,48,,,1,71,,7339,48,,,1,31,,7341,48,,,1,68,,7338,48,,,1,25,,7343,48,,,1,28,,7344,48,,,1,65,,7340,48,,,1,25,,7342,48,,,1,67,,7348,48,,,1,29,,7347,48,,,1,71,,7345,48,,,1,27,,7349,48,,,1,68,,7351,48,,,1,29,,7350,48,,,1,70,,7353,48,,,1,30,,7346,48,,,1,68,,7352,48,,,1,49,,7354,48,,,1
1200000201,'27',2253,,7355,41,,,1,70,,7358,41,,,1,29,,7356,41,,,1,83,,7359,41,,,1,68,,7361,41,,,1,30,,7357,41,,,1,70,,7360,41,,,1
1200000201,'28',2252,,7362,41,,,1,70,,7365,41,,,1,30,,7363,41,,,1,82,,7366,41,,,1,68,,7368,41,,,1,30,,7364,41,,,1,70,,7367,41,,,1
1200000201,'29',2252,,7369,41,,,1,70,,7372,41,,,1,30,,7370,41,,,1,82,,7373,41,,,1,68,,7375,41,,,1,30,,7371,41,,,1,70,,7374,41,,,1
1200000201,'3',641,,7376,6,,,1,68,,7378,6,,,1,32,,7380,6,,,1,70,,7382,6,,,1,38,,7377,48,,,1,72,,7379,48,,,1,32,,7381,48,,,1,70,,7383,48,,,1,32,,7384,48,,,1,72,,7388,48,,,1,32,,7386,48,,,1,70,,7390,48,,,1,71,,7387,48,,,1,32,,7385,48,,,1,71,,7389,48,,,1,30,,7392,48,,,1,70,,7391,48,,,1,31,,7393,48,,,1,70,,7395,48,,,1,30,,7397,48,,,1,71,,7400,48,,,1,31,,7402,48,,,1,68,,7394,48,,,1,25,,7396,48,,,1,28,,7398,48,,,1,65,,7401,48,,,1,25,,7403,48,,,1,67,,7405,48,,,1,29,,7404,48,,,1,71,,7399,48,,,1,27,,7406,48,,,1
1200000201,'71',543,,5210,6,,,1,60,,5212,6,,,1,17,,5215,6,,,1,19,,5201,36,,,1,62,,5220,6,,,1,13,,5205,48,,,1,17,,5204,48,,,1,21,,5208,48,,,1,50,,5214,48,,,1,14,,5203,48,,,1,13,,5213,48,,,1,19,,5207,48,,,1,57,,5218,48,,,1,15,,5202,48,,,1,14,,5221,48,,,1,13,,5206,48,,,1,12,,5223,48,,,1,52,,5216,48,,,1,12,,5224,48,,,1,15,,5209,48,,,1,12,,5225,48,,,1,57,,5217,48,,,1,19,,5219,48,,,1,14,,5226,48,,,1,15,,5222,48,,,1,55,,5228,48,,,1,15,,5229,48,,,1,15,,5230,48,,,1,18,,5232,48,,,1,55,,5233,48,,,1,15,,5235,48,,,1,14,,5236,48,,,1,15,,5237,48,,,1,56,,5227,48,,,1,15,,5239,48,,,1,15,,5240,48,,,1,16,,5241,48,,,1,54,,5231,48,,,1,16,,5238,48,,,1,19,,5234,48,,,1,69,,5242,48,,,1,20,,5243,48,,,1,16,,5244,48,,,1,54,,5245,48,,,1,6,,5253,36,,,1,14,,5246,48,,,1,9,,5247,48,,,1,10,,5249,48,,,1,11,,5251,48,,,1,55,,5254,48,,,1,13,,5255,48,,,1,9,,5256,48,,,1,13,,5259,48,,,1,57,,5260,48,,,1,9,,5257,48,,,1,12,,5258,48,,,1,13,,5250,48,,,1,12,,5248,48,,,1,54,,5261,48,,,1,14,,5252,48,,,1,20,,5262,48,,,1,69,,5263,48,,,1,32,,5265,48,,,1,75,,5267,48,,,1,26,,5269,48,,,1,71,,5264,48,,,1,27,,5266,48,,,1,71,,5268,48,,,1,46,,5270,48,,,1
1200000201,'72',641,,5275,6,,,1,70,,5281,6,,,1,21,,5272,48,,,1,71,,5271,48,,,1,30,,5273,48,,,1,72,,5279,48,,,1,32,,5284,48,,,1,72,,5277,48,,,1,31,,5276,48,,,1,69,,5282,48,,,1,30,,5283,48,,,1,71,,5285,48,,,1,30,,5274,48,,,1,71,,5280,48,,,1,30,,5278,48,,,1,70,,5286,48,,,1,32,,5287,48,,,1,69,,5289,48,,,1,33,,5288,48,,,1,70,,5291,48,,,1,29,,5292,48,,,1,72,,5293,48,,,1,31,,5294,48,,,1,66,,5295,48,,,1,28,,5290,48,,,1,69,,5297,48,,,1,25,,5296,48,,,1,79,,5300,48,,,1,29,,5302,48,,,1,71,,5298,48,,,1,27,,5304,48,,,1,68,,5305,48,,,1,29,,5301,48,,,1,70,,5303,48,,,1,29,,5299,48,,,1,69,,5306,48,,,1,49,,5307,48,,,1
1200000201,'73',641,,5309,6,,,1,70,,5313,6,,,1,30,,5316,6,,,1,70,,5319,6,,,1,22,,5308,48,,,1,72,,5311,48,,,1,32,,5315,48,,,1,72,,5318,48,,,1,31,,5310,48,,,1,69,,5314,48,,,1,30,,5317,48,,,1,71,,5320,48,,,1,30,,5321,48,,,1,71,,5312,48,,,1,30,,5322,48,,,1,70,,5324,48,,,1,32,,5323,48,,,1,69,,5326,48,,,1,33,,5325,48,,,1,70,,5328,48,,,1,29,,5329,48,,,1,72,,5330,48,,,1,31,,5331,48,,,1,66,,5333,48,,,1,28,,5327,48,,,1,69,,5336,48,,,1,25,,5334,48,,,1,79,,5338,48,,,1,29,,5332,48,,,1,71,,5337,48,,,1,27,,5335,48,,,1
1200000201,'81',724,,5339,36,,,1,16,,5340,36,,,1,860,,5341,48,,,1
1200000201,'89',1644,,5345,48,,,1,14,,5346,48,,,1
