3501,'1',543,,6049,7,,,2,94,,6050,9,,,2,82,,6051,9,,,2,98,,6052,9,,,2,84,,6053,9,,,2,39,,6054,9,,,2,85,,6055,9,,,2,85,,6056,9,,,2,46,,6057,9,,,2,85,,6058,9,,,2,85,,6059,9,,,2,85,,6060,9,,,2,45,,6061,9,,,2,98,,6062,9,,,2,84,,6064,9,,,2,82,,6065,9,,,2,82,,6066,9,,,2,44,,6067,9,,,2,74,,6063,9,,,2,39,,6068,9,,,2,66,,6069,9,,,2,31,,6070,9,,,2,67,,6071,9,,,2,78,,6072,9,,,2,30,,6073,9,,,2,28,,6074,9,,,2,65,,6075,9,,,2
3501,'2',704,,6076,9,,,2,30,,6077,9,,,2,70,,6078,9,,,2,30,,6079,9,,,2,69,,6080,9,,,2,33,,6081,9,,,2,86,,6082,9,,,2,85,,6083,9,,,2,47,,6084,9,,,2,87,,6085,9,,,2,89,,6086,9,,,2,85,,6088,9,,,2,86,,6089,9,,,2,45,,6090,9,,,2,85,,6091,9,,,2,84,,6092,9,,,2,43,,6087,9,,,2,82,,6093,9,,,2,78,,6094,9,,,2,85,,6095,9,,,2,30,,6096,9,,,2,68,,6097,9,,,2,28,,6098,9,,,2,30,,6099,9,,,2,70,,6100,9,,,2,28,,6101,9,,,2,65,,6102,9,,,2
3501,'3',834,,6103,9,,,2,69,,6104,9,,,2,33,,6105,9,,,2,86,,6106,9,,,2,85,,6107,9,,,2,47,,6108,9,,,2,87,,6109,9,,,2,89,,6110,9,,,2,85,,6111,9,,,2,86,,6112,9,,,2,45,,6114,9,,,2,85,,6115,9,,,2,84,,6116,9,,,2,43,,6117,9,,,2,82,,6118,9,,,2,78,,6119,9,,,2,85,,6113,9,,,2
3501,'71',546,,4652,7,,,2,96,,4653,9,,,2,70,,4654,9,,,2,110,,4658,9,,,2,80,,4655,9,,,2,40,,4656,9,,,2,97,,4659,9,,,2,102,,4660,9,,,2,98,,4657,9,,,2,101,,4662,9,,,2,102,,4661,9,,,2,113,,4663,9,,,2,73,,4664,9,,,2,76,,4665,9,,,2,34,,4666,9,,,2,104,,4667,9,,,2,90,,4670,9,,,2,92,,4671,9,,,2,98,,4672,9,,,2,108,,4668,9,,,2,93,,4669,9,,,2
3501,'72',657,,4673,9,,,2,100,,4674,9,,,2,101,,4675,9,,,2,100,,4676,9,,,2,100,,4677,9,,,2,101,,4678,9,,,2,146,,4679,9,,,2,102,,4680,9,,,2,101,,4681,9,,,2,100,,4682,9,,,2,92,,4683,9,,,2,57,,4684,9,,,2,96,,4685,9,,,2,150,,4686,9,,,2,98,,4687,9,,,2,58,,4688,9,,,2,98,,4689,9,,,2
3501,'73',858,,4690,9,,,2,100,,4691,9,,,2,100,,4692,9,,,2,101,,4693,9,,,2,146,,4694,9,,,2,102,,4695,9,,,2,101,,4696,9,,,2,100,,4697,9,,,2,92,,4698,9,,,2,57,,4699,9,,,2,96,,4700,9,,,2,103,,4701,9,,,2
35100,'15',705,,6307,6,,,2
35100,'84',709,,4953,6,,,2
35101,'85',1535,,4954,30,,,2
35500,'12',757,,6308,6,,,2
35500,'82',802,,4955,6,,,2
35501,'83',1648,,4956,40,,,2
