905231701,'27',2316,,6491,84,4,,2,29,,6494,84,4,,2,70,,6489,84,4,,2,30,,6492,84,4,,2,70,,6490,84,4,,2,30,,6493,84,4,,2,70,,6495,84,4,,2
905231701,'28',2316,,6498,84,4,,2,29,,6501,84,4,,2,70,,6496,84,4,,2,30,,6499,84,4,,2,70,,6497,84,4,,2,30,,6500,84,4,,2,70,,6502,84,4,,2
905231701,'29',2316,,6505,84,4,,2,29,,6508,84,4,,2,70,,6503,84,4,,2,30,,6506,84,4,,2,70,,6504,84,4,,2,30,,6507,84,4,,2,70,,6509,84,4,,2
1200000101,'1',1623,,7148,88,,,1,32,,7149,88,,,1,71,,7150,88,,,1,30,,7151,88,,,1
1200000101,'71',1619,,5070,88,,,1,32,,5071,88,,,1,71,,5069,88,,,1,30,,5072,88,,,1
1200000301,'1',625,,7508,37,,,1,28,,7513,37,,,1,77,,7506,50,,,1,20,,7510,50,,,1,75,,7516,50,,,1,29,,7511,50,,,1,65,,7519,50,,,1,25,,7507,50,,,1,69,,7517,50,,,1,27,,7515,50,,,1,73,,7520,50,,,1,33,,7521,50,,,1,70,,7523,50,,,1,34,,7525,50,,,1,72,,7527,50,,,1,28,,7522,50,,,1,70,,7524,50,,,1,28,,7526,50,,,1,71,,7528,50,,,1,36,,7529,50,,,1,60,,7532,47,,,1,23,,7530,47,,,1,18,,7535,47,,,1,59,,7534,47,,,1,11,,7539,47,,,1,13,,7537,47,,,1,14,,7538,47,,,1,56,,7541,47,,,1,14,,7533,47,,,1,12,,7536,47,,,1,15,,7531,47,,,1,68,,7540,47,,,1,24,,7544,50,,,1,64,,7542,50,,,1,31,,7543,50,,,1,70,,7545,50,,,1,29,,7546,50,,,1,73,,7549,50,,,1,31,,7547,37,,,1,70,,7550,37,,,1,28,,7548,37,,,1,70,,7551,37,,,1,39,,7552,37,,,1
1200000301,'2',805,,7553,50,,,1,30,,7556,50,,,1,71,,7559,50,,,1,32,,7562,50,,,1,71,,7554,50,,,1,32,,7557,50,,,1,71,,7560,50,,,1,31,,7563,50,,,1,71,,7555,50,,,1,31,,7558,50,,,1,71,,7561,50,,,1,31,,7564,50,,,1,71,,7565,50,,,1,30,,7568,50,,,1,70,,7574,50,,,1,30,,7571,50,,,1,70,,7566,50,,,1,31,,7569,50,,,1,71,,7575,50,,,1,27,,7572,50,,,1,68,,7567,50,,,1,28,,7570,50,,,1,67,,7576,50,,,1,27,,7573,50,,,1,75,,7577,37,,,1,100,,7578,37,,,1,96,,7579,37,,,1,98,,7580,37,,,1,38,,7581,37,,,1,102,,7582,37,,,1
1200000301,'27',2239,,7584,40,,,1,70,,7587,40,,,1,30,,7589,40,,,1,83,,7585,40,,,1,28,,7588,40,,,1,70,,7583,40,,,1,30,,7586,40,,,1
1200000301,'28',2239,,7591,40,,,1,70,,7594,40,,,1,30,,7596,40,,,1,83,,7592,40,,,1,28,,7595,40,,,1,70,,7590,40,,,1,30,,7593,40,,,1
1200000301,'29',2239,,7598,40,,,1,70,,7601,40,,,1,30,,7603,40,,,1,83,,7599,40,,,1,28,,7602,40,,,1,70,,7597,40,,,1,30,,7600,40,,,1
1200000301,'3',835,,7604,50,,,1,71,,7606,50,,,1,32,,7612,50,,,1,71,,7609,50,,,1,32,,7605,50,,,1,71,,7607,50,,,1,31,,7613,50,,,1,71,,7610,50,,,1,31,,7614,50,,,1,71,,7608,50,,,1,31,,7616,50,,,1,71,,7611,50,,,1,30,,7615,50,,,1,70,,7618,50,,,1,30,,7617,50,,,1,70,,7621,50,,,1,31,,7623,50,,,1,71,,7619,50,,,1,27,,7627,50,,,1,68,,7622,50,,,1,28,,7624,50,,,1,67,,7620,50,,,1,27,,7628,50,,,1,75,,7625,37,,,1,121,,7626,37,,,1
1200000301,'71',625,,5456,37,,,1,28,,5460,37,,,1,78,,5454,50,,,1,20,,5458,50,,,1,77,,5466,50,,,1,27,,5463,50,,,1,66,,5469,50,,,1,26,,5455,50,,,1,69,,5465,50,,,1,27,,5467,50,,,1,76,,5470,50,,,1,20,,5471,50,,,1,20,,5473,50,,,1,60,,5475,50,,,1,24,,5476,50,,,1,60,,5478,50,,,1,21,,5480,50,,,1,19,,5472,50,,,1,60,,5474,50,,,1,20,,5481,50,,,1,18,,5477,50,,,1,60,,5479,50,,,1,20,,5483,50,,,1,25,,5484,50,,,1,13,,5485,47,,,1,56,,5486,47,,,1,23,,5482,47,,,1,18,,5494,47,,,1,59,,5490,47,,,1,11,,5493,47,,,1,13,,5488,47,,,1,14,,5487,47,,,1,56,,5497,47,,,1,16,,5496,47,,,1,10,,5495,47,,,1,17,,5492,47,,,1,51,,5489,47,,,1,15,,5491,47,,,1,22,,5498,50,,,1,67,,5499,50,,,1,31,,5501,50,,,1,70,,5500,50,,,1,29,,5502,50,,,1,73,,5505,50,,,1,30,,5503,37,,,1,70,,5506,37,,,1,28,,5504,37,,,1,70,,5507,37,,,1,39,,5508,37,,,1
1200000301,'72',806,,5511,50,,,1,30,,5510,50,,,1,71,,5514,50,,,1,30,,5515,50,,,1,71,,5516,50,,,1,31,,5509,50,,,1,72,,5513,50,,,1,30,,5512,50,,,1,70,,5517,50,,,1,30,,5518,50,,,1,71,,5520,50,,,1,30,,5519,50,,,1,71,,5522,50,,,1,30,,5523,50,,,1,71,,5524,50,,,1,30,,5525,50,,,1,69,,5526,50,,,1,31,,5521,50,,,1,72,,5528,50,,,1,29,,5527,50,,,1,68,,5530,50,,,1,28,,5529,50,,,1,69,,5531,50,,,1,24,,5535,50,,,1,78,,5532,37,,,1,100,,5533,37,,,1,96,,5534,37,,,1,99,,5536,37,,,1,38,,5537,37,,,1,102,,5538,37,,,1
1200000301,'73',836,,5539,50,,,1,71,,5541,50,,,1,30,,5542,50,,,1,71,,5543,50,,,1,31,,5544,50,,,1,72,,5540,50,,,1,30,,5545,50,,,1,70,,5547,50,,,1,30,,5546,50,,,1,71,,5549,50,,,1,30,,5548,50,,,1,71,,5551,50,,,1,30,,5552,50,,,1,71,,5553,50,,,1,30,,5554,50,,,1,69,,5555,50,,,1,31,,5550,50,,,1,72,,5557,50,,,1,29,,5556,50,,,1,68,,5559,50,,,1,28,,5558,50,,,1,69,,5560,50,,,1,24,,5563,50,,,1,78,,5561,37,,,1,121,,5562,37,,,1
2000002200,'1',606,,7709,6,0,18 19 20,2
2000002200,'71',606,,5649,6,0,18 19 20,2
