1100,'1',623,,5748,60,,,1,34,,5754,60,,,1,69,,5749,60,,,1,74,,5755,60,,,1,30,,5750,60,,,1,18,,5751,60,,,1,69,,5756,60,,,1,34,,5752,60,,,1,70,,5757,60,,,1,35,,5758,60,,,1,70,,5761,60,,,1,33,,5759,60,,,1,70,,5762,60,,,1,77,,5760,60,,,1,30,,5763,60,,,1,88,,5764,60,,,1,30,,5766,60,,,1,75,,5765,60,,,1,30,,5767,60,,,1,85,,5770,60,,,1,62,,5768,60,,,1,22,,5772,60,,,1,26,,5771,60,,,1,76,,5773,60,,,1,28,,5769,60,,,1,70,,5774,60,,,1,100,,5775,60,,,1,100,,5776,60,,,1,100,,5777,60,,,1,100,,5778,60,,,1
1100,'2',726,,5779,60,,,1,102,,5780,60,,,1,99,,5781,60,,,1,102,,5782,60,,,1,100,,5783,60,,,1,100,,5784,60,,,1,101,,5785,60,,,1,99,,5786,60,,,1,100,,5787,60,,,1,100,,5788,60,,,1,99,,5789,60,,,1,100,,5790,60,,,1,99,,5792,60,,,1,100,,5793,60,,,1,100,,5791,60,,,1,100,,5795,60,,,1,100,,5794,60,,,1
1100,'3',927,,5796,60,,,1,102,,5797,60,,,1,100,,5798,60,,,1,100,,5799,60,,,1,101,,5800,60,,,1,99,,5801,60,,,1,100,,5802,60,,,1,100,,5803,60,,,1,99,,5804,60,,,1,100,,5805,60,,,1
1100,'71',623,,4339,60,,,1,34,,4343,60,,,1,69,,4340,60,,,1,74,,4344,60,,,1,30,,4341,60,,,1,18,,4345,60,,,1,69,,4350,60,,,1,34,,4346,60,,,1,70,,4351,60,,,1,35,,4347,60,,,1,70,,4352,60,,,1,33,,4348,60,,,1,70,,4353,60,,,1,77,,4349,60,,,1,30,,4354,60,,,1,88,,4358,60,,,1,30,,4355,60,,,1,75,,4359,60,,,1,30,,4356,60,,,1,84,,4360,61,,,1,63,,4357,60,,,1,22,,4363,60,,,1,26,,4361,60,,,1,76,,4364,60,,,1,28,,4362,60,,,1,70,,4365,60,,,1,100,,4366,60,,,1,100,,4367,60,,,1,100,,4368,60,,,1,100,,4369,60,,,1
1100,'72',726,,4370,60,,,1,102,,4371,60,,,1,99,,4372,60,,,1,102,,4373,60,,,1,100,,4374,60,,,1,100,,4375,60,,,1,101,,4376,60,,,1,99,,4377,60,,,1,100,,4378,60,,,1,100,,4379,60,,,1,99,,4380,60,,,1,100,,4381,60,,,1,99,,4384,60,,,1,100,,4382,60,,,1,100,,4383,60,,,1,100,,4386,60,,,1,100,,4385,60,,,1
1100,'73',927,,4387,60,,,1,102,,4388,60,,,1,100,,4389,60,,,1,100,,4390,60,,,1,101,,4391,60,,,1,99,,4392,60,,,1,100,,4393,60,,,1,100,,4394,60,,,1,99,,4395,60,,,1,100,,4396,60,,,1
11500,'12',837,,6227,19,,,2
11500,'82',837,,4852,19,,,2
1200000201,'1',544,,7270,7,,,1,60,,7272,7,,,1,17,,7274,7,,,1,19,,7262,37,,,1,62,,7279,7,,,1,18,,7265,49,,,1,16,,7264,49,,,1,21,,7269,49,,,1,61,,7271,49,,,1,19,,7273,49,,,1,20,,7276,49,,,1,55,,7277,49,,,1,16,,7263,49,,,1,12,,7280,49,,,1,14,,7268,49,,,1,51,,7266,49,,,1,12,,7275,49,,,1,12,,7281,49,,,1,14,,7278,49,,,1,57,,7282,49,,,1,31,,7284,49,,,1,69,,7286,49,,,1,30,,7267,49,,,1,73,,7287,49,,,1,29,,7283,49,,,1,70,,7285,49,,,1,31,,7289,49,,,1,71,,7290,49,,,1,30,,7288,49,,,1,82,,7292,49,,,1,26,,7294,49,,,1,17,,7297,49,,,1,56,,7295,49,,,1,17,,7296,49,,,1,11,,7293,49,,,1,10,,7298,49,,,1,52,,7299,49,,,1,14,,7301,49,,,1,13,,7291,49,,,1,9,,7304,49,,,1,13,,7305,49,,,1,53,,7308,49,,,1,12,,7309,49,,,1,13,,7303,49,,,1,24,,7302,49,,,1,66,,7300,49,,,1,19,,7310,49,,,1,68,,7311,49,,,1,32,,7306,49,,,1,75,,7313,49,,,1,26,,7315,49,,,1,71,,7312,49,,,1,26,,7307,49,,,1,71,,7314,49,,,1,46,,7316,49,,,1
1200000201,'14',1717,,7317,43,,,1
1200000201,'2',642,,7323,7,,,1,68,,7321,37,,,1,39,,7318,49,,,1,70,,7326,49,,,1,31,,7324,49,,,1,72,,7322,49,,,1,32,,7328,49,,,1,71,,7319,49,,,1,31,,7327,49,,,1,72,,7325,49,,,1,72,,7330,49,,,1,30,,7329,49,,,1,71,,7320,49,,,1,32,,7332,49,,,1,71,,7334,49,,,1,30,,7331,49,,,1,70,,7336,49,,,1,31,,7337,49,,,1,70,,7333,49,,,1,30,,7335,49,,,1,71,,7339,49,,,1,31,,7341,49,,,1,68,,7338,49,,,1,25,,7343,49,,,1,28,,7344,49,,,1,65,,7340,49,,,1,25,,7342,49,,,1,67,,7348,49,,,1,29,,7347,49,,,1,71,,7345,49,,,1,27,,7349,49,,,1,68,,7351,49,,,1,29,,7350,49,,,1,70,,7353,49,,,1,29,,7346,49,,,1,68,,7352,49,,,1,49,,7354,49,,,1
1200000201,'27',2254,,7355,42,,,1,70,,7358,42,,,1,28,,7356,42,,,1,83,,7359,42,,,1,68,,7361,42,,,1,30,,7357,42,,,1,70,,7360,42,,,1
1200000201,'28',2253,,7362,42,,,1,70,,7365,42,,,1,29,,7363,42,,,1,82,,7366,42,,,1,68,,7368,42,,,1,30,,7364,42,,,1,70,,7367,42,,,1
1200000201,'29',2253,,7369,42,,,1,70,,7372,42,,,1,29,,7370,42,,,1,82,,7373,42,,,1,68,,7375,42,,,1,30,,7371,42,,,1,70,,7374,42,,,1
1200000201,'3',642,,7376,7,,,1,68,,7378,7,,,1,32,,7380,7,,,1,70,,7382,7,,,1,38,,7377,49,,,1,72,,7379,49,,,1,32,,7381,49,,,1,70,,7383,49,,,1,32,,7384,49,,,1,72,,7388,49,,,1,72,,7386,49,,,1,30,,7390,49,,,1,71,,7387,49,,,1,32,,7385,49,,,1,71,,7389,49,,,1,30,,7392,49,,,1,70,,7391,49,,,1,31,,7393,49,,,1,70,,7395,49,,,1,30,,7397,49,,,1,71,,7400,49,,,1,31,,7402,49,,,1,68,,7394,49,,,1,25,,7396,49,,,1,28,,7398,49,,,1,65,,7401,49,,,1,25,,7403,49,,,1,67,,7405,49,,,1,29,,7404,49,,,1,71,,7399,49,,,1,27,,7406,49,,,1
1200000201,'71',544,,5210,7,,,1,60,,5212,7,,,1,17,,5215,7,,,1,19,,5201,37,,,1,62,,5220,7,,,1,13,,5205,49,,,1,17,,5204,49,,,1,21,,5208,49,,,1,50,,5214,49,,,1,14,,5203,49,,,1,13,,5213,49,,,1,19,,5207,49,,,1,57,,5218,49,,,1,15,,5202,49,,,1,14,,5221,49,,,1,13,,5206,49,,,1,52,,5223,49,,,1,12,,5216,49,,,1,12,,5224,49,,,1,15,,5209,49,,,1,12,,5225,49,,,1,57,,5217,49,,,1,19,,5219,49,,,1,14,,5226,49,,,1,15,,5222,49,,,1,55,,5228,49,,,1,15,,5229,49,,,1,15,,5230,49,,,1,18,,5232,49,,,1,55,,5233,49,,,1,15,,5235,49,,,1,14,,5236,49,,,1,15,,5237,49,,,1,56,,5227,49,,,1,15,,5239,49,,,1,15,,5240,49,,,1,56,,5241,49,,,1,14,,5231,49,,,1,16,,5238,49,,,1,19,,5234,49,,,1,69,,5242,49,,,1,20,,5243,49,,,1,16,,5244,49,,,1,54,,5245,49,,,1,6,,5253,37,,,1,14,,5246,49,,,1,9,,5247,49,,,1,10,,5249,49,,,1,11,,5251,49,,,1,55,,5254,49,,,1,13,,5255,49,,,1,9,,5256,49,,,1,13,,5259,49,,,1,57,,5260,49,,,1,9,,5257,49,,,1,12,,5258,49,,,1,13,,5250,49,,,1,12,,5248,49,,,1,54,,5261,49,,,1,14,,5252,49,,,1,20,,5262,49,,,1,69,,5263,49,,,1,32,,5265,49,,,1,75,,5267,49,,,1,26,,5269,49,,,1,71,,5264,49,,,1,26,,5266,49,,,1,71,,5268,49,,,1,46,,5270,49,,,1
1200000201,'72',642,,5275,7,,,1,70,,5281,7,,,1,21,,5272,49,,,1,71,,5271,49,,,1,30,,5273,49,,,1,72,,5279,49,,,1,32,,5284,49,,,1,72,,5277,49,,,1,31,,5276,49,,,1,69,,5282,49,,,1,30,,5283,49,,,1,71,,5285,49,,,1,30,,5274,49,,,1,71,,5280,49,,,1,30,,5278,49,,,1,70,,5286,49,,,1,32,,5287,49,,,1,69,,5289,49,,,1,33,,5288,49,,,1,70,,5291,49,,,1,29,,5292,49,,,1,72,,5293,49,,,1,31,,5294,49,,,1,66,,5295,49,,,1,28,,5290,49,,,1,69,,5297,49,,,1,25,,5296,49,,,1,79,,5300,49,,,1,29,,5302,49,,,1,71,,5298,49,,,1,27,,5304,49,,,1,68,,5305,49,,,1,29,,5301,49,,,1,70,,5303,49,,,1,29,,5299,49,,,1,68,,5306,49,,,1,49,,5307,49,,,1
1200000201,'73',642,,5309,7,,,1,70,,5313,7,,,1,30,,5316,7,,,1,70,,5319,7,,,1,22,,5308,49,,,1,72,,5311,49,,,1,32,,5315,49,,,1,72,,5318,49,,,1,31,,5310,49,,,1,69,,5314,49,,,1,30,,5317,49,,,1,71,,5320,49,,,1,30,,5321,49,,,1,71,,5312,49,,,1,30,,5322,49,,,1,70,,5324,49,,,1,32,,5323,49,,,1,69,,5326,49,,,1,33,,5325,49,,,1,70,,5328,49,,,1,29,,5329,49,,,1,72,,5330,49,,,1,31,,5331,49,,,1,66,,5333,49,,,1,28,,5327,49,,,1,69,,5336,49,,,1,25,,5334,49,,,1,79,,5338,49,,,1,29,,5332,49,,,1,71,,5337,49,,,1,27,,5335,49,,,1
1200000201,'81',725,,5339,37,,,1,16,,5340,37,,,1,860,,5341,49,,,1
1200000201,'89',1645,,5345,49,,,1,14,,5346,49,,,1
