1500,'1',557,,5823,18,,,2,68,,5825,18,,,2,29,,5827,18,,,2,70,,5826,21,,,2,30,,5829,21,,,2,81,,5828,21,0,10 11,2,110,,5824,18,0,12 13,2,100,,5830,18,0,12 13,2,100,,5831,18,0,12 13,2,103,,5832,17,0,12 13,2
1500,'16',834,,5833,6,0,10 11,2
1500,'71',557,,4416,19,,,2,68,,4417,19,,,2,29,,4421,19,,,2,72,,4420,18,,,2,28,,4418,18,,,2,81,,4422,19,0,10 11,2,112,,4419,18,0,12 13,2,155,,4423,18,0,12 13,2,116,,4424,18,0,12 13,2,30,,4425,18,0,12 13,2,157,,4427,18,0,12 13,2,116,,4428,18,,,2,96,,4426,18,,,2,37,,4431,19,,,2,68,,4430,18,,,2,100,,4432,18,0,12 13,2,111,,4433,18,0,12 13,2,104,,4434,18,0,12 13,2
1500,'87',834,,4435,8,0,10 11,2
13100,'15',712,,6233,19,,,2
13100,'84',712,,4864,19,,,2
15500,'12',825,,6239,8,,,2
15500,'82',825,,4874,8,,,2
2000001500,'2',741,,7667,18,,,2,100,,7668,17,,,2,100,,7669,17,,,2,94,,7670,17,,,2,109,,7671,17,,,2,101,,7672,17,,,2,201,,7673,18,,,2,101,,7674,17,,,2,95,,7675,17,,,2,106,,7676,17,,,2,93,,7677,17,,,2
2000001500,'3',841,,7678,18,,,2,100,,7679,17,,,2,94,,7680,17,,,2,109,,7681,17,,,2,101,,7682,17,,,2,201,,7683,18,,,2,101,,7684,17,,,2,95,,7685,17,,,2,106,,7686,17,,,2,93,,7687,17,,,2
2000001500,'72',734,,5607,19,,,2,101,,5608,18,,,2,103,,5609,18,,,2,100,,5610,18,,,2,102,,5611,18,,,2,100,,5612,18,,,2,190,,5613,19,,,2,99,,5614,18,,,2,95,,5615,18,,,2,108,,5616,18,,,2,98,,5617,18,,,2
2000001500,'73',835,,5618,19,,,2,103,,5619,18,,,2,100,,5620,18,,,2,102,,5621,18,,,2,100,,5622,18,,,2,190,,5623,19,,,2,99,,5624,18,,,2,95,,5625,18,,,2,108,,5626,18,,,2,98,,5627,18,,,2
