20001,'1',1502,,1064,23,4,,2,32,,1065,23,4,,2
20001,'3',1506,,1071,23,4,,2,28,,1072,23,4,,2
20001,'4',1502,,1078,23,4,,2,31,,1079,23,4,,2
20001,'6',638,,1082,23,4,,2,76,,1084,23,4,,2
5002300,'1',658,,1309,61,4,,2,69,,1311,61,4,,2,31,,1312,61,4,,2,70,,1310,61,4,,2
5002300,'2',653,,1315,61,4,,2,64,,1313,61,4,,2,34,,1314,61,4,,2
5002400,'1',727,,1325,37,4,,2,28,,1323,37,4,,2,71,,1324,37,4,,2
5002400,'2',720,,1327,37,4,,2,31,,1326,37,4,,2
5003400,'1',704,,1334,39,4,,2,17,,1333,39,4,,2
5003400,'3',658,,1336,39,4,,2,56,,1335,39,4,,2
5003400,'4',702,,1338,39,4,,2,17,,1337,39,4,,2
5003600,'1',721,,1343,39,4,,2,31,,1342,39,4,,2
5003600,'3',714,,1345,39,4,,2,29,,1344,39,4,,2
5003600,'4',719,,1347,39,4,,2,31,,1346,39,4,,2
5003700,'1',705,,1355,74,4,,2,16,,1356,67,4,,2,36,,1358,67,4,,2,71,,1359,67,4,,2,31,,1357,74,4,,2
5003700,'3',714,,1361,67,4,,2,34,,1360,67,4,,2
5003700,'4',719,,1362,67,4,,2,36,,1363,67,4,,2
1200000200,'1',607,,1429,34,4,,1,15,,1428,56,4,,1,16,,1431,56,4,,1,9,,1437,34,4,,1,9,,1432,56,4,,1,59,,1436,56,4,,1,17,,1430,56,4,,1,17,,1440,56,4,,1,57,,1427,56,4,,1,15,,1434,56,4,,1,15,,1442,56,4,,1,13,,1438,56,4,,1,53,,1435,56,4,,1,13,,1443,56,4,,1,16,,1433,56,4,,1,12,,1446,56,4,,1,57,,1439,56,4,,1,17,,1441,56,4,,1,14,,1447,56,4,,1,15,,1445,56,4,,1,55,,1449,56,4,,1,15,,1451,56,4,,1,15,,1444,56,4,,1,15,,1452,56,4,,1,55,,1453,56,4,,1,15,,1454,56,4,,1,15,,1455,56,4,,1,15,,1457,56,4,,1,56,,1448,56,4,,1,15,,1450,56,4,,1,15,,1460,56,4,,1,15,,1461,56,4,,1,54,,1463,56,4,,1,15,,1459,56,4,,1,15,,1464,56,4,,1,22,,1456,56,4,,1,53,,1458,56,4,,1,16,,1465,56,4,,1,14,,1466,56,4,,1,17,,1467,56,4,,1,52,,1468,56,4,,1,14,,1462,56,4,,1,15,,1471,56,4,,1,15,,1473,56,4,,1,9,,1476,43,4,,1,45,,1474,56,4,,1,14,,1477,56,4,,1,15,,1480,56,4,,1,16,,1481,56,4,,1,54,,1478,56,4,,1,14,,1479,56,4,,1,14,,1470,56,4,,1,15,,1469,56,4,,1,55,,1475,56,4,,1,14,,1472,56,4,,1,30,,1483,56,4,,1,70,,1487,56,4,,1,30,,1482,56,4,,1,70,,1489,56,4,,1,29,,1490,56,4,,1,70,,1485,56,4,,1,26,,1484,56,4,,1,73,,1488,56,4,,1,26,,1491,56,4,,1
1200000200,'21',705,,1492,34,4,,1,24,,1494,34,4,,1,88,,1493,25,4,,1
1200000200,'3',605,,1498,34,4,,1,15,,1496,56,4,,1,15,,1500,56,4,,1,16,,1502,56,4,,1,57,,1504,56,4,,1,16,,1506,56,4,,1,16,,1508,56,4,,1,17,,1495,56,4,,1,55,,1509,56,4,,1,15,,1499,56,4,,1,14,,1497,56,4,,1,14,,1501,56,4,,1,57,,1503,56,4,,1,18,,1505,56,4,,1,13,,1507,56,4,,1,74,,1510,56,4,,1,29,,1512,56,4,,1,70,,1514,56,4,,1,30,,1515,56,4,,1,70,,1516,56,4,,1,30,,1511,56,4,,1,71,,1513,56,4,,1,30,,1517,56,4,,1,68,,1519,56,4,,1,37,,1521,56,4,,1,52,,1522,56,4,,1,16,,1525,56,4,,1,14,,1527,56,4,,1,17,,1529,56,4,,1,52,,1531,56,4,,1,14,,1518,56,4,,1,15,,1532,56,4,,1,15,,1520,56,4,,1,54,,1533,56,4,,1,15,,1524,56,4,,1,15,,1523,56,4,,1,16,,1526,56,4,,1,54,,1528,56,4,,1,14,,1530,56,4,,1,29,,1535,56,4,,1,70,,1534,56,4,,1,30,,1537,56,4,,1,70,,1541,56,4,,1,30,,1536,56,4,,1,70,,1543,56,4,,1,28,,1544,56,4,,1,70,,1539,56,4,,1,27,,1538,56,4,,1,73,,1542,56,4,,1,26,,1545,56,4,,1
1200000200,'4',606,,1548,34,4,,1,15,,1547,56,4,,1,15,,1551,56,4,,1,16,,1550,56,4,,1,57,,1553,56,4,,1,16,,1556,56,4,,1,16,,1559,56,4,,1,17,,1546,56,4,,1,55,,1560,56,4,,1,15,,1549,56,4,,1,14,,1555,56,4,,1,15,,1558,56,4,,1,55,,1552,56,4,,1,18,,1554,56,4,,1,13,,1557,56,4,,1,57,,1561,43,4,,1,17,,1563,56,4,,1,14,,1567,43,4,,1,15,,1565,56,4,,1,55,,1570,43,4,,1,15,,1569,56,4,,1,15,,1573,43,4,,1,15,,1572,56,4,,1,55,,1562,43,4,,1,14,,1574,56,4,,1,16,,1568,43,4,,1,14,,1564,56,4,,1,56,,1571,43,4,,1,15,,1566,56,4,,1,15,,1578,43,4,,1,15,,1576,56,4,,1,54,,1579,43,4,,1,15,,1581,56,4,,1,15,,1575,43,4,,1,22,,1583,56,4,,1,53,,1585,56,4,,1,16,,1588,56,4,,1,14,,1590,56,4,,1,17,,1592,56,4,,1,52,,1593,56,4,,1,14,,1577,56,4,,1,15,,1580,56,4,,1,15,,1582,56,4,,1,54,,1594,56,4,,1,15,,1587,56,4,,1,15,,1584,56,4,,1,16,,1586,56,4,,1,54,,1589,56,4,,1,14,,1591,56,4,,1,14,,1600,56,4,,1,15,,1597,56,4,,1,69,,1595,56,4,,1,30,,1598,56,4,,1,70,,1599,56,4,,1,30,,1601,56,4,,1,70,,1605,56,4,,1,29,,1606,56,4,,1,70,,1602,56,4,,1,26,,1596,56,4,,1,73,,1604,56,4,,1,26,,1607,56,4,,1
1200000200,'6',745,,1610,56,4,,1,70,,1613,56,4,,1,30,,1614,56,4,,1,70,,1608,56,4,,1,30,,1609,56,4,,1,70,,1612,56,4,,1,30,,1611,56,4,,1,70,,1615,56,4,,1,30,,1616,56,4,,1,70,,1618,56,4,,1,30,,1617,56,4,,1,71,,1620,56,4,,1,30,,1621,56,4,,1,71,,1622,56,4,,1,30,,1623,56,4,,1,69,,1624,56,4,,1,30,,1619,56,4,,1,71,,1626,56,4,,1,30,,1625,56,4,,1,70,,1629,56,4,,1,30,,1628,56,4,,1,69,,1633,56,4,,1,27,,1631,56,4,,1,70,,1638,56,4,,1,30,,1636,56,4,,1,70,,1627,56,4,,1,30,,1639,56,4,,1,69,,1634,56,4,,1,30,,1632,56,4,,1,70,,1640,56,4,,1,29,,1630,56,4,,1,70,,1635,56,4,,1,30,,1637,56,4,,1
1200000200,'7',2013,,1641,56,4,,1,30,,1642,56,4,,1
1200000200,'9',745,,1643,56,4,,1,70,,1645,56,4,,1,30,,1646,56,4,,1,70,,1648,56,4,,1,30,,1649,56,4,,1,70,,1644,56,4,,1,30,,1650,56,4,,1,70,,1647,56,4,,1,30,,1651,56,4,,1,70,,1653,56,4,,1,30,,1652,56,4,,1,71,,1655,56,4,,1,30,,1656,56,4,,1,71,,1657,56,4,,1,30,,1658,56,4,,1,69,,1660,56,4,,1,30,,1654,56,4,,1,71,,1662,56,4,,1,30,,1661,56,4,,1,70,,1664,56,4,,1,30,,1663,56,4,,1,69,,1666,56,4,,1,27,,1667,56,4,,1,70,,1665,56,4,,1,30,,1659,56,4,,1
1200000300,'1',633,,1941,52,4,,1,19,,1943,52,4,,1,59,,1945,52,4,,1,11,,1947,52,4,,1,10,,1942,52,4,,1,16,,1950,52,4,,1,55,,1946,52,4,,1,15,,1952,52,4,,1,14,,1955,52,4,,1,15,,1944,52,4,,1,53,,1951,54,4,,1,13,,1956,54,4,,1,15,,1949,54,4,,1,15,,1954,54,4,,1,15,,1948,54,4,,1,60,,1953,54,4,,1,20,,1958,54,4,,1,20,,1960,54,4,,1,60,,1957,54,4,,1,20,,1962,54,4,,1,20,,1964,54,4,,1,62,,1966,54,4,,1,20,,1959,54,4,,1,60,,1961,54,4,,1,20,,1967,54,4,,1,16,,1963,54,4,,1,20,,1965,54,4,,1,62,,1969,54,4,,1,20,,1971,54,4,,1,18,,1973,54,4,,1,66,,1968,54,4,,1,31,,1976,56,4,,1,68,,1970,56,4,,1,29,,1972,56,4,,1,72,,1977,56,4,,1,28,,1975,56,4,,1,73,,1974,56,4,,1,21,,1979,54,4,,1,69,,1981,54,4,,1,21,,1978,54,4,,1,70,,1986,54,4,,1,32,,1980,54,4,,1,73,,1988,54,4,,1
1200000300,'3',631,,1991,52,4,,1,16,,1994,52,4,,1,54,,1996,52,4,,1,10,,2001,52,4,,1,10,,1992,52,4,,1,16,,2002,52,4,,1,14,,1998,52,4,,1,55,,2004,52,4,,1,15,,1997,52,4,,1,16,,1995,52,4,,1,20,,1993,54,4,,1,56,,2003,54,4,,1,26,,1999,54,4,,1,69,,2005,54,4,,1,30,,2006,54,4,,1,70,,2008,54,4,,1,30,,2000,54,4,,1,72,,2010,54,4,,1,30,,2007,54,4,,1,70,,2009,54,4,,1,26,,2011,54,4,,1,70,,2013,54,4,,1,32,,2015,54,4,,1,83,,2017,54,4,,1,31,,2012,56,4,,1,68,,2014,56,4,,1,29,,2016,56,4,,1,73,,2018,56,4,,1,28,,2019,56,4,,1,73,,2022,56,4,,1,21,,2023,54,4,,1,69,,2021,54,4,,1,21,,2020,54,4,,1,70,,2029,54,4,,1,32,,2024,54,4,,1,73,,2031,54,4,,1
1200000300,'4',633,,2034,52,4,,1,16,,2038,52,4,,1,54,,2040,52,4,,1,10,,2043,52,4,,1,10,,2036,52,4,,1,16,,2045,52,4,,1,14,,2042,52,4,,1,55,,2046,52,4,,1,15,,2041,52,4,,1,16,,2039,52,4,,1,61,,2037,54,4,,1,13,,2044,54,4,,1,26,,2035,54,4,,1,69,,2047,54,4,,1,30,,2048,54,4,,1,70,,2050,54,4,,1,30,,2052,54,4,,1,72,,2054,54,4,,1,30,,2049,54,4,,1,70,,2051,54,4,,1,26,,2053,54,4,,1,70,,2055,54,4,,1,32,,2057,54,4,,1,84,,2059,54,4,,1,31,,2060,56,4,,1,68,,2056,56,4,,1,29,,2058,56,4,,1,72,,2062,56,4,,1,28,,2061,56,4,,1,73,,2064,56,4,,1,21,,2065,54,4,,1,69,,2069,54,4,,1,21,,2063,54,4,,1,70,,2070,54,4,,1,32,,2066,54,4,,1,73,,2071,54,4,,1
1200000300,'6',702,,2077,54,4,,1,30,,2079,54,4,,1,70,,2084,54,4,,1,30,,2088,54,4,,1,72,,2082,54,4,,1,31,,2081,54,4,,1,69,,2086,54,4,,1,30,,2087,54,4,,1,71,,2078,54,4,,1,29,,2080,54,4,,1,71,,2085,54,4,,1,30,,2083,54,4,,1,69,,2089,54,4,,1,32,,2090,54,4,,1,71,,2092,54,4,,1,31,,2091,54,4,,1,69,,2094,54,4,,1,29,,2095,54,4,,1,71,,2096,54,4,,1,31,,2097,54,4,,1,68,,2098,54,4,,1,29,,2093,54,4,,1,69,,2100,54,4,,1,29,,2099,54,4,,1
1200000300,'9',732,,2108,54,4,,1,70,,2110,54,4,,1,30,,2113,54,4,,1,72,,2115,54,4,,1,31,,2109,54,4,,1,69,,2112,54,4,,1,30,,2114,54,4,,1,71,,2117,54,4,,1,29,,2118,54,4,,1,71,,2111,54,4,,1,30,,2119,54,4,,1,69,,2116,54,4,,1,32,,2120,54,4,,1,71,,2122,54,4,,1,31,,2121,54,4,,1,69,,2124,54,4,,1,29,,2125,54,4,,1,71,,2126,54,4,,1,31,,2127,54,4,,1,68,,2128,54,4,,1,29,,2123,54,4,,1,69,,2130,54,4,,1,29,,2129,54,4,,1
1200000400,'1',723,,2340,58,4,,1,18,,2341,58,4,,1,16,,2342,58,4,,1,56,,2339,58,4,,1
1200000400,'3',716,,2345,58,4,,1,16,,2343,58,4,,1,16,,2346,58,4,,1,56,,2344,58,4,,1
1200000400,'4',721,,2348,58,4,,1,18,,2349,58,4,,1,16,,2350,58,4,,1,56,,2347,58,4,,1
