2200,'1',615,,5864,39,,,2,28,,5873,77,,,2,63,,5865,39,,,2,30,,5877,39,,,2,66,,5879,77,,,2,43,,5878,39,,,2,87,,5874,39,,,2,109,,5866,39,,,2,100,,5867,39,,,2,100,,5868,39,,,2,100,,5870,39,,,2,102,,5871,39,,,2,103,,5880,25,,,2,65,,5872,25,,,2,113,,5869,25,,,2,29,,5875,25,,,2,100,,5876,25,,,2
2200,'13',847,,5881,22,0,14 1 15,2
2200,'71',615,,4456,39,,,2,28,,4471,77,,,2,63,,4457,39,,,2,30,,4472,39,,,2,66,,4474,77,,,2,43,,4473,39,0,14 1 15,2,87,,4458,39,,,2,75,,4460,39,,,2,32,,4459,39,,,2,72,,4461,39,,,2,30,,4465,39,,,2,70,,4462,39,,,2,31,,4466,39,,,2,70,,4463,39,,,2,30,,4475,39,,,2,70,,4464,39,,,2,29,,4476,39,,,2,74,,4469,39,,,2,31,,4467,25,,,2,65,,4470,25,,,2,108,,4468,25,,,2,34,,4477,25,,,2,100,,4478,25,,,2
2200,'87',847,,4479,22,0,14 1 15,2
2300,'1',611,,5924,51,,,2,196,,5919,51,,,2,40,,5927,51,,,2,73,,5904,51,,,2,36,,5906,51,,,2,70,,5905,51,,,2,30,,5907,51,,,2,70,,5908,51,,,2,30,,5909,51,,,2,70,,5912,37,,,2,30,,5910,37,,,2,70,,5913,37,,,2,30,,5911,37,,,2,71,,5914,37,,,2,73,,5915,37,,,2,33,,5917,37,,,2,119,,5918,37,,,2,77,,5916,37,,,2,24,,5925,37,,,2,71,,5920,37,,,2,30,,5926,37,,,2,73,,5921,37,,,2,102,,5922,37,,,2,95,,5923,37,,,2
2300,'13',846,,5928,15,0,14 1 15,2
2300,'2',649,,5930,51,,,2,100,,5931,51,,,2,101,,5932,51,,,2,102,,5933,51,,,2,102,,5934,51,,,2,102,,5935,51,,,2,101,,5936,51,,,2,101,,5937,37,,,2,100,,5938,37,,,2,100,,5939,37,,,2,101,,5940,37,,,2,88,,5941,37,,,2
2300,'3',749,,5942,51,,,2,101,,5943,51,,,2,102,,5944,51,,,2,102,,5945,51,,,2,102,,5946,51,,,2,101,,5947,51,,,2,101,,5948,37,,,2,100,,5949,37,,,2,100,,5950,37,,,2,101,,5951,37,,,2,88,,5952,37,,,2
2300,'71',611,,4520,51,,,2,191,,4525,51,,,2,45,,4529,51,0,14 1 15,2,70,,4507,51,,,2,36,,4510,51,,,2,70,,4508,51,,,2,31,,4511,51,,,2,70,,4509,51,,,2,30,,4512,51,,,2,71,,4515,37,,,2,30,,4513,37,,,2,70,,4516,37,,,2,30,,4514,37,,,2,72,,4517,37,,,2,73,,4518,37,,,2,31,,4528,37,,,2,117,,4530,37,,,2,75,,4519,37,,,2,28,,4526,37,,,2,71,,4521,37,,,2,30,,4527,37,,,2,75,,4522,37,,,2,100,,4523,37,,,2,97,,4524,37,,,2
2300,'72',651,,4531,51,,,2,101,,4532,51,,,2,101,,4533,51,,,2,101,,4534,51,,,2,101,,4535,51,,,2,100,,4536,51,,,2,101,,4537,51,,,2,101,,4538,37,,,2,100,,4539,37,,,2,100,,4540,37,,,2,100,,4541,37,,,2,102,,4542,37,,,2
2300,'73',752,,4543,51,,,2,101,,4544,51,,,2,101,,4545,51,,,2,101,,4546,51,,,2,100,,4547,51,,,2,101,,4548,51,,,2,101,,4549,37,,,2,100,,4550,37,,,2,100,,4551,37,,,2,100,,4552,37,,,2,102,,4553,37,,,2
2300,'87',846,,4554,15,0,14 1 15,2
22100,'15',720,,6288,24,,,2
22100,'84',720,,4923,24,,,2
22200,'15',722,,6289,21,,,2
22200,'84',722,,4925,21,,,2
22501,'83',1706,,4928,34,,,2
23100,'15',729,,6293,58,,,2
23100,'84',729,,4931,58,,,2
23200,'15',716,,6294,16,,,2
23200,'84',718,,4933,16,,,2
5002300,'1',640,,6378,51,,,2,66,,6379,51,,,2,30,,6380,51,,,2
5002300,'71',640,,5028,51,,,2,66,,5027,51,,,2,30,,5029,51,,,2
5002400,'1',706,,6384,27,,,2,28,,6383,27,,,2
5002400,'71',706,,5034,27,,,2,28,,5033,27,,,2
5004300,'11',659,,6400,4,,,2,160,,6401,4,,,2
5004300,'81',659,,5055,4,,,2,160,,5056,4,,,2
1200000100,'1',558,,7140,42,0,14,1,64,,7141,42,,,1,30,,7142,42,,,1,60,,7143,42,,,1,30,,7146,42,0,16 1 17,1,70,,7144,42,,,1
1200000100,'71',558,,5060,42,0,14,1,64,,5061,42,,,1,30,,5062,42,,,1,60,,5063,42,,,1,30,,5066,42,0,16 1 17,1,70,,5064,42,,,1
1200000300,'1',621,,7407,42,,,1,16,,7410,42,,,1,14,,7412,42,,,1,50,,7415,42,,,1,10,,7409,42,,,1,16,,7417,42,,,1,14,,7413,42,,,1,15,,7418,42,,,1,55,,7420,42,,,1,16,,7408,42,,,1,14,,7411,42,,,1,15,,7416,42,,,1,70,,7414,42,,,1,32,,7419,42,,,1,73,,7421,42,,,1,70,,7423,42,,,1,30,,7425,42,,,1,72,,7427,42,,,1,30,,7422,42,,,1,70,,7424,42,,,1,28,,7426,42,,,1,70,,7428,42,,,1,29,,7429,42,,,1,74,,7430,42,,,1,31,,7433,44,,,1,67,,7434,44,,,1,28,,7435,44,,,1,72,,7432,44,,,1,31,,7431,44,,,1,73,,7436,44,,,1,24,,7439,42,,,1,27,,7437,42,,,1,61,,7441,42,,,1,30,,7442,42,,,1,72,,7440,42,,,1,33,,7447,42,,,1,66,,7438,42,,,1,27,,7443,42,,,1,70,,7444,42,,,1,30,,7448,42,,,1,66,,7445,42,,,1,30,,7449,42,,,1,68,,7446,42,,,1
1200000300,'2',658,,7450,42,,,1,70,,7453,42,,,1,30,,7456,42,,,1,71,,7459,42,,,1,30,,7451,42,,,1,71,,7454,42,,,1,70,,7457,42,,,1,31,,7460,42,,,1,71,,7452,42,,,1,30,,7455,42,,,1,71,,7458,42,,,1,30,,7461,42,,,1,71,,7462,42,,,1,30,,7466,42,,,1,70,,7472,42,,,1,30,,7469,42,,,1,70,,7463,42,,,1,30,,7467,42,,,1,69,,7473,42,,,1,30,,7470,42,,,1,70,,7464,42,,,1,30,,7468,42,,,1,69,,7474,42,,,1,30,,7471,42,,,1,19,,7465,42,,,1,94,,7475,42,,,1,100,,7476,42,,,1,96,,7477,42,,,1,99,,7478,42,,,1,177,,7479,42,,,1
1200000300,'3',728,,7480,42,,,1,30,,7482,42,,,1,71,,7488,42,,,1,30,,7485,42,,,1,71,,7481,42,,,1,70,,7483,42,,,1,31,,7489,42,,,1,71,,7486,42,,,1,30,,7490,42,,,1,71,,7484,42,,,1,30,,7492,42,,,1,71,,7487,42,,,1,30,,7491,42,,,1,70,,7494,42,,,1,30,,7493,42,,,1,70,,7498,42,,,1,30,,7501,42,,,1,69,,7495,42,,,1,30,,7504,42,,,1,70,,7499,42,,,1,30,,7502,42,,,1,69,,7496,42,,,1,30,,7505,42,,,1,19,,7500,42,,,1,94,,7497,42,,,1,157,,7503,42,,,1
1200000300,'71',621,,5347,42,,,1,16,,5350,42,,,1,14,,5352,42,,,1,50,,5354,42,,,1,10,,5349,42,,,1,10,,5356,42,,,1,10,,5359,42,,,1,10,,5353,42,,,1,15,,5361,42,,,1,55,,5363,42,,,1,16,,5348,42,,,1,14,,5351,42,,,1,15,,5357,42,,,1,55,,5360,42,,,1,15,,5358,42,,,1,15,,5355,42,,,1,60,,5362,42,,,1,20,,5364,42,,,1,20,,5366,42,,,1,60,,5368,42,,,1,20,,5369,42,,,1,20,,5371,42,,,1,62,,5373,42,,,1,20,,5365,42,,,1,20,,5367,42,,,1,60,,5374,42,,,1,18,,5370,42,,,1,20,,5372,42,,,1,59,,5376,42,,,1,20,,5378,42,,,1,19,,5380,42,,,1,65,,5375,42,,,1,31,,5383,44,,,1,67,,5377,44,,,1,29,,5379,44,,,1,73,,5384,44,,,1,29,,5382,44,,,1,73,,5381,44,,,1,21,,5385,42,,,1,30,,5386,42,,,1,61,,5388,42,,,1,30,,5390,42,,,1,72,,5391,42,,,1,33,,5395,42,,,1,66,,5389,42,,,1,27,,5387,42,,,1,70,,5392,42,,,1,30,,5396,42,,,1,66,,5393,42,,,1,30,,5397,42,,,1,68,,5394,42,,,1
1200000300,'72',646,,5398,42,,,1,70,,5399,42,,,1,30,,5404,42,,,1,70,,5408,42,,,1,32,,5402,42,,,1,71,,5401,42,,,1,28,,5406,42,,,1,70,,5407,42,,,1,31,,5409,42,,,1,69,,5400,42,,,1,31,,5405,42,,,1,70,,5403,42,,,1,29,,5410,42,,,1,72,,5411,42,,,1,29,,5413,42,,,1,73,,5412,42,,,1,29,,5415,42,,,1,69,,5416,42,,,1,30,,5417,42,,,1,71,,5418,42,,,1,29,,5419,42,,,1,69,,5414,42,,,1,31,,5421,42,,,1,69,,5420,42,,,1,33,,5422,42,,,1,94,,5423,42,,,1,100,,5424,42,,,1,96,,5425,42,,,1,99,,5426,42,,,1,177,,5427,42,,,1
1200000300,'73',716,,5428,42,,,1,30,,5430,42,,,1,70,,5433,42,,,1,32,,5435,42,,,1,71,,5429,42,,,1,28,,5432,42,,,1,70,,5434,42,,,1,31,,5436,42,,,1,69,,5437,42,,,1,31,,5431,42,,,1,70,,5438,42,,,1,29,,5440,42,,,1,72,,5439,42,,,1,29,,5442,42,,,1,73,,5441,42,,,1,29,,5444,42,,,1,69,,5445,42,,,1,30,,5446,42,,,1,71,,5447,42,,,1,29,,5448,42,,,1,69,,5443,42,,,1,31,,5450,42,,,1,69,,5449,42,,,1,33,,5451,42,,,1,94,,5452,42,,,1,157,,5453,42,,,1
