13101,'85',1523,,4865,19,,,2
32500,'12',827,,6304,42,,,2
32500,'82',827,,4947,42,,,2
34500,'12',824,,6305,32,,,2
34500,'82',824,,4949,32,,,2
35500,'12',829,,6308,53,,,2
35500,'82',829,,4955,45,,,2
1200000100,'1',641,,7141,60,,,1,71,,7142,60,,,1,21,,7143,60,,,1,69,,7146,60,0,16 1 17,1,30,,7144,60,,,1
1200000100,'71',640,,5061,60,,,1,70,,5062,60,,,1,21,,5063,60,,,1,69,,5066,60,0,16 1 17,1,30,,5064,60,,,1
1200000201,'1',618,,7262,15,,,1,38,,7265,27,,,1,55,,7264,27,,,1,20,,7269,27,,,1,22,,7271,27,,,1,60,,7273,27,,,1,20,,7276,27,,,1,15,,7277,27,,,1,56,,7263,27,,,1,14,,7280,27,,,1,14,,7268,27,,,1,11,,7266,27,,,1,12,,7275,27,,,1,52,,7281,27,,,1,14,,7278,27,,,1,17,,7282,27,,,1,70,,7284,27,,,1,29,,7286,27,,,1,70,,7267,27,,,1,32,,7287,27,,,1,70,,7283,27,,,1,30,,7285,27,,,1,71,,7289,27,,,1,30,,7290,27,,,1,69,,7288,27,,,1,39,,7292,27,,,1,67,,7294,27,,,1,18,,7297,27,,,1,17,,7295,27,,,1,57,,7296,27,,,1,12,,7293,27,,,1,11,,7298,27,,,1,12,,7299,27,,,1,14,,7301,27,,,1,54,,7291,27,,,1,9,,7304,27,,,1,13,,7305,27,,,1,13,,7308,27,,,1,12,,7309,27,,,1,53,,7303,27,,,1,24,,7302,27,,,1,66,,7300,27,,,1,19,,7310,27,,,1,29,,7311,27,,,1,72,,7306,27,,,1,35,,7313,27,,,1,68,,7315,27,,,1,31,,7312,27,,,1,67,,7307,27,,,1,31,,7314,27,,,1,86,,7316,27,,,1
1200000201,'14',1652,,7317,21,,,1
1200000201,'2',649,,7321,15,,,1,79,,7318,27,,,1,30,,7326,27,,,1,71,,7324,27,,,1,71,,7322,27,,,1,31,,7328,27,,,1,71,,7319,27,,,1,31,,7327,27,,,1,71,,7325,27,,,1,32,,7330,27,,,1,70,,7329,27,,,1,31,,7320,27,,,1,72,,7332,27,,,1,31,,7334,27,,,1,70,,7331,27,,,1,30,,7336,27,,,1,71,,7337,27,,,1,30,,7333,27,,,1,69,,7335,27,,,1,31,,7339,27,,,1,72,,7341,27,,,1,29,,7338,27,,,1,67,,7343,27,,,1,29,,7344,27,,,1,65,,7340,27,,,1,25,,7342,27,,,1,27,,7348,27,,,1,69,,7347,27,,,1,31,,7345,27,,,1,67,,7349,27,,,1,28,,7351,27,,,1,70,,7350,27,,,1,30,,7353,27,,,1,70,,7346,27,,,1,29,,7352,27,,,1,89,,7354,27,,,1
1200000201,'27',2235,,7355,20,,,1,70,,7358,20,,,1,29,,7356,20,,,1,83,,7359,20,,,1,28,,7361,20,,,1,70,,7357,20,,,1,30,,7360,20,,,1
1200000201,'28',2234,,7362,20,,,1,70,,7365,20,,,1,30,,7363,20,,,1,83,,7366,20,,,1,28,,7368,20,,,1,70,,7364,20,,,1,30,,7367,20,,,1
1200000201,'29',2234,,7369,20,,,1,70,,7372,20,,,1,30,,7370,20,,,1,83,,7373,20,,,1,28,,7375,20,,,1,70,,7371,20,,,1,30,,7374,20,,,1
1200000201,'3',829,,7377,27,,,1,71,,7379,27,,,1,31,,7381,27,,,1,71,,7383,27,,,1,31,,7384,27,,,1,71,,7388,27,,,1,32,,7386,27,,,1,70,,7390,27,,,1,31,,7387,27,,,1,72,,7385,27,,,1,31,,7389,27,,,1,70,,7392,27,,,1,30,,7391,27,,,1,71,,7393,27,,,1,30,,7395,27,,,1,69,,7397,27,,,1,31,,7400,27,,,1,72,,7402,27,,,1,29,,7394,27,,,1,67,,7396,27,,,1,29,,7398,27,,,1,65,,7401,27,,,1,25,,7403,27,,,1,27,,7405,27,,,1,69,,7404,27,,,1,31,,7399,27,,,1,67,,7406,27,,,1
1200000201,'71',618,,5201,15,,,1,35,,5205,27,,,1,55,,5204,27,,,1,20,,5208,27,,,1,10,,5214,27,,,1,14,,5203,27,,,1,55,,5213,27,,,1,19,,5207,27,,,1,17,,5218,27,,,1,15,,5202,27,,,1,54,,5221,27,,,1,14,,5206,27,,,1,12,,5223,27,,,1,12,,5216,27,,,1,52,,5224,27,,,1,15,,5209,27,,,1,12,,5225,27,,,1,17,,5217,27,,,1,58,,5219,27,,,1,14,,5226,27,,,1,15,,5222,27,,,1,15,,5228,27,,,1,55,,5229,27,,,1,15,,5230,27,,,1,17,,5232,27,,,1,15,,5233,27,,,1,55,,5235,27,,,1,15,,5236,27,,,1,15,,5237,27,,,1,16,,5227,27,,,1,55,,5239,27,,,1,15,,5240,27,,,1,15,,5241,27,,,1,14,,5231,27,,,1,56,,5238,27,,,1,18,,5234,27,,,1,27,,5242,27,,,1,60,,5243,27,,,1,18,,5244,27,,,1,15,,5245,27,,,1,6,,5253,15,,,1,54,,5246,27,,,1,9,,5247,27,,,1,12,,5249,27,,,1,11,,5251,27,,,1,15,,5254,27,,,1,53,,5255,27,,,1,9,,5256,27,,,1,13,,5259,27,,,1,17,,5260,27,,,1,9,,5257,27,,,1,52,,5258,27,,,1,13,,5250,27,,,1,12,,5248,27,,,1,14,,5261,27,,,1,14,,5252,27,,,1,60,,5262,27,,,1,30,,5263,27,,,1,72,,5265,27,,,1,35,,5267,27,,,1,68,,5269,27,,,1,31,,5264,27,,,1,67,,5266,27,,,1,31,,5268,27,,,1,86,,5270,27,,,1
1200000201,'72',713,,5272,27,,,1,31,,5271,27,,,1,70,,5273,27,,,1,32,,5279,27,,,1,70,,5284,27,,,1,32,,5277,27,,,1,72,,5276,27,,,1,29,,5282,27,,,1,70,,5283,27,,,1,31,,5285,27,,,1,69,,5274,27,,,1,31,,5280,27,,,1,70,,5278,27,,,1,30,,5286,27,,,1,72,,5287,27,,,1,29,,5289,27,,,1,73,,5288,27,,,1,29,,5291,27,,,1,69,,5292,27,,,1,33,,5293,27,,,1,71,,5294,27,,,1,27,,5295,27,,,1,68,,5290,27,,,1,30,,5297,27,,,1,65,,5296,27,,,1,39,,5300,27,,,1,69,,5302,27,,,1,31,,5298,27,,,1,67,,5304,27,,,1,28,,5305,27,,,1,70,,5301,27,,,1,30,,5303,27,,,1,69,,5299,27,,,1,29,,5306,27,,,1,90,,5307,27,,,1
1200000201,'73',814,,5308,27,,,1,32,,5311,27,,,1,70,,5315,27,,,1,32,,5318,27,,,1,72,,5310,27,,,1,29,,5314,27,,,1,70,,5317,27,,,1,31,,5320,27,,,1,69,,5321,27,,,1,31,,5312,27,,,1,70,,5322,27,,,1,30,,5324,27,,,1,72,,5323,27,,,1,29,,5326,27,,,1,73,,5325,27,,,1,29,,5328,27,,,1,69,,5329,27,,,1,33,,5330,27,,,1,71,,5331,27,,,1,27,,5333,27,,,1,68,,5327,27,,,1,30,,5336,27,,,1,65,,5334,27,,,1,39,,5338,27,,,1,69,,5332,27,,,1,31,,5337,27,,,1,67,,5335,27,,,1
1200000201,'81',701,,5339,15,,,1,15,,5340,15,,,1,820,,5341,27,,,1
1200000201,'89',1619,,5345,27,,,1,15,,5346,27,,,1
1200000401,'1',1713,,7635,27,,,1,22,,7633,27,,,1
1200000401,'71',1707,,5572,27,,,1,26,,5571,27,,,1,22,,5575,27,,,1
