3501,'1',551,,6049,24,,,2,94,,6050,26,,,2,82,,6051,26,,,2,98,,6052,26,,,2,84,,6053,26,,,2,39,,6054,26,,,2,85,,6055,26,,,2,85,,6056,26,,,2,86,,6057,26,,,2,45,,6058,26,,,2,85,,6059,26,,,2,85,,6060,26,,,2,85,,6061,26,,,2,98,,6062,26,,,2,44,,6064,26,,,2,82,,6065,26,,,2,82,,6066,26,,,2,44,,6067,26,,,2,74,,6063,26,,,2,79,,6068,26,,,2,26,,6069,26,,,2,71,,6070,26,,,2,27,,6071,26,,,2,78,,6072,26,,,2,30,,6073,26,,,2,68,,6074,26,,,2,25,,6075,26,,,2
3501,'2',712,,6076,26,,,2,30,,6077,26,,,2,70,,6078,26,,,2,30,,6079,26,,,2,69,,6080,26,,,2,33,,6081,26,,,2,86,,6082,26,,,2,85,,6083,26,,,2,87,,6084,26,,,2,47,,6085,26,,,2,89,,6086,26,,,2,85,,6088,26,,,2,86,,6089,26,,,2,45,,6090,26,,,2,85,,6091,26,,,2,84,,6092,26,,,2,83,,6087,26,,,2,42,,6093,26,,,2,78,,6094,26,,,2,85,,6095,26,,,2,30,,6096,26,,,2,68,,6097,26,,,2,28,,6098,26,,,2,70,,6099,26,,,2,30,,6100,26,,,2,68,,6101,26,,,2,25,,6102,26,,,2
3501,'3',842,,6103,26,,,2,69,,6104,26,,,2,33,,6105,26,,,2,86,,6106,26,,,2,85,,6107,26,,,2,87,,6108,26,,,2,47,,6109,26,,,2,89,,6110,26,,,2,85,,6111,26,,,2,86,,6112,26,,,2,45,,6114,26,,,2,85,,6115,26,,,2,84,,6116,26,,,2,83,,6117,26,,,2,42,,6118,26,,,2,78,,6119,26,,,2,85,,6113,26,,,2
3501,'71',554,,4652,24,,,2,96,,4653,26,,,2,70,,4654,26,,,2,110,,4658,26,,,2,80,,4655,26,,,2,40,,4656,26,,,2,97,,4659,26,,,2,102,,4660,26,,,2,98,,4657,26,,,2,101,,4662,26,,,2,102,,4661,26,,,2,153,,4663,26,,,2,33,,4664,26,,,2,76,,4665,26,,,2,34,,4666,26,,,2,104,,4667,26,,,2,90,,4670,26,,,2,92,,4671,26,,,2,98,,4672,26,,,2,108,,4668,26,,,2,93,,4669,26,,,2
3501,'72',705,,4673,26,,,2,100,,4674,26,,,2,101,,4675,26,,,2,100,,4676,26,,,2,100,,4677,26,,,2,101,,4678,26,,,2,106,,4679,26,,,2,102,,4680,26,,,2,101,,4681,26,,,2,100,,4682,26,,,2,92,,4683,26,,,2,97,,4684,26,,,2,96,,4685,26,,,2,110,,4686,26,,,2,98,,4687,26,,,2,98,,4688,26,,,2,98,,4689,26,,,2
3501,'73',906,,4690,26,,,2,100,,4691,26,,,2,100,,4692,26,,,2,101,,4693,26,,,2,106,,4694,26,,,2,102,,4695,26,,,2,101,,4696,26,,,2,100,,4697,26,,,2,92,,4698,26,,,2,97,,4699,26,,,2,96,,4700,26,,,2,103,,4701,26,,,2
35100,'15',718,,6307,23,,,2
35100,'84',718,,4953,23,,,2
35101,'85',1544,,4954,47,,,2
35500,'12',808,,6308,23,,,2
35500,'82',811,,4955,23,,,2
35501,'83',1657,,4956,57,,,2
5003601,'1',1654,,6393,26,,,2,64,,6392,26,,,2
