2301,'1',1204,,5958,34,,,2,31,,5959,34,,,2,70,,5961,34,,,2,30,,5960,34,,,2,70,,5962,34,,,2,31,,5963,34,,,2,71,,5966,34,,,2,51,,5964,34,,,2,68,,5967,34,,,2,76,,5965,34,,,2,101,,5968,34,,,2,26,,5975,34,,,2,77,,5969,34,,,2,102,,5970,34,,,2,50,,5971,34,,,2,154,,5972,34,,,2
2301,'2',1221,,5985,34,,,2,101,,5986,34,,,2,101,,5987,34,,,2,100,,5988,34,,,2,100,,5989,34,,,2,101,,5990,34,,,2,97,,5991,34,,,2
2301,'3',1221,,5996,34,,,2,101,,5997,34,,,2,101,,5998,34,,,2,100,,5999,34,,,2,100,,6000,34,,,2,101,,6001,34,,,2,97,,6002,34,,,2
2301,'71',1202,,4558,34,,,2,30,,4562,34,,,2,71,,4564,34,,,2,30,,4563,34,,,2,70,,4565,34,,,2,30,,4566,34,,,2,74,,4576,34,,,2,42,,4567,34,,,2,108,,4568,38,,,2,143,,4570,34,,,2,31,,4575,34,,,2,75,,4571,34,,,2,100,,4572,34,,,2,52,,4573,34,,,2,154,,4574,34,,,2
2301,'72',1232,,4584,34,,,2,102,,4585,34,,,2,101,,4586,34,,,2,101,,4587,34,,,2,100,,4588,34,,,2,102,,4589,34,,,2,96,,4590,34,,,2
2301,'73',1232,,4595,34,,,2,102,,4596,34,,,2,101,,4597,34,,,2,101,,4598,34,,,2,100,,4599,34,,,2,102,,4600,34,,,2,96,,4601,34,,,2
23101,'85',1536,,4932,45,,,2
23501,'83',1702,,4936,31,,,2
5002301,'1',1711,,6382,44,,,2,24,,6381,44,,,2
5002301,'71',1625,,5032,44,,,2,86,,5031,44,,,2,24,,5030,44,,,2
