3900,'1',629,,6215,4,0,32,2,80,,6216,4,0,32,2,31,,6214,4,0,32,2
3900,'71',638,,4838,4,0,14,2,69,,4840,4,0,14,2,38,,4839,4,0,14,2,92,,4837,4,0,14,2
3901,'1',1644,,6219,30,0,9,2,87,,6217,30,0,9,2,87,,6218,30,0,9,2
3901,'71',1648,,4843,27,,,2,82,,4842,27,,,2,80,,4841,27,,,2
37500,'12',811,,6309,4,,,2
37500,'82',811,,4957,4,,,2
37501,'83',1658,,4958,31,,,2
5003700,'71',621,,5046,31,,,2
5003701,'1',1743,,6396,53,,,2
5003701,'71',1639,,5050,53,,,2,106,,5049,53,,,2
5003701,'81',1858,,5051,53,,,2
5003801,'1',1714,,6398,50,,,2,89,,6397,50,,,2
5003801,'71',1713,,5053,50,,,2,89,,5052,50,,,2
