3101,'1',629,,6013,11,0,8 1 32,2,72,,6011,11,0,8 1 32,2,104,,6015,11,0,8 1 32,2,105,,6016,11,0,8 1 32,2,99,,6017,11,0,8 1 32,2,100,,6018,11,0,8 1 32,2,106,,6019,11,0,8 1 32,2,102,,6020,11,0,8 1 32,2,101,,6021,11,0,8 1 32,2,100,,6022,11,0,8 1 32,2,97,,6023,11,0,8 1 32,2,31,,6026,11,0,8 1 32,2,71,,6027,11,0,8 1 32,2,31,,6024,11,0,8 1 32,2,73,,6028,11,0,8 1 32,2,24,,6025,11,0,8 1 32,2,76,,6029,11,0,8 1 32,2,290,,6030,11,0,8,2
3701,'1',539,,6122,4,0,9,2,81,,6123,11,0,9,2,103,,6124,11,,,2,105,,6125,11,0,9,2,104,,6126,11,0,9,2,97,,6127,11,0,9,2,102,,6128,11,0,9,2,115,,6129,11,0,9,2,102,,6130,11,0,9,2,102,,6131,11,0,9,2,154,,6132,11,0,9,2,142,,6133,11,0,9,2,72,,6134,11,0,9,2,101,,6135,11,0,9,2,96,,6136,11,0,9,2,96,,6137,11,0,9,2,100,,6138,11,0,9,2,100,,6139,11,0,9,2,28,,6140,11,0,9,2
3701,'2',655,,6141,11,0,9,2,100,,6142,11,0,9,2,102,,6143,11,0,9,2,102,,6144,11,0,9,2,142,,6145,11,0,9,2,116,,6146,11,0,9,2,103,,6147,11,0,9,2,100,,6148,11,0,9,2,101,,6149,11,0,9,2,100,,6150,11,0,9,2,101,,6151,11,0,9,2,95,,6152,11,0,9,2,97,,6153,11,0,9,2,96,,6154,11,0,9,2,100,,6155,11,0,9,2,101,,6156,11,0,9,2,98,,6157,11,0,9,2,28,,6158,11,0,9,2
3701,'3',755,,6159,11,0,9,2,102,,6160,11,0,9,2,102,,6161,11,0,9,2,142,,6162,11,0,9,2,116,,6163,11,0,9,2,103,,6164,11,0,9,2,100,,6165,11,0,9,2,101,,6166,11,0,9,2,100,,6167,11,0,9,2,101,,6168,11,0,9,2,95,,6169,11,0,9,2,97,,6170,11,0,9,2
3701,'71',538,,4746,4,0,9,2,185,,4749,11,,,2,105,,4748,11,0,9,2,102,,4747,11,0,9,2,98,,4750,11,0,9,2,102,,4751,11,0,9,2,113,,4752,11,0,9,2,102,,4753,11,0,9,2,102,,4754,11,0,9,2,155,,4755,11,0,9,2,113,,4756,11,0,9,2,100,,4757,11,0,9,2,101,,4758,11,0,9,2,97,,4759,11,0,9,2,97,,4760,11,0,9,2,101,,4761,11,0,9,2,102,,4762,11,0,9,2,28,,4763,11,0,9,2
3701,'72',659,,4764,11,0,9,2,100,,4765,11,0,9,2,142,,4766,11,0,9,2,100,,4767,11,0,9,2,100,,4768,11,0,9,2,112,,4769,11,0,9,2,100,,4770,11,0,9,2,100,,4771,11,0,9,2,102,,4772,11,0,9,2,100,,4773,11,0,9,2,98,,4774,11,0,9,2,100,,4775,11,0,9,2,100,,4776,11,0,9,2,97,,4779,11,0,9,2,100,,4780,11,0,9,2,101,,4781,11,0,9,2,98,,4777,11,0,9,2,28,,4778,11,0,9,2
3701,'73',759,,4782,11,0,9,2,142,,4783,11,0,9,2,100,,4784,11,0,9,2,100,,4785,11,0,9,2,112,,4786,11,0,9,2,100,,4787,11,0,9,2,100,,4788,11,0,9,2,102,,4789,11,0,9,2,100,,4790,11,0,9,2,98,,4791,11,0,9,2,100,,4792,11,0,9,2,109,,4793,11,0,9,2
3901,'1',1637,,6219,19,0,9,2,87,,6217,19,0,9,2,87,,6218,19,0,9,2
3901,'71',1641,,4843,16,,,2,82,,4842,16,,,2,80,,4841,16,,,2
38001,'1',619,,6314,12,,,2,31,,6315,12,,,2
38001,'71',627,,4963,17,,,2,22,,4964,17,,,2
38101,'85',1532,,4966,27,,,2
5003700,'1',631,,6395,11,,,2,76,,6394,11,,,2
5003700,'71',609,,5046,11,,,2,24,,5047,11,,,2,74,,5048,11,,,2
2000003101,'2',737,,7720,11,0,8 1 32,2,101,,7721,11,0,8 1 32,2,101,,7722,11,0,8 1 32,2,101,,7723,11,0,8 1 32,2,101,,7724,11,0,8 1 32,2,101,,7725,11,0,8 1 32,2,215,,7726,11,0,8 1 32,2,101,,7727,11,0,8 1 32,2,101,,7728,11,0,8 1 32,2,96,,7729,11,0,8 1 32,2,90,,7730,11,0,8,2
2000003101,'3',838,,7732,11,0,8 1 32,2,101,,7733,11,0,8 1 32,2,101,,7734,11,0,8 1 32,2,101,,7735,11,0,8 1 32,2,101,,7736,11,0,8 1 32,2,215,,7737,11,0,8 1 32,2,101,,7738,11,0,8 1 32,2,101,,7739,11,0,8 1 32,2,96,,7740,11,0,8 1 32,2,90,,7741,11,0,8,2
