3501,'1',553,,6049,28,,,2,96,,6050,30,,,2,83,,6051,30,,,2,98,,6052,30,,,2,82,,6053,30,,,2,39,,6054,30,,,2,85,,6055,30,,,2,85,,6056,30,,,2,86,,6057,30,,,2,45,,6058,30,,,2,85,,6059,30,,,2,85,,6060,30,,,2,85,,6061,30,,,2,99,,6062,30,,,2,44,,6064,30,,,2,81,,6065,30,,,2,82,,6066,30,,,2,44,,6067,30,,,2,74,,6063,30,,,2,78,,6068,30,,,2,26,,6069,30,,,2,71,,6070,30,,,2,27,,6071,30,,,2,78,,6072,30,,,2,30,,6073,30,,,2,68,,6074,30,,,2,25,,6075,30,,,2
3501,'2',715,,6076,30,,,2,30,,6077,30,,,2,70,,6078,30,,,2,30,,6079,30,,,2,70,,6080,30,,,2,33,,6081,30,,,2,86,,6082,30,,,2,85,,6083,30,,,2,87,,6084,30,,,2,47,,6085,30,,,2,89,,6086,30,,,2,85,,6088,30,,,2,86,,6089,30,,,2,45,,6090,30,,,2,85,,6091,30,,,2,83,,6092,30,,,2,83,,6087,30,,,2,41,,6093,30,,,2,78,,6094,30,,,2,85,,6095,30,,,2,30,,6096,30,,,2,68,,6097,30,,,2,28,,6098,30,,,2,70,,6099,30,,,2,30,,6100,30,,,2,68,,6101,30,,,2,25,,6102,30,,,2
3501,'3',845,,6103,30,,,2,70,,6104,30,,,2,33,,6105,30,,,2,86,,6106,30,,,2,85,,6107,30,,,2,87,,6108,30,,,2,47,,6109,30,,,2,89,,6110,30,,,2,85,,6111,30,,,2,86,,6112,30,,,2,45,,6114,30,,,2,85,,6115,30,,,2,83,,6116,30,,,2,83,,6117,30,,,2,41,,6118,30,,,2,78,,6119,30,,,2,85,,6113,30,,,2
3501,'71',556,,4652,28,,,2,96,,4653,30,,,2,71,,4654,30,,,2,110,,4658,30,,,2,79,,4655,30,,,2,40,,4656,30,,,2,97,,4659,30,,,2,102,,4660,30,,,2,98,,4657,30,,,2,101,,4662,30,,,2,102,,4661,30,,,2,153,,4663,30,,,2,33,,4664,30,,,2,76,,4665,30,,,2,34,,4666,30,,,2,104,,4667,30,,,2,90,,4670,30,,,2,92,,4671,30,,,2,98,,4672,30,,,2,108,,4668,30,,,2,93,,4669,30,,,2
3501,'72',707,,4673,30,,,2,100,,4674,30,,,2,101,,4675,30,,,2,100,,4676,30,,,2,100,,4677,30,,,2,101,,4678,30,,,2,106,,4679,30,,,2,102,,4680,30,,,2,101,,4681,30,,,2,100,,4682,30,,,2,92,,4683,30,,,2,97,,4684,30,,,2,96,,4685,30,,,2,110,,4686,30,,,2,98,,4687,30,,,2,98,,4688,30,,,2,98,,4689,30,,,2
3501,'73',908,,4690,30,,,2,100,,4691,30,,,2,100,,4692,30,,,2,101,,4693,30,,,2,106,,4694,30,,,2,102,,4695,30,,,2,101,,4696,30,,,2,100,,4697,30,,,2,92,,4698,30,,,2,97,,4699,30,,,2,96,,4700,30,,,2,103,,4701,30,,,2
3900,'71',653,,4838,19,0,14,2,69,,4840,19,0,14,2,78,,4839,19,0,14,2,52,,4837,19,0,14,2
35100,'84',722,,4953,29,,,2
35101,'85',1548,,4954,53,,,2
35500,'82',815,,4955,29,,,2
35501,'83',1701,,4956,63,,,2
39900,'13',853,,6318,6,,,2
