11100,'15',705,,6226,4,,,2
11100,'86',705,,4850,4,,,2
11900,'16',835,,6228,4,,,2
11900,'87',835,,4854,4,,,2
1001101,'1',557,,6322,24,,,1,69,,6326,58,,,1,32,,6323,58,,,1,72,,6327,58,,,1,73,,6324,58,,,1,23,,6320,58,,,1,81,,6325,58,,,1,42,,6328,58,,,1,70,,6329,58,,,1,35,,6333,58,,,1,70,,6330,58,,,1,35,,6334,58,,,1,70,,6331,58,,,1,73,,6335,58,,,1,30,,6332,58,,,1,78,,6336,58,,,1,30,,6338,58,,,1,88,,6337,58,,,1,72,,6339,58,,,1,48,,6341,58,,,1,63,,6340,58,,,1,21,,6344,58,,,1,27,,6342,58,,,1,73,,6345,58,,,1,69,,6343,58,,,1,31,,6346,58,,,1,100,,6347,58,,,1,99,,6348,58,,,1,100,,6349,58,,,1
1001101,'2',729,,6351,24,,,1,99,,6352,58,,,1,102,,6353,58,,,1,101,,6354,58,,,1,100,,6355,58,,,1,99,,6359,58,,,1,100,,6360,58,,,1,101,,6358,58,,,1,101,,6356,58,,,1,99,,6357,58,,,1,101,,6361,58,,,1,98,,6362,58,,,1,100,,6363,58,,,1,99,,6364,58,,,1,100,,6365,58,,,1,100,,6366,58,,,1
1001101,'3',930,,6368,24,,,1,101,,6369,58,,,1,100,,6372,58,,,1,99,,6373,58,,,1,100,,6370,58,,,1,101,,6371,58,,,1,101,,6374,58,,,1,99,,6375,58,,,1,101,,6376,58,,,1,98,,6377,58,,,1
1001101,'71',557,,4969,24,,,1,69,,4973,58,,,1,32,,4970,58,,,1,72,,4974,58,,,1,73,,4971,58,,,1,23,,4976,58,,,1,81,,4972,58,,,1,42,,4978,58,,,1,70,,4975,58,,,1,35,,4979,58,,,1,70,,4982,58,,,1,35,,4980,58,,,1,70,,4983,58,,,1,73,,4981,58,,,1,30,,4984,58,,,1,78,,4986,58,,,1,30,,4985,58,,,1,88,,4987,58,,,1,72,,4989,58,,,1,48,,4988,58,,,1,63,,4990,58,,,1,21,,4993,58,,,1,27,,4991,58,,,1,73,,4994,58,,,1,69,,4992,58,,,1,31,,4995,58,,,1,100,,4996,58,,,1,99,,4997,58,,,1,100,,4998,58,,,1
1001101,'72',729,,5003,24,,,1,99,,5000,58,,,1,102,,5001,58,,,1,101,,5002,58,,,1,100,,5004,58,,,1,99,,5005,58,,,1,100,,5006,58,,,1,101,,5007,58,,,1,101,,5008,58,,,1,99,,5009,58,,,1,101,,5010,58,,,1,98,,5011,58,,,1,100,,5012,58,,,1,99,,5013,58,,,1,100,,5014,58,,,1,100,,5015,58,,,1
1001101,'73',930,,5017,24,,,1,101,,5018,58,,,1,100,,5019,58,,,1,99,,5020,58,,,1,100,,5021,58,,,1,101,,5022,58,,,1,101,,5023,58,,,1,99,,5024,58,,,1,101,,5025,58,,,1,98,,5026,58,,,1
1200000400,'1',629,,7629,4,,,1,15,,7630,4,,,1
1200000400,'71',629,,5565,4,,,1,15,,5566,4,,,1,15,,5567,4,,,1,56,,5564,4,,,1
