3101,'1',610,,6012,41,0,8 1 32,2,30,,6014,41,0,8 1 32,2,68,,6013,73,0,8 1 32,2,32,,6011,73,0,8 1 32,2,103,,6015,73,0,8 1 32,2,105,,6016,73,0,8 1 32,2,99,,6017,73,0,8 1 32,2,100,,6018,73,0,8 1 32,2,106,,6019,73,0,8 1 32,2,102,,6020,73,0,8 1 32,2,101,,6021,73,0,8 1 32,2,100,,6022,73,0,8 1 32,2,97,,6023,73,0,8 1 32,2,71,,6026,73,0,8 1 32,2,31,,6027,73,0,8 1 32,2,71,,6024,73,0,8 1 32,2,33,,6028,73,0,8 1 32,2,64,,6025,73,0,8 1 32,2,36,,6029,73,0,8 1 32,2
3701,'1',555,,6122,34,0,9,2,81,,6123,41,0,9,2,105,,6124,41,,,2,103,,6125,41,0,9,2,104,,6126,41,0,9,2,97,,6127,41,0,9,2,102,,6128,41,0,9,2,155,,6129,41,0,9,2,102,,6130,41,0,9,2,102,,6131,41,0,9,2,114,,6132,41,0,9,2,182,,6133,41,0,9,2,32,,6134,41,0,9,2,100,,6135,41,0,9,2,96,,6136,41,0,9,2,96,,6137,41,0,9,2,100,,6138,41,0,9,2,100,,6139,41,0,9,2,25,,6140,41,0,9,2
3701,'2',710,,6141,41,0,9,2,100,,6142,41,0,9,2,102,,6143,41,0,9,2,102,,6144,41,0,9,2,102,,6145,41,0,9,2,116,,6146,41,0,9,2,103,,6147,41,0,9,2,100,,6148,41,0,9,2,101,,6149,41,0,9,2,100,,6150,41,0,9,2,101,,6151,41,0,9,2,95,,6152,41,0,9,2,97,,6153,41,0,9,2,96,,6154,41,0,9,2,100,,6155,41,0,9,2,101,,6156,41,0,9,2,98,,6157,41,0,9,2,25,,6158,41,0,9,2
3701,'3',810,,6159,41,0,9,2,102,,6160,41,0,9,2,102,,6161,41,0,9,2,102,,6162,41,0,9,2,116,,6163,41,0,9,2,103,,6164,41,0,9,2,100,,6165,41,0,9,2,101,,6166,41,0,9,2,100,,6167,41,0,9,2,101,,6168,41,0,9,2,95,,6169,41,0,9,2,97,,6170,41,0,9,2
3701,'71',554,,4746,34,0,9,2,187,,4749,41,,,2,103,,4748,41,0,9,2,102,,4747,41,0,9,2,98,,4750,41,0,9,2,102,,4751,41,0,9,2,113,,4752,41,0,9,2,142,,4753,41,0,9,2,102,,4754,41,0,9,2,115,,4755,41,0,9,2,113,,4756,41,0,9,2,100,,4757,41,0,9,2,100,,4758,41,0,9,2,97,,4759,41,0,9,2,97,,4760,41,0,9,2,101,,4761,41,0,9,2,102,,4762,41,0,9,2,25,,4763,41,0,9,2
3701,'72',714,,4764,41,0,9,2,100,,4765,41,0,9,2,102,,4766,41,0,9,2,100,,4767,41,0,9,2,100,,4768,41,0,9,2,112,,4769,41,0,9,2,100,,4770,41,0,9,2,100,,4771,41,0,9,2,102,,4772,41,0,9,2,100,,4773,41,0,9,2,98,,4774,41,0,9,2,100,,4775,41,0,9,2,100,,4776,41,0,9,2,97,,4779,41,0,9,2,100,,4780,41,0,9,2,101,,4781,41,0,9,2,98,,4777,41,0,9,2,25,,4778,41,0,9,2
3701,'73',814,,4782,41,0,9,2,102,,4783,41,0,9,2,100,,4784,41,0,9,2,100,,4785,41,0,9,2,112,,4786,41,0,9,2,100,,4787,41,0,9,2,100,,4788,41,0,9,2,102,,4789,41,0,9,2,100,,4790,41,0,9,2,98,,4791,41,0,9,2,100,,4792,41,0,9,2,109,,4793,41,0,9,2
3800,'1',812,,6171,42,,,2,103,,6172,42,,,2,99,,6173,42,,,2,102,,6174,42,,,2,115,,6175,42,,,2,102,,6176,42,,,2,102,,6177,42,,,2,106,,6178,42,,,2,159,,6179,42,,,2,32,,6180,42,,,2,174,,6181,42,,,2,96,,6182,42,,,2,56,,6183,42,,,2,100,,6184,42,,,2,98,,6185,42,,,2
3800,'2',740,,6186,42,,,2,101,,6187,42,,,2,103,,6188,42,,,2,101,,6189,42,,,2,102,,6190,42,,,2,156,,6191,42,,,2,102,,6192,42,,,2,101,,6193,42,,,2,100,,6194,42,,,2,102,,6195,42,,,2,99,,6196,42,,,2,94,,6197,42,,,2,56,,6198,42,,,2,100,,6199,42,,,2,97,,6200,42,,,2,101,,6201,42,,,2
3800,'3',841,,6202,42,,,2,103,,6203,42,,,2,101,,6204,42,,,2,102,,6205,42,,,2,156,,6206,42,,,2,102,,6207,42,,,2,101,,6208,42,,,2,100,,6209,42,,,2,102,,6210,42,,,2,99,,6211,42,,,2,94,,6212,42,,,2,56,,6213,42,,,2
3800,'71',810,,4794,42,,,2,105,,4795,42,,,2,98,,4796,42,,,2,102,,4797,42,,,2,113,,4798,42,,,2,102,,4799,42,,,2,102,,4800,42,,,2,109,,4801,49,,,2,115,,4802,42,,,2,95,,4803,42,,,2,152,,4804,42,,,2,97,,4805,42,,,2,56,,4806,42,,,2,101,,4807,42,,,2,99,,4808,42,,,2
3800,'72',744,,4809,42,,,2,100,,4810,42,,,2,102,,4811,42,,,2,100,,4812,42,,,2,101,,4813,42,,,2,111,,4814,42,,,2,100,,4815,42,,,2,142,,4816,42,,,2,100,,4817,42,,,2,100,,4818,42,,,2,58,,4819,42,,,2,100,,4820,42,,,2,98,,4822,42,,,2,99,,4823,42,,,2,99,,4824,42,,,2,100,,4821,42,,,2
3800,'73',844,,4825,42,,,2,102,,4826,42,,,2,100,,4827,42,,,2,101,,4828,42,,,2,111,,4829,42,,,2,100,,4830,42,,,2,142,,4831,42,,,2,100,,4832,42,,,2,100,,4833,42,,,2,58,,4834,42,,,2,100,,4835,42,,,2,147,,4836,42,,,2
3900,'1',644,,6215,25,0,32,2,80,,6216,25,0,32,2,31,,6214,25,0,32,2
31100,'15',747,,6300,51,,,2
31100,'84',747,,4945,51,,,2
35100,'15',729,,6307,38,,,2
35500,'12',819,,6308,38,,,2
37500,'12',825,,6309,25,,,2
37500,'82',825,,4957,25,,,2
38000,'1',1654,,6312,13,0,38,2,87,,6310,13,0,38,2,86,,6311,13,0,38,2
38000,'71',1658,,4961,13,,,2,82,,4960,13,,,2,79,,4959,13,,,2
38100,'15',733,,6316,43,,,2
38100,'84',733,,4965,43,,,2
38500,'12',825,,6317,30,,,2
38500,'82',825,,4967,30,,,2
5003700,'1',649,,6395,45,,,2,76,,6394,45,,,2
5003700,'71',633,,5046,52,,,2,18,,5047,45,,,2,74,,5048,45,,,2
5003701,'1',1754,,6396,74,,,2
5003701,'71',1650,,5050,74,,,2,106,,5049,74,,,2
5003701,'81',1909,,5051,74,,,2
5003801,'1',1727,,6398,73,,,2,89,,6397,73,,,2
5003801,'71',1726,,5053,73,,,2,89,,5052,73,,,2
2000003101,'2',713,,7719,42,0,8 1 32,2,102,,7720,74,0,8 1 32,2,101,,7721,74,0,8 1 32,2,101,,7722,74,0,8 1 32,2,101,,7723,74,0,8 1 32,2,101,,7724,74,0,8 1 32,2,101,,7725,74,0,8 1 32,2,215,,7726,74,0,8 1 32,2,101,,7727,74,0,8 1 32,2,101,,7728,74,0,8 1 32,2,96,,7729,74,0,8 1 32,2
2000003101,'3',815,,7731,42,0,8 1 32,2,101,,7732,74,0,8 1 32,2,101,,7733,74,0,8 1 32,2,101,,7734,74,0,8 1 32,2,101,,7735,74,0,8 1 32,2,101,,7736,74,0,8 1 32,2,215,,7737,74,0,8 1 32,2,101,,7738,74,0,8 1 32,2,101,,7739,74,0,8 1 32,2,96,,7740,74,0,8 1 32,2
