1300,'71',638,,4398,26,,,2,70,,4400,26,,,2,20,,4399,26,,,2,83,,4401,26,,,2,41,,4397,26,,,2,750,,4402,26,,,2,98,,4405,26,,,2,13,,4403,26,,,2,40,,4406,26,,,2,66,,4404,26,,,2
1300,'87',855,,4407,21,,,2
1501,'71',643,,4438,15,,,2,64,,4436,15,,,2,33,,4439,15,,,2,791,,4443,15,,,2,84,,4446,15,,,2,16,,4448,15,,,2,73,,4450,15,,,2,36,,4449,15,,,2
11900,'87',853,,4854,37,,,2
12900,'87',848,,4862,18,,,2
20001,'71',546,,4888,1,0,14,2,60,,4889,1,0,14,2,7,,4890,1,0,14,2,8,,4891,1,0,14,2,801,,4892,1,,,2,29,,4893,1,,,2,76,,4894,1,0,14,2,308,,4895,1,0,14,2
20001,'72',610,,4896,1,,,2,20,,4897,1,0,14,2,16,,4898,1,,,2
21001,'71',526,,4909,1,,,2,27,,4910,1,,,2,55,,4911,1,,,2,13,,4912,1,,,2,324,,4913,1,,,2,163,,4914,1,,,2,894,,4915,1,,,2
21001,'72',553,,4916,1,,,2,69,,4917,1,,,2,30,,4918,1,,,2,69,,4919,1,,,2
21001,'73',622,,4920,1,,,2,30,,4921,1,,,2,69,,4922,1,,,2
35001,'71',1538,,4952,1,,,2
38001,'71',521,,4962,1,,,2,88,,4963,1,,,2,19,,4964,1,,,2
1200000101,'71',1522,,5070,17,,,1,30,,5071,17,,,1,69,,5069,17,,,1,37,,5072,17,,,1
1200000200,'71',547,,5074,20,,,1,55,,5078,20,,,1,15,,5080,20,,,1,16,,5081,20,,,1,15,,5077,20,,,1,55,,5085,20,,,1,17,,5073,20,,,1,15,,5087,20,,,1,16,,5076,20,,,1,54,,5089,20,,,1,14,,5083,20,,,1,15,,5090,20,,,1,19,,5079,20,,,1,54,,5091,20,,,1,17,,5084,20,,,1,17,,5086,20,,,1,14,,5092,20,,,1,55,,5088,20,,,1,15,,5094,20,,,1,15,,5095,20,,,1,15,,5096,20,,,1,55,,5098,20,,,1,15,,5099,20,,,1,15,,5101,20,,,1,15,,5102,20,,,1,55,,5103,20,,,1,16,,5093,20,,,1,15,,5105,20,,,1,15,,5106,20,,,1,55,,5107,20,,,1,14,,5097,20,,,1,15,,5104,20,,,1,15,,5100,20,,,1,61,,5108,20,,,1,12,,5109,20,,,1,15,,5110,20,,,1,15,,5111,20,,,1,55,,5112,20,,,1,12,,5113,20,,,1,14,,5115,20,,,1,15,,5117,20,,,1,53,,5119,20,,,1,8,,5121,7,,,1,8,,5120,20,,,1,15,,5122,20,,,1,15,,5125,20,,,1,57,,5126,20,,,1,15,,5123,20,,,1,15,,5124,20,,,1,15,,5116,20,,,1,55,,5114,20,,,1,15,,5128,20,,,1,15,,5118,20,,,1,70,,5129,20,,,1,30,,5127,20,,,1,70,,5133,20,,,1,30,,5135,20,,,1,70,,5136,20,,,1,32,,5130,20,,,1,70,,5132,20,,,1,32,,5134,20,,,1,67,,5137,20,,,1,30,,5131,20,0,14,1
1200000200,'72',711,,5139,20,,,1,30,,5142,20,,,1,70,,5143,20,,,1,29,,5144,20,,,1,70,,5138,20,,,1,30,,5141,20,,,1,70,,5140,20,,,1,30,,5145,20,,,1,70,,5146,20,,,1,31,,5148,20,,,1,69,,5147,20,,,1,30,,5150,20,,,1,70,,5151,20,,,1,30,,5152,20,,,1,70,,5153,20,,,1,30,,5154,20,,,1,70,,5149,20,,,1,30,,5156,20,,,1,70,,5155,20,,,1,30,,5159,20,,,1,70,,5158,20,,,1,31,,5161,20,,,1,69,,5162,20,,,1,30,,5163,20,,,1,70,,5165,20,,,1,31,,5157,20,,,1,69,,5167,20,,,1,29,,5168,20,,,1,70,,5164,20,,,1,30,,5166,20,,,1,70,,5160,20,,,1,30,,5169,20,,,1,70,,5170,20,,,1
1200000200,'73',711,,5171,20,,,1,30,,5173,20,,,1,70,,5174,20,,,1,29,,5175,20,,,1,70,,5176,20,,,1,30,,5172,20,,,1,70,,5177,20,,,1,30,,5179,20,,,1,70,,5178,20,,,1,31,,5181,20,,,1,69,,5180,20,,,1,30,,5183,20,,,1,70,,5184,20,,,1,30,,5185,20,,,1,70,,5186,20,,,1,30,,5188,20,,,1,70,,5182,20,,,1,30,,5191,20,,,1,70,,5189,20,,,1,30,,5193,20,,,1,70,,5192,20,,,1,31,,5195,20,,,1,69,,5196,20,,,1,30,,5197,20,,,1,70,,5187,20,,,1,31,,5194,20,,,1,69,,5190,20,,,1
1200000400,'71',640,,5565,22,,,1,15,,5566,22,,,1,56,,5567,22,,,1,16,,5564,22,,,1
