1500,'51',607,,2643,33,0,29,2,28,,2644,33,0,29,2,69,,2647,33,0,29,2,32,,2646,32,0,29,2,69,,2645,32,0,29,2,41,,2648,33,0,10 11,2,111,,2649,32,0,12 13,2,155,,2650,32,0,12 13,2,116,,2651,32,0,12 13,2,30,,2652,32,0,12 13,2,157,,2654,32,0,12 13,2,116,,2655,32,0,29,2,20,,2656,1,0,29,2,77,,2653,32,0,29,2,77,,2657,33,0,29,2,27,,2659,32,0,29,2,100,,2658,32,0,12 13,2,111,,2660,32,0,12 13,2,104,,2661,32,0,12 13,2
1500,'67',845,,2662,22,0,10 11,2
22500,'62',838,,3251,31,4,,2
23500,'62',836,,3259,72,4,,2
24500,'62',836,,3265,15,4,,2
24600,'62',833,,3267,14,4,,2
37500,'62',836,,3281,29,4,,2
38500,'62',836,,3291,34,4,,2
1001101,'51',603,,3297,20,0,29 1 38 1 31 1 39 6 7,1,32,,3294,20,0,29 1 38 1 31 1 39 6 7,1,70,,3298,20,0,29 1 38 1 31 1 39 6 7,1,32,,3295,20,0,29 1 38 1 31 1 39 6 7,1,64,,3299,20,0,29 1 38 1 31 1 39 6 7,1,41,,3296,20,0,29 1 38 1 31 1 39 6 7,1,66,,3300,20,0,12 13,1,18,,3301,20,0,29 1 38 1 31 1 39 6 7,1,30,,3302,20,0,29 1 38 1 31 1 39 6 7,1,75,,3304,20,0,29 1 38 1 31 1 39 6 7,1,70,,3306,20,0,29 1 38 1 31 1 39 6 7,1,35,,3305,20,0,29 1 38 1 31 1 39 6 7,1,70,,3307,20,0,29 1 38 1 31 1 39 6 7,1,33,,3303,20,0,29 1 38 1 31 1 39 6 7,1,70,,3308,20,0,29 1 38 1 31 1 39 6 7,1,37,,3310,20,0,29 1 38 1 31 1 39 6 7,1,70,,3309,20,0,29 1 38 1 31 1 39 6 7,1,88,,3311,20,0,29 1 38 1 31 1 39 6 7,1,31,,3313,20,0,29 1 38 1 31 1 39 6 7,1,84,,3312,20,0,29 1 38 1 31 1 39 6 7,1,26,,3314,20,0,29 1 38 1 31 1 39 6 7,1,63,,3317,20,0,29 1 38 1 31 1 39 6 7,1,27,,3315,20,0,29 1 38 1 31 1 39 6 7,1,74,,3318,20,0,29 1 38 1 31 1 39 6 7,1,29,,3316,20,0,29 1 38 1 31 1 39 6 7,1,71,,3319,20,0,29 1 38 1 31 1 39 6 7,1,100,,3320,20,0,29 1 38 1 31 1 39 6 7,1,99,,3321,20,0,29 1 38 1 31 1 39 6 7,1,100,,3322,20,0,29 1 38 1 31 1 39 6 7,1,100,,3323,20,0,12 13,1
1001101,'52',805,,3324,20,0,29 1 38 1 31 1 39 6 7,1,102,,3325,20,0,29 1 38 1 31 1 39 6 7,1,101,,3326,20,0,29 1 38 1 31 1 39 6 7,1,100,,3328,20,0,29 1 38 1 31 1 39 6 7,1,98,,3329,20,0,29 1 38 1 31 1 39 6 7,1,100,,3330,20,0,29 1 38 1 31 1 39 6 7,1,102,,3331,20,0,29 1 38 1 31 1 39 6 7,1,100,,3332,20,0,29 1 38 1 31 1 39 6 7,1,99,,3333,20,0,29 1 38 1 31 1 39 6 7,1,100,,3334,20,0,29 1 38 1 31 1 39 6 7,1,100,,3335,20,0,29 1 38 1 31 1 39 6 7,1,100,,3336,20,0,29 1 38 1 31 1 39 6 7,1,99,,3337,20,0,29 1 38 1 31 1 39 6 7,1,100,,3338,20,0,29 1 38 1 31 1 39 6 7,1,100,,3339,20,0,29 1 38 1 31 1 39 6 7,1,100,,3340,20,0,12 13,1
1001101,'53',1008,,3342,20,0,29 1 38 1 31 1 39 6 7,1,100,,3343,20,0,29 1 38 1 31 1 39 6 7,1,98,,3344,20,0,29 1 38 1 31 1 39 6 7,1,100,,3345,20,0,29 1 38 1 31 1 39 6 7,1,102,,3346,20,0,29 1 38 1 31 1 39 6 7,1,100,,3347,20,0,29 1 38 1 31 1 39 6 7,1,99,,3348,20,0,29 1 38 1 31 1 39 6 7,1,100,,3349,20,0,29 1 38 1 31 1 39 6 7,1,100,,3350,20,0,29 1 38 1 31 1 39 6 7,1
1001101,'54',805,,3351,20,0,29 1 38 1 31 1 39 6 7,1,102,,3353,20,0,29 1 38 1 31 1 39 6 7,1,101,,3354,20,0,29 1 38 1 31 1 39 6 7,1,100,,3355,20,0,29 1 38 1 31 1 39 6 7,1,98,,3356,20,0,29 1 38 1 31 1 39 6 7,1,100,,3357,20,0,29 1 38 1 31 1 39 6 7,1,102,,3358,20,0,29 1 38 1 31 1 39 6 7,1,100,,3359,20,0,29 1 38 1 31 1 39 6 7,1,99,,3360,20,0,29 1 38 1 31 1 39 6 7,1,100,,3361,20,0,29 1 38 1 31 1 39 6 7,1,100,,3362,20,0,29 1 38 1 31 1 39 6 7,1,100,,3363,20,0,29 1 38 1 31 1 39 6 7,1,99,,3364,20,0,29 1 38 1 31 1 39 6 7,1,100,,3365,20,0,29 1 38 1 31 1 39 6 7,1,100,,3366,20,0,29 1 38 1 31 1 39 6 7,1,100,,3367,20,0,12 13,1
2000001500,'52',743,,4134,33,,,2,102,,4135,32,,,2,103,,4136,32,,,2,100,,4137,32,,,2,102,,4138,32,,,2,100,,4139,32,,,2,190,,4140,33,,,2,99,,4141,32,,,2,95,,4142,32,,,2,107,,4143,32,,,2,98,,4144,32,,,2
2000001500,'53',845,,4145,33,,,2,103,,4146,32,,,2,100,,4147,32,,,2,102,,4148,32,,,2,100,,4149,32,,,2,190,,4150,33,,,2,99,,4151,32,,,2,95,,4152,32,,,2,107,,4153,32,,,2,98,,4154,32,,,2
2000001500,'54',743,,4155,33,,,2,102,,4156,32,,,2,103,,4157,32,,,2,100,,4158,32,,,2,102,,4159,32,,,2,100,,4160,32,,,2,190,,4161,33,,,2,99,,4162,32,,,2,95,,4163,32,,,2,107,,4164,32,,,2,98,,4165,32,,,2
