3900,'1',631,,6215,7,0,32,2,80,,6216,7,0,32,2,31,,6214,7,0,32,2
3900,'71',640,,4838,7,0,14,2,69,,4840,7,0,14,2,38,,4839,7,0,14,2,92,,4837,7,0,14,2
37500,'12',814,,6309,7,,,2
37500,'82',814,,4957,7,,,2
38000,'1',1647,,6312,3,0,38,2,87,,6310,3,0,38,2,87,,6311,3,0,38,2
38000,'71',1651,,4961,3,,,2,82,,4960,3,,,2,80,,4959,3,,,2
38100,'15',713,,6316,14,,,2
38100,'84',713,,4965,14,,,2
5003700,'71',624,,5046,34,,,2
5003701,'1',1746,,6396,56,,,2
5003701,'71',1642,,5050,56,,,2,106,,5049,56,,,2
5003701,'81',1901,,5051,56,,,2
5003801,'1',1716,,6398,53,,,2,89,,6397,53,,,2
5003801,'71',1715,,5053,53,,,2,89,,5052,53,,,2
