3701,'1',552,,6122,27,0,9,2,81,,6123,34,0,9,2,105,,6124,34,,,2,103,,6125,34,0,9,2,104,,6126,34,0,9,2,97,,6127,34,0,9,2,102,,6128,34,0,9,2,115,,6129,34,0,9,2,142,,6130,34,0,9,2,102,,6131,34,0,9,2,114,,6132,34,0,9,2,142,,6133,34,0,9,2,72,,6134,34,0,9,2,100,,6135,34,0,9,2,96,,6136,34,0,9,2,96,,6137,34,0,9,2,100,,6138,34,0,9,2,100,,6139,34,0,9,2,26,,6140,34,0,9,2
3701,'2',707,,6141,34,0,9,2,100,,6142,34,0,9,2,102,,6143,34,0,9,2,102,,6144,34,0,9,2,102,,6145,34,0,9,2,116,,6146,34,0,9,2,103,,6147,34,0,9,2,100,,6148,34,0,9,2,101,,6149,34,0,9,2,100,,6150,34,0,9,2,101,,6151,34,0,9,2,95,,6152,34,0,9,2,97,,6153,34,0,9,2,96,,6154,34,0,9,2,100,,6155,34,0,9,2,101,,6156,34,0,9,2,98,,6157,34,0,9,2,26,,6158,34,0,9,2
3701,'3',807,,6159,34,0,9,2,102,,6160,34,0,9,2,102,,6161,34,0,9,2,102,,6162,34,0,9,2,116,,6163,34,0,9,2,103,,6164,34,0,9,2,100,,6165,34,0,9,2,101,,6166,34,0,9,2,100,,6167,34,0,9,2,101,,6168,34,0,9,2,95,,6169,34,0,9,2,97,,6170,34,0,9,2
3701,'71',551,,4746,27,0,9,2,187,,4749,34,,,2,103,,4748,34,0,9,2,102,,4747,34,0,9,2,98,,4750,34,0,9,2,102,,4751,34,0,9,2,113,,4752,34,0,9,2,102,,4753,34,0,9,2,142,,4754,34,0,9,2,115,,4755,34,0,9,2,113,,4756,34,0,9,2,100,,4757,34,0,9,2,100,,4758,34,0,9,2,97,,4759,34,0,9,2,97,,4760,34,0,9,2,101,,4761,34,0,9,2,102,,4762,34,0,9,2,26,,4763,34,0,9,2
3701,'72',711,,4764,34,0,9,2,100,,4765,34,0,9,2,102,,4766,34,0,9,2,100,,4767,34,0,9,2,100,,4768,34,0,9,2,112,,4769,34,0,9,2,100,,4770,34,0,9,2,100,,4771,34,0,9,2,102,,4772,34,0,9,2,100,,4773,34,0,9,2,98,,4774,34,0,9,2,100,,4775,34,0,9,2,100,,4776,34,0,9,2,97,,4779,34,0,9,2,100,,4780,34,0,9,2,101,,4781,34,0,9,2,98,,4777,34,0,9,2,26,,4778,34,0,9,2
3701,'73',811,,4782,34,0,9,2,102,,4783,34,0,9,2,100,,4784,34,0,9,2,100,,4785,34,0,9,2,112,,4786,34,0,9,2,100,,4787,34,0,9,2,100,,4788,34,0,9,2,102,,4789,34,0,9,2,100,,4790,34,0,9,2,98,,4791,34,0,9,2,100,,4792,34,0,9,2,109,,4793,34,0,9,2
37500,'12',821,,6309,18,,,2
37500,'82',821,,4957,18,,,2
5003700,'1',645,,6395,38,,,2,76,,6394,38,,,2
5003700,'71',629,,5046,45,,,2,18,,5047,38,,,2,74,,5048,38,,,2
5003701,'1',1751,,6396,67,,,2
5003701,'71',1647,,5050,67,,,2,106,,5049,67,,,2
5003701,'81',1906,,5051,67,,,2
