2200,'71',622,,4456,48,4,,2,28,,4471,86,4,,2,63,,4457,48,4,,2,30,,4472,48,4,,2,66,,4474,86,4,,2,130,,4458,48,4,,2,75,,4460,48,4,,2,32,,4459,48,4,,2,72,,4461,48,4,,2,30,,4465,48,4,,2,70,,4462,48,4,,2,31,,4466,48,4,,2,70,,4463,48,4,,2,30,,4475,48,4,,2,70,,4464,48,4,,2,29,,4476,48,4,,2,74,,4469,48,4,,2,31,,4467,34,4,,2,65,,4470,34,4,,2,108,,4468,34,4,,2,74,,4477,34,4,,2,100,,4478,34,4,,2
2201,'1',625,4,5883,1,,,2,28,4,5892,1,0,23,2,70,11,5884,1,,,2,25,6,5898,1,,,2,68,8,5899,1,,,2,26,19,5893,1,,,2,108,12,5894,1,,,2,150,53,5885,1,,,2,101,54,5886,1,,,2,101,55,5887,1,,,2,100,55,5890,1,,,2,102,,5900,1,,,2,40,4,5891,1,,,2,96,,5888,1,,,2,70,51,5895,1,,,2,31,11,5889,1,,,2,70,52,5896,1,,,2,28,11,5901,1,,,2,64,44,5897,1,,,2
2201,'14',1640,,5902,5,4,,2
2201,'71',625,3,4480,1,,,2,28,3,4494,1,0,23,2,70,10,4481,1,0,23,2,25,5,4496,1,,,2,68,7,4498,1,,,2,26,19,4495,1,,,2,66,6,4497,1,,,2,42,11,4482,1,,,2,77,13,4484,1,,,2,32,13,4483,1,,,2,70,11,4485,1,,,2,30,11,4489,1,,,2,71,12,4486,1,,,2,70,51,4490,1,,,2,30,11,4487,1,,,2,70,51,4499,1,,,2,30,11,4488,1,,,2,74,,4491,1,,,2,25,7,4493,1,,,2,15,3,4500,1,,,2,91,,4501,5,,,2,71,48,4502,1,,,2,35,15,4492,1,,,2,72,13,4503,1,,,2,26,11,4505,1,,,2,64,3,4504,1,,,2
2201,'88',1635,,4506,5,,,2
2300,'71',619,,4520,60,4,,2,191,,4525,60,4,,2,115,,4507,60,4,,2,76,,4510,60,4,,2,30,,4508,60,4,,2,71,,4511,60,4,,2,30,,4509,60,4,,2,70,,4512,60,4,,2,32,,4515,46,4,,2,70,,4513,46,4,,2,30,,4516,46,4,,2,70,,4514,46,4,,2,32,,4517,46,4,,2,74,,4518,46,4,,2,31,,4528,46,4,,2,117,,4530,46,4,,2,75,,4519,46,4,,2,68,,4526,46,4,,2,30,,4521,46,4,,2,70,,4527,46,4,,2,35,,4522,46,4,,2,100,,4523,46,4,,2,97,,4524,46,4,,2
2300,'72',659,,4531,60,4,,2,141,,4532,60,4,,2,101,,4533,60,4,,2,101,,4534,60,4,,2,101,,4535,60,4,,2,100,,4536,60,4,,2,101,,4537,60,4,,2,102,,4538,46,4,,2,100,,4539,46,4,,2,100,,4540,46,4,,2,100,,4541,46,4,,2,102,,4542,46,4,,2
2300,'73',800,,4543,60,4,,2,101,,4544,60,4,,2,101,,4545,60,4,,2,101,,4546,60,4,,2,100,,4547,60,4,,2,101,,4548,60,4,,2,102,,4549,46,4,,2,100,,4550,46,4,,2,100,,4551,46,4,,2,100,,4552,46,4,,2,102,,4553,46,4,,2
2301,'1',619,2,5973,1,,,2,30,,5974,1,,,2,110,3,5976,1,,,2,81,,5953,1,,,2,72,9,5977,1,,,2,23,9,5954,1,,,2,81,14,5955,1,,,2,30,,5957,1,,,2,70,14,5956,1,,,2,30,14,5958,1,,,2,71,15,5959,1,,,2,30,15,5961,1,,,2,70,15,5960,1,,,2,30,15,5962,1,,,2,71,,5963,1,,,2,31,,5966,1,,,2,91,33,5964,1,,,2,65,,5967,1,,,2,35,,5965,1,,,2,104,17,5968,1,,,2,67,11,5975,1,,,2,37,18,5969,1,,,2,102,17,5970,1,,,2,90,5,5971,1,,,2,114,24,5972,1,,,2
2301,'14',1639,,5979,5,,,2,1,,5978,5,4,,2
2301,'2',656,,5980,1,,,2,100,,5981,1,,,2,101,,5982,1,,,2,102,,5983,1,,,2,142,,5984,1,,,2,102,,5985,1,,,2,101,,5986,1,,,2,101,,5987,1,,,2,100,,5988,1,,,2,100,,5989,1,,,2,101,,5990,1,,,2,97,50,5991,1,,,2
2301,'3',756,,5992,1,,,2,101,,5993,1,,,2,102,,5994,1,,,2,142,,5995,1,,,2,102,,5996,1,,,2,101,,5997,1,,,2,101,,5998,1,,,2,100,,5999,1,,,2,100,,6000,1,,,2,101,,6001,1,,,2,97,50,6002,1,,,2
2301,'71',619,,4569,1,,,2,30,,4577,1,,,2,110,3,4578,1,,,2,78,,4555,1,,,2,72,7,4559,1,,,2,29,13,4556,1,,,2,75,12,4560,1,,,2,31,13,4557,1,,,2,70,12,4561,1,,,2,30,12,4558,1,,,2,70,12,4562,1,,,2,31,11,4564,1,,,2,70,11,4563,1,,,2,30,11,4565,1,,,2,70,,4566,1,,,2,34,,4576,1,,,2,82,21,4567,1,,,2,104,,4568,5,,,2,106,14,4570,1,,,2,72,12,4575,1,,,2,35,17,4571,1,,,2,100,12,4572,1,,,2,92,4,4573,1,,,2,114,21,4574,1,,,2
2301,'72',711,52,4579,1,,,2,100,11,4580,1,,,2,101,11,4581,1,,,2,102,12,4582,1,,,2,100,11,4583,1,,,2,100,11,4584,1,,,2,102,12,4585,1,,,2,101,11,4586,1,,,2,101,12,4587,1,,,2,100,12,4588,1,,,2,102,14,4589,1,,,2,96,8,4590,1,,,2
2301,'73',811,11,4591,1,,,2,101,11,4592,1,,,2,102,12,4593,1,,,2,100,11,4594,1,,,2,100,11,4595,1,,,2,102,12,4596,1,,,2,101,11,4597,1,,,2,101,12,4598,1,,,2,100,12,4599,1,,,2,102,14,4600,1,,,2,96,8,4601,1,,,2
2301,'88',1635,,4602,5,,,2
3101,'71',619,,4611,45,4,,2,27,16,4610,1,0,8 1 14,2,4,,4613,45,4,,2,60,52,4612,1,0,8 1 14,2,19,,4610,71,4,,2,24,,4612,71,4,,2,52,50,4614,1,0,8 1 14,2,43,,4614,71,4,,2,56,,4618,45,4,,2,11,7,4619,1,0,8 1 14,2,43,,4619,71,4,,2,42,42,4615,1,0,8 1 14,2,43,,4615,71,4,,2,4,4,4616,1,0,8 1 14,2,83,,4616,71,4,,2,13,13,4617,1,0,8 1 14,2,83,,4617,71,4,,2,4,5,4620,1,0,8 1 14,2,83,,4620,71,4,,2,2,,4621,1,0,8 1 14,2,43,,4621,71,4,,2,43,45,4622,1,0,8 1 14,2,43,,4622,71,4,,2,5,5,4623,1,0,8 1 14,2,83,,4623,71,4,,2,3,18,4624,1,0,8 1 14,2,79,13,4627,1,0,8 1 14,2,5,,4624,71,4,,2,11,11,4625,1,0,8 1 14,2,71,,4627,71,4,,2,8,53,4628,1,0,8 1 14,2,8,,4625,71,4,,2,17,22,4631,1,0,8 1 14,2,18,,4628,71,4,,2,48,48,4629,1,0,8 1 14,2,16,,4631,71,4,,2,20,10,4626,1,0,8 1 14,2,6,,4629,71,4,,2,62,,4630,1,0,8 1 14,2,14,,4626,71,4,,2,28,,4630,71,4,,2,209,17,4632,1,0,8,2
3400,'1',623,,6032,38,4,,2,117,,6033,40,4,,2,79,,6031,38,4,,2,795,,6037,38,4,,2,102,,6034,40,4,,2,26,,6035,40,4,,2,92,,6036,40,4,,2
3400,'71',623,,4634,38,4,,2,117,,4635,40,4,,2,77,,4636,38,4,,2,715,,4637,29,4,,2,82,,4638,38,4,,2,89,,4639,40,4,,2,40,,4640,40,4,,2,89,,4641,40,4,,2
3401,'1',627,,6039,1,,,2,27,,6040,1,,,2,90,4,6041,1,,,2,795,23,6042,1,,,2,87,10,6043,1,,,2,99,9,6044,1,,,2,27,10,6045,1,,,2,86,4,6046,1,,,2,68,2,6047,1,,,2
3401,'14',1639,,6048,5,,,2
3401,'71',627,4,4642,1,,,2,27,6,4644,1,,,2,90,4,4643,1,,,2,803,15,4646,1,,,2,89,,4647,5,4,,2,73,6,4649,1,,,2,40,6,4650,1,,,2,87,4,4651,1,,,2,66,44,4648,1,,,2
3501,'1',559,,6049,34,4,,2,69,5,6050,1,,,2,30,,6050,36,4,,2,49,6,6051,1,,,2,35,,6051,36,4,,2,63,63,6052,1,,,2,33,,6052,36,4,,2,12,12,6053,1,,,2,71,,6053,36,4,,2,9,9,6054,1,,,2,70,,6054,36,4,,2,15,15,6055,1,,,2,30,,6055,36,4,,2,55,55,6056,1,,,2,30,,6056,36,4,,2,16,16,6057,1,,,2,70,,6057,36,4,,2,15,15,6058,1,,,2,70,,6058,36,4,,2,15,,6059,1,,,2,30,,6059,36,4,,2,55,55,6060,1,,,2,30,,6060,36,4,,2,15,15,6061,1,,,2,70,,6061,36,4,,2,26,,6062,1,,,2,74,,6062,36,4,,2,10,12,6064,1,,,2,74,,6064,36,4,,2,8,8,6065,1,,,2,32,,6065,36,4,,2,12,12,6066,1,,,2,70,,6066,36,4,,2,16,16,6067,1,,,2,66,,6067,36,4,,2,8,6,6063,1,,,2,26,,6063,36,4,,2,13,14,6068,1,,,2,64,,6068,36,4,,2,3,5,6069,1,,,2,23,,6069,36,4,,2,8,8,6070,1,,,2,63,,6070,36,4,,2,4,8,6071,1,,,2,23,,6071,36,4,,2,15,15,6072,1,,,2,63,,6072,36,4,,2,7,7,6073,1,,,2,23,,6073,36,4,,2,5,5,6074,1,,,2,63,,6074,36,4,,2,2,2,6075,1,,,2,23,,6075,36,4,,2
3501,'2',656,3,6076,1,,,2,66,,6076,36,4,,2,4,4,6077,1,,,2,26,,6077,36,4,,2,4,4,6078,1,,,2,66,,6078,36,4,,2,4,4,6079,1,,,2,26,,6079,36,4,,2,3,3,6080,1,,,2,69,,6080,36,4,,2,3,3,6081,1,,,2,30,,6081,36,4,,2,53,53,6082,1,,,2,35,,6082,36,4,,2,10,10,6083,1,,,2,75,,6083,36,4,,2,12,12,6084,1,,,2,75,,6084,36,4,,2,12,12,6085,1,,,2,75,,6085,36,4,,2,14,,6086,1,,,2,35,,6086,36,4,,2,50,,6088,1,,,2,35,,6088,36,4,,2,11,11,6089,1,,,2,75,,6089,36,4,,2,10,10,6090,1,,,2,75,,6090,36,4,,2,10,10,6091,1,,,2,35,,6091,36,4,,2,51,51,6092,1,,,2,30,,6092,36,4,,2,13,8,6087,1,,,2,70,,6087,36,4,,2,14,11,6093,1,,,2,24,,6093,36,4,,2,54,54,6094,1,,,2,24,,6094,36,4,,2,21,21,6095,1,,,2,64,,6095,36,4,,2,6,6,6096,1,,,2,24,,6096,36,4,,2,4,4,6097,1,,,2,64,,6097,36,4,,2,4,4,6098,1,,,2,24,,6098,36,4,,2,6,6,6099,1,,,2,64,,6099,36,4,,2,6,6,6100,1,,,2,24,,6100,36,4,,2,4,4,6101,1,,,2,64,,6101,36,4,,2,1,,6102,1,,,2,24,,6102,36,4,,2
3501,'3',826,,6103,1,,,2,26,,6103,36,4,,2,3,3,6104,1,,,2,69,,6104,36,4,,2,3,3,6105,1,,,2,30,,6105,36,4,,2,53,53,6106,1,,,2,35,,6106,36,4,,2,10,10,6107,1,,,2,75,,6107,36,4,,2,12,,6108,1,,,2,75,,6108,36,4,,2,12,12,6109,1,,,2,75,,6109,36,4,,2,14,14,6110,1,,,2,35,,6110,36,4,,2,50,50,6111,1,,,2,35,,6111,36,4,,2,11,11,6112,1,,,2,75,,6112,36,4,,2,10,,6114,1,,,2,75,,6114,36,4,,2,10,10,6115,1,,,2,35,,6115,36,4,,2,51,51,6116,1,,,2,30,,6116,36,4,,2,13,13,6117,1,,,2,70,,6117,36,4,,2,14,14,6118,1,,,2,24,,6118,36,4,,2,54,54,6119,1,,,2,24,,6119,36,4,,2,21,4,6113,1,,,2,64,,6113,36,4,,2
3501,'71',602,,4652,34,4,,2,33,16,4653,1,,,2,23,,4653,36,4,,2,47,55,4654,1,,,2,24,,4654,36,4,,2,86,5,4658,1,,,2,24,,4658,36,4,,2,16,7,4655,1,,,2,63,,4655,36,4,,2,17,17,4656,1,,,2,23,,4656,36,4,,2,74,7,4659,1,,,2,23,,4659,36,4,,2,79,9,4660,1,,,2,23,,4660,36,4,,2,75,6,4657,1,,,2,23,,4657,36,4,,2,78,,4662,1,,,2,23,,4662,36,4,,2,79,9,4661,1,,,2,23,,4661,36,4,,2,89,15,4663,1,,,2,65,,4663,36,4,,2,8,5,4664,1,,,2,25,,4664,36,4,,2,11,11,4665,1,,,2,65,,4665,36,4,,2,10,10,4666,1,,,2,23,,4666,36,4,,2,81,7,4667,1,,,2,23,,4667,36,4,,2,67,,4670,1,,,2,23,,4670,36,4,,2,70,2,4671,1,,,2,22,,4671,36,4,,2,76,4,4672,1,,,2,22,,4672,36,4,,2,86,8,4668,1,,,2,22,,4668,36,4,,2,71,3,4669,1,,,2,22,,4669,36,4,,2
3501,'72',650,3,4673,1,,,2,63,,4673,36,4,,2,37,7,4674,1,,,2,63,,4674,36,4,,2,38,7,4675,1,,,2,63,,4675,36,4,,2,37,7,4676,1,,,2,63,,4676,36,4,,2,37,7,4677,1,,,2,63,,4677,36,4,,2,38,7,4678,1,,,2,63,,4678,36,4,,2,43,6,4679,1,,,2,63,,4679,36,4,,2,79,47,4680,1,,,2,23,,4680,36,4,,2,78,47,4681,1,,,2,23,,4681,36,4,,2,77,46,4682,1,,,2,23,,4682,36,4,,2,29,,4683,1,,,2,63,,4683,36,4,,2,34,4,4684,1,,,2,63,,4684,36,4,,2,33,7,4685,1,,,2,62,,4685,36,4,,2,48,4,4686,1,,,2,62,,4686,36,4,,2,36,5,4687,1,,,2,62,,4687,36,4,,2,36,7,4688,1,,,2,62,,4688,36,4,,2,36,6,4689,1,,,2,62,,4689,36,4,,2
3501,'73',851,7,4690,1,,,2,63,,4690,36,4,,2,37,7,4691,1,,,2,63,,4691,36,4,,2,37,7,4692,1,,,2,63,,4692,36,4,,2,38,7,4693,1,,,2,63,,4693,36,4,,2,43,6,4694,1,,,2,63,,4694,36,4,,2,79,47,4695,1,,,2,23,,4695,36,4,,2,78,,4696,1,,,2,23,,4696,36,4,,2,77,46,4697,1,,,2,23,,4697,36,4,,2,29,,4698,1,,,2,63,,4698,36,4,,2,34,4,4699,1,,,2,63,,4699,36,4,,2,33,7,4700,1,,,2,62,,4700,36,4,,2,41,13,4701,1,,,2,62,,4701,36,4,,2
3600,'1',608,49,6120,1,,,2,23,,6120,34,4,,2
3600,'13',833,4,6121,1,,,2,74,,6121,34,4,,2
3600,'71',607,5,4702,1,,,2,23,,4702,34,4,,2,114,15,4703,1,,,2,65,,4703,34,4,,2,26,8,4705,1,,,2,24,,4705,34,4,,2,143,44,4706,1,,,2,23,,4706,34,4,,2,77,47,4707,1,,,2,23,,4707,34,4,,2,77,45,4708,1,,,2,23,,4708,34,4,,2,78,48,4704,1,,,2,24,,4704,34,4,,2,75,44,4709,1,,,2,24,,4709,34,4,,2,76,44,4710,1,,,2,24,,4710,34,4,,2,276,48,4711,1,,,2,24,,4711,34,4,,2,74,45,4714,1,,,2,24,,4714,34,4,,2,29,5,4715,1,,,2,63,,4715,34,4,,2,34,10,4716,1,,,2,62,,4716,34,4,,2,42,2,4712,1,,,2,62,,4712,34,4,,2,36,6,4713,1,,,2,62,,4713,34,4,,2
3600,'72',719,6,4717,1,,,2,24,,4717,34,4,,2,77,7,4718,1,,,2,24,,4718,34,4,,2,76,6,4719,1,,,2,24,,4719,34,4,,2,76,6,4720,1,,,2,24,,4720,34,4,,2,77,7,4721,1,,,2,24,,4721,34,4,,2,83,13,4722,1,,,2,24,,4722,34,4,,2,77,,4723,1,,,2,24,,4723,34,4,,2,77,7,4724,1,,,2,24,,4724,34,4,,2,77,7,4725,1,,,2,24,,4725,34,4,,2,74,5,4726,1,,,2,24,,4726,34,4,,2,69,6,4727,1,,,2,24,,4727,34,4,,2,70,3,4728,1,,,2,23,,4728,34,4,,2,74,5,4729,1,,,2,23,,4729,34,4,,2,90,8,4730,1,,,2,23,,4730,34,4,,2,73,6,4731,1,,,2,23,,4731,34,4,,2,76,7,4732,1,,,2,23,,4732,34,4,,2,69,,4733,1,,,2,23,,4733,34,4,,2
3600,'73',820,,4734,1,,,2,24,,4734,34,4,,2,76,6,4735,1,,,2,24,,4735,34,4,,2,76,6,4736,1,,,2,24,,4736,34,4,,2,77,7,4737,1,,,2,24,,4737,34,4,,2,83,13,4738,1,,,2,24,,4738,34,4,,2,77,8,4739,1,,,2,24,,4739,34,4,,2,77,7,4740,1,,,2,24,,4740,34,4,,2,77,7,4741,1,,,2,24,,4741,34,4,,2,74,5,4742,1,,,2,24,,4742,34,4,,2,69,6,4743,1,,,2,24,,4743,34,4,,2,70,,4744,1,,,2,23,,4744,34,4,,2,74,5,4745,1,,,2,23,,4745,34,4,,2
3900,'71',700,,4838,29,4,,2,29,,4840,29,4,,2,79,,4839,29,4,,2,92,,4837,29,4,,2
3901,'71',1625,11,4843,1,,,2,84,8,4842,1,,,2,40,14,4841,1,,,2
20001,'1',603,,6248,10,0,14,2,24,,6249,10,0,14,2,816,,6250,10,,,2,74,,6251,10,,,2
20001,'2',634,,6252,10,,,2,19,,6253,10,4,,2,51,,6254,10,,,2
20001,'71',604,,4888,15,4,,2,22,,4889,15,4,,2,9,,4890,15,4,,2,13,,4891,15,4,,2,800,,4892,15,,,2,72,,4893,15,,,2,81,,4894,15,4,,2,254,,4895,15,4,,2
20001,'72',627,,4896,15,,,2,20,,4897,15,4,,2,58,,4898,15,,,2
5003600,'1',639,8,6390,1,,,2,63,44,6391,1,,,2
5003600,'71',640,5,5042,1,,,2,64,4,5041,1,,,2
5003601,'71',1627,,5045,46,4,,2,84,,5043,46,4,,2,24,,5044,46,4,,2
1200000201,'14',1634,,7317,7,,,1
1200000301,'1',607,3,7508,1,,,1,28,7,7513,1,,,1,75,,7506,14,,,1,20,,7510,14,,,1,75,,7516,14,,,1,29,,7511,14,,,1,25,,7519,14,,,1,65,,7507,14,,,1,29,,7517,14,,,1,67,,7515,14,,,1,33,,7520,14,,,1,73,,7521,14,,,1,30,,7523,14,,,1,73,,7525,14,,,1,72,,7527,14,,,1,29,,7522,14,,,1,70,,7524,14,,,1,28,,7526,14,,,1,30,,7528,14,,,1,75,,7529,14,,,1,389,,7544,14,,,1,24,,7542,14,,,1,71,,7543,14,,,1,30,,7545,14,,,1,70,,7546,14,,,1,33,,7549,14,,,1,72,2,7547,1,,,1,30,2,7550,1,,,1,68,4,7548,1,,,1,30,4,7551,1,,,1,79,3,7552,1,,,1
1200000301,'2',746,,7553,14,,,1,70,,7556,14,,,1,31,,7559,14,,,1,71,,7562,14,,,1,31,,7554,14,,,1,72,,7557,14,,,1,31,,7560,14,,,1,71,,7563,14,,,1,31,,7555,14,,,1,71,,7558,14,,,1,31,,7561,14,,,1,71,,7564,14,,,1,31,,7565,14,,,1,70,,7568,14,,,1,30,,7574,14,,,1,70,,7571,14,,,1,30,,7566,14,,,1,71,,7569,14,,,1,71,,7575,14,,,1,27,,7572,14,,,1,28,,7567,14,,,1,69,,7570,14,,,1,27,,7576,14,,,1,67,,7573,14,,,1,35,4,7577,1,,,1,100,4,7578,1,,,1,96,4,7579,1,,,1,99,4,7580,1,,,1,78,2,7581,1,,,1,102,7,7582,1,,,1
1200000301,'3',816,,7604,14,,,1,31,,7606,14,,,1,71,,7612,14,,,1,31,,7609,14,,,1,72,,7605,14,,,1,31,,7607,14,,,1,71,,7613,14,,,1,31,,7610,14,,,1,71,,7614,14,,,1,31,,7608,14,,,1,71,,7616,14,,,1,31,,7611,14,,,1,70,,7615,14,,,1,30,,7618,14,,,1,70,,7617,14,,,1,30,,7621,14,,,1,71,,7623,14,,,1,71,,7619,14,,,1,27,,7627,14,,,1,28,,7622,14,,,1,69,,7624,14,,,1,27,,7620,14,,,1,67,,7628,14,,,1,35,18,7625,1,,,1,161,8,7626,1,,,1
1200000301,'71',607,2,5456,1,,,1,28,8,5460,1,,,1,76,,5454,14,,,1,20,,5458,14,,,1,77,,5466,14,,,1,27,,5463,14,,,1,66,,5469,14,,,1,26,,5455,14,,,1,29,,5465,14,,,1,67,,5467,14,,,1,36,,5470,14,,,1,60,,5471,14,,,1,20,,5473,14,,,1,20,,5475,14,,,1,63,,5476,14,,,1,20,,5478,14,,,1,62,,5480,14,,,1,19,,5472,14,,,1,20,,5474,14,,,1,60,,5481,14,,,1,18,,5477,14,,,1,20,,5479,14,,,1,59,,5483,14,,,1,25,,5484,14,,,1,395,,5498,14,,,1,27,,5499,14,,,1,71,,5501,14,,,1,30,,5500,14,,,1,70,,5502,14,,,1,33,,5505,14,,,1,71,2,5503,1,,,1,30,2,5506,1,,,1,68,4,5504,1,,,1,30,4,5507,1,,,1,79,3,5508,1,,,1
1200000301,'72',747,,5511,14,,,1,70,,5510,14,,,1,31,,5514,14,,,1,70,,5515,14,,,1,31,,5516,14,,,1,71,,5509,14,,,1,31,,5513,14,,,1,70,,5512,14,,,1,30,,5517,14,,,1,70,,5518,14,,,1,31,,5520,14,,,1,70,,5519,14,,,1,31,,5522,14,,,1,70,,5523,14,,,1,31,,5524,14,,,1,70,,5525,14,,,1,29,,5526,14,,,1,71,,5521,14,,,1,32,,5528,14,,,1,69,,5527,14,,,1,28,,5530,14,,,1,69,,5529,14,,,1,29,,5531,14,,,1,64,,5535,14,,,1,38,4,5532,1,,,1,100,4,5533,1,,,1,96,4,5534,1,,,1,99,4,5536,1,,,1,78,2,5537,1,,,1,102,7,5538,1,,,1
1200000301,'73',817,,5539,14,,,1,31,,5541,14,,,1,70,,5542,14,,,1,31,,5543,14,,,1,71,,5544,14,,,1,31,,5540,14,,,1,70,,5545,14,,,1,30,,5547,14,,,1,70,,5546,14,,,1,31,,5549,14,,,1,70,,5548,14,,,1,31,,5551,14,,,1,70,,5552,14,,,1,31,,5553,14,,,1,70,,5554,14,,,1,29,,5555,14,,,1,71,,5550,14,,,1,32,,5557,14,,,1,69,,5556,14,,,1,28,,5559,14,,,1,69,,5558,14,,,1,29,,5560,14,,,1,64,,5563,14,,,1,38,4,5561,1,,,1,161,8,5562,1,,,1
2000003101,'72',728,,5659,45,4,,2,18,18,5660,1,0,8 1 14,2,83,,5660,71,4,,2,18,18,5661,1,0,8 1 14,2,83,,5661,71,4,,2,17,17,5662,1,0,8 1 14,2,83,,5662,71,4,,2,17,17,5663,1,0,8 1 14,2,83,,5663,71,4,,2,17,17,5664,1,0,8 1 14,2,83,,5664,71,4,,2,17,17,5665,1,0,8 1 14,2,83,,5665,71,4,,2,116,,5666,1,0,8 1 14,2,83,,5666,71,4,,2,19,19,5667,1,0,8 1 14,2,83,,5667,71,4,,2,19,19,5668,1,0,8 1 14,2,83,,5668,71,4,,2,15,15,5669,1,0,8 1 14,2,83,,5669,71,4,,2,15,15,5670,1,0,8,2
2000003101,'73',829,,5671,45,4,,2,17,17,5672,1,0,8 1 14,2,83,,5672,71,4,,2,18,18,5673,1,0,8 1 14,2,83,,5673,71,4,,2,17,17,5674,1,0,8 1 14,2,83,,5674,71,4,,2,17,17,5675,1,0,8 1 14,2,83,,5675,71,4,,2,17,17,5676,1,0,8 1 14,2,83,,5676,71,4,,2,116,,5677,1,0,8 1 14,2,83,,5677,71,4,,2,19,19,5678,1,0,8 1 14,2,83,,5678,71,4,,2,19,19,5679,1,0,8 1 14,2,83,,5679,71,4,,2,15,15,5680,1,0,8 1 14,2,83,,5680,71,4,,2,15,15,5681,1,0,8,2
2000003400,'2',734,,7742,38,4,,2,85,,7743,40,4,,2,86,,7744,40,4,,2,45,,7745,40,4,,2,87,,7746,40,4,,2,86,,7747,40,4,,2,85,,7748,40,4,,2,48,,7749,40,4,,2,171,,7750,40,4,,2,83,,7751,40,4,,2,47,,7752,40,4,,2,83,,7753,40,4,,2,90,,7754,40,4,,2,82,,7755,40,4,,2,41,,7756,40,4,,2
2000003400,'3',819,,7757,38,4,,2,86,,7758,40,4,,2,45,,7759,40,4,,2,87,,7760,40,4,,2,86,,7761,40,4,,2,85,,7762,40,4,,2,48,,7763,40,4,,2,171,,7764,40,4,,2,83,,7765,40,4,,2,47,,7766,40,4,,2,83,,7767,40,4,,2,90,,7768,40,4,,2,82,,7769,40,4,,2,41,,7770,40,4,,2
2000003400,'72',734,,5682,38,4,,2,85,,5683,40,4,,2,85,,5684,40,4,,2,45,,5685,40,4,,2,85,,5686,40,4,,2,86,,5687,40,4,,2,85,,5688,40,4,,2,45,,5689,40,4,,2,174,,5690,40,4,,2,81,,5691,40,4,,2,52,,5692,40,4,,2,78,,5693,40,4,,2,93,,5694,40,4,,2,78,,5695,40,4,,2,47,,5696,40,4,,2
2000003400,'73',819,,5697,38,4,,2,85,,5698,40,4,,2,45,,5699,40,4,,2,85,,5700,40,4,,2,86,,5701,40,4,,2,85,,5702,40,4,,2,45,,5703,40,4,,2,174,,5704,40,4,,2,81,,5705,40,4,,2,52,,5706,40,4,,2,78,,5707,40,4,,2,93,,5708,40,4,,2,78,,5709,40,4,,2,47,,5710,40,4,,2
2000003401,'2',740,6,7771,1,,,2,85,6,7772,1,,,2,86,6,7773,1,,,2,45,6,7774,1,,,2,89,8,7775,1,,,2,85,7,7776,1,,,2,88,10,7777,1,,,2,41,3,7778,1,,,2,174,6,7779,1,,,2,86,9,7780,1,,,2,83,45,7781,1,,,2,48,10,7782,1,,,2,85,5,7783,1,,,2,81,4,7784,1,,,2,42,5,7785,1,,,2
2000003401,'3',825,6,7786,1,,,2,86,6,7787,1,,,2,45,6,7788,1,,,2,89,8,7789,1,,,2,85,7,7790,1,,,2,88,10,7791,1,,,2,41,3,7792,1,,,2,174,6,7793,1,,,2,86,9,7794,1,,,2,83,45,7795,1,,,2,48,10,7796,1,,,2,85,5,7797,1,,,2,81,4,7798,1,,,2,42,5,7799,1,,,2
2000003401,'72',740,6,5711,1,,,2,85,6,5712,1,,,2,85,6,5713,1,,,2,45,6,5714,1,,,2,87,8,5715,1,,,2,85,7,5716,1,,,2,85,7,5717,1,,,2,45,7,5718,1,,,2,170,3,5719,1,,,2,92,14,5720,1,,,2,38,,5721,1,,,2,93,15,5722,1,,,2,78,,5723,1,,,2,88,10,5724,1,,,2,37,,5725,1,,,2
2000003401,'73',825,6,5726,1,,,2,85,6,5727,1,,,2,45,6,5728,1,,,2,87,8,5729,1,,,2,85,7,5730,1,,,2,85,7,5731,1,,,2,45,7,5732,1,,,2,170,3,5733,1,,,2,92,14,5734,1,,,2,38,,5735,1,,,2,93,15,5736,1,,,2,78,,5737,1,,,2,88,10,5738,1,,,2,37,,5739,1,,,2
