3400,'1',617,,6032,28,,,2,114,,6033,30,,,2,79,,6031,28,,,2,793,,6037,28,,,2,103,,6034,30,,,2,28,,6035,30,,,2,92,,6036,30,,,2
3400,'13',845,,6038,30,0,24 1 15,2
3400,'71',617,,4634,28,,,2,114,,4635,30,,,2,77,,4636,28,,,2,37,,4633,30,0,24 1 15,2,677,,4637,19,,,2,81,,4638,28,,,2,50,,4639,30,,,2,82,,4640,30,,,2,89,,4641,30,,,2
32501,'83',1635,,4948,44,,,2
34501,'83',1643,,4950,47,,,2
35101,'85',1524,,4954,19,,,2
5003400,'1',641,,6388,28,,,2,62,,6387,28,,,2
5003400,'71',641,,5039,28,,,2,61,,5038,28,,,2
2000003400,'2',725,,7742,28,,,2,85,,7743,30,,,2,46,,7744,30,,,2,85,,7745,30,,,2,87,,7746,30,,,2,86,,7747,30,,,2,45,,7748,30,,,2,88,,7749,30,,,2,171,,7750,30,,,2,83,,7751,30,,,2,47,,7752,30,,,2,83,,7753,30,,,2,90,,7754,30,,,2,82,,7755,30,,,2,41,,7756,30,,,2
2000003400,'3',810,,7757,28,,,2,46,,7758,30,,,2,85,,7759,30,,,2,87,,7760,30,,,2,86,,7761,30,,,2,45,,7762,30,,,2,88,,7763,30,,,2,171,,7764,30,,,2,83,,7765,30,,,2,47,,7766,30,,,2,83,,7767,30,,,2,90,,7768,30,,,2,82,,7769,30,,,2,41,,7770,30,,,2
2000003400,'72',725,,5682,28,,,2,85,,5683,30,,,2,45,,5684,30,,,2,85,,5685,30,,,2,85,,5686,30,,,2,86,,5687,30,,,2,45,,5688,30,,,2,85,,5689,30,,,2,174,,5690,30,,,2,41,,5691,30,,,2,92,,5692,30,,,2,78,,5693,30,,,2,93,,5694,30,,,2,38,,5695,30,,,2,87,,5696,30,,,2
2000003400,'73',810,,5697,28,,,2,45,,5698,30,,,2,85,,5699,30,,,2,85,,5700,30,,,2,86,,5701,30,,,2,45,,5702,30,,,2,85,,5703,30,,,2,174,,5704,30,,,2,41,,5705,30,,,2,92,,5706,30,,,2,78,,5707,30,,,2,93,,5708,30,,,2,38,,5709,30,,,2,87,,5710,30,,,2
