3701,'1',554,,6122,33,0,9,2,81,,6123,40,0,9,2,105,,6124,40,,,2,103,,6125,40,0,9,2,104,,6126,40,0,9,2,97,,6127,40,0,9,2,102,,6128,40,0,9,2,155,,6129,40,0,9,2,102,,6130,40,0,9,2,102,,6131,40,0,9,2,114,,6132,40,0,9,2,182,,6133,40,0,9,2,32,,6134,40,0,9,2,100,,6135,40,0,9,2,96,,6136,40,0,9,2,96,,6137,40,0,9,2,100,,6138,40,0,9,2,100,,6139,40,0,9,2,25,,6140,40,0,9,2
3701,'2',709,,6141,40,0,9,2,100,,6142,40,0,9,2,102,,6143,40,0,9,2,102,,6144,40,0,9,2,102,,6145,40,0,9,2,116,,6146,40,0,9,2,103,,6147,40,0,9,2,100,,6148,40,0,9,2,101,,6149,40,0,9,2,100,,6150,40,0,9,2,101,,6151,40,0,9,2,95,,6152,40,0,9,2,97,,6153,40,0,9,2,96,,6154,40,0,9,2,100,,6155,40,0,9,2,101,,6156,40,0,9,2,98,,6157,40,0,9,2,25,,6158,40,0,9,2
3701,'3',809,,6159,40,0,9,2,102,,6160,40,0,9,2,102,,6161,40,0,9,2,102,,6162,40,0,9,2,116,,6163,40,0,9,2,103,,6164,40,0,9,2,100,,6165,40,0,9,2,101,,6166,40,0,9,2,100,,6167,40,0,9,2,101,,6168,40,0,9,2,95,,6169,40,0,9,2,97,,6170,40,0,9,2
3701,'71',553,,4746,33,0,9,2,187,,4749,40,,,2,103,,4748,40,0,9,2,102,,4747,40,0,9,2,98,,4750,40,0,9,2,102,,4751,40,0,9,2,113,,4752,40,0,9,2,142,,4753,40,0,9,2,102,,4754,40,0,9,2,115,,4755,40,0,9,2,113,,4756,40,0,9,2,100,,4757,40,0,9,2,100,,4758,40,0,9,2,97,,4759,40,0,9,2,97,,4760,40,0,9,2,101,,4761,40,0,9,2,102,,4762,40,0,9,2,25,,4763,40,0,9,2
3701,'72',713,,4764,40,0,9,2,100,,4765,40,0,9,2,102,,4766,40,0,9,2,100,,4767,40,0,9,2,100,,4768,40,0,9,2,112,,4769,40,0,9,2,100,,4770,40,0,9,2,100,,4771,40,0,9,2,102,,4772,40,0,9,2,100,,4773,40,0,9,2,98,,4774,40,0,9,2,100,,4775,40,0,9,2,100,,4776,40,0,9,2,97,,4779,40,0,9,2,100,,4780,40,0,9,2,101,,4781,40,0,9,2,98,,4777,40,0,9,2,25,,4778,40,0,9,2
3701,'73',813,,4782,40,0,9,2,102,,4783,40,0,9,2,100,,4784,40,0,9,2,100,,4785,40,0,9,2,112,,4786,40,0,9,2,100,,4787,40,0,9,2,100,,4788,40,0,9,2,102,,4789,40,0,9,2,100,,4790,40,0,9,2,98,,4791,40,0,9,2,100,,4792,40,0,9,2,109,,4793,40,0,9,2
37500,'12',824,,6309,24,,,2
37500,'82',824,,4957,24,,,2
5003700,'1',648,,6395,44,,,2,76,,6394,44,,,2
5003700,'71',632,,5046,51,,,2,18,,5047,44,,,2,74,,5048,44,,,2
5003701,'1',1753,,6396,73,,,2
5003701,'71',1649,,5050,73,,,2,106,,5049,73,,,2
5003701,'81',1908,,5051,73,,,2
