2200,'13',856,,5882,3,4,,2,2,,5881,28,4,,2
2200,'71',856,,4473,45,4,,2
2200,'87',858,,4479,28,4,,2
2201,'14',1628,,5902,1,0,14,2
2201,'71',1628,13,4501,1,,,2
2201,'88',1628,69,4506,1,,,2
2300,'13',856,,5928,21,4,,2,1,,5929,3,4,,2
2300,'71',857,,4529,57,4,,2
2300,'87',856,,4554,21,4,,2
2301,'14',1627,9,5979,1,,,2,1,7,5978,1,0,14,2
2301,'71',1628,16,4568,1,,,2
2301,'88',1628,10,4602,1,,,2
3400,'13',855,,6038,37,4,,2
3400,'71',855,,4633,37,4,,2
3401,'14',1627,,6048,1,,,2
3401,'71',1627,8,4647,1,0,14,2
22900,'13',855,,6291,18,4,,2
22900,'87',855,,4929,18,4,,2
22901,'14',1627,,6292,1,,,2
22901,'88',1627,16,4930,1,,,2
1200000201,'14',1627,,7317,1,,,1
