34501,'63',1617,,3274,13,,,2
35501,'63',1622,,3280,13,,,2
5004200,'51',652,,3400,6,,,2
1200000101,'51',1536,,3416,32,,,1,72,,3417,32,,,1,31,,3415,32,,,1,73,,3418,32,,,1
1200000200,'51',540,,3421,6,0,36 37,1,15,,3420,28,0,36 37,1,55,,3424,28,0,36 37,1,8,,3429,6,0,36 37,1,7,,3426,28,0,36 37,1,16,,3428,28,0,36 37,1,15,,3423,28,0,36 37,1,56,,3433,28,0,36 37,1,17,,3419,28,0,36 37,1,15,,3435,28,0,36 37,1,15,,3422,28,0,36 37,1,54,,3430,28,0,36 37,1,14,,3431,28,0,36 37,1,15,,3427,28,0,36 37,1,59,,3425,28,0,36 37,1,14,,3436,28,0,36 37,1,17,,3432,28,0,36 37,1,17,,3434,28,0,36 37,1,54,,3437,28,0,36 37,1,15,,3439,28,0,36 37,1,15,,3440,28,0,36 37,1,15,,3442,28,0,36 37,1,55,,3443,28,0,36 37,1,15,,3445,28,0,36 37,1,15,,3446,28,0,36 37,1,15,,3447,28,0,36 37,1,55,,3448,28,0,36 37,1,15,,3449,28,0,36 37,1,16,,3438,28,0,36 37,1,15,,3441,28,0,36 37,1,55,,3451,28,0,36 37,1,15,,3452,28,0,36 37,1,14,,3444,28,0,36 37,1,15,,3450,28,0,36 37,1,55,,3454,28,0,36 37,1,21,,3455,28,0,36 37,1,12,,3456,28,0,36 37,1,16,,3457,28,0,36 37,1,55,,3458,28,0,36 37,1,15,,3459,28,0,36 37,1,12,,3460,28,0,36 37,1,14,,3453,28,0,36 37,1,55,,3461,28,0,36 37,1,15,,3464,28,0,36 37,1,8,,3467,15,0,36 37,1,8,,3466,28,0,36 37,1,13,,3465,28,0,36 37,1,55,,3470,28,0,36 37,1,17,,3468,28,0,36 37,1,14,,3469,28,0,36 37,1,15,,3463,28,0,36 37,1,55,,3472,28,0,36 37,1,15,,3473,28,0,36 37,1,15,,3474,28,0,36 37,1,15,,3462,28,0,36 37,1,70,,3476,28,0,36 37,1,30,,3479,28,0,36 37,1,70,,3480,28,0,36 37,1,30,,3475,28,0,36 37,1,69,,3482,28,0,36 37,1,32,,3477,28,0,36 37,1,70,,3471,28,0,36 37,1,32,,3481,28,0,36 37,1,66,,3483,28,0,36 37,1,30,,3478,28,0,14,1
1200000200,'52',718,,3485,28,0,36 37,1,30,,3488,28,0,36 37,1,70,,3489,28,0,36 37,1,30,,3490,28,0,36 37,1,70,,3484,28,0,36 37,1,30,,3487,28,0,36 37,1,70,,3486,28,0,36 37,1,30,,3491,28,0,36 37,1,70,,3492,28,0,36 37,1,31,,3494,28,0,36 37,1,69,,3493,28,0,36 37,1,30,,3496,28,0,36 37,1,70,,3497,28,0,36 37,1,30,,3498,28,0,36 37,1,70,,3499,28,0,36 37,1,30,,3500,28,0,36 37,1,70,,3495,28,0,36 37,1,30,,3502,28,0,36 37,1,70,,3501,28,0,36 37,1,30,,3505,28,0,36 37,1,70,,3504,28,0,36 37,1,31,,3507,28,0,36 37,1,69,,3508,28,0,36 37,1,29,,3509,28,0,36 37,1,70,,3511,28,0,36 37,1,31,,3503,28,0,36 37,1,69,,3513,28,0,36 37,1,29,,3514,28,0,36 37,1,70,,3510,28,0,36 37,1,30,,3512,28,0,36 37,1,70,,3506,28,0,36 37,1,30,,3515,28,0,36 37,1,70,,3516,28,0,36 37,1
1200000200,'53',718,,3517,28,0,36 37,1,30,,3519,28,0,36 37,1,70,,3520,28,0,36 37,1,30,,3521,28,0,36 37,1,70,,3522,28,0,36 37,1,30,,3518,28,0,36 37,1,70,,3523,28,0,36 37,1,30,,3525,28,0,36 37,1,70,,3524,28,0,36 37,1,31,,3527,28,0,36 37,1,69,,3526,28,0,36 37,1,30,,3529,28,0,36 37,1,70,,3530,28,0,36 37,1,30,,3531,28,0,36 37,1,70,,3532,28,0,36 37,1,30,,3534,28,0,36 37,1,70,,3528,28,0,36 37,1,30,,3537,28,0,36 37,1,70,,3535,28,0,36 37,1,30,,3539,28,0,36 37,1,70,,3538,28,0,36 37,1,31,,3541,28,0,36 37,1,69,,3542,28,0,36 37,1,29,,3543,28,0,36 37,1,70,,3533,28,0,36 37,1,31,,3540,28,0,36 37,1,69,,3536,28,0,36 37,1
1200000200,'54',618,,3544,28,0,36 37,1,30,,3546,28,0,36 37,1,55,,3555,6,0,36 37,1,15,,3550,28,0,36 37,1,15,,3560,6,0,36 37,1,15,,3548,28,0,36 37,1,55,,3545,6,0,36 37,1,15,,3558,28,0,36 37,1,15,,3547,6,0,36 37,1,15,,3552,28,0,36 37,1,55,,3551,6,0,36 37,1,15,,3556,28,0,36 37,1,15,,3549,6,0,36 37,1,15,,3561,28,0,36 37,1,55,,3559,6,0,36 37,1,15,,3553,28,0,36 37,1,15,,3566,6,0,36 37,1,15,,3564,28,0,36 37,1,55,,3557,6,0,36 37,1,15,,3567,28,0,36 37,1,15,,3571,6,0,36 37,1,16,,3569,28,0,36 37,1,54,,3554,6,0,36 37,1,15,,3562,28,0,36 37,1,15,,3565,6,0,36 37,1,15,,3573,28,0,36 37,1,55,,3568,6,0,36 37,1,15,,3575,28,0,36 37,1,15,,3570,6,0,36 37,1,15,,3577,28,0,36 37,1,55,,3563,6,0,36 37,1,15,,3579,28,0,36 37,1,15,,3574,6,0,36 37,1,15,,3582,28,0,36 37,1,55,,3576,6,0,36 37,1,15,,3572,28,0,36 37,1,15,,3578,6,0,36 37,1,15,,3586,28,0,36 37,1,55,,3580,6,0,36 37,1,15,,3584,28,0,36 37,1,15,,3583,6,0,36 37,1,15,,3589,28,0,36 37,1,55,,3591,6,0,36 37,1,15,,3588,28,0,36 37,1,15,,3593,6,0,36 37,1,16,,3587,28,0,36 37,1,69,,3585,28,0,36 37,1,29,,3595,28,0,36 37,1,70,,3581,28,0,36 37,1,31,,3594,28,0,36 37,1,69,,3596,28,0,36 37,1,29,,3597,28,0,36 37,1,70,,3592,28,0,36 37,1,30,,3600,28,0,36 37,1,70,,3590,28,0,36 37,1,30,,3598,28,0,36 37,1,70,,3599,28,0,36 37,1
1200000200,'69',632,,3601,6,0,36 37,1,21,,3603,6,0,36 37,1
1200000400,'51',648,,4092,30,,,1,56,,4093,30,,,1,16,,4094,30,,,1,16,,4091,30,,,1
