1301,'1',633,,5816,12,,,2,77,,5818,12,,,2,93,,5817,12,,,2,807,,5819,12,,,2,15,,5820,12,,,2,80,,5822,12,,,2,30,,5821,12,,,2
1301,'71',648,,4409,12,,,2,82,,4410,12,,,2,73,,4408,12,,,2,807,,4413,12,,,2,15,,4411,12,,,2,80,,4414,12,,,2,30,,4412,12,,,2
11501,'83',1613,,4853,5,,,2
12501,'83',1608,,4857,5,,,2
12601,'83',1616,,4859,5,,,2
12701,'83',1608,,4861,5,,,2
13601,'83',1614,,4868,5,,,2
13801,'83',1610,,4871,5,,,2
15601,'83',1610,,4876,5,,,2
22501,'83',1617,,4928,5,,,2
23501,'83',1612,,4936,5,,,2
24501,'83',1613,,4942,5,,,2
24601,'83',1613,,4944,5,,,2
32501,'83',1609,,4948,5,,,2
34501,'83',1609,,4950,5,,,2
35501,'83',1614,,4956,5,,,2
37501,'83',1617,,4958,5,,,2
38501,'83',1616,,4968,5,,,2
