34500,'12',830,,6305,38,,,2
34500,'82',830,,4949,38,,,2
35500,'12',834,,6308,59,,,2
35500,'82',834,,4955,51,,,2
1200000100,'1',647,,7141,66,,,1,71,,7142,66,,,1,21,,7143,66,,,1,69,,7146,66,0,16 1 17,1,30,,7144,66,,,1
1200000100,'71',645,,5061,66,,,1,70,,5062,66,,,1,21,,5063,66,,,1,69,,5066,66,0,16 1 17,1,30,,5064,66,,,1
1200000201,'1',623,,7262,21,,,1,79,,7265,33,,,1,15,,7264,33,,,1,20,,7269,33,,,1,22,,7271,33,,,1,60,,7273,33,,,1,20,,7276,33,,,1,15,,7277,33,,,1,56,,7263,33,,,1,13,,7280,33,,,1,14,,7268,33,,,1,11,,7266,33,,,1,52,,7275,33,,,1,12,,7281,33,,,1,14,,7278,33,,,1,17,,7282,33,,,1,70,,7284,33,,,1,29,,7286,33,,,1,70,,7267,33,,,1,32,,7287,33,,,1,70,,7283,33,,,1,30,,7285,33,,,1,71,,7289,33,,,1,30,,7290,33,,,1,70,,7288,33,,,1,39,,7292,33,,,1,67,,7294,33,,,1,18,,7297,33,,,1,17,,7295,33,,,1,57,,7296,33,,,1,12,,7293,33,,,1,11,,7298,33,,,1,12,,7299,33,,,1,54,,7301,33,,,1,13,,7291,33,,,1,9,,7304,33,,,1,13,,7305,33,,,1,13,,7308,33,,,1,52,,7309,33,,,1,13,,7303,33,,,1,24,,7302,33,,,1,66,,7300,33,,,1,19,,7310,33,,,1,29,,7311,33,,,1,72,,7306,33,,,1,75,,7313,33,,,1,28,,7315,33,,,1,31,,7312,33,,,1,67,,7307,33,,,1,31,,7314,33,,,1,86,,7316,33,,,1
1200000201,'14',1658,,7317,27,,,1
1200000201,'2',654,,7321,21,,,1,79,,7318,33,,,1,70,,7326,33,,,1,31,,7324,33,,,1,71,,7322,33,,,1,31,,7328,33,,,1,72,,7319,33,,,1,31,,7327,33,,,1,71,,7325,33,,,1,32,,7330,33,,,1,70,,7329,33,,,1,31,,7320,33,,,1,72,,7332,33,,,1,31,,7334,33,,,1,70,,7331,33,,,1,30,,7336,33,,,1,71,,7337,33,,,1,30,,7333,33,,,1,69,,7335,33,,,1,31,,7339,33,,,1,72,,7341,33,,,1,29,,7338,33,,,1,66,,7343,33,,,1,29,,7344,33,,,1,65,,7340,33,,,1,25,,7342,33,,,1,67,,7348,33,,,1,29,,7347,33,,,1,71,,7345,33,,,1,27,,7349,33,,,1,28,,7351,33,,,1,69,,7350,33,,,1,30,,7353,33,,,1,70,,7346,33,,,1,29,,7352,33,,,1,89,,7354,33,,,1
1200000201,'27',2240,,7355,26,,,1,70,,7358,26,,,1,29,,7356,26,,,1,83,,7359,26,,,1,28,,7361,26,,,1,70,,7357,26,,,1,30,,7360,26,,,1
1200000201,'28',2238,,7362,26,,,1,70,,7365,26,,,1,30,,7363,26,,,1,83,,7366,26,,,1,28,,7368,26,,,1,70,,7364,26,,,1,30,,7367,26,,,1
1200000201,'29',2238,,7369,26,,,1,70,,7372,26,,,1,30,,7370,26,,,1,83,,7373,26,,,1,28,,7375,26,,,1,70,,7371,26,,,1,30,,7374,26,,,1
1200000201,'3',834,,7377,33,,,1,71,,7379,33,,,1,31,,7381,33,,,1,71,,7383,33,,,1,32,,7384,33,,,1,71,,7388,33,,,1,32,,7386,33,,,1,70,,7390,33,,,1,31,,7387,33,,,1,72,,7385,33,,,1,31,,7389,33,,,1,70,,7392,33,,,1,30,,7391,33,,,1,71,,7393,33,,,1,30,,7395,33,,,1,69,,7397,33,,,1,31,,7400,33,,,1,72,,7402,33,,,1,29,,7394,33,,,1,66,,7396,33,,,1,29,,7398,33,,,1,65,,7401,33,,,1,25,,7403,33,,,1,67,,7405,33,,,1,29,,7404,33,,,1,71,,7399,33,,,1,27,,7406,33,,,1
1200000201,'71',623,,5201,21,,,1,35,,5205,33,,,1,55,,5204,33,,,1,20,,5208,33,,,1,10,,5214,33,,,1,14,,5203,33,,,1,55,,5213,33,,,1,19,,5207,33,,,1,17,,5218,33,,,1,55,,5202,33,,,1,14,,5221,33,,,1,14,,5206,33,,,1,12,,5223,33,,,1,12,,5216,33,,,1,52,,5224,33,,,1,15,,5209,33,,,1,12,,5225,33,,,1,17,,5217,33,,,1,58,,5219,33,,,1,14,,5226,33,,,1,15,,5222,33,,,1,15,,5228,33,,,1,55,,5229,33,,,1,15,,5230,33,,,1,17,,5232,33,,,1,15,,5233,33,,,1,55,,5235,33,,,1,15,,5236,33,,,1,15,,5237,33,,,1,16,,5227,33,,,1,55,,5239,33,,,1,15,,5240,33,,,1,15,,5241,33,,,1,14,,5231,33,,,1,56,,5238,33,,,1,18,,5234,33,,,1,27,,5242,33,,,1,60,,5243,33,,,1,18,,5244,33,,,1,15,,5245,33,,,1,6,,5253,21,,,1,54,,5246,33,,,1,9,,5247,33,,,1,12,,5249,33,,,1,11,,5251,33,,,1,15,,5254,33,,,1,53,,5255,33,,,1,9,,5256,33,,,1,13,,5259,33,,,1,17,,5260,33,,,1,9,,5257,33,,,1,52,,5258,33,,,1,13,,5250,33,,,1,12,,5248,33,,,1,14,,5261,33,,,1,54,,5252,33,,,1,20,,5262,33,,,1,30,,5263,33,,,1,72,,5265,33,,,1,35,,5267,33,,,1,68,,5269,33,,,1,31,,5264,33,,,1,67,,5266,33,,,1,31,,5268,33,,,1,86,,5270,33,,,1
1200000201,'72',718,,5272,33,,,1,31,,5271,33,,,1,70,,5273,33,,,1,32,,5279,33,,,1,70,,5284,33,,,1,32,,5277,33,,,1,72,,5276,33,,,1,29,,5282,33,,,1,70,,5283,33,,,1,31,,5285,33,,,1,69,,5274,33,,,1,31,,5280,33,,,1,70,,5278,33,,,1,30,,5286,33,,,1,72,,5287,33,,,1,29,,5289,33,,,1,73,,5288,33,,,1,29,,5291,33,,,1,69,,5292,33,,,1,73,,5293,33,,,1,31,,5294,33,,,1,27,,5295,33,,,1,68,,5290,33,,,1,30,,5297,33,,,1,65,,5296,33,,,1,79,,5300,33,,,1,29,,5302,33,,,1,71,,5298,33,,,1,27,,5304,33,,,1,28,,5305,33,,,1,69,,5301,33,,,1,30,,5303,33,,,1,69,,5299,33,,,1,29,,5306,33,,,1,90,,5307,33,,,1
1200000201,'73',819,,5308,33,,,1,32,,5311,33,,,1,70,,5315,33,,,1,32,,5318,33,,,1,72,,5310,33,,,1,29,,5314,33,,,1,70,,5317,33,,,1,31,,5320,33,,,1,69,,5321,33,,,1,31,,5312,33,,,1,70,,5322,33,,,1,30,,5324,33,,,1,72,,5323,33,,,1,29,,5326,33,,,1,73,,5325,33,,,1,29,,5328,33,,,1,69,,5329,33,,,1,73,,5330,33,,,1,31,,5331,33,,,1,27,,5333,33,,,1,68,,5327,33,,,1,30,,5336,33,,,1,65,,5334,33,,,1,79,,5338,33,,,1,29,,5332,33,,,1,71,,5337,33,,,1,27,,5335,33,,,1
1200000201,'81',706,,5339,21,,,1,15,,5340,21,,,1,820,,5341,33,,,1
1200000201,'89',1624,,5345,33,,,1,15,,5346,33,,,1
1200000401,'1',1719,,7635,33,,,1,22,,7633,33,,,1
1200000401,'71',1712,,5572,33,,,1,26,,5571,33,,,1,62,,5575,33,,,1
