3800,'1',803,,6171,28,,,2,103,,6172,28,,,2,99,,6173,28,,,2,102,,6174,28,,,2,115,,6175,28,,,2,102,,6176,28,,,2,102,,6177,28,,,2,106,,6178,28,,,2,119,,6179,28,,,2,72,,6180,28,,,2,134,,6181,28,,,2,96,,6182,28,,,2,96,,6183,28,,,2,100,,6184,28,,,2,98,,6185,28,,,2
3800,'2',731,,6186,28,,,2,101,,6187,28,,,2,103,,6188,28,,,2,101,,6189,28,,,2,102,,6190,28,,,2,116,,6191,28,,,2,102,,6192,28,,,2,101,,6193,28,,,2,100,,6194,28,,,2,102,,6195,28,,,2,99,,6196,28,,,2,94,,6197,28,,,2,96,,6198,28,,,2,100,,6199,28,,,2,97,,6200,28,,,2,101,,6201,28,,,2
3800,'3',832,,6202,28,,,2,103,,6203,28,,,2,101,,6204,28,,,2,102,,6205,28,,,2,116,,6206,28,,,2,102,,6207,28,,,2,101,,6208,28,,,2,100,,6209,28,,,2,102,,6210,28,,,2,99,,6211,28,,,2,94,,6212,28,,,2,96,,6213,28,,,2
3800,'71',801,,4794,28,,,2,105,,4795,28,,,2,98,,4796,28,,,2,102,,4797,28,,,2,113,,4798,28,,,2,102,,4799,28,,,2,102,,4800,28,,,2,109,,4801,35,,,2,115,,4802,28,,,2,95,,4803,28,,,2,112,,4804,28,,,2,97,,4805,28,,,2,96,,4806,28,,,2,101,,4807,28,,,2,99,,4808,28,,,2
3800,'72',735,,4809,28,,,2,100,,4810,28,,,2,102,,4811,28,,,2,100,,4812,28,,,2,101,,4813,28,,,2,111,,4814,28,,,2,100,,4815,28,,,2,102,,4816,28,,,2,100,,4817,28,,,2,100,,4818,28,,,2,98,,4819,28,,,2,100,,4820,28,,,2,98,,4822,28,,,2,99,,4823,28,,,2,99,,4824,28,,,2,100,,4821,28,,,2
3800,'73',835,,4825,28,,,2,102,,4826,28,,,2,100,,4827,28,,,2,101,,4828,28,,,2,111,,4829,28,,,2,100,,4830,28,,,2,102,,4831,28,,,2,100,,4832,28,,,2,100,,4833,28,,,2,98,,4834,28,,,2,100,,4835,28,,,2,107,,4836,28,,,2
38100,'15',714,,6316,16,,,2
38100,'84',714,,4965,16,,,2
38500,'12',805,,6317,2,,,2
38500,'82',805,,4967,2,,,2
5003801,'1',1717,,6398,55,,,2,89,,6397,55,,,2
5003801,'71',1716,,5053,55,,,2,89,,5052,55,,,2
