1500,'71',612,,4416,40,,,2,29,,4417,40,,,2,69,,4421,40,,,2,32,,4420,39,,,2,69,,4418,39,,,2,41,,4422,40,0,10 11,2,151,,4419,39,4,,2,115,,4423,39,4,,2,116,,4424,39,4,,2,70,,4425,39,4,,2,117,,4427,39,4,,2,117,,4428,39,,,2,20,,4429,8,,,2,77,,4426,39,,,2,77,,4431,40,,,2,27,,4430,39,,,2,99,,4432,39,4,,2,111,,4433,39,4,,2,103,,4434,39,4,,2
1500,'87',851,,4435,29,0,10 11,2
13900,'87',853,,4872,13,,,2
1200000201,'71',629,,5201,26,,,1,75,,5205,38,,,1,16,,5204,38,,,1,20,,5208,38,,,1,10,,5214,38,,,1,54,,5203,38,,,1,14,,5213,38,,,1,19,,5207,38,,,1,17,,5218,38,,,1,55,,5202,38,,,1,14,,5221,38,,,1,14,,5206,38,,,1,12,,5223,38,,,1,52,,5216,38,,,1,12,,5224,38,,,1,15,,5209,38,,,1,12,,5225,38,,,1,17,,5217,38,,,1,58,,5219,38,,,1,14,,5226,38,,,1,15,,5222,38,,,1,15,,5228,38,,,1,55,,5229,38,,,1,15,,5230,38,,,1,18,,5232,38,,,1,55,,5233,38,,,1,15,,5235,38,,,1,14,,5236,38,,,1,15,,5237,38,,,1,56,,5227,38,,,1,15,,5239,38,,,1,15,,5240,38,,,1,16,,5241,38,,,1,54,,5231,38,,,1,16,,5238,38,,,1,18,,5234,38,,,1,67,,5242,38,,,1,20,,5243,38,,,1,18,,5244,38,,,1,15,,5245,38,,,1,46,,5253,26,,,1,14,,5246,38,,,1,9,,5247,38,,,1,11,,5249,38,,,1,11,,5251,38,,,1,55,,5254,38,,,1,13,,5255,38,,,1,9,,5256,38,,,1,13,,5259,38,,,1,17,,5260,38,,,1,49,,5257,38,,,1,12,,5258,38,,,1,13,,5250,38,,,1,12,,5248,38,,,1,14,,5261,38,,,1,54,,5252,38,,,1,20,,5262,38,,,1,29,,5263,38,,,1,72,,5265,38,,,1,75,,5267,38,,,1,28,,5269,38,,,1,71,,5264,38,,,1,27,,5266,38,,,1,71,,5268,38,,,1,46,,5270,38,,,1
1200000201,'72',723,,5272,38,,,1,31,,5271,38,,,1,70,,5273,38,,,1,32,,5279,38,,,1,71,,5284,38,,,1,32,,5277,38,,,1,71,,5276,38,,,1,29,,5282,38,,,1,70,,5283,38,,,1,71,,5285,38,,,1,30,,5274,38,,,1,71,,5280,38,,,1,30,,5278,38,,,1,70,,5286,38,,,1,32,,5287,38,,,1,69,,5289,38,,,1,33,,5288,38,,,1,69,,5291,38,,,1,29,,5292,38,,,1,73,,5293,38,,,1,31,,5294,38,,,1,67,,5295,38,,,1,28,,5290,38,,,1,69,,5297,38,,,1,25,,5296,38,,,1,79,,5300,38,,,1,29,,5302,38,,,1,71,,5298,38,,,1,27,,5304,38,,,1,68,,5305,38,,,1,29,,5301,38,,,1,30,,5303,38,,,1,69,,5299,38,,,1,29,,5306,38,,,1,90,,5307,38,,,1
1200000201,'73',824,,5308,38,,,1,32,,5311,38,,,1,71,,5315,38,,,1,32,,5318,38,,,1,71,,5310,38,,,1,29,,5314,38,,,1,70,,5317,38,,,1,71,,5320,38,,,1,30,,5321,38,,,1,71,,5312,38,,,1,30,,5322,38,,,1,70,,5324,38,,,1,32,,5323,38,,,1,69,,5326,38,,,1,33,,5325,38,,,1,69,,5328,38,,,1,29,,5329,38,,,1,73,,5330,38,,,1,31,,5331,38,,,1,67,,5333,38,,,1,28,,5327,38,,,1,69,,5336,38,,,1,25,,5334,38,,,1,79,,5338,38,,,1,29,,5332,38,,,1,71,,5337,38,,,1,27,,5335,38,,,1
1200000201,'81',713,,5339,26,,,1,15,,5340,26,,,1,820,,5341,38,,,1
1200000201,'89',1631,,5345,38,,,1,15,,5346,38,,,1
1200000401,'71',1719,,5572,38,,,1,25,,5571,38,,,1,62,,5575,38,,,1
2000001500,'72',749,,5607,40,4,,2,102,,5608,39,4,,2,103,,5609,39,4,,2,100,,5610,39,4,,2,102,,5611,39,4,,2,100,,5612,39,4,,2,190,,5613,40,4,,2,99,,5614,39,4,,2,95,,5615,39,4,,2,107,,5616,39,4,,2,98,,5617,39,4,,2
2000001500,'73',851,,5618,40,4,,2,103,,5619,39,4,,2,100,,5620,39,4,,2,102,,5621,39,4,,2,100,,5622,39,4,,2,190,,5623,40,4,,2,99,,5624,39,4,,2,95,,5625,39,4,,2,107,,5626,39,4,,2,98,,5627,39,4,,2
