1500,'1',603,,5823,27,,,2,28,,5825,27,,,2,69,,5827,27,,,2,30,,5826,30,,,2,70,,5829,30,,,2,41,,5828,30,0,10 11,2,110,,5824,27,0,12 13,2,100,,5830,27,0,12 13,2,100,,5831,27,0,12 13,2,103,,5832,26,0,12 13,2
1500,'16',840,,5833,15,0,10 11,2
1500,'71',603,,4416,28,,,2,28,,4417,28,,,2,69,,4421,28,,,2,32,,4420,27,,,2,68,,4418,27,,,2,41,,4422,28,0,10 11,2,112,,4419,27,0,12 13,2,155,,4423,27,0,12 13,2,116,,4424,27,0,12 13,2,30,,4425,27,0,12 13,2,157,,4427,27,0,12 13,2,116,,4428,27,,,2,96,,4426,27,,,2,77,,4431,28,,,2,28,,4430,27,,,2,100,,4432,27,0,12 13,2,111,,4433,27,0,12 13,2,104,,4434,27,0,12 13,2
1500,'87',840,,4435,17,0,10 11,2
1600,'1',1349,,5848,11,0,12 13,2,96,,5849,11,0,12 13,2,76,,5851,11,,,2,100,,5850,14,,,2,80,,5852,14,,,2,25,,5855,14,,,2,99,,5853,14,0,12 13,2,102,,5856,11,0,12 13,2,111,,5857,11,0,12 13,2
13100,'15',717,,6233,28,,,2
13100,'84',717,,4864,28,,,2
15500,'12',832,,6239,17,,,2
15500,'82',832,,4874,17,,,2
15800,'16',832,,6241,9,,,2
15800,'87',832,,4877,9,,,2
2000001500,'2',746,,7667,27,,,2,101,,7668,26,,,2,100,,7669,26,,,2,94,,7670,26,,,2,109,,7671,26,,,2,101,,7672,26,,,2,201,,7673,27,,,2,101,,7674,26,,,2,95,,7675,26,,,2,105,,7676,26,,,2,93,,7677,26,,,2
2000001500,'3',847,,7678,27,,,2,100,,7679,26,,,2,94,,7680,26,,,2,109,,7681,26,,,2,101,,7682,26,,,2,201,,7683,27,,,2,101,,7684,26,,,2,95,,7685,26,,,2,105,,7686,26,,,2,93,,7687,26,,,2
2000001500,'72',739,,5607,28,,,2,102,,5608,27,,,2,103,,5609,27,,,2,100,,5610,27,,,2,102,,5611,27,,,2,100,,5612,27,,,2,190,,5613,28,,,2,99,,5614,27,,,2,95,,5615,27,,,2,107,,5616,27,,,2,98,,5617,27,,,2
2000001500,'73',841,,5618,28,,,2,103,,5619,27,,,2,100,,5620,27,,,2,102,,5621,27,,,2,100,,5622,27,,,2,190,,5623,28,,,2,99,,5624,27,,,2,95,,5625,27,,,2,107,,5626,27,,,2,98,,5627,27,,,2
