22100,'84',734,,4923,34,,,2
22200,'84',734,,4925,30,,,2
23100,'84',741,,4931,67,,,2
23200,'84',732,,4933,26,,,2
35500,'82',823,,4955,36,,,2
5003701,'71',1610,,5050,18,,,2,108,,5049,18,,,2
5003701,'81',1831,,5051,18,,,2
5003801,'71',1653,,5053,18,,,2,90,,5052,18,,,2
1200000100,'71',633,,5061,51,,,1,70,,5062,51,,,1,20,,5063,51,,,1,30,,5066,51,0,16 1 17,1,70,,5064,51,,,1
1200000201,'71',611,,5201,6,,,1,35,,5205,18,,,1,55,,5204,18,,,1,19,,5208,18,,,1,10,,5214,18,,,1,15,,5203,18,,,1,55,,5213,18,,,1,19,,5207,18,,,1,18,,5218,18,,,1,15,,5202,18,,,1,54,,5221,18,,,1,14,,5206,18,,,1,12,,5223,18,,,1,12,,5216,18,,,1,12,,5224,18,,,1,55,,5209,18,,,1,12,,5225,18,,,1,17,,5217,18,,,1,18,,5219,18,,,1,54,,5226,18,,,1,15,,5222,18,,,1,15,,5228,18,,,1,15,,5229,18,,,1,55,,5230,18,,,1,17,,5232,18,,,1,15,,5233,18,,,1,15,,5235,18,,,1,55,,5236,18,,,1,15,,5237,18,,,1,16,,5227,18,,,1,55,,5239,18,,,1,15,,5240,18,,,1,15,,5241,18,,,1,14,,5231,18,,,1,15,,5238,18,,,1,57,,5234,18,,,1,27,,5242,18,,,1,60,,5243,18,,,1,18,,5244,18,,,1,15,,5245,18,,,1,6,,5253,6,,,1,14,,5246,18,,,1,49,,5247,18,,,1,13,,5249,18,,,1,12,,5251,18,,,1,15,,5254,18,,,1,13,,5255,18,,,1,49,,5256,18,,,1,13,,5259,18,,,1,17,,5260,18,,,1,9,,5257,18,,,1,12,,5258,18,,,1,53,,5250,18,,,1,12,,5248,18,,,1,14,,5261,18,,,1,14,,5252,18,,,1,60,,5262,18,,,1,30,,5263,18,,,1,72,,5265,18,,,1,35,,5267,18,,,1,68,,5269,18,,,1,31,,5264,18,,,1,67,,5266,18,,,1,31,,5268,18,,,1,86,,5270,18,,,1
1200000201,'72',707,,5272,18,,,1,31,,5271,18,,,1,70,,5273,18,,,1,32,,5279,18,,,1,70,,5284,18,,,1,32,,5277,18,,,1,72,,5276,18,,,1,29,,5282,18,,,1,70,,5283,18,,,1,31,,5285,18,,,1,69,,5274,18,,,1,31,,5280,18,,,1,70,,5278,18,,,1,30,,5286,18,,,1,72,,5287,18,,,1,29,,5289,18,,,1,73,,5288,18,,,1,29,,5291,18,,,1,69,,5292,18,,,1,33,,5293,18,,,1,71,,5294,18,,,1,27,,5295,18,,,1,68,,5290,18,,,1,30,,5297,18,,,1,65,,5296,18,,,1,39,,5300,18,,,1,69,,5302,18,,,1,31,,5298,18,,,1,67,,5304,18,,,1,28,,5305,18,,,1,70,,5301,18,,,1,30,,5303,18,,,1,69,,5299,18,,,1,29,,5306,18,,,1,90,,5307,18,,,1
1200000201,'73',808,,5308,18,,,1,32,,5311,18,,,1,70,,5315,18,,,1,32,,5318,18,,,1,72,,5310,18,,,1,29,,5314,18,,,1,70,,5317,18,,,1,31,,5320,18,,,1,69,,5321,18,,,1,31,,5312,18,,,1,70,,5322,18,,,1,30,,5324,18,,,1,72,,5323,18,,,1,29,,5326,18,,,1,73,,5325,18,,,1,29,,5328,18,,,1,69,,5329,18,,,1,33,,5330,18,,,1,71,,5331,18,,,1,27,,5333,18,,,1,68,,5327,18,,,1,30,,5336,18,,,1,65,,5334,18,,,1,39,,5338,18,,,1,69,,5332,18,,,1,31,,5337,18,,,1,67,,5335,18,,,1
1200000201,'81',654,,5339,6,,,1,55,,5340,6,,,1,819,,5341,18,,,1
1200000201,'89',1611,,5345,18,,,1,15,,5346,18,,,1
1200000401,'71',1659,,5572,18,,,1,68,,5571,18,,,1,22,,5575,18,,,1
