13101,'85',1521,,4865,16,,,2
32500,'12',825,,6304,39,,,2
32500,'82',825,,4947,39,,,2
34500,'12',822,,6305,29,,,2
34500,'82',822,,4949,29,,,2
35500,'12',827,,6308,50,,,2
35500,'82',827,,4955,42,,,2
1200000100,'1',639,,7141,57,,,1,71,,7142,57,,,1,21,,7143,57,,,1,69,,7146,57,0,16 1 17,1,30,,7144,57,,,1
1200000100,'71',638,,5061,57,,,1,70,,5062,57,,,1,21,,5063,57,,,1,29,,5066,57,0,16 1 17,1,70,,5064,57,,,1
1200000201,'1',616,,7262,12,,,1,38,,7265,24,,,1,55,,7264,24,,,1,20,,7269,24,,,1,22,,7271,24,,,1,60,,7273,24,,,1,20,,7276,24,,,1,15,,7277,24,,,1,56,,7263,24,,,1,14,,7280,24,,,1,14,,7268,24,,,1,11,,7266,24,,,1,12,,7275,24,,,1,52,,7281,24,,,1,14,,7278,24,,,1,17,,7282,24,,,1,70,,7284,24,,,1,29,,7286,24,,,1,70,,7267,24,,,1,32,,7287,24,,,1,70,,7283,24,,,1,30,,7285,24,,,1,71,,7289,24,,,1,30,,7290,24,,,1,69,,7288,24,,,1,39,,7292,24,,,1,67,,7294,24,,,1,18,,7297,24,,,1,17,,7295,24,,,1,57,,7296,24,,,1,12,,7293,24,,,1,11,,7298,24,,,1,12,,7299,24,,,1,14,,7301,24,,,1,54,,7291,24,,,1,9,,7304,24,,,1,13,,7305,24,,,1,13,,7308,24,,,1,12,,7309,24,,,1,53,,7303,24,,,1,24,,7302,24,,,1,26,,7300,24,,,1,59,,7310,24,,,1,29,,7311,24,,,1,72,,7306,24,,,1,35,,7313,24,,,1,68,,7315,24,,,1,31,,7312,24,,,1,67,,7307,24,,,1,31,,7314,24,,,1,86,,7316,24,,,1
1200000201,'14',1650,,7317,18,,,1
1200000201,'2',647,,7321,12,,,1,79,,7318,24,,,1,30,,7326,24,,,1,71,,7324,24,,,1,31,,7322,24,,,1,71,,7328,24,,,1,71,,7319,24,,,1,31,,7327,24,,,1,71,,7325,24,,,1,32,,7330,24,,,1,70,,7329,24,,,1,31,,7320,24,,,1,72,,7332,24,,,1,31,,7334,24,,,1,70,,7331,24,,,1,30,,7336,24,,,1,71,,7337,24,,,1,30,,7333,24,,,1,69,,7335,24,,,1,31,,7339,24,,,1,72,,7341,24,,,1,29,,7338,24,,,1,67,,7343,24,,,1,29,,7344,24,,,1,65,,7340,24,,,1,25,,7342,24,,,1,27,,7348,24,,,1,69,,7347,24,,,1,31,,7345,24,,,1,67,,7349,24,,,1,28,,7351,24,,,1,70,,7350,24,,,1,30,,7353,24,,,1,70,,7346,24,,,1,29,,7352,24,,,1,89,,7354,24,,,1
1200000201,'27',2233,,7355,17,,,1,70,,7358,17,,,1,29,,7356,17,,,1,83,,7359,17,,,1,28,,7361,17,,,1,70,,7357,17,,,1,30,,7360,17,,,1
1200000201,'28',2232,,7362,17,,,1,70,,7365,17,,,1,30,,7363,17,,,1,83,,7366,17,,,1,28,,7368,17,,,1,70,,7364,17,,,1,30,,7367,17,,,1
1200000201,'29',2232,,7369,17,,,1,70,,7372,17,,,1,30,,7370,17,,,1,83,,7373,17,,,1,28,,7375,17,,,1,70,,7371,17,,,1,30,,7374,17,,,1
1200000201,'3',827,,7377,24,,,1,31,,7379,24,,,1,71,,7381,24,,,1,71,,7383,24,,,1,31,,7384,24,,,1,71,,7388,24,,,1,32,,7386,24,,,1,70,,7390,24,,,1,31,,7387,24,,,1,72,,7385,24,,,1,31,,7389,24,,,1,70,,7392,24,,,1,30,,7391,24,,,1,71,,7393,24,,,1,30,,7395,24,,,1,69,,7397,24,,,1,31,,7400,24,,,1,72,,7402,24,,,1,29,,7394,24,,,1,67,,7396,24,,,1,29,,7398,24,,,1,65,,7401,24,,,1,25,,7403,24,,,1,27,,7405,24,,,1,69,,7404,24,,,1,31,,7399,24,,,1,67,,7406,24,,,1
1200000201,'71',616,,5201,12,,,1,35,,5205,24,,,1,55,,5204,24,,,1,20,,5208,24,,,1,10,,5214,24,,,1,14,,5203,24,,,1,55,,5213,24,,,1,19,,5207,24,,,1,17,,5218,24,,,1,15,,5202,24,,,1,54,,5221,24,,,1,14,,5206,24,,,1,12,,5223,24,,,1,12,,5216,24,,,1,52,,5224,24,,,1,15,,5209,24,,,1,12,,5225,24,,,1,17,,5217,24,,,1,58,,5219,24,,,1,14,,5226,24,,,1,15,,5222,24,,,1,15,,5228,24,,,1,55,,5229,24,,,1,15,,5230,24,,,1,17,,5232,24,,,1,15,,5233,24,,,1,55,,5235,24,,,1,15,,5236,24,,,1,15,,5237,24,,,1,16,,5227,24,,,1,55,,5239,24,,,1,15,,5240,24,,,1,15,,5241,24,,,1,14,,5231,24,,,1,56,,5238,24,,,1,18,,5234,24,,,1,27,,5242,24,,,1,60,,5243,24,,,1,18,,5244,24,,,1,15,,5245,24,,,1,6,,5253,12,,,1,54,,5246,24,,,1,9,,5247,24,,,1,12,,5249,24,,,1,11,,5251,24,,,1,15,,5254,24,,,1,53,,5255,24,,,1,9,,5256,24,,,1,13,,5259,24,,,1,17,,5260,24,,,1,9,,5257,24,,,1,52,,5258,24,,,1,13,,5250,24,,,1,12,,5248,24,,,1,14,,5261,24,,,1,14,,5252,24,,,1,60,,5262,24,,,1,30,,5263,24,,,1,72,,5265,24,,,1,35,,5267,24,,,1,68,,5269,24,,,1,31,,5264,24,,,1,67,,5266,24,,,1,31,,5268,24,,,1,86,,5270,24,,,1
1200000201,'72',711,,5272,24,,,1,31,,5271,24,,,1,70,,5273,24,,,1,32,,5279,24,,,1,70,,5284,24,,,1,32,,5277,24,,,1,72,,5276,24,,,1,29,,5282,24,,,1,70,,5283,24,,,1,31,,5285,24,,,1,69,,5274,24,,,1,31,,5280,24,,,1,70,,5278,24,,,1,30,,5286,24,,,1,72,,5287,24,,,1,29,,5289,24,,,1,73,,5288,24,,,1,29,,5291,24,,,1,69,,5292,24,,,1,33,,5293,24,,,1,71,,5294,24,,,1,27,,5295,24,,,1,68,,5290,24,,,1,30,,5297,24,,,1,65,,5296,24,,,1,39,,5300,24,,,1,69,,5302,24,,,1,31,,5298,24,,,1,67,,5304,24,,,1,28,,5305,24,,,1,70,,5301,24,,,1,30,,5303,24,,,1,69,,5299,24,,,1,29,,5306,24,,,1,90,,5307,24,,,1
1200000201,'73',812,,5308,24,,,1,32,,5311,24,,,1,70,,5315,24,,,1,32,,5318,24,,,1,72,,5310,24,,,1,29,,5314,24,,,1,70,,5317,24,,,1,31,,5320,24,,,1,69,,5321,24,,,1,31,,5312,24,,,1,70,,5322,24,,,1,30,,5324,24,,,1,72,,5323,24,,,1,29,,5326,24,,,1,73,,5325,24,,,1,29,,5328,24,,,1,69,,5329,24,,,1,33,,5330,24,,,1,71,,5331,24,,,1,27,,5333,24,,,1,68,,5327,24,,,1,30,,5336,24,,,1,65,,5334,24,,,1,39,,5338,24,,,1,69,,5332,24,,,1,31,,5337,24,,,1,67,,5335,24,,,1
1200000201,'81',659,,5339,12,,,1,55,,5340,12,,,1,820,,5341,24,,,1
1200000201,'89',1617,,5345,24,,,1,15,,5346,24,,,1
1200000401,'1',1711,,7635,24,,,1,22,,7633,24,,,1
1200000401,'71',1705,,5572,24,,,1,26,,5571,24,,,1,22,,5575,24,,,1
