3401,'1',638,,6039,25,,,2,67,,6040,25,,,2,97,,6041,26,,,2,748,,6042,25,,,2,90,,6043,25,,,2,97,,6044,25,,,2,66,,6045,25,,,2,46,,6046,25,,,2,68,,6047,25,,,2
3401,'14',1654,,6048,29,,,2
3401,'71',638,,4642,25,,,2,67,,4644,25,,,2,97,,4643,26,,,2,756,,4646,25,,,2,93,,4645,29,,,2,70,,4649,25,,,2,79,,4650,25,,,2,47,,4651,25,,,2,66,,4648,25,,,2
13101,'85',1513,,4865,5,,,2
5003401,'1',1702,,6389,37,,,2
5003401,'71',1702,,5040,37,,,2
2000003401,'2',751,,7771,25,,,2,85,,7772,25,,,2,85,,7773,25,,,2,85,,7774,25,,,2,49,,7775,25,,,2,85,,7776,25,,,2,88,,7777,25,,,2,81,,7778,25,,,2,134,,7779,25,,,2,86,,7780,25,,,2,84,,7781,25,,,2,88,,7782,25,,,2,44,,7783,25,,,2,81,,7784,25,,,2,82,,7785,25,,,2
2000003401,'3',836,,7786,25,,,2,85,,7787,25,,,2,85,,7788,25,,,2,49,,7789,25,,,2,85,,7790,25,,,2,88,,7791,25,,,2,81,,7792,25,,,2,134,,7793,25,,,2,86,,7794,25,,,2,84,,7795,25,,,2,88,,7796,25,,,2,44,,7797,25,,,2,81,,7798,25,,,2,82,,7799,25,,,2
2000003401,'72',751,,5711,25,,,2,85,,5712,25,,,2,84,,5713,25,,,2,85,,5714,25,,,2,47,,5715,25,,,2,85,,5716,25,,,2,85,,5717,25,,,2,85,,5718,25,,,2,130,,5719,25,,,2,92,,5720,25,,,2,79,,5721,25,,,2,93,,5722,25,,,2,37,,5723,25,,,2,88,,5724,25,,,2,77,,5725,25,,,2
2000003401,'73',836,,5726,25,,,2,84,,5727,25,,,2,85,,5728,25,,,2,47,,5729,25,,,2,85,,5730,25,,,2,85,,5731,25,,,2,85,,5732,25,,,2,130,,5733,25,,,2,92,,5734,25,,,2,79,,5735,25,,,2,93,,5736,25,,,2,37,,5737,25,,,2,88,,5738,25,,,2,77,,5739,25,,,2
