34500,'12',814,,6305,18,,,2
34500,'82',814,,4949,18,,,2
35500,'12',824,,6308,47,,,2
35500,'82',825,,4955,39,,,2
1200000100,'1',636,,7141,54,,,1,70,,7142,54,,,1,21,,7143,54,,,1,30,,7146,54,0,16 1 17,1,70,,7144,54,,,1
1200000100,'71',635,,5061,54,,,1,70,,5062,54,,,1,21,,5063,54,,,1,30,,5066,54,0,16 1 17,1,70,,5064,54,,,1
1200000201,'1',613,,7262,9,,,1,37,,7265,21,,,1,55,,7264,21,,,1,20,,7269,21,,,1,23,,7271,21,,,1,60,,7273,21,,,1,20,,7276,21,,,1,15,,7277,21,,,1,16,,7263,21,,,1,54,,7280,21,,,1,14,,7268,21,,,1,11,,7266,21,,,1,12,,7275,21,,,1,52,,7281,21,,,1,14,,7278,21,,,1,17,,7282,21,,,1,70,,7284,21,,,1,29,,7286,21,,,1,70,,7267,21,,,1,32,,7287,21,,,1,70,,7283,21,,,1,30,,7285,21,,,1,71,,7289,21,,,1,30,,7290,21,,,1,69,,7288,21,,,1,38,,7292,21,,,1,67,,7294,21,,,1,18,,7297,21,,,1,17,,7295,21,,,1,57,,7296,21,,,1,12,,7293,21,,,1,11,,7298,21,,,1,13,,7299,21,,,1,14,,7301,21,,,1,54,,7291,21,,,1,9,,7304,21,,,1,13,,7305,21,,,1,13,,7308,21,,,1,12,,7309,21,,,1,53,,7303,21,,,1,24,,7302,21,,,1,26,,7300,21,,,1,59,,7310,21,,,1,30,,7311,21,,,1,72,,7306,21,,,1,35,,7313,21,,,1,68,,7315,21,,,1,31,,7312,21,,,1,67,,7307,21,,,1,31,,7314,21,,,1,86,,7316,21,,,1
1200000201,'14',1646,,7317,15,,,1
1200000201,'2',644,,7321,9,,,1,79,,7318,21,,,1,30,,7326,21,,,1,71,,7324,21,,,1,31,,7322,21,,,1,71,,7328,21,,,1,31,,7319,21,,,1,71,,7327,21,,,1,31,,7325,21,,,1,72,,7330,21,,,1,70,,7329,21,,,1,31,,7320,21,,,1,72,,7332,21,,,1,31,,7334,21,,,1,70,,7331,21,,,1,30,,7336,21,,,1,71,,7337,21,,,1,30,,7333,21,,,1,69,,7335,21,,,1,31,,7339,21,,,1,72,,7341,21,,,1,29,,7338,21,,,1,67,,7343,21,,,1,29,,7344,21,,,1,25,,7340,21,,,1,65,,7342,21,,,1,28,,7348,21,,,1,69,,7347,21,,,1,31,,7345,21,,,1,67,,7349,21,,,1,28,,7351,21,,,1,70,,7350,21,,,1,30,,7353,21,,,1,70,,7346,21,,,1,29,,7352,21,,,1,89,,7354,21,,,1
1200000201,'27',2231,,7355,14,,,1,70,,7358,14,,,1,29,,7356,14,,,1,83,,7359,14,,,1,28,,7361,14,,,1,70,,7357,14,,,1,30,,7360,14,,,1
1200000201,'28',2230,,7362,14,,,1,70,,7365,14,,,1,30,,7363,14,,,1,83,,7366,14,,,1,28,,7368,14,,,1,70,,7364,14,,,1,30,,7367,14,,,1
1200000201,'29',2230,,7369,14,,,1,70,,7372,14,,,1,30,,7370,14,,,1,83,,7373,14,,,1,28,,7375,14,,,1,70,,7371,14,,,1,30,,7374,14,,,1
1200000201,'3',824,,7377,21,,,1,31,,7379,21,,,1,71,,7381,21,,,1,31,,7383,21,,,1,71,,7384,21,,,1,31,,7388,21,,,1,72,,7386,21,,,1,70,,7390,21,,,1,31,,7387,21,,,1,72,,7385,21,,,1,31,,7389,21,,,1,70,,7392,21,,,1,30,,7391,21,,,1,71,,7393,21,,,1,30,,7395,21,,,1,69,,7397,21,,,1,31,,7400,21,,,1,72,,7402,21,,,1,29,,7394,21,,,1,67,,7396,21,,,1,29,,7398,21,,,1,25,,7401,21,,,1,65,,7403,21,,,1,28,,7405,21,,,1,69,,7404,21,,,1,31,,7399,21,,,1,67,,7406,21,,,1
1200000201,'71',613,,5201,9,,,1,35,,5205,21,,,1,55,,5204,21,,,1,20,,5208,21,,,1,10,,5214,21,,,1,15,,5203,21,,,1,55,,5213,21,,,1,19,,5207,21,,,1,17,,5218,21,,,1,15,,5202,21,,,1,54,,5221,21,,,1,14,,5206,21,,,1,12,,5223,21,,,1,12,,5216,21,,,1,12,,5224,21,,,1,55,,5209,21,,,1,12,,5225,21,,,1,17,,5217,21,,,1,58,,5219,21,,,1,14,,5226,21,,,1,15,,5222,21,,,1,15,,5228,21,,,1,15,,5229,21,,,1,55,,5230,21,,,1,17,,5232,21,,,1,15,,5233,21,,,1,55,,5235,21,,,1,15,,5236,21,,,1,15,,5237,21,,,1,16,,5227,21,,,1,55,,5239,21,,,1,15,,5240,21,,,1,15,,5241,21,,,1,14,,5231,21,,,1,55,,5238,21,,,1,18,,5234,21,,,1,27,,5242,21,,,1,60,,5243,21,,,1,18,,5244,21,,,1,15,,5245,21,,,1,6,,5253,9,,,1,14,,5246,21,,,1,49,,5247,21,,,1,12,,5249,21,,,1,12,,5251,21,,,1,15,,5254,21,,,1,53,,5255,21,,,1,9,,5256,21,,,1,13,,5259,21,,,1,17,,5260,21,,,1,9,,5257,21,,,1,52,,5258,21,,,1,13,,5250,21,,,1,12,,5248,21,,,1,14,,5261,21,,,1,14,,5252,21,,,1,60,,5262,21,,,1,30,,5263,21,,,1,72,,5265,21,,,1,35,,5267,21,,,1,68,,5269,21,,,1,31,,5264,21,,,1,67,,5266,21,,,1,31,,5268,21,,,1,86,,5270,21,,,1
1200000201,'72',709,,5272,21,,,1,31,,5271,21,,,1,70,,5273,21,,,1,32,,5279,21,,,1,70,,5284,21,,,1,32,,5277,21,,,1,72,,5276,21,,,1,29,,5282,21,,,1,70,,5283,21,,,1,31,,5285,21,,,1,69,,5274,21,,,1,31,,5280,21,,,1,70,,5278,21,,,1,30,,5286,21,,,1,72,,5287,21,,,1,29,,5289,21,,,1,73,,5288,21,,,1,29,,5291,21,,,1,69,,5292,21,,,1,33,,5293,21,,,1,71,,5294,21,,,1,27,,5295,21,,,1,68,,5290,21,,,1,30,,5297,21,,,1,65,,5296,21,,,1,39,,5300,21,,,1,69,,5302,21,,,1,31,,5298,21,,,1,67,,5304,21,,,1,28,,5305,21,,,1,70,,5301,21,,,1,30,,5303,21,,,1,69,,5299,21,,,1,29,,5306,21,,,1,90,,5307,21,,,1
1200000201,'73',810,,5308,21,,,1,32,,5311,21,,,1,70,,5315,21,,,1,32,,5318,21,,,1,72,,5310,21,,,1,29,,5314,21,,,1,70,,5317,21,,,1,31,,5320,21,,,1,69,,5321,21,,,1,31,,5312,21,,,1,70,,5322,21,,,1,30,,5324,21,,,1,72,,5323,21,,,1,29,,5326,21,,,1,73,,5325,21,,,1,29,,5328,21,,,1,69,,5329,21,,,1,33,,5330,21,,,1,71,,5331,21,,,1,27,,5333,21,,,1,68,,5327,21,,,1,30,,5336,21,,,1,65,,5334,21,,,1,39,,5338,21,,,1,69,,5332,21,,,1,31,,5337,21,,,1,67,,5335,21,,,1
1200000201,'81',656,,5339,9,,,1,55,,5340,9,,,1,820,,5341,21,,,1
1200000201,'89',1614,,5345,21,,,1,15,,5346,21,,,1
1200000401,'1',1707,,7635,21,,,1,23,,7633,21,,,1
1200000401,'71',1702,,5572,21,,,1,27,,5571,21,,,1,22,,5575,21,,,1
