1501,'1',1233,,5834,36,0,41,2,103,,5835,36,0,41,2,95,,5836,36,0,41,2,77,,5839,36,0,41,2,92,,5837,53,,,2,45,,5840,53,,,2,60,,5842,53,,,2,34,,5838,53,0,41,2,68,,5841,53,,,2,37,,5844,36,0,41,2,73,,5845,36,0,41,2,102,,5846,36,0,41,2,112,,5843,36,0,41,2,81,,5847,36,0,41,2
1501,'71',711,,4438,54,0,41,2,24,,4436,54,0,41,2,74,,4439,54,0,41,2,123,,4437,37,0,41,2,115,,4440,37,0,41,2,156,,4441,37,0,41,2,30,,4442,37,0,41,2,117,,4444,37,0,41,2,156,,4445,37,0,41,2,94,,4443,54,0,41,2,49,,4446,54,0,41,2,55,,4448,54,0,41,2,29,,4450,54,0,41,2,75,,4449,54,0,41,2,36,,4447,37,0,41,2,76,,4451,37,0,41,2,105,,4452,37,0,41,2,105,,4453,37,0,41,2,82,,4454,37,0,41,2
1501,'88',1706,,4455,39,0,41,2
13101,'85',1602,,4865,76,,,2
15601,'83',1637,,4876,29,,,2
15801,'88',1652,,4878,27,,,2
2000001501,'2',822,,7688,36,,,2,101,,7689,36,,,2,100,,7690,36,,,2,102,,7691,36,,,2,101,,7692,36,,,2,102,,7693,36,,,2,201,,7694,36,,,2,101,,7695,36,,,2,103,,7696,36,,,2,96,,7697,36,,,2,93,,7698,36,,,2
2000001501,'3',923,,7699,36,,,2,100,,7700,36,,,2,102,,7701,36,,,2,101,,7702,36,,,2,102,,7703,36,,,2,201,,7704,36,,,2,101,,7705,36,,,2,103,,7706,36,,,2,96,,7707,36,,,2,93,,7708,36,,,2
2000001501,'72',815,,5628,37,,,2,102,,5629,37,,,2,103,,5630,37,,,2,108,,5631,37,,,2,94,,5632,37,,,2,109,,5633,37,,,2,182,,5634,37,,,2,99,,5635,37,,,2,103,,5636,37,,,2,98,,5637,37,,,2,98,,5638,37,,,2
2000001501,'73',917,,5639,37,,,2,103,,5640,37,,,2,108,,5641,37,,,2,94,,5642,37,,,2,109,,5643,37,,,2,182,,5644,37,,,2,99,,5645,37,,,2,103,,5646,37,,,2,98,,5647,37,,,2,98,,5648,37,,,2
