13800,'82',836,,4870,17,,,2
34500,'82',835,,4949,42,,,2
35500,'82',839,,4955,55,,,2
1200000100,'71',649,,5061,70,,,1,71,,5062,70,,,1,21,,5063,70,,,1,69,,5066,70,0,16 1 17,1,30,,5064,70,,,1
1200000201,'71',628,,5201,25,,,1,75,,5205,37,,,1,15,,5204,37,,,1,20,,5208,37,,,1,10,,5214,37,,,1,54,,5203,37,,,1,15,,5213,37,,,1,19,,5207,37,,,1,17,,5218,37,,,1,55,,5202,37,,,1,14,,5221,37,,,1,14,,5206,37,,,1,12,,5223,37,,,1,52,,5216,37,,,1,12,,5224,37,,,1,15,,5209,37,,,1,12,,5225,37,,,1,17,,5217,37,,,1,58,,5219,37,,,1,14,,5226,37,,,1,15,,5222,37,,,1,15,,5228,37,,,1,55,,5229,37,,,1,15,,5230,37,,,1,17,,5232,37,,,1,55,,5233,37,,,1,15,,5235,37,,,1,15,,5236,37,,,1,15,,5237,37,,,1,56,,5227,37,,,1,15,,5239,37,,,1,15,,5240,37,,,1,15,,5241,37,,,1,54,,5231,37,,,1,16,,5238,37,,,1,18,,5234,37,,,1,67,,5242,37,,,1,20,,5243,37,,,1,18,,5244,37,,,1,15,,5245,37,,,1,46,,5253,25,,,1,14,,5246,37,,,1,9,,5247,37,,,1,12,,5249,37,,,1,11,,5251,37,,,1,55,,5254,37,,,1,13,,5255,37,,,1,9,,5256,37,,,1,13,,5259,37,,,1,17,,5260,37,,,1,49,,5257,37,,,1,12,,5258,37,,,1,13,,5250,37,,,1,12,,5248,37,,,1,14,,5261,37,,,1,54,,5252,37,,,1,20,,5262,37,,,1,29,,5263,37,,,1,72,,5265,37,,,1,75,,5267,37,,,1,28,,5269,37,,,1,71,,5264,37,,,1,27,,5266,37,,,1,71,,5268,37,,,1,46,,5270,37,,,1
1200000201,'72',722,,5272,37,,,1,31,,5271,37,,,1,70,,5273,37,,,1,32,,5279,37,,,1,71,,5284,37,,,1,32,,5277,37,,,1,71,,5276,37,,,1,29,,5282,37,,,1,70,,5283,37,,,1,31,,5285,37,,,1,70,,5274,37,,,1,71,,5280,37,,,1,30,,5278,37,,,1,70,,5286,37,,,1,32,,5287,37,,,1,69,,5289,37,,,1,33,,5288,37,,,1,69,,5291,37,,,1,29,,5292,37,,,1,73,,5293,37,,,1,31,,5294,37,,,1,67,,5295,37,,,1,28,,5290,37,,,1,69,,5297,37,,,1,25,,5296,37,,,1,79,,5300,37,,,1,29,,5302,37,,,1,71,,5298,37,,,1,27,,5304,37,,,1,28,,5305,37,,,1,69,,5301,37,,,1,30,,5303,37,,,1,69,,5299,37,,,1,29,,5306,37,,,1,90,,5307,37,,,1
1200000201,'73',823,,5308,37,,,1,32,,5311,37,,,1,71,,5315,37,,,1,32,,5318,37,,,1,71,,5310,37,,,1,29,,5314,37,,,1,70,,5317,37,,,1,31,,5320,37,,,1,70,,5321,37,,,1,71,,5312,37,,,1,30,,5322,37,,,1,70,,5324,37,,,1,32,,5323,37,,,1,69,,5326,37,,,1,33,,5325,37,,,1,69,,5328,37,,,1,29,,5329,37,,,1,73,,5330,37,,,1,31,,5331,37,,,1,67,,5333,37,,,1,28,,5327,37,,,1,69,,5336,37,,,1,25,,5334,37,,,1,79,,5338,37,,,1,29,,5332,37,,,1,71,,5337,37,,,1,27,,5335,37,,,1
1200000201,'81',711,,5339,25,,,1,15,,5340,25,,,1,820,,5341,37,,,1
1200000201,'89',1629,,5345,37,,,1,15,,5346,37,,,1
1200000401,'71',1717,,5572,37,,,1,26,,5571,37,,,1,62,,5575,37,,,1
