1500,'1',551,,5823,10,,,2,68,,5825,10,,,2,29,,5827,10,,,2,70,,5826,13,,,2,30,,5829,13,,,2,81,,5828,13,0,10 11,2,110,,5824,10,0,12 13,2,100,,5830,10,0,12 13,2,100,,5831,10,0,12 13,2,103,,5832,9,0,12 13,2
1500,'71',551,,4416,10,,,2,68,,4417,10,,,2,29,,4421,10,,,2,72,,4420,9,,,2,28,,4418,9,,,2,81,,4422,10,0,10 11,2,112,,4419,9,0,12 13,2,115,,4423,9,0,12 13,2,156,,4424,9,0,12 13,2,30,,4425,9,0,12 13,2,117,,4427,9,0,12 13,2,156,,4428,9,,,2,96,,4426,9,,,2,37,,4431,10,,,2,68,,4430,9,,,2,100,,4432,9,0,12 13,2,111,,4433,9,0,12 13,2,104,,4434,9,0,12 13,2
13100,'15',706,,6233,10,,,2
13100,'84',706,,4864,10,,,2
15600,'12',817,,6240,10,,,2
15600,'82',817,,4875,10,,,2
15800,'16',826,,6241,4,,,2
15800,'87',826,,4877,4,,,2
2000001500,'2',735,,7667,10,,,2,100,,7668,9,,,2,100,,7669,9,,,2,94,,7670,9,,,2,109,,7671,9,,,2,101,,7672,9,,,2,201,,7673,10,,,2,101,,7674,9,,,2,95,,7675,9,,,2,106,,7676,9,,,2,93,,7677,9,,,2
2000001500,'3',835,,7678,10,,,2,100,,7679,9,,,2,94,,7680,9,,,2,109,,7681,9,,,2,101,,7682,9,,,2,201,,7683,10,,,2,101,,7684,9,,,2,95,,7685,9,,,2,106,,7686,9,,,2,93,,7687,9,,,2
2000001500,'72',728,,5607,10,,,2,101,,5608,9,,,2,103,,5609,9,,,2,100,,5610,9,,,2,102,,5611,9,,,2,100,,5612,9,,,2,190,,5613,10,,,2,99,,5614,9,,,2,95,,5615,9,,,2,108,,5616,9,,,2,98,,5617,9,,,2
2000001500,'73',829,,5618,10,,,2,103,,5619,9,,,2,100,,5620,9,,,2,102,,5621,9,,,2,100,,5622,9,,,2,190,,5623,10,,,2,99,,5624,9,,,2,95,,5625,9,,,2,108,,5626,9,,,2,98,,5627,9,,,2
