1501,'1',1230,,5834,32,0,41,2,103,,5835,32,0,41,2,95,,5836,32,0,41,2,77,,5839,32,0,41,2,52,,5837,49,,,2,85,,5840,49,,,2,60,,5842,49,,,2,34,,5838,49,0,41,2,68,,5841,49,,,2,37,,5844,32,0,41,2,73,,5845,32,0,41,2,102,,5846,32,0,41,2,112,,5843,32,0,41,2,81,,5847,32,0,41,2
1501,'71',708,,4438,50,0,41,2,24,,4436,50,0,41,2,74,,4439,50,0,41,2,123,,4437,33,0,41,2,115,,4440,33,0,41,2,156,,4441,33,0,41,2,30,,4442,33,0,41,2,117,,4444,33,0,41,2,156,,4445,33,0,41,2,54,,4443,50,0,41,2,89,,4446,50,0,41,2,55,,4448,50,0,41,2,29,,4450,50,0,41,2,75,,4449,50,0,41,2,36,,4447,33,0,41,2,76,,4451,33,0,41,2,105,,4452,33,0,41,2,105,,4453,33,0,41,2,82,,4454,33,0,41,2
1501,'88',1703,,4455,35,0,41,2
13101,'85',1600,,4865,72,,,2
15601,'83',1634,,4876,25,,,2
15801,'88',1649,,4878,23,,,2
2000001501,'2',819,,7688,32,,,2,101,,7689,32,,,2,100,,7690,32,,,2,102,,7691,32,,,2,101,,7692,32,,,2,102,,7693,32,,,2,201,,7694,32,,,2,101,,7695,32,,,2,103,,7696,32,,,2,96,,7697,32,,,2,93,,7698,32,,,2
2000001501,'3',920,,7699,32,,,2,100,,7700,32,,,2,102,,7701,32,,,2,101,,7702,32,,,2,102,,7703,32,,,2,201,,7704,32,,,2,101,,7705,32,,,2,103,,7706,32,,,2,96,,7707,32,,,2,93,,7708,32,,,2
2000001501,'72',813,,5628,33,,,2,102,,5629,33,,,2,103,,5630,33,,,2,108,,5631,33,,,2,94,,5632,33,,,2,109,,5633,33,,,2,182,,5634,33,,,2,99,,5635,33,,,2,103,,5636,33,,,2,98,,5637,33,,,2,98,,5638,33,,,2
2000001501,'73',915,,5639,33,,,2,103,,5640,33,,,2,108,,5641,33,,,2,94,,5642,33,,,2,109,,5643,33,,,2,182,,5644,33,,,2,99,,5645,33,,,2,103,,5646,33,,,2,98,,5647,33,,,2,98,,5648,33,,,2
