20000,'1',850,,6243,9,0,38,2,69,,6242,9,0,38,2
20000,'71',849,,4882,9,,,2,70,,4879,9,,,2,26,,4881,9,,,2,69,,4880,9,,,2
5002301,'1',1623,,6382,9,,,2,28,,6381,9,,,2
5002301,'71',1540,,5032,9,,,2,83,,5031,9,,,2,28,,5030,9,,,2
5002401,'1',1624,,6385,9,,,2,28,,6386,9,,,2
5002401,'71',1541,,5037,9,,,2,83,,5035,9,,,2,28,,5036,9,,,2
5003401,'1',1620,,6389,9,,,2
5003401,'71',1620,,5040,9,,,2
5003601,'1',1619,,6393,9,,,2,25,,6392,9,,,2
5003601,'71',1538,,5045,9,,,2,81,,5043,9,,,2,25,,5044,9,,,2
5003701,'1',1648,,6396,9,,,2
5003701,'71',1539,,5050,9,,,2,109,,5049,9,,,2
5003701,'81',1810,,5051,9,,,2
5003801,'1',1620,,6398,9,,,2,95,,6397,9,,,2
5003801,'71',1620,,5053,9,,,2,95,,5052,9,,,2
1200000201,'1',629,,7265,9,,,1,15,,7264,9,,,1,59,,7269,9,,,1,23,,7271,9,,,1,19,,7273,9,,,1,60,,7276,9,,,1,16,,7277,9,,,1,16,,7263,9,,,1,14,,7280,9,,,1,54,,7268,9,,,1,11,,7266,9,,,1,12,,7275,9,,,1,13,,7281,9,,,1,14,,7278,9,,,1,57,,7282,9,,,1,30,,7284,9,,,1,69,,7286,9,,,1,30,,7267,9,,,1,71,,7287,9,,,1,30,,7283,9,,,1,70,,7285,9,,,1,31,,7289,9,,,1,70,,7290,9,,,1,29,,7288,9,,,1,71,,7292,9,,,1,22,,7294,9,,,1,16,,7297,9,,,1,56,,7295,9,,,1,17,,7296,9,,,1,12,,7293,9,,,1,14,,7298,9,,,1,54,,7299,9,,,1,17,,7301,9,,,1,15,,7291,9,,,1,11,,7304,9,,,1,54,,7305,9,,,1,15,,7308,9,,,1,13,,7309,9,,,1,14,,7303,9,,,1,66,,7302,9,,,1,26,,7300,9,,,1,19,,7310,9,,,1,70,,7311,9,,,1,32,,7306,9,,,1,75,,7313,9,,,1,70,,7315,9,,,1,31,,7312,9,,,1,68,,7307,9,,,1,31,,7314,9,,,1,86,,7316,9,,,1
1200000201,'2',705,,7318,9,,,1,30,,7326,9,,,1,70,,7324,9,,,1,31,,7322,9,,,1,71,,7328,9,,,1,30,,7319,9,,,1,71,,7327,9,,,1,31,,7325,9,,,1,71,,7330,9,,,1,30,,7329,9,,,1,71,,7320,9,,,1,32,,7332,9,,,1,70,,7334,9,,,1,30,,7331,9,,,1,70,,7336,9,,,1,31,,7337,9,,,1,70,,7333,9,,,1,29,,7335,9,,,1,71,,7339,9,,,1,32,,7341,9,,,1,70,,7338,9,,,1,29,,7343,9,,,1,69,,7344,9,,,1,26,,7340,9,,,1,65,,7342,9,,,1,28,,7348,9,,,1,69,,7347,9,,,1,31,,7345,9,,,1,67,,7349,9,,,1,28,,7351,9,,,1,31,,7350,9,,,1,70,,7353,9,,,1,30,,7346,9,,,1,69,,7352,9,,,1,89,,7354,9,,,1
1200000201,'27',2213,,7355,2,,,1,30,,7358,2,,,1,70,,7356,2,,,1,43,,7359,2,,,1,68,,7361,2,,,1,30,,7357,2,,,1,70,,7360,2,,,1
1200000201,'28',2213,,7362,2,,,1,30,,7365,2,,,1,70,,7363,2,,,1,43,,7366,2,,,1,68,,7368,2,,,1,30,,7364,2,,,1,70,,7367,2,,,1
1200000201,'29',2213,,7369,2,,,1,30,,7372,2,,,1,70,,7370,2,,,1,43,,7373,2,,,1,68,,7375,2,,,1,30,,7371,2,,,1,70,,7374,2,,,1
1200000201,'3',805,,7377,9,,,1,31,,7379,9,,,1,71,,7381,9,,,1,30,,7383,9,,,1,71,,7384,9,,,1,31,,7388,9,,,1,71,,7386,9,,,1,30,,7390,9,,,1,71,,7387,9,,,1,32,,7385,9,,,1,70,,7389,9,,,1,30,,7392,9,,,1,70,,7391,9,,,1,31,,7393,9,,,1,70,,7395,9,,,1,29,,7397,9,,,1,71,,7400,9,,,1,32,,7402,9,,,1,70,,7394,9,,,1,29,,7396,9,,,1,69,,7398,9,,,1,26,,7401,9,,,1,65,,7403,9,,,1,28,,7405,9,,,1,69,,7404,9,,,1,31,,7399,9,,,1,67,,7406,9,,,1
1200000201,'71',628,,5205,9,,,1,15,,5204,9,,,1,59,,5208,9,,,1,10,,5214,9,,,1,15,,5203,9,,,1,14,,5213,9,,,1,59,,5207,9,,,1,18,,5218,9,,,1,15,,5202,9,,,1,14,,5221,9,,,1,54,,5206,9,,,1,12,,5223,9,,,1,12,,5216,9,,,1,13,,5224,9,,,1,15,,5209,9,,,1,52,,5225,9,,,1,17,,5217,9,,,1,18,,5219,9,,,1,14,,5226,9,,,1,55,,5222,9,,,1,15,,5228,9,,,1,15,,5229,9,,,1,15,,5230,9,,,1,56,,5232,9,,,1,15,,5233,9,,,1,15,,5235,9,,,1,15,,5236,9,,,1,55,,5237,9,,,1,16,,5227,9,,,1,15,,5239,9,,,1,15,,5240,9,,,1,55,,5241,9,,,1,14,,5231,9,,,1,15,,5238,9,,,1,15,,5234,9,,,1,62,,5242,9,,,1,16,,5243,9,,,1,16,,5244,9,,,1,55,,5245,9,,,1,19,,5246,9,,,1,9,,5247,9,,,1,14,,5249,9,,,1,54,,5251,9,,,1,17,,5254,9,,,1,15,,5255,9,,,1,11,,5256,9,,,1,14,,5259,9,,,1,59,,5260,9,,,1,10,,5257,9,,,1,13,,5258,9,,,1,14,,5250,9,,,1,53,,5248,9,,,1,14,,5261,9,,,1,14,,5252,9,,,1,20,,5262,9,,,1,70,,5263,9,,,1,32,,5265,9,,,1,75,,5267,9,,,1,70,,5269,9,,,1,31,,5264,9,,,1,68,,5266,9,,,1,31,,5268,9,,,1,86,,5270,9,,,1
1200000201,'72',651,,5272,9,,,1,71,,5271,9,,,1,30,,5273,9,,,1,71,,5279,9,,,1,30,,5284,9,,,1,72,,5277,9,,,1,31,,5276,9,,,1,69,,5282,9,,,1,30,,5283,9,,,1,71,,5285,9,,,1,29,,5274,9,,,1,71,,5280,9,,,1,30,,5278,9,,,1,69,,5286,9,,,1,32,,5287,9,,,1,69,,5289,9,,,1,33,,5288,9,,,1,69,,5291,9,,,1,29,,5292,9,,,1,73,,5293,9,,,1,71,,5294,9,,,1,27,,5295,9,,,1,29,,5290,9,,,1,70,,5297,9,,,1,27,,5296,9,,,1,79,,5300,9,,,1,69,,5302,9,,,1,31,,5298,9,,,1,67,,5304,9,,,1,28,,5305,9,,,1,31,,5301,9,,,1,70,,5303,9,,,1,29,,5299,9,,,1,69,,5306,9,,,1,90,,5307,9,,,1
1200000201,'73',752,,5308,9,,,1,71,,5311,9,,,1,30,,5315,9,,,1,72,,5318,9,,,1,31,,5310,9,,,1,69,,5314,9,,,1,30,,5317,9,,,1,71,,5320,9,,,1,29,,5321,9,,,1,71,,5312,9,,,1,30,,5322,9,,,1,69,,5324,9,,,1,32,,5323,9,,,1,69,,5326,9,,,1,33,,5325,9,,,1,69,,5328,9,,,1,29,,5329,9,,,1,73,,5330,9,,,1,71,,5331,9,,,1,27,,5333,9,,,1,29,,5327,9,,,1,70,,5336,9,,,1,27,,5334,9,,,1,79,,5338,9,,,1,69,,5332,9,,,1,31,,5337,9,,,1,67,,5335,9,,,1
1200000201,'81',1505,,5341,9,,,1
1200000201,'89',1540,,5345,9,,,1,14,,5346,9,,,1
1200000301,'1',656,,7506,9,,,1,59,,7510,9,,,1,34,,7516,9,,,1,69,,7511,9,,,1,26,,7519,9,,,1,65,,7507,9,,,1,30,,7517,9,,,1,67,,7515,9,,,1,33,,7520,9,,,1,73,,7521,9,,,1,30,,7523,9,,,1,71,,7525,9,,,1,32,,7527,9,,,1,70,,7522,9,,,1,30,,7524,9,,,1,68,,7526,9,,,1,30,,7528,9,,,1,69,,7529,9,,,1,20,,7532,9,,,1,18,,7530,9,,,1,56,,7535,9,,,1,19,,7534,9,,,1,13,,7539,9,,,1,15,,7537,9,,,1,57,,7538,9,,,1,17,,7541,9,,,1,17,,7533,9,,,1,14,,7536,9,,,1,56,,7531,9,,,1,33,,7540,9,,,1,62,,7544,9,,,1,24,,7542,9,,,1,71,,7543,9,,,1,30,,7545,9,,,1,70,,7546,9,,,1,33,,7549,9,,,1
1200000301,'2',734,,7553,9,,,1,70,,7556,9,,,1,31,,7559,9,,,1,71,,7562,9,,,1,30,,7554,9,,,1,72,,7557,9,,,1,30,,7560,9,,,1,71,,7563,9,,,1,31,,7555,9,,,1,71,,7558,9,,,1,31,,7561,9,,,1,70,,7564,9,,,1,31,,7565,9,,,1,70,,7568,9,,,1,30,,7574,9,,,1,70,,7571,9,,,1,30,,7566,9,,,1,71,,7569,9,,,1,31,,7575,9,,,1,68,,7572,9,,,1,29,,7567,9,,,1,69,,7570,9,,,1,27,,7576,9,,,1,67,,7573,9,,,1
1200000301,'27',2213,,7584,2,,,1,30,,7587,2,,,1,70,,7589,2,,,1,43,,7585,2,,,1,68,,7588,2,,,1,30,,7583,2,,,1,70,,7586,2,,,1
1200000301,'28',2213,,7591,2,,,1,30,,7594,2,,,1,70,,7596,2,,,1,43,,7592,2,,,1,68,,7595,2,,,1,30,,7590,2,,,1,70,,7593,2,,,1
1200000301,'29',2213,,7598,2,,,1,30,,7601,2,,,1,70,,7603,2,,,1,43,,7599,2,,,1,68,,7602,2,,,1,30,,7597,2,,,1,70,,7600,2,,,1
1200000301,'3',804,,7604,9,,,1,31,,7606,9,,,1,71,,7612,9,,,1,30,,7609,9,,,1,72,,7605,9,,,1,30,,7607,9,,,1,71,,7613,9,,,1,31,,7610,9,,,1,71,,7614,9,,,1,31,,7608,9,,,1,70,,7616,9,,,1,31,,7611,9,,,1,70,,7615,9,,,1,30,,7618,9,,,1,70,,7617,9,,,1,30,,7621,9,,,1,71,,7623,9,,,1,31,,7619,9,,,1,68,,7627,9,,,1,29,,7622,9,,,1,69,,7624,9,,,1,27,,7620,9,,,1,67,,7628,9,,,1
1200000301,'71',656,,5454,9,,,1,59,,5458,9,,,1,36,,5466,9,,,1,67,,5463,9,,,1,27,,5469,9,,,1,66,,5455,9,,,1,30,,5465,9,,,1,67,,5467,9,,,1,36,,5470,9,,,1,60,,5471,9,,,1,20,,5473,9,,,1,20,,5475,9,,,1,61,,5476,9,,,1,20,,5478,9,,,1,22,,5480,9,,,1,60,,5472,9,,,1,20,,5474,9,,,1,20,,5481,9,,,1,58,,5477,9,,,1,20,,5479,9,,,1,19,,5483,9,,,1,60,,5484,9,,,1,15,,5485,9,,,1,13,,5486,9,,,1,18,,5482,9,,,1,56,,5494,9,,,1,19,,5490,9,,,1,13,,5493,9,,,1,15,,5488,9,,,1,57,,5487,9,,,1,17,,5497,9,,,1,19,,5496,9,,,1,12,,5495,9,,,1,58,,5492,9,,,1,13,,5489,9,,,1,18,,5491,9,,,1,59,,5498,9,,,1,27,,5499,9,,,1,71,,5501,9,,,1,30,,5500,9,,,1,70,,5502,9,,,1,33,,5505,9,,,1
1200000301,'72',734,,5511,9,,,1,70,,5510,9,,,1,31,,5514,9,,,1,70,,5515,9,,,1,30,,5516,9,,,1,71,,5509,9,,,1,30,,5513,9,,,1,70,,5512,9,,,1,30,,5517,9,,,1,70,,5518,9,,,1,31,,5520,9,,,1,69,,5519,9,,,1,31,,5522,9,,,1,70,,5523,9,,,1,31,,5524,9,,,1,70,,5525,9,,,1,29,,5526,9,,,1,71,,5521,9,,,1,32,,5528,9,,,1,70,,5527,9,,,1,29,,5530,9,,,1,69,,5529,9,,,1,29,,5531,9,,,1,64,,5535,9,,,1
1200000301,'73',804,,5539,9,,,1,31,,5541,9,,,1,70,,5542,9,,,1,30,,5543,9,,,1,71,,5544,9,,,1,30,,5540,9,,,1,70,,5545,9,,,1,30,,5547,9,,,1,70,,5546,9,,,1,31,,5549,9,,,1,69,,5548,9,,,1,31,,5551,9,,,1,70,,5552,9,,,1,31,,5553,9,,,1,70,,5554,9,,,1,29,,5555,9,,,1,71,,5550,9,,,1,32,,5557,9,,,1,70,,5556,9,,,1,29,,5559,9,,,1,69,,5558,9,,,1,29,,5560,9,,,1,64,,5563,9,,,1
1200000401,'1',1630,,7635,9,,,1,26,,7633,9,,,1
1200000401,'71',1626,,5572,9,,,1,30,,5571,9,,,1,66,,5575,9,,,1
