1500,'1',601,,5823,25,,,2,28,,5825,25,,,2,29,,5827,25,,,2,70,,5826,28,,,2,30,,5829,28,,,2,81,,5828,28,0,10 11,2,110,,5824,25,0,12 13,2,100,,5830,25,0,12 13,2,100,,5831,25,0,12 13,2,103,,5832,24,0,12 13,2
1500,'16',838,,5833,13,0,10 11,2
1500,'71',601,,4416,26,,,2,28,,4417,26,,,2,29,,4421,26,,,2,72,,4420,25,,,2,28,,4418,25,,,2,81,,4422,26,0,10 11,2,112,,4419,25,0,12 13,2,155,,4423,25,0,12 13,2,116,,4424,25,0,12 13,2,30,,4425,25,0,12 13,2,157,,4427,25,0,12 13,2,116,,4428,25,,,2,96,,4426,25,,,2,37,,4431,26,,,2,68,,4430,25,,,2,100,,4432,25,0,12 13,2,111,,4433,25,0,12 13,2,104,,4434,25,0,12 13,2
1500,'87',838,,4435,15,0,10 11,2
1600,'1',1347,,5848,9,0,12 13,2,96,,5849,9,0,12 13,2,76,,5851,9,,,2,100,,5850,12,,,2,40,,5852,12,,,2,65,,5855,12,,,2,99,,5853,12,0,12 13,2,102,,5856,9,0,12 13,2,111,,5857,9,0,12 13,2
13100,'15',715,,6233,26,,,2
13100,'84',715,,4864,26,,,2
15500,'12',830,,6239,15,,,2
15500,'82',830,,4874,15,,,2
15600,'12',821,,6240,13,,,2
15600,'82',821,,4875,13,,,2
15800,'16',830,,6241,7,,,2
15800,'87',830,,4877,7,,,2
2000001500,'2',744,,7667,25,,,2,101,,7668,24,,,2,100,,7669,24,,,2,94,,7670,24,,,2,109,,7671,24,,,2,101,,7672,24,,,2,201,,7673,25,,,2,101,,7674,24,,,2,95,,7675,24,,,2,105,,7676,24,,,2,93,,7677,24,,,2
2000001500,'3',845,,7678,25,,,2,100,,7679,24,,,2,94,,7680,24,,,2,109,,7681,24,,,2,101,,7682,24,,,2,201,,7683,25,,,2,101,,7684,24,,,2,95,,7685,24,,,2,105,,7686,24,,,2,93,,7687,24,,,2
2000001500,'72',737,,5607,26,,,2,102,,5608,25,,,2,103,,5609,25,,,2,100,,5610,25,,,2,102,,5611,25,,,2,100,,5612,25,,,2,190,,5613,26,,,2,99,,5614,25,,,2,95,,5615,25,,,2,107,,5616,25,,,2,98,,5617,25,,,2
2000001500,'73',839,,5618,26,,,2,103,,5619,25,,,2,100,,5620,25,,,2,102,,5621,25,,,2,100,,5622,25,,,2,190,,5623,26,,,2,99,,5624,25,,,2,95,,5625,25,,,2,107,,5626,25,,,2,98,,5627,25,,,2
