1300,'71',641,,4398,31,,,2,70,,4400,31,,,2,20,,4399,31,,,2,83,,4401,31,,,2,41,,4397,31,,,2,751,,4402,31,,,2,97,,4405,31,,,2,13,,4403,31,,,2,40,,4406,31,,,2,66,,4404,31,,,2
1300,'87',858,,4407,26,,,2
11100,'86',734,,4850,50,,,2
22500,'82',842,,4927,35,4,,2
23500,'82',840,,4935,76,4,,2
24500,'82',840,,4941,19,4,,2
24600,'82',837,,4943,18,4,,2
37500,'82',840,,4957,33,4,,2
38500,'82',840,,4967,38,4,,2
1001101,'71',607,,4973,24,,,1,32,,4970,24,,,1,70,,4974,24,,,1,33,,4971,24,,,1,64,,4976,24,,,1,41,,4972,24,,,1,83,,4978,24,,,1,70,,4975,24,,,1,35,,4979,24,,,1,70,,4982,24,,,1,35,,4980,24,,,1,70,,4983,24,,,1,33,,4981,24,,,1,70,,4984,24,,,1,37,,4986,24,,,1,70,,4985,24,,,1,88,,4987,24,,,1,31,,4989,24,,,1,85,,4988,24,,,1,25,,4990,24,,,1,63,,4993,24,,,1,27,,4991,24,,,1,74,,4994,24,,,1,29,,4992,24,,,1,71,,4995,24,,,1,100,,4996,24,,,1,99,,4997,24,,,1,100,,4998,24,,,1
1001101,'72',809,,5000,24,,,1,102,,5001,24,,,1,101,,5002,24,,,1,100,,5004,24,,,1,98,,5005,24,,,1,100,,5006,24,,,1,102,,5007,24,,,1,100,,5008,24,,,1,99,,5009,24,,,1,100,,5010,24,,,1,100,,5011,24,,,1,100,,5012,24,,,1,99,,5013,24,,,1,100,,5014,24,,,1,100,,5015,24,,,1
1001101,'73',1012,,5018,24,,,1,100,,5019,24,,,1,98,,5020,24,,,1,100,,5021,24,,,1,102,,5022,24,,,1,100,,5023,24,,,1,99,,5024,24,,,1,100,,5025,24,,,1,100,,5026,24,,,1
