3401,'1',636,,6039,21,,,2,67,,6040,21,,,2,52,,6041,21,,,2,793,,6042,21,,,2,89,,6043,21,,,2,98,,6044,21,,,2,66,,6045,21,,,2,46,,6046,21,,,2,68,,6047,21,,,2
3401,'14',1651,,6048,25,,,2
3401,'71',636,,4642,21,,,2,67,,4644,21,,,2,52,,4643,21,,,2,801,,4646,21,,,2,92,,4645,25,,,2,71,,4649,21,,,2,39,,4650,21,,,2,87,,4651,21,,,2,66,,4648,21,,,2
3701,'1',750,,6124,51,,,2
3701,'71',750,,4749,51,,,2
22100,'15',738,,6288,38,,,2
22100,'84',738,,4923,38,,,2
22200,'15',738,,6289,34,,,2
22200,'84',738,,4925,34,,,2
23100,'15',745,,6293,71,,,2
23100,'84',745,,4931,71,,,2
23200,'15',736,,6294,38,,,2
23200,'84',736,,4933,30,,,2
24100,'15',739,,6296,20,4,,2
24100,'84',739,,4937,20,4,,2
24200,'15',737,,6297,22,4,,2
24200,'84',737,,4939,22,4,,2
31100,'15',756,,6300,61,,,2
31100,'84',756,,4945,61,,,2
32500,'12',820,,6304,34,,,2
32500,'82',820,,4947,34,,,2
35100,'15',738,,6307,49,,,2
35100,'84',738,,4953,48,,,2
38100,'15',742,,6316,53,,,2
38100,'84',741,,4965,53,,,2
5003401,'1',1659,,6389,33,,,2
5003401,'71',1659,,5040,33,,,2
2000003401,'2',750,,7771,21,,,2,85,,7772,21,,,2,85,,7773,21,,,2,85,,7774,21,,,2,49,,7775,21,,,2,85,,7776,21,,,2,88,,7777,21,,,2,81,,7778,21,,,2,134,,7779,21,,,2,86,,7780,21,,,2,84,,7781,21,,,2,88,,7782,21,,,2,44,,7783,21,,,2,81,,7784,21,,,2,82,,7785,21,,,2
2000003401,'3',835,,7786,21,,,2,85,,7787,21,,,2,85,,7788,21,,,2,49,,7789,21,,,2,85,,7790,21,,,2,88,,7791,21,,,2,81,,7792,21,,,2,134,,7793,21,,,2,86,,7794,21,,,2,84,,7795,21,,,2,88,,7796,21,,,2,44,,7797,21,,,2,81,,7798,21,,,2,82,,7799,21,,,2
2000003401,'72',750,,5711,21,,,2,85,,5712,21,,,2,84,,5713,21,,,2,85,,5714,21,,,2,47,,5715,21,,,2,85,,5716,21,,,2,85,,5717,21,,,2,85,,5718,21,,,2,130,,5719,21,,,2,92,,5720,21,,,2,79,,5721,21,,,2,93,,5722,21,,,2,37,,5723,21,,,2,88,,5724,21,,,2,77,,5725,21,,,2
2000003401,'73',835,,5726,21,,,2,84,,5727,21,,,2,85,,5728,21,,,2,47,,5729,21,,,2,85,,5730,21,,,2,85,,5731,21,,,2,85,,5732,21,,,2,130,,5733,21,,,2,92,,5734,21,,,2,79,,5735,21,,,2,93,,5736,21,,,2,37,,5737,21,,,2,88,,5738,21,,,2,77,,5739,21,,,2
