1100,'1',601,,5748,14,,,1,33,,5754,14,,,1,68,,5749,14,,,1,34,,5755,14,,,1,70,,5750,14,,,1,18,,5751,14,,,1,30,,5756,14,,,1,74,,5752,14,,,1,30,,5757,14,,,1,75,,5758,14,,,1,70,,5761,14,,,1,33,,5759,14,,,1,70,,5762,14,,,1,37,,5760,14,,,1,70,,5763,14,,,1,88,,5764,14,,,1,30,,5766,14,,,1,75,,5765,14,,,1,30,,5767,14,,,1,84,,5770,14,,,1,24,,5768,14,,,1,62,,5772,14,,,1,26,,5771,14,,,1,76,,5773,14,,,1,28,,5769,14,,,1,70,,5774,14,,,1,100,,5775,14,,,1,100,,5776,14,,,1,100,,5777,14,,,1,100,,5778,14,,,1
1100,'2',702,,5779,14,,,1,101,,5780,14,,,1,101,,5781,14,,,1,102,,5782,14,,,1,100,,5783,14,,,1,100,,5784,14,,,1,101,,5785,14,,,1,99,,5786,14,,,1,100,,5787,14,,,1,100,,5788,14,,,1,100,,5789,14,,,1,100,,5790,14,,,1,99,,5792,14,,,1,100,,5793,14,,,1,100,,5791,14,,,1,100,,5795,14,,,1,100,,5794,14,,,1
1100,'3',904,,5796,14,,,1,102,,5797,14,,,1,100,,5798,14,,,1,100,,5799,14,,,1,101,,5800,14,,,1,99,,5801,14,,,1,100,,5802,14,,,1,100,,5803,14,,,1,100,,5804,14,,,1,100,,5805,14,,,1
1100,'71',601,,4339,14,,,1,33,,4343,14,,,1,68,,4340,14,,,1,34,,4344,14,,,1,70,,4341,14,,,1,18,,4345,14,,,1,30,,4350,14,,,1,74,,4346,14,,,1,30,,4351,14,,,1,75,,4347,14,,,1,70,,4352,14,,,1,33,,4348,14,,,1,70,,4353,14,,,1,37,,4349,14,,,1,70,,4354,14,,,1,88,,4358,14,,,1,30,,4355,14,,,1,75,,4359,14,,,1,30,,4356,14,,,1,82,,4360,15,,,1,26,,4357,14,,,1,62,,4363,14,,,1,26,,4361,14,,,1,76,,4364,14,,,1,28,,4362,14,,,1,70,,4365,14,,,1,100,,4366,14,,,1,100,,4367,14,,,1,100,,4368,14,,,1,100,,4369,14,,,1
1100,'72',702,,4370,14,,,1,101,,4371,14,,,1,101,,4372,14,,,1,102,,4373,14,,,1,100,,4374,14,,,1,100,,4375,14,,,1,101,,4376,14,,,1,99,,4377,14,,,1,100,,4378,14,,,1,100,,4379,14,,,1,100,,4380,14,,,1,100,,4381,14,,,1,99,,4384,14,,,1,100,,4382,14,,,1,100,,4383,14,,,1,100,,4386,14,,,1,100,,4385,14,,,1
1100,'73',904,,4387,14,,,1,102,,4388,14,,,1,100,,4389,14,,,1,100,,4390,14,,,1,101,,4391,14,,,1,99,,4392,14,,,1,100,,4393,14,,,1,100,,4394,14,,,1,100,,4395,14,,,1,100,,4396,14,,,1
11101,'85',1536,,4851,35,,,2
905231701,'27',2225,,6491,7,4,,2,30,,6494,7,4,,2,70,,6489,7,4,,2,30,,6492,7,4,,2,70,,6490,7,4,,2,30,,6493,7,4,,2,70,,6495,7,4,,2
905231701,'28',2225,,6498,7,4,,2,30,,6501,7,4,,2,70,,6496,7,4,,2,30,,6499,7,4,,2,70,,6497,7,4,,2,30,,6500,7,4,,2,70,,6502,7,4,,2
905231701,'29',2225,,6505,7,4,,2,30,,6508,7,4,,2,70,,6503,7,4,,2,30,,6506,7,4,,2,70,,6504,7,4,,2,30,,6507,7,4,,2,70,,6509,7,4,,2
1200000200,'1',536,,7153,7,,,1,14,,7158,7,,,1,55,,7159,7,,,1,16,,7160,7,,,1,15,,7162,7,,,1,15,,7163,7,,,1,57,,7152,7,,,1,15,,7165,7,,,1,15,,7157,7,,,1,15,,7155,7,,,1,54,,7161,7,,,1,15,,7166,7,,,1,18,,7164,7,,,1,60,,7167,7,,,1,30,,7169,7,,,1,29,,7171,7,,,1,70,,7156,7,,,1,30,,7172,7,,,1,69,,7168,7,,,1,29,,7170,7,,,1,72,,7174,7,,,1,30,,7175,7,,,1,69,,7173,7,,,1,30,,7177,7,,,1,58,,7179,7,,,1,30,,7180,7,,,1,55,,7181,7,,,1,12,,7178,7,,,1,13,,7182,7,,,1,14,,7183,7,,,1,14,,7185,7,,,1,55,,7176,7,,,1,15,,7188,7,,,1,16,,7189,7,,,1,17,,7192,7,,,1,56,,7193,7,,,1,16,,7187,7,,,1,30,,7186,7,,,1,70,,7184,7,,,1,30,,7190,7,,,1,70,,7196,7,,,1,30,,7197,7,,,1,70,,7199,7,,,1,30,,7200,7,,,1,72,,7194,7,,,1,71,,7191,7,,,1,32,,7198,7,,,1,67,,7201,7,,,1,30,,7195,7,0,14,1
1200000200,'2',659,,7205,7,,,1,70,,7204,7,,,1,30,,7208,7,,,1,70,,7202,7,,,1,30,,7207,7,,,1,70,,7206,7,,,1,30,,7210,7,,,1,70,,7209,7,,,1,30,,7203,7,,,1,70,,7212,7,,,1,30,,7214,7,,,1,69,,7211,7,,,1,30,,7216,7,,,1,70,,7217,7,,,1,31,,7213,7,,,1,70,,7215,7,,,1,30,,7219,7,,,1,70,,7221,7,,,1,30,,7218,7,,,1,70,,7223,7,,,1,30,,7224,7,,,1,71,,7220,7,,,1,70,,7222,7,,,1,29,,7228,7,,,1,30,,7227,7,,,1,71,,7225,7,,,1,70,,7229,7,,,1,29,,7231,7,,,1,30,,7230,7,,,1,70,,7233,7,,,1,30,,7226,7,,,1,70,,7232,7,,,1,30,,7234,7,,,1
1200000200,'3',659,,7235,7,,,1,70,,7236,7,,,1,30,,7237,7,,,1,70,,7238,7,,,1,30,,7239,7,,,1,70,,7243,7,,,1,30,,7241,7,,,1,70,,7245,7,,,1,30,,7242,7,,,1,70,,7240,7,,,1,30,,7244,7,,,1,69,,7247,7,,,1,30,,7246,7,,,1,70,,7248,7,,,1,31,,7250,7,,,1,70,,7252,7,,,1,30,,7255,7,,,1,70,,7257,7,,,1,30,,7249,7,,,1,70,,7251,7,,,1,30,,7253,7,,,1,71,,7256,7,,,1,70,,7258,7,,,1,29,,7260,7,,,1,30,,7259,7,,,1,71,,7254,7,,,1,70,,7261,7,,,1
1200000200,'71',536,,5074,7,,,1,14,,5078,7,,,1,55,,5080,7,,,1,16,,5081,7,,,1,15,,5077,7,,,1,15,,5085,7,,,1,57,,5073,7,,,1,15,,5087,7,,,1,15,,5076,7,,,1,15,,5089,7,,,1,54,,5083,7,,,1,15,,5090,7,,,1,18,,5079,7,,,1,15,,5091,7,,,1,57,,5084,7,,,1,18,,5086,7,,,1,14,,5092,7,,,1,15,,5088,7,,,1,55,,5094,7,,,1,15,,5095,7,,,1,15,,5096,7,,,1,15,,5098,7,,,1,55,,5099,7,,,1,14,,5101,7,,,1,15,,5102,7,,,1,14,,5103,7,,,1,57,,5093,7,,,1,15,,5105,7,,,1,15,,5106,7,,,1,15,,5107,7,,,1,54,,5097,7,,,1,15,,5104,7,,,1,15,,5100,7,,,1,61,,5108,7,,,1,12,,5109,7,,,1,15,,5110,7,,,1,15,,5111,7,,,1,55,,5112,7,,,1,12,,5113,7,,,1,13,,5115,7,,,1,14,,5117,7,,,1,13,,5119,7,,,1,56,,5120,7,,,1,15,,5122,7,,,1,16,,5125,7,,,1,17,,5126,7,,,1,56,,5123,7,,,1,16,,5124,7,,,1,15,,5116,7,,,1,15,,5114,7,,,1,55,,5128,7,,,1,15,,5118,7,,,1,30,,5129,7,,,1,70,,5127,7,,,1,30,,5133,7,,,1,70,,5135,7,,,1,30,,5136,7,,,1,72,,5130,7,,,1,71,,5132,7,,,1,32,,5134,7,,,1,67,,5137,7,,,1,30,,5131,7,0,14,1
1200000200,'72',700,,5139,7,,,1,30,,5142,7,,,1,70,,5143,7,,,1,29,,5144,7,,,1,30,,5138,7,,,1,70,,5141,7,,,1,30,,5140,7,,,1,70,,5145,7,,,1,30,,5146,7,,,1,71,,5148,7,,,1,29,,5147,7,,,1,70,,5150,7,,,1,29,,5151,7,,,1,71,,5152,7,,,1,30,,5153,7,,,1,70,,5154,7,,,1,30,,5149,7,,,1,70,,5156,7,,,1,30,,5155,7,,,1,70,,5159,7,,,1,30,,5158,7,,,1,71,,5161,7,,,1,29,,5162,7,,,1,70,,5163,7,,,1,30,,5165,7,,,1,71,,5157,7,,,1,29,,5167,7,,,1,69,,5168,7,,,1,30,,5164,7,,,1,70,,5166,7,,,1,30,,5160,7,,,1,70,,5169,7,,,1,30,,5170,7,,,1
1200000200,'73',700,,5171,7,,,1,30,,5173,7,,,1,70,,5174,7,,,1,29,,5175,7,,,1,30,,5176,7,,,1,70,,5172,7,,,1,30,,5177,7,,,1,70,,5179,7,,,1,30,,5178,7,,,1,71,,5181,7,,,1,29,,5180,7,,,1,70,,5183,7,,,1,29,,5184,7,,,1,71,,5185,7,,,1,30,,5186,7,,,1,70,,5188,7,,,1,30,,5182,7,,,1,70,,5191,7,,,1,30,,5189,7,,,1,70,,5193,7,,,1,30,,5192,7,,,1,71,,5195,7,,,1,29,,5196,7,,,1,70,,5197,7,,,1,30,,5187,7,,,1,71,,5194,7,,,1,29,,5190,7,,,1
