2200,'1',600,,5864,11,,,2,27,,5873,49,,,2,22,,5865,11,,,2,70,,5877,11,,,2,26,,5879,49,,,2,83,,5878,11,,,2,88,,5874,11,,,2,109,,5866,11,,,2,100,,5867,11,,,2,100,,5868,11,,,2,100,,5870,11,,,2,102,,5871,11,,,2
2200,'71',600,,4456,11,,,2,27,,4471,49,,,2,22,,4457,11,,,2,70,,4472,11,,,2,26,,4474,49,,,2,83,,4473,11,0,14 1 15,2,88,,4458,11,,,2,35,,4460,11,,,2,72,,4459,11,,,2,32,,4461,11,,,2,70,,4465,11,,,2,30,,4462,11,,,2,71,,4466,11,,,2,30,,4463,11,,,2,70,,4475,11,,,2,30,,4464,11,,,2,69,,4476,11,,,2,34,,4469,11,,,2
2201,'1',1530,,5900,41,,,2,80,,5891,41,,,2,96,,5888,41,,,2,30,,5895,41,,,2,70,,5889,41,,,2,29,,5896,41,,,2,67,,5901,41,,,2,24,,5897,41,,,2
2201,'14',1706,,5903,45,,,2
2201,'71',1530,,4491,43,,,2,25,,4493,43,,,2,55,,4500,43,,,2,91,,4501,47,,,2,31,,4502,43,,,2,74,,4492,43,,,2,31,,4503,43,,,2,65,,4505,43,,,2,24,,4504,43,,,2
2201,'88',1701,,4506,47,,,2
22100,'15',708,,6288,11,,,2
22100,'84',708,,4923,11,,,2
22101,'85',1545,,4924,39,,,2
22500,'12',816,,6290,25,,,2
22500,'82',816,,4927,25,,,2
22501,'83',1654,,4928,17,,,2
22900,'13',844,,6291,11,,,2
22900,'87',844,,4929,11,,,2
22901,'14',1643,,6292,18,,,2
22901,'88',1643,,4930,18,,,2
