11900,'17',849,,1016,32,,,2
1200000101,'1',1520,,1416,12,,,1,30,,1417,12,,,1,64,,1415,12,,,1,39,,1418,12,,,1
1200000101,'3',1520,,1419,12,,,1,30,,1420,12,,,1,64,,1421,12,,,1,39,,1422,12,,,1
1200000101,'4',1520,,1423,12,,,1,30,,1424,12,,,1,64,,1425,12,,,1,39,,1426,12,,,1
1200000200,'1',543,,1428,15,,,1,15,,1431,15,,,1,55,,1432,15,,,1,16,,1436,15,,,1,15,,1430,15,,,1,15,,1440,15,,,1,56,,1427,15,,,1,15,,1434,15,,,1,16,,1442,15,,,1,54,,1438,15,,,1,15,,1435,15,,,1,15,,1443,15,,,1,19,,1433,15,,,1,54,,1446,15,,,1,17,,1439,15,,,1,17,,1441,15,,,1,14,,1447,15,,,1,55,,1445,15,,,1,15,,1449,15,,,1,15,,1451,15,,,1,15,,1444,15,,,1,55,,1452,15,,,1,15,,1453,15,,,1,15,,1454,15,,,1,15,,1455,15,,,1,55,,1457,15,,,1,16,,1448,15,,,1,15,,1450,15,,,1,15,,1460,15,,,1,55,,1461,15,,,1,14,,1463,15,,,1,15,,1459,15,,,1,15,,1464,15,,,1,61,,1456,15,,,1,12,,1458,15,,,1,15,,1465,15,,,1,14,,1466,15,,,1,56,,1467,15,,,1,12,,1468,15,,,1,14,,1462,15,,,1,15,,1471,15,,,1,53,,1473,15,,,1,8,,1476,2,,,1,5,,1474,15,,,1,17,,1477,15,,,1,16,,1480,15,,,1,57,,1481,15,,,1,15,,1478,15,,,1,15,,1479,15,,,1,15,,1470,15,,,1,55,,1469,15,,,1,15,,1475,15,,,1,15,,1472,15,,,1,70,,1483,15,,,1,30,,1487,15,,,1,70,,1482,15,,,1,30,,1489,15,,,1,70,,1490,15,,,1,30,,1485,15,,,1,68,,1484,15,,,1,33,,1488,15,,,1,67,,1491,15,,,1,30,,1486,15,0,14,1
1200000200,'3',543,,1496,15,,,1,15,,1500,15,,,1,55,,1502,15,,,1,16,,1504,15,,,1,15,,1506,15,,,1,15,,1508,15,,,1,56,,1495,15,,,1,15,,1509,15,,,1,16,,1499,15,,,1,54,,1497,15,,,1,15,,1501,15,,,1,15,,1503,15,,,1,19,,1505,15,,,1,54,,1507,15,,,1,34,,1510,15,,,1,69,,1512,15,,,1,30,,1514,15,,,1,70,,1515,15,,,1,30,,1516,15,,,1,70,,1511,15,,,1,31,,1513,15,,,1,70,,1517,15,,,1,29,,1519,15,,,1,76,,1521,15,,,1,12,,1522,15,,,1,15,,1525,15,,,1,14,,1527,15,,,1,56,,1529,15,,,1,12,,1531,15,,,1,14,,1518,15,,,1,15,,1532,15,,,1,53,,1520,15,,,1,13,,1533,15,,,1,17,,1524,15,,,1,16,,1523,15,,,1,57,,1526,15,,,1,15,,1528,15,,,1,15,,1530,15,,,1,70,,1535,15,,,1,30,,1534,15,,,1,70,,1537,15,,,1,30,,1541,15,,,1,70,,1536,15,,,1,30,,1543,15,,,1,70,,1544,15,,,1,30,,1539,15,,,1,68,,1538,15,,,1,33,,1542,15,,,1,67,,1545,15,,,1,30,,1540,15,0,14,1
1200000200,'4',543,,1547,15,,,1,15,,1551,15,,,1,55,,1550,15,,,1,16,,1553,15,,,1,15,,1556,15,,,1,15,,1559,15,,,1,56,,1546,15,,,1,15,,1560,15,,,1,16,,1549,15,,,1,54,,1555,15,,,1,15,,1558,15,,,1,15,,1552,15,,,1,19,,1554,15,,,1,54,,1557,15,,,1,17,,1561,2,,,1,17,,1563,15,,,1,14,,1567,2,,,1,55,,1565,15,,,1,15,,1570,2,,,1,15,,1569,15,,,1,15,,1573,2,,,1,55,,1572,15,,,1,15,,1562,2,,,1,15,,1574,15,,,1,16,,1568,2,,,1,54,,1564,15,,,1,16,,1571,2,,,1,15,,1566,15,,,1,15,,1578,2,,,1,55,,1576,15,,,1,14,,1579,2,,,1,15,,1581,15,,,1,15,,1575,2,,,1,61,,1583,15,,,1,12,,1585,15,,,1,15,,1588,15,,,1,14,,1590,15,,,1,56,,1592,15,,,1,12,,1593,15,,,1,14,,1577,15,,,1,15,,1580,15,,,1,53,,1582,15,,,1,13,,1594,15,,,1,17,,1587,15,,,1,16,,1584,15,,,1,57,,1586,15,,,1,15,,1589,15,,,1,15,,1591,15,,,1,15,,1600,15,,,1,55,,1597,15,,,1,30,,1595,15,,,1,70,,1598,15,,,1,30,,1599,15,,,1,70,,1601,15,,,1,30,,1605,15,,,1,70,,1606,15,,,1,30,,1602,15,,,1,68,,1596,15,,,1,33,,1604,15,,,1,67,,1607,15,,,1,30,,1603,15,0,14,1
1200000200,'6',706,,1610,15,,,1,30,,1613,15,,,1,70,,1614,15,,,1,30,,1608,15,,,1,70,,1609,15,,,1,30,,1612,15,,,1,70,,1611,15,,,1,30,,1615,15,,,1,70,,1616,15,,,1,30,,1618,15,,,1,70,,1617,15,,,1,30,,1620,15,,,1,70,,1621,15,,,1,30,,1622,15,,,1,70,,1623,15,,,1,30,,1624,15,,,1,70,,1619,15,,,1,30,,1626,15,,,1,70,,1625,15,,,1,30,,1629,15,,,1,70,,1628,15,,,1,30,,1633,15,,,1,70,,1631,15,,,1,30,,1638,15,,,1,70,,1636,15,,,1,30,,1627,15,,,1,70,,1639,15,,,1,29,,1634,15,,,1,70,,1632,15,,,1,30,,1640,15,,,1,70,,1630,15,,,1,30,,1635,15,,,1,70,,1637,15,,,1
1200000200,'7',1936,,1641,15,,,1,70,,1642,15,,,1
1200000200,'9',706,,1643,15,,,1,30,,1645,15,,,1,70,,1646,15,,,1,30,,1648,15,,,1,70,,1649,15,,,1,30,,1644,15,,,1,70,,1650,15,,,1,30,,1647,15,,,1,70,,1651,15,,,1,30,,1653,15,,,1,70,,1652,15,,,1,30,,1655,15,,,1,70,,1656,15,,,1,30,,1657,15,,,1,70,,1658,15,,,1,30,,1660,15,,,1,70,,1654,15,,,1,30,,1662,15,,,1,70,,1661,15,,,1,30,,1664,15,,,1,70,,1663,15,,,1,30,,1666,15,,,1,70,,1667,15,,,1,30,,1665,15,,,1,70,,1659,15,,,1
1200000400,'1',636,,2340,17,,,1,15,,2341,17,,,1,55,,2342,17,,,1,17,,2339,17,,,1
1200000400,'3',636,,2345,17,,,1,15,,2343,17,,,1,55,,2346,17,,,1,17,,2344,17,,,1
1200000400,'4',636,,2348,17,,,1,15,,2349,17,,,1,55,,2350,17,,,1,17,,2347,17,,,1
