1100,'1',610,,5748,38,,,1,33,,5754,38,,,1,68,,5749,38,,,1,34,,5755,38,,,1,70,,5750,38,,,1,18,,5751,38,,,1,70,,5756,38,,,1,34,,5752,38,,,1,70,,5757,38,,,1,35,,5758,38,,,1,70,,5761,38,,,1,33,,5759,38,,,1,70,,5762,38,,,1,37,,5760,38,,,1,70,,5763,38,,,1,88,,5764,38,,,1,30,,5766,38,,,1,75,,5765,38,,,1,30,,5767,38,,,1,85,,5770,38,,,1,23,,5768,38,,,1,62,,5772,38,,,1,26,,5771,38,,,1,76,,5773,38,,,1,28,,5769,38,,,1,70,,5774,38,,,1,100,,5775,38,,,1,100,,5776,38,,,1,100,,5777,38,,,1,100,,5778,38,,,1
1100,'2',711,,5779,38,,,1,102,,5780,38,,,1,100,,5781,38,,,1,102,,5782,38,,,1,100,,5783,38,,,1,100,,5784,38,,,1,101,,5785,38,,,1,99,,5786,38,,,1,100,,5787,38,,,1,100,,5788,38,,,1,100,,5789,38,,,1,100,,5790,38,,,1,99,,5792,38,,,1,100,,5793,38,,,1,100,,5791,38,,,1,100,,5795,38,,,1,100,,5794,38,,,1
1100,'3',913,,5796,38,,,1,102,,5797,38,,,1,100,,5798,38,,,1,100,,5799,38,,,1,101,,5800,38,,,1,99,,5801,38,,,1,100,,5802,38,,,1,100,,5803,38,,,1,100,,5804,38,,,1,100,,5805,38,,,1
1100,'71',610,,4339,38,,,1,33,,4343,38,,,1,68,,4340,38,,,1,34,,4344,38,,,1,70,,4341,38,,,1,18,,4345,38,,,1,70,,4350,38,,,1,34,,4346,38,,,1,70,,4351,38,,,1,35,,4347,38,,,1,70,,4352,38,,,1,33,,4348,38,,,1,70,,4353,38,,,1,37,,4349,38,,,1,70,,4354,38,,,1,88,,4358,38,,,1,30,,4355,38,,,1,75,,4359,38,,,1,30,,4356,38,,,1,83,,4360,39,,,1,25,,4357,38,,,1,62,,4363,38,,,1,26,,4361,38,,,1,76,,4364,38,,,1,28,,4362,38,,,1,70,,4365,38,,,1,100,,4366,38,,,1,100,,4367,38,,,1,100,,4368,38,,,1,100,,4369,38,,,1
1100,'72',711,,4370,38,,,1,102,,4371,38,,,1,100,,4372,38,,,1,102,,4373,38,,,1,100,,4374,38,,,1,100,,4375,38,,,1,101,,4376,38,,,1,99,,4377,38,,,1,100,,4378,38,,,1,100,,4379,38,,,1,100,,4380,38,,,1,100,,4381,38,,,1,99,,4384,38,,,1,100,,4382,38,,,1,100,,4383,38,,,1,100,,4386,38,,,1,100,,4385,38,,,1
1100,'73',913,,4387,38,,,1,102,,4388,38,,,1,100,,4389,38,,,1,100,,4390,38,,,1,101,,4391,38,,,1,99,,4392,38,,,1,100,,4393,38,,,1,100,,4394,38,,,1,100,,4395,38,,,1,100,,4396,38,,,1
11101,'85',1556,,4851,70,,,2
11901,'88',1646,,4855,37,,,2
1200000401,'1',1506,,7634,17,,,1,30,,7636,17,,,1,205,,7635,59,,,1,60,,7633,59,,,1
1200000401,'71',1506,,5573,17,,,1,30,,5574,17,,,1,198,,5572,59,,,1,24,,5571,59,,,1,62,,5575,59,,,1
