2301,'1',1201,,5958,26,,,2,31,,5959,26,,,2,70,,5961,26,,,2,30,,5960,26,,,2,70,,5962,26,,,2,31,,5963,26,,,2,71,,5966,26,,,2,51,,5964,26,,,2,68,,5967,26,,,2,36,,5965,26,,,2,141,,5968,26,,,2,26,,5975,26,,,2,77,,5969,26,,,2,102,,5970,26,,,2,50,,5971,26,,,2,154,,5972,26,,,2
2301,'2',1218,,5985,26,,,2,101,,5986,26,,,2,101,,5987,26,,,2,100,,5988,26,,,2,100,,5989,26,,,2,101,,5990,26,,,2,97,,5991,26,,,2
2301,'3',1218,,5996,26,,,2,101,,5997,26,,,2,101,,5998,26,,,2,100,,5999,26,,,2,100,,6000,26,,,2,101,,6001,26,,,2,97,,6002,26,,,2
2301,'71',1159,,4558,26,,,2,70,,4562,26,,,2,71,,4564,26,,,2,30,,4563,26,,,2,70,,4565,26,,,2,30,,4566,26,,,2,74,,4576,26,,,2,42,,4567,26,,,2,108,,4568,30,,,2,103,,4570,26,,,2,71,,4575,26,,,2,75,,4571,26,,,2,100,,4572,26,,,2,52,,4573,26,,,2,154,,4574,26,,,2
2301,'72',1229,,4584,26,,,2,102,,4585,26,,,2,101,,4586,26,,,2,101,,4587,26,,,2,100,,4588,26,,,2,102,,4589,26,,,2,96,,4590,26,,,2
2301,'73',1229,,4595,26,,,2,102,,4596,26,,,2,101,,4597,26,,,2,101,,4598,26,,,2,100,,4599,26,,,2,102,,4600,26,,,2,96,,4601,26,,,2
23101,'85',1533,,4932,37,,,2
23501,'83',1658,,4936,23,,,2
5002301,'1',1708,,6382,36,,,2,24,,6381,36,,,2
5002301,'71',1622,,5032,36,,,2,86,,5031,36,,,2,24,,5030,36,,,2
