3501,'1',542,,6049,6,,,2,94,,6050,8,,,2,82,,6051,8,,,2,98,,6052,8,,,2,84,,6053,8,,,2,39,,6054,8,,,2,85,,6055,8,,,2,85,,6056,8,,,2,46,,6057,8,,,2,85,,6058,8,,,2,85,,6059,8,,,2,85,,6060,8,,,2,45,,6061,8,,,2,98,,6062,8,,,2,84,,6064,8,,,2,82,,6065,8,,,2,82,,6066,8,,,2,44,,6067,8,,,2,74,,6063,8,,,2,39,,6068,8,,,2,66,,6069,8,,,2,31,,6070,8,,,2,67,,6071,8,,,2,78,,6072,8,,,2,30,,6073,8,,,2,28,,6074,8,,,2,65,,6075,8,,,2
3501,'2',703,,6076,8,,,2,30,,6077,8,,,2,70,,6078,8,,,2,30,,6079,8,,,2,69,,6080,8,,,2,33,,6081,8,,,2,86,,6082,8,,,2,85,,6083,8,,,2,47,,6084,8,,,2,87,,6085,8,,,2,89,,6086,8,,,2,85,,6088,8,,,2,86,,6089,8,,,2,45,,6090,8,,,2,85,,6091,8,,,2,84,,6092,8,,,2,43,,6087,8,,,2,82,,6093,8,,,2,78,,6094,8,,,2,85,,6095,8,,,2,30,,6096,8,,,2,68,,6097,8,,,2,28,,6098,8,,,2,30,,6099,8,,,2,70,,6100,8,,,2,28,,6101,8,,,2,65,,6102,8,,,2
3501,'3',833,,6103,8,,,2,69,,6104,8,,,2,33,,6105,8,,,2,86,,6106,8,,,2,85,,6107,8,,,2,47,,6108,8,,,2,87,,6109,8,,,2,89,,6110,8,,,2,85,,6111,8,,,2,86,,6112,8,,,2,45,,6114,8,,,2,85,,6115,8,,,2,84,,6116,8,,,2,43,,6117,8,,,2,82,,6118,8,,,2,78,,6119,8,,,2,85,,6113,8,,,2
3501,'71',545,,4652,6,,,2,96,,4653,8,,,2,70,,4654,8,,,2,110,,4658,8,,,2,80,,4655,8,,,2,40,,4656,8,,,2,97,,4659,8,,,2,102,,4660,8,,,2,98,,4657,8,,,2,101,,4662,8,,,2,102,,4661,8,,,2,113,,4663,8,,,2,73,,4664,8,,,2,76,,4665,8,,,2,34,,4666,8,,,2,104,,4667,8,,,2,90,,4670,8,,,2,92,,4671,8,,,2,98,,4672,8,,,2,108,,4668,8,,,2,93,,4669,8,,,2
3501,'72',656,,4673,8,,,2,100,,4674,8,,,2,101,,4675,8,,,2,100,,4676,8,,,2,100,,4677,8,,,2,101,,4678,8,,,2,146,,4679,8,,,2,102,,4680,8,,,2,101,,4681,8,,,2,100,,4682,8,,,2,52,,4683,8,,,2,97,,4684,8,,,2,96,,4685,8,,,2,150,,4686,8,,,2,98,,4687,8,,,2,58,,4688,8,,,2,98,,4689,8,,,2
3501,'73',857,,4690,8,,,2,100,,4691,8,,,2,100,,4692,8,,,2,101,,4693,8,,,2,146,,4694,8,,,2,102,,4695,8,,,2,101,,4696,8,,,2,100,,4697,8,,,2,52,,4698,8,,,2,97,,4699,8,,,2,96,,4700,8,,,2,103,,4701,8,,,2
35100,'15',704,,6307,5,,,2
35100,'84',708,,4953,5,,,2
35101,'85',1534,,4954,29,,,2
35500,'12',755,,6308,5,,,2
35500,'82',801,,4955,5,,,2
35501,'83',1647,,4956,39,,,2
