3501,'1',547,,6049,16,,,2,94,,6050,18,,,2,82,,6051,18,,,2,98,,6052,18,,,2,84,,6053,18,,,2,39,,6054,18,,,2,85,,6055,18,,,2,85,,6056,18,,,2,86,,6057,18,,,2,45,,6058,18,,,2,85,,6059,18,,,2,85,,6060,18,,,2,85,,6061,18,,,2,58,,6062,18,,,2,84,,6064,18,,,2,82,,6065,18,,,2,82,,6066,18,,,2,44,,6067,18,,,2,74,,6063,18,,,2,79,,6068,18,,,2,26,,6069,18,,,2,71,,6070,18,,,2,27,,6071,18,,,2,78,,6072,18,,,2,30,,6073,18,,,2,68,,6074,18,,,2,25,,6075,18,,,2
3501,'2',708,,6076,18,,,2,30,,6077,18,,,2,70,,6078,18,,,2,30,,6079,18,,,2,69,,6080,18,,,2,33,,6081,18,,,2,86,,6082,18,,,2,85,,6083,18,,,2,47,,6084,18,,,2,87,,6085,18,,,2,89,,6086,18,,,2,85,,6088,18,,,2,86,,6089,18,,,2,45,,6090,18,,,2,85,,6091,18,,,2,84,,6092,18,,,2,83,,6087,18,,,2,42,,6093,18,,,2,78,,6094,18,,,2,85,,6095,18,,,2,30,,6096,18,,,2,68,,6097,18,,,2,28,,6098,18,,,2,70,,6099,18,,,2,30,,6100,18,,,2,68,,6101,18,,,2,25,,6102,18,,,2
3501,'3',838,,6103,18,,,2,69,,6104,18,,,2,33,,6105,18,,,2,86,,6106,18,,,2,85,,6107,18,,,2,47,,6108,18,,,2,87,,6109,18,,,2,89,,6110,18,,,2,85,,6111,18,,,2,86,,6112,18,,,2,45,,6114,18,,,2,85,,6115,18,,,2,84,,6116,18,,,2,83,,6117,18,,,2,42,,6118,18,,,2,78,,6119,18,,,2,85,,6113,18,,,2
3501,'71',550,,4652,16,,,2,96,,4653,18,,,2,70,,4654,18,,,2,110,,4658,18,,,2,80,,4655,18,,,2,40,,4656,18,,,2,97,,4659,18,,,2,102,,4660,18,,,2,98,,4657,18,,,2,101,,4662,18,,,2,102,,4661,18,,,2,113,,4663,18,,,2,73,,4664,18,,,2,76,,4665,18,,,2,34,,4666,18,,,2,104,,4667,18,,,2,90,,4670,18,,,2,92,,4671,18,,,2,98,,4672,18,,,2,108,,4668,18,,,2,93,,4669,18,,,2
3501,'72',701,,4673,18,,,2,100,,4674,18,,,2,101,,4675,18,,,2,100,,4676,18,,,2,100,,4677,18,,,2,101,,4678,18,,,2,106,,4679,18,,,2,102,,4680,18,,,2,101,,4681,18,,,2,100,,4682,18,,,2,92,,4683,18,,,2,97,,4684,18,,,2,56,,4685,18,,,2,150,,4686,18,,,2,98,,4687,18,,,2,98,,4688,18,,,2,98,,4689,18,,,2
3501,'73',902,,4690,18,,,2,100,,4691,18,,,2,100,,4692,18,,,2,101,,4693,18,,,2,106,,4694,18,,,2,102,,4695,18,,,2,101,,4696,18,,,2,100,,4697,18,,,2,92,,4698,18,,,2,97,,4699,18,,,2,56,,4700,18,,,2,143,,4701,18,,,2
35100,'15',714,,6307,15,,,2
35100,'84',714,,4953,15,,,2
35101,'85',1540,,4954,39,,,2
35500,'12',804,,6308,15,,,2
35500,'82',807,,4955,15,,,2
35501,'83',1653,,4956,49,,,2
5003601,'1',1649,,6393,18,,,2,64,,6392,18,,,2
