3600,'1',617,,750,15,,,2,136,,751,15,,,2,94,,752,15,,,2,162,,753,15,,,2,101,,754,15,,,2,100,,755,15,,,2,102,,756,15,,,2,100,,757,15,,,2,100,,758,15,,,2,305,,759,15,,,2,90,,760,15,,,2,93,,761,15,,,2,57,,762,15,,,2,144,,763,15,,,2,53,,764,15,,,2
3600,'3',617,,765,15,,,2,136,,766,15,,,2,256,,767,15,,,2,101,,768,15,,,2,100,,770,15,,,2,102,,769,15,,,2,100,,771,15,,,2,100,,772,15,,,2,305,,773,15,,,2,90,,774,15,,,2,93,,775,15,,,2,57,,776,15,,,2,144,,777,15,,,2,53,,778,15,,,2
3600,'4',617,,779,15,,,2,136,,783,15,,,2,256,,782,15,,,2,101,,780,15,,,2,100,,781,15,,,2,102,,784,15,,,2,100,,785,15,,,2,100,,786,15,,,2,305,,787,15,,,2,90,,790,15,,,2,93,,791,15,,,2,57,,792,15,,,2,144,,788,15,,,2,53,,789,15,,,2
3600,'6',730,,793,15,,,2,100,,794,15,,,2,101,,795,15,,,2,100,,796,15,,,2,105,,797,15,,,2,100,,798,15,,,2,100,,799,15,,,2,102,,800,15,,,2,101,,801,15,,,2,99,,802,15,,,2,97,,807,15,,,2,97,,808,15,,,2,91,,809,15,,,2,109,,803,15,,,2,99,,804,15,,,2,97,,805,15,,,2,93,,806,15,,,2
3600,'8',830,,810,15,,,2,101,,811,15,,,2,100,,812,15,,,2,105,,813,15,,,2,100,,814,15,,,2,100,,815,15,,,2,102,,816,15,,,2,101,,817,15,,,2,99,,818,15,,,2,97,,819,15,,,2,97,,820,15,,,2,91,,821,15,,,2
5003600,'1',650,,1343,15,,,2,68,,1342,15,,,2
5003600,'3',650,,1345,15,,,2,68,,1344,15,,,2
5003600,'4',650,,1347,15,,,2,68,,1346,15,,,2
5003601,'1',1613,,1350,29,,,2,45,,1348,29,,,2,62,,1349,29,,,2
5003601,'3',1646,,1351,29,,,2,67,,1352,29,,,2
5003601,'4',1651,,1353,29,,,2,62,,1354,29,,,2
