905231701,'27',2309,,6491,68,4,,2,29,,6494,68,4,,2,70,,6489,68,4,,2,30,,6492,68,4,,2,70,,6490,68,4,,2,30,,6493,68,4,,2,70,,6495,68,4,,2
905231701,'28',2309,,6498,68,4,,2,29,,6501,68,4,,2,70,,6496,68,4,,2,30,,6499,68,4,,2,70,,6497,68,4,,2,30,,6500,68,4,,2,70,,6502,68,4,,2
905231701,'29',2309,,6505,68,4,,2,29,,6508,68,4,,2,70,,6503,68,4,,2,30,,6506,68,4,,2,70,,6504,68,4,,2,30,,6507,68,4,,2,70,,6509,68,4,,2
1200000101,'1',1616,,7148,72,,,1,32,,7149,72,,,1,71,,7150,72,,,1,30,,7151,72,,,1
1200000101,'71',1612,,5070,72,,,1,32,,5071,72,,,1,71,,5069,72,,,1,30,,5072,72,,,1
1200000301,'1',618,,7508,21,,,1,28,,7513,21,,,1,77,,7506,34,,,1,20,,7510,34,,,1,75,,7516,34,,,1,29,,7511,34,,,1,65,,7519,34,,,1,25,,7507,34,,,1,69,,7517,34,,,1,27,,7515,34,,,1,73,,7520,34,,,1,33,,7521,34,,,1,70,,7523,34,,,1,34,,7525,34,,,1,72,,7527,34,,,1,28,,7522,34,,,1,70,,7524,34,,,1,28,,7526,34,,,1,71,,7528,34,,,1,36,,7529,34,,,1,60,,7532,31,,,1,23,,7530,31,,,1,18,,7535,31,,,1,59,,7534,31,,,1,11,,7539,31,,,1,13,,7537,31,,,1,14,,7538,31,,,1,56,,7541,31,,,1,14,,7533,31,,,1,12,,7536,31,,,1,15,,7531,31,,,1,68,,7540,31,,,1,24,,7544,34,,,1,24,,7542,34,,,1,71,,7543,34,,,1,70,,7545,34,,,1,29,,7546,34,,,1,73,,7549,34,,,1,31,,7547,21,,,1,70,,7550,21,,,1,28,,7548,21,,,1,70,,7551,21,,,1,39,,7552,21,,,1
1200000301,'2',758,,7553,34,,,1,70,,7556,34,,,1,31,,7559,34,,,1,72,,7562,34,,,1,71,,7554,34,,,1,32,,7557,34,,,1,71,,7560,34,,,1,31,,7563,34,,,1,71,,7555,34,,,1,31,,7558,34,,,1,71,,7561,34,,,1,31,,7564,34,,,1,71,,7565,34,,,1,30,,7568,34,,,1,70,,7574,34,,,1,30,,7571,34,,,1,70,,7566,34,,,1,31,,7569,34,,,1,71,,7575,34,,,1,27,,7572,34,,,1,68,,7567,34,,,1,28,,7570,34,,,1,67,,7576,34,,,1,27,,7573,34,,,1,75,,7577,21,,,1,100,,7578,21,,,1,96,,7579,21,,,1,58,,7580,21,,,1,78,,7581,21,,,1,102,,7582,21,,,1
1200000301,'27',2232,,7584,24,,,1,70,,7587,24,,,1,30,,7589,24,,,1,83,,7585,24,,,1,28,,7588,24,,,1,70,,7583,24,,,1,30,,7586,24,,,1
1200000301,'28',2232,,7591,24,,,1,70,,7594,24,,,1,30,,7596,24,,,1,83,,7592,24,,,1,28,,7595,24,,,1,70,,7590,24,,,1,30,,7593,24,,,1
1200000301,'29',2232,,7598,24,,,1,70,,7601,24,,,1,30,,7603,24,,,1,83,,7599,24,,,1,28,,7602,24,,,1,70,,7597,24,,,1,30,,7600,24,,,1
1200000301,'3',828,,7604,34,,,1,31,,7606,34,,,1,72,,7612,34,,,1,71,,7609,34,,,1,32,,7605,34,,,1,71,,7607,34,,,1,31,,7613,34,,,1,71,,7610,34,,,1,31,,7614,34,,,1,71,,7608,34,,,1,31,,7616,34,,,1,71,,7611,34,,,1,30,,7615,34,,,1,70,,7618,34,,,1,30,,7617,34,,,1,70,,7621,34,,,1,31,,7623,34,,,1,71,,7619,34,,,1,27,,7627,34,,,1,68,,7622,34,,,1,28,,7624,34,,,1,67,,7620,34,,,1,27,,7628,34,,,1,75,,7625,21,,,1,121,,7626,21,,,1
1200000301,'71',618,,5456,21,,,1,28,,5460,21,,,1,78,,5454,34,,,1,20,,5458,34,,,1,77,,5466,34,,,1,27,,5463,34,,,1,66,,5469,34,,,1,26,,5455,34,,,1,69,,5465,34,,,1,27,,5467,34,,,1,76,,5470,34,,,1,20,,5471,34,,,1,20,,5473,34,,,1,60,,5475,34,,,1,24,,5476,34,,,1,20,,5478,34,,,1,61,,5480,34,,,1,19,,5472,34,,,1,20,,5474,34,,,1,60,,5481,34,,,1,18,,5477,34,,,1,20,,5479,34,,,1,60,,5483,34,,,1,25,,5484,34,,,1,13,,5485,31,,,1,56,,5486,31,,,1,23,,5482,31,,,1,18,,5494,31,,,1,59,,5490,31,,,1,11,,5493,31,,,1,13,,5488,31,,,1,14,,5487,31,,,1,56,,5497,31,,,1,16,,5496,31,,,1,10,,5495,31,,,1,17,,5492,31,,,1,11,,5489,31,,,1,55,,5491,31,,,1,22,,5498,34,,,1,67,,5499,34,,,1,31,,5501,34,,,1,70,,5500,34,,,1,29,,5502,34,,,1,73,,5505,34,,,1,30,,5503,21,,,1,70,,5506,21,,,1,28,,5504,21,,,1,70,,5507,21,,,1,39,,5508,21,,,1
1200000301,'72',759,,5511,34,,,1,70,,5510,34,,,1,71,,5514,34,,,1,30,,5515,34,,,1,71,,5516,34,,,1,31,,5509,34,,,1,72,,5513,34,,,1,30,,5512,34,,,1,70,,5517,34,,,1,30,,5518,34,,,1,71,,5520,34,,,1,30,,5519,34,,,1,71,,5522,34,,,1,30,,5523,34,,,1,71,,5524,34,,,1,30,,5525,34,,,1,69,,5526,34,,,1,31,,5521,34,,,1,72,,5528,34,,,1,29,,5527,34,,,1,68,,5530,34,,,1,28,,5529,34,,,1,69,,5531,34,,,1,24,,5535,34,,,1,78,,5532,21,,,1,100,,5533,21,,,1,96,,5534,21,,,1,99,,5536,21,,,1,38,,5537,21,,,1,102,,5538,21,,,1
1200000301,'73',829,,5539,34,,,1,71,,5541,34,,,1,30,,5542,34,,,1,71,,5543,34,,,1,31,,5544,34,,,1,72,,5540,34,,,1,30,,5545,34,,,1,70,,5547,34,,,1,30,,5546,34,,,1,71,,5549,34,,,1,30,,5548,34,,,1,71,,5551,34,,,1,30,,5552,34,,,1,71,,5553,34,,,1,30,,5554,34,,,1,69,,5555,34,,,1,31,,5550,34,,,1,72,,5557,34,,,1,29,,5556,34,,,1,68,,5559,34,,,1,28,,5558,34,,,1,69,,5560,34,,,1,24,,5563,34,,,1,78,,5561,21,,,1,121,,5562,21,,,1
