2200,'1',554,,293,3,,,2,67,,307,41,,,2,22,,294,3,,,2,66,,309,3,,,2,30,,311,41,,,2,83,,310,3,0,14 1 15,2,89,,308,3,,,2,35,,295,3,,,2,72,,300,3,,,2,32,,296,3,,,2,70,,301,3,,,2,30,,297,3,,,2,71,,302,3,,,2,30,,298,3,,,2,70,,315,3,,,2,30,,299,3,,,2,69,,316,3,,,2,34,,305,3,,,2
2200,'2',554,,317,3,,,2,67,,327,41,,,2,22,,318,3,,,2,66,,331,3,,,2,30,,333,41,,,2,83,,332,3,,,2,89,,328,3,,,2,107,,319,3,,,2,102,,320,3,,,2,101,,321,3,,,2,100,,322,3,,,2,99,,323,3,,,2
2201,'1',1524,,344,35,,,2,23,,347,35,,,2,63,,351,35,,,2,46,,355,39,,,2,70,,356,35,,,2,32,,346,35,,,2,66,,357,35,,,2,30,,359,35,,,2,64,,358,35,,,2
2201,'2',1524,,367,35,,,2,23,,370,35,,,2,63,,374,35,,,2,46,,368,35,,,2,70,,375,35,,,2,32,,369,35,,,2,66,,376,35,,,2,30,,381,35,,,2,64,,377,35,,,2
22100,'14',702,,1128,3,,,2
22101,'15',1539,,1129,31,,,2
22500,'12',810,,1132,17,,,2
22501,'13',1648,,1133,9,,,2
22900,'17',838,,1134,3,,,2
22901,'18',1638,,1135,10,,,2
