11901,'18',1630,,1017,9,,,2
1200000100,'1',621,,1393,4,,,1,15,,1395,4,,,1,15,,1396,4,,,1,51,,1390,85,,,1,32,,1391,85,,,1,23,,1392,85,,,1,68,,1394,85,0,16 1 17,1,29,,1389,85,,,1
1200000100,'3',621,,1403,4,,,1,15,,1399,4,,,1,15,,1405,4,,,1,51,,1400,85,,,1,32,,1401,85,,,1,23,,1402,85,,,1,68,,1404,85,0,16 1 17,1,29,,1398,85,,,1
1200000100,'4',621,,1411,4,,,1,15,,1413,4,,,1,15,,1414,4,,,1,51,,1408,85,,,1,32,,1409,85,,,1,23,,1410,85,,,1,68,,1412,85,0,16 1 17,1,29,,1407,85,,,1
1200000201,'1',542,,1675,4,,,1,61,,1682,4,,,1,17,,1687,4,,,1,18,,1668,34,,,1,62,,1678,4,,,1,10,,1672,48,,,1,9,,1685,34,,,1,7,,1671,48,,,1,8,,1680,34,,,1,9,,1674,48,,,1,60,,1676,48,,,1,11,,1670,48,,,1,9,,1683,48,,,1,16,,1673,48,,,1,18,,1689,48,,,1,56,,1669,48,,,1,14,,1679,48,,,1,15,,1691,48,,,1,11,,1686,48,,,1,54,,1681,48,,,1,12,,1692,48,,,1,16,,1677,48,,,1,12,,1695,48,,,1,57,,1688,48,,,1,18,,1690,48,,,1,14,,1696,48,,,1,15,,1694,48,,,1,55,,1698,48,,,1,15,,1700,48,,,1,15,,1693,48,,,1,18,,1701,48,,,1,55,,1702,48,,,1,15,,1703,48,,,1,14,,1704,48,,,1,15,,1706,48,,,1,56,,1697,48,,,1,15,,1699,48,,,1,15,,1709,48,,,1,16,,1710,48,,,1,54,,1712,48,,,1,16,,1708,48,,,1,17,,1713,48,,,1,13,,1714,48,,,1,54,,1705,48,,,1,22,,1707,48,,,1,19,,1715,48,,,1,54,,1716,48,,,1,8,,1725,34,,,1,13,,1718,48,,,1,8,,1720,48,,,1,12,,1711,48,,,1,9,,1723,48,,,1,52,,1726,48,,,1,11,,1727,48,,,1,12,,1731,48,,,1,10,,1734,48,,,1,14,,1719,48,,,1,47,,1717,48,,,1,7,,1732,48,,,1,13,,1733,48,,,1,14,,1722,48,,,1,12,,1721,48,,,1,54,,1728,48,,,1,14,,1724,48,,,1,20,,1729,48,,,1,69,,1736,48,,,1,32,,1730,48,,,1,76,,1738,48,,,1,25,,1740,48,,,1,69,,1737,48,,,1,25,,1735,48,,,1,72,,1739,48,,,1,43,,1741,48,,,1
1200000201,'21',1643,,1745,48,,,1,14,,1746,48,,,1
1200000201,'3',542,,1755,4,,,1,61,,1758,4,,,1,17,,1761,4,,,1,18,,1747,34,,,1,62,,1765,4,,,1,6,,1751,48,,,1,16,,1749,48,,,1,16,,1753,48,,,1,19,,1756,48,,,1,56,,1759,48,,,1,14,,1762,48,,,1,15,,1764,48,,,1,16,,1748,48,,,1,54,,1766,48,,,1,15,,1752,48,,,1,14,,1750,48,,,1,14,,1754,48,,,1,58,,1757,48,,,1,18,,1760,48,,,1,13,,1763,48,,,1,74,,1767,48,,,1,29,,1769,48,,,1,70,,1771,48,,,1,32,,1772,48,,,1,70,,1773,48,,,1,29,,1768,48,,,1,71,,1770,48,,,1,31,,1774,48,,,1,68,,1776,48,,,1,27,,1781,48,,,1,12,,1778,48,,,1,54,,1779,48,,,1,18,,1783,48,,,1,14,,1785,48,,,1,60,,1787,48,,,1,8,,1789,48,,,1,14,,1775,48,,,1,15,,1790,48,,,1,12,,1777,48,,,1,54,,1792,48,,,1,13,,1782,48,,,1,14,,1780,48,,,1,15,,1784,48,,,1,54,,1786,48,,,1,14,,1788,48,,,1,28,,1795,48,,,1,69,,1794,48,,,1,20,,1791,48,,,1,69,,1797,48,,,1,32,,1793,48,,,1,77,,1799,48,,,1,24,,1801,48,,,1,69,,1798,48,,,1,26,,1796,48,,,1,72,,1800,48,,,1,43,,1802,48,,,1
1200000201,'4',542,,1808,4,,,1,61,,1812,4,,,1,17,,1817,4,,,1,18,,1803,34,,,1,62,,1823,4,,,1,8,,1806,48,,,1,11,,1815,34,,,1,5,,1805,48,,,1,10,,1820,34,,,1,6,,1810,48,,,1,60,,1809,48,,,1,17,,1813,48,,,1,15,,1818,48,,,1,15,,1822,48,,,1,55,,1804,48,,,1,14,,1824,48,,,1,15,,1807,48,,,1,14,,1816,48,,,1,14,,1821,48,,,1,56,,1811,48,,,1,18,,1814,48,,,1,12,,1819,48,,,1,57,,1825,48,0,5 6 7,1,18,,1827,48,,,1,14,,1831,48,0,5 6 7,1,15,,1829,48,,,1,55,,1834,48,0,5 6 7,1,15,,1833,48,,,1,15,,1837,48,0,5 6 7,1,17,,1836,48,,,1,55,,1826,48,0,5 6 7,1,14,,1838,48,,,1,15,,1832,48,0,5 6 7,1,14,,1828,48,,,1,56,,1835,48,0,5 6 7,1,15,,1830,48,,,1,15,,1842,48,0,5 6 7,1,16,,1840,48,,,1,54,,1843,48,,,1,15,,1845,48,,,1,18,,1839,48,,,1,11,,1851,48,,,1,53,,1847,48,,,1,16,,1849,48,,,1,20,,1853,48,,,1,17,,1855,48,,,1,62,,1857,48,,,1,9,,1858,48,,,1,12,,1841,48,,,1,7,,1844,48,,,1,14,,1846,48,,,1,49,,1861,48,,,1,15,,1852,48,,,1,13,,1848,48,,,1,14,,1850,48,,,1,7,,1859,48,,,1,48,,1854,48,,,1,14,,1856,48,,,1,14,,1866,48,,,1,12,,1865,48,,,1,68,,1862,48,,,1,20,,1860,48,,,1,69,,1867,48,,,1,32,,1863,48,,,1,77,,1869,48,,,1,25,,1871,48,,,1,69,,1868,48,,,1,25,,1864,48,,,1,72,,1870,48,,,1,43,,1872,48,,,1
1200000201,'6',640,,1878,4,,,1,70,,1884,4,,,1,19,,1875,48,,,1,30,,1873,48,,,1,70,,1876,48,,,1,72,,1882,48,,,1,31,,1887,48,,,1,72,,1880,48,,,1,31,,1879,48,,,1,69,,1885,48,,,1,30,,1886,48,,,1,71,,1874,48,,,1,30,,1877,48,,,1,72,,1883,48,,,1,30,,1881,48,,,1,69,,1888,48,,,1,32,,1889,48,,,1,71,,1891,48,,,1,32,,1890,48,,,1,69,,1893,48,,,1,29,,1894,48,,,1,72,,1895,48,,,1,31,,1896,48,,,1,67,,1897,48,,,1,28,,1892,48,,,1,67,,1899,48,,,1,26,,1898,48,,,1,80,,1907,48,,,1,29,,1905,48,,,1,69,,1900,48,,,1,28,,1908,48,,,1,69,,1903,48,,,1,29,,1902,48,,,1,70,,1909,48,,,1,29,,1901,48,,,1,72,,1904,48,,,1,40,,1906,48,,,1
1200000201,'7',2108,,1910,48,,,1,28,,1911,48,,,1
1200000201,'9',640,,1913,4,,,1,70,,1917,4,,,1,30,,1920,4,,,1,70,,1924,4,,,1,19,,1912,48,,,1,72,,1915,48,,,1,31,,1919,48,,,1,72,,1922,48,,,1,31,,1914,48,,,1,69,,1918,48,,,1,30,,1921,48,,,1,71,,1925,48,,,1,30,,1926,48,,,1,72,,1916,48,,,1,30,,1927,48,,,1,69,,1923,48,,,1,32,,1928,48,,,1,71,,1930,48,,,1,32,,1929,48,,,1,69,,1932,48,,,1,29,,1933,48,,,1,72,,1934,48,,,1,31,,1935,48,,,1,67,,1937,48,,,1,28,,1931,48,,,1,67,,1939,48,,,1,26,,1938,48,,,1,80,,1940,48,,,1,29,,1936,48,,,1
1200000401,'1',1505,,2356,4,,,1,30,,2357,4,,,1,194,,2355,48,,,1,22,,2354,48,,,1,59,,2358,48,,,1
1200000401,'3',1505,,2365,4,,,1,30,,2367,4,,,1,181,,2366,48,,,1,26,,2363,48,,,1,61,,2364,48,,,1
1200000401,'4',1505,,2372,4,,,1,30,,2374,4,,,1,186,,2373,48,,,1,24,,2375,48,,,1,58,,2376,48,,,1
