2300,'1',603,,5924,38,,,2,155,,5919,38,,,2,80,,5927,38,,,2,74,,5904,38,,,2,36,,5906,38,,,2,70,,5905,38,,,2,30,,5907,38,,,2,70,,5908,38,,,2,30,,5909,38,,,2
2300,'13',837,,5928,2,0,14 1 15,2
2300,'2',640,,5930,38,,,2,100,,5931,38,,,2,101,,5932,38,,,2,102,,5933,38,,,2,102,,5934,38,,,2,102,,5935,38,,,2,101,,5936,38,,,2
2300,'3',740,,5942,38,,,2,101,,5943,38,,,2,102,,5944,38,,,2,102,,5945,38,,,2,102,,5946,38,,,2,101,,5947,38,,,2
2300,'71',603,,4520,38,,,2,150,,4525,38,,,2,85,,4529,38,0,14 1 15,2,71,,4507,38,,,2,36,,4510,38,,,2,70,,4508,38,,,2,31,,4511,38,,,2,70,,4509,38,,,2,30,,4512,38,,,2
2300,'72',642,,4531,38,,,2,101,,4532,38,,,2,101,,4533,38,,,2,101,,4534,38,,,2,101,,4535,38,,,2,100,,4536,38,,,2,101,,4537,38,,,2
2300,'73',743,,4543,38,,,2,101,,4544,38,,,2,101,,4545,38,,,2,101,,4546,38,,,2,100,,4547,38,,,2,101,,4548,38,,,2
2300,'87',837,,4554,2,0,14 1 15,2
22200,'15',714,,6289,5,,,2
22200,'84',714,,4925,5,,,2
22201,'85',1533,,4926,33,,,2
23500,'12',810,,6295,61,,,2
23500,'82',810,,4935,61,,,2
5002300,'1',630,,6378,38,,,2,26,,6379,38,,,2,69,,6380,38,,,2
5002300,'71',630,,5028,38,,,2,26,,5027,38,,,2,69,,5029,38,,,2
