20000,'1',836,,6243,1,0,38,2,70,,6242,1,0,38,2
20000,'71',836,,4882,1,,,2,70,,4879,1,,,2,27,,4881,1,,,2,69,,4880,1,,,2
20001,'1',1459,,6250,17,4,,2,75,,6251,17,4,,2
20001,'2',648,,6252,17,4,,2,70,,6254,17,4,,2
20001,'71',1503,,4892,22,4,,2,34,,4893,22,4,,2
20001,'72',640,,4896,22,4,,2,78,,4898,22,4,,2
5002300,'1',700,,6378,60,4,,2,33,,6379,60,4,,2,69,,6380,60,4,,2
5002300,'71',700,,5028,60,4,,2,33,,5027,60,4,,2,69,,5029,60,4,,2
5002301,'1',1607,,6382,1,,,2,29,5,6381,1,,,2
5002301,'71',1526,,5032,1,,,2,81,,5031,1,,,2,29,2,5030,1,,,2
5002400,'1',733,,6384,36,4,,2,67,,6383,36,4,,2
5002400,'71',733,,5034,36,4,,2,67,,5033,36,4,,2
5002401,'1',1608,,6385,1,,,2,30,10,6386,1,,,2
5002401,'71',1527,,5037,1,,,2,81,,5035,1,,,2,30,,5036,1,,,2
5003400,'1',706,,6388,38,4,,2,23,,6387,38,4,,2
5003400,'71',706,,5039,38,4,,2,22,,5038,38,4,,2
5003401,'1',1603,,6389,1,,,2
5003401,'71',1558,,5040,1,,,2
5003600,'1',728,,6390,26,4,,2,27,,6391,26,4,,2
5003600,'71',728,,5042,37,4,,2,27,,5041,37,4,,2
5003601,'1',1603,,6393,1,,,2,25,11,6392,1,,,2
5003601,'71',1524,,5045,1,,,2,79,53,5043,1,,,2,26,13,5044,1,,,2
5003700,'1',729,,6395,66,4,,2,77,,6394,66,4,,2
5003700,'71',707,,5046,73,4,,2,21,,5047,66,4,,2,76,,5048,66,4,,2
5003701,'1',1631,,6396,1,,,2
5003701,'71',1522,,5050,1,,,2,104,,5049,1,,,2
5003701,'81',1756,,5051,1,,,2
5003801,'1',1603,,6398,1,,,2,97,48,6397,1,,,2
5003801,'71',1603,46,5053,1,,,2,52,,5052,1,,,2
1200000200,'1',611,,7154,33,4,,1,15,,7153,55,4,,1,19,,7158,55,4,,1,61,,7159,55,4,,1,19,,7160,55,4,,1,19,,7162,55,4,,1,56,,7163,55,4,,1,16,,7152,55,4,,1,15,,7165,55,4,,1,15,,7157,55,4,,1,11,,7155,55,4,,1,52,,7161,55,4,,1,13,,7166,55,4,,1,14,,7164,55,4,,1,17,,7167,55,4,,1,70,,7169,55,4,,1,29,,7171,55,4,,1,70,,7156,55,4,,1,30,,7172,55,4,,1,70,,7168,55,4,,1,30,,7170,55,4,,1,71,,7174,55,4,,1,30,,7175,55,4,,1,69,,7173,55,4,,1,31,,7177,55,4,,1,59,,7179,55,4,,1,32,,7180,55,4,,1,57,,7181,55,4,,1,12,,7178,55,4,,1,14,,7182,55,4,,1,15,,7183,55,4,,1,17,,7185,55,4,,1,56,,7176,55,4,,1,11,,7188,55,4,,1,15,,7189,55,4,,1,15,,7192,55,4,,1,53,,7193,55,4,,1,15,,7187,55,4,,1,27,,7186,55,4,,1,67,,7184,55,4,,1,29,,7190,55,4,,1,70,,7196,55,4,,1,30,,7197,55,4,,1,70,,7199,55,4,,1,29,,7200,55,4,,1,72,,7194,55,4,,1,28,,7191,55,4,,1,72,,7198,55,4,,1,26,,7201,55,4,,1
1200000200,'2',748,,7205,55,4,,1,71,,7204,55,4,,1,31,,7208,55,4,,1,70,,7202,55,4,,1,30,,7207,55,4,,1,71,,7206,55,4,,1,31,,7210,55,4,,1,70,,7209,55,4,,1,31,,7203,55,4,,1,72,,7212,55,4,,1,30,,7214,55,4,,1,70,,7211,55,4,,1,30,,7216,55,4,,1,71,,7217,55,4,,1,30,,7213,55,4,,1,69,,7215,55,4,,1,30,,7219,55,4,,1,72,,7221,55,4,,1,30,,7218,55,4,,1,70,,7223,55,4,,1,29,,7224,55,4,,1,67,,7220,55,4,,1,25,,7222,55,4,,1,68,,7228,55,4,,1,30,,7227,55,4,,1,71,,7225,55,4,,1,29,,7229,55,4,,1,69,,7231,55,4,,1,30,,7230,55,4,,1,70,,7233,55,4,,1,30,,7226,55,4,,1,70,,7232,55,4,,1,30,,7234,55,4,,1
1200000200,'3',748,,7235,55,4,,1,71,,7236,55,4,,1,31,,7237,55,4,,1,70,,7238,55,4,,1,30,,7239,55,4,,1,71,,7243,55,4,,1,31,,7241,55,4,,1,70,,7245,55,4,,1,31,,7242,55,4,,1,72,,7240,55,4,,1,30,,7244,55,4,,1,70,,7247,55,4,,1,30,,7246,55,4,,1,71,,7248,55,4,,1,30,,7250,55,4,,1,69,,7252,55,4,,1,30,,7255,55,4,,1,72,,7257,55,4,,1,30,,7249,55,4,,1,70,,7251,55,4,,1,29,,7253,55,4,,1,67,,7256,55,4,,1,25,,7258,55,4,,1,68,,7260,55,4,,1,30,,7259,55,4,,1,71,,7254,55,4,,1,29,,7261,55,4,,1
1200000200,'71',610,,5075,33,4,,1,15,,5074,55,4,,1,19,,5078,55,4,,1,10,,5082,33,4,,1,49,,5080,55,4,,1,18,,5081,55,4,,1,18,,5077,55,4,,1,18,,5085,55,4,,1,55,,5073,55,4,,1,15,,5087,55,4,,1,15,,5076,55,4,,1,12,,5089,55,4,,1,52,,5083,55,4,,1,13,,5090,55,4,,1,15,,5079,55,4,,1,12,,5091,55,4,,1,57,,5084,55,4,,1,18,,5086,55,4,,1,14,,5092,55,4,,1,15,,5088,55,4,,1,55,,5094,55,4,,1,15,,5095,55,4,,1,15,,5096,55,4,,1,15,,5098,55,4,,1,55,,5099,55,4,,1,15,,5101,55,4,,1,15,,5102,55,4,,1,15,,5103,55,4,,1,56,,5093,55,4,,1,15,,5105,55,4,,1,15,,5106,55,4,,1,15,,5107,55,4,,1,54,,5097,55,4,,1,15,,5104,55,4,,1,15,,5100,55,4,,1,22,,5108,55,4,,1,53,,5109,55,4,,1,16,,5110,55,4,,1,15,,5111,55,4,,1,16,,5112,55,4,,1,52,,5113,55,4,,1,14,,5115,55,4,,1,15,,5117,55,4,,1,16,,5119,55,4,,1,49,,5121,42,4,,1,8,,5120,55,4,,1,11,,5122,55,4,,1,15,,5125,55,4,,1,15,,5126,55,4,,1,54,,5123,55,4,,1,14,,5124,55,4,,1,14,,5116,55,4,,1,14,,5114,55,4,,1,55,,5128,55,4,,1,14,,5118,55,4,,1,30,,5129,55,4,,1,70,,5127,55,4,,1,30,,5133,55,4,,1,70,,5135,55,4,,1,29,,5136,55,4,,1,72,,5130,55,4,,1,28,,5132,55,4,,1,72,,5134,55,4,,1,26,,5137,55,4,,1
1200000200,'72',748,,5139,55,4,,1,71,,5142,55,4,,1,30,,5143,55,4,,1,70,,5144,55,4,,1,30,,5138,55,4,,1,69,,5141,55,4,,1,30,,5140,55,4,,1,70,,5145,55,4,,1,30,,5146,55,4,,1,71,,5148,55,4,,1,29,,5147,55,4,,1,71,,5150,55,4,,1,30,,5151,55,4,,1,71,,5152,55,4,,1,30,,5153,55,4,,1,69,,5154,55,4,,1,30,,5149,55,4,,1,72,,5156,55,4,,1,30,,5155,55,4,,1,70,,5159,55,4,,1,30,,5158,55,4,,1,70,,5161,55,4,,1,26,,5162,55,4,,1,69,,5163,55,4,,1,30,,5165,55,4,,1,71,,5157,55,4,,1,29,,5167,55,4,,1,69,,5168,55,4,,1,30,,5164,55,4,,1,70,,5166,55,4,,1,29,,5160,55,4,,1,70,,5169,55,4,,1,30,,5170,55,4,,1
1200000200,'73',748,,5171,55,4,,1,71,,5173,55,4,,1,30,,5174,55,4,,1,70,,5175,55,4,,1,30,,5176,55,4,,1,69,,5172,55,4,,1,30,,5177,55,4,,1,70,,5179,55,4,,1,30,,5178,55,4,,1,71,,5181,55,4,,1,29,,5180,55,4,,1,71,,5183,55,4,,1,30,,5184,55,4,,1,71,,5185,55,4,,1,30,,5186,55,4,,1,69,,5188,55,4,,1,30,,5182,55,4,,1,72,,5191,55,4,,1,30,,5189,55,4,,1,70,,5193,55,4,,1,30,,5192,55,4,,1,70,,5195,55,4,,1,26,,5196,55,4,,1,69,,5197,55,4,,1,30,,5187,55,4,,1,71,,5194,55,4,,1,29,,5190,55,4,,1
1200000200,'89',712,,5198,33,4,,1,24,,5200,33,4,,1,87,,5199,24,4,,1
1200000201,'1',611,,7265,1,,,1,15,,7264,1,,,1,19,,7269,1,,,1,61,,7271,1,,,1,19,,7273,1,,,1,19,,7276,1,,,1,56,,7277,1,,,1,16,,7263,1,,,1,15,,7280,1,,,1,15,,7268,1,,,1,11,,7266,1,,,1,52,,7275,1,,,1,13,,7281,1,,,1,14,,7278,1,,,1,17,,7282,1,,,1,70,,7284,1,,,1,29,,7286,1,,,1,70,,7267,1,,,1,30,,7287,1,,,1,70,,7283,1,,,1,30,,7285,1,,,1,71,,7289,1,,,1,30,,7290,1,,,1,69,,7288,1,,,1,31,,7292,1,,,1,59,,7294,1,,,1,23,,7297,1,,,1,9,,7295,1,,,1,57,,7296,1,,,1,12,,7293,1,,,1,14,,7298,1,,,1,15,,7299,1,,,1,17,,7301,1,,,1,56,,7291,1,,,1,11,,7304,1,,,1,15,,7305,1,,,1,15,,7308,1,,,1,53,,7309,1,,,1,15,,7303,1,,,1,27,,7302,1,,,1,67,,7300,1,,,1,19,,7310,1,,,1,70,,7311,1,,,1,32,,7306,1,,,1,73,,7313,1,,,1,34,,7315,1,,,1,72,,7312,1,,,1,28,,7307,1,,,1,72,,7314,1,,,1,26,,7316,1,,,1
1200000201,'2',648,,7318,1,,,1,70,,7326,1,,,1,30,,7324,1,,,1,71,,7322,1,,,1,31,,7328,1,,,1,70,,7319,1,,,1,30,,7327,1,,,1,71,,7325,1,,,1,31,,7330,1,,,1,70,,7329,1,,,1,31,,7320,1,,,1,72,,7332,1,,,1,30,,7334,1,,,1,70,,7331,1,,,1,30,,7336,1,,,1,71,,7337,1,,,1,30,,7333,1,,,1,69,,7335,1,,,1,30,,7339,1,,,1,72,,7341,1,,,1,30,,7338,1,,,1,70,,7343,1,,,1,29,,7344,1,,,1,67,,7340,1,,,1,25,,7342,1,,,1,68,,7348,1,,,1,30,,7347,1,,,1,71,,7345,1,,,1,29,,7349,1,,,1,69,,7351,1,,,1,30,,7350,1,,,1,70,,7353,1,,,1,30,,7346,1,,,1,70,,7352,1,,,1,30,,7354,1,,,1
1200000201,'3',748,,7377,1,,,1,71,,7379,1,,,1,31,,7381,1,,,1,70,,7383,1,,,1,30,,7384,1,,,1,71,,7388,1,,,1,31,,7386,1,,,1,70,,7390,1,,,1,31,,7387,1,,,1,72,,7385,1,,,1,30,,7389,1,,,1,70,,7392,1,,,1,30,,7391,1,,,1,71,,7393,1,,,1,30,,7395,1,,,1,69,,7397,1,,,1,30,,7400,1,,,1,72,,7402,1,,,1,30,,7394,1,,,1,70,,7396,1,,,1,29,,7398,1,,,1,67,,7401,1,,,1,25,,7403,1,,,1,68,,7405,1,,,1,30,,7404,1,,,1,71,,7399,1,,,1,29,,7406,1,,,1
1200000201,'71',610,,5205,1,,,1,15,,5204,1,,,1,19,,5208,1,,,1,10,,5214,1,,,1,53,,5203,1,,,1,14,,5213,1,,,1,18,,5207,1,,,1,18,,5218,1,,,1,55,,5202,1,,,1,15,,5221,1,,,1,15,,5206,1,,,1,12,,5223,1,,,1,52,,5216,1,,,1,13,,5224,1,,,1,15,,5209,1,,,1,12,,5225,1,,,1,57,,5217,1,,,1,18,,5219,1,,,1,14,,5226,1,,,1,15,,5222,1,,,1,55,,5228,1,,,1,15,,5229,1,,,1,15,,5230,1,,,1,15,,5232,1,,,1,55,,5233,1,,,1,15,,5235,1,,,1,15,,5236,1,,,1,15,,5237,1,,,1,56,,5227,1,,,1,15,,5239,1,,,1,15,,5240,1,,,1,15,,5241,1,,,1,54,,5231,1,,,1,15,,5238,1,,,1,15,,5234,1,,,1,22,,5242,1,,,1,53,,5243,1,,,1,16,,5244,1,,,1,15,,5245,1,,,1,16,,5246,1,,,1,52,,5247,1,,,1,14,,5249,1,,,1,15,,5251,1,,,1,16,,5254,1,,,1,57,,5255,1,,,1,11,,5256,1,,,1,15,,5259,1,,,1,15,,5260,1,,,1,54,,5257,1,,,1,14,,5258,1,,,1,14,,5250,1,,,1,14,,5248,1,,,1,55,,5261,1,,,1,14,,5252,1,,,1,20,,5262,1,,,1,70,,5263,1,,,1,32,,5265,1,,,1,73,,5267,1,,,1,34,,5269,1,,,1,72,,5264,1,,,1,28,,5266,1,,,1,72,,5268,1,,,1,26,,5270,1,,,1
1200000201,'72',640,,5272,1,,,1,65,,5271,1,,,1,30,,5273,1,,,1,71,,5279,1,,,1,30,,5284,1,,,1,72,,5277,1,,,1,31,,5276,1,,,1,68,,5282,1,,,1,30,,5283,1,,,1,71,,5285,1,,,1,29,,5274,1,,,1,71,,5280,1,,,1,30,,5278,1,,,1,69,,5286,1,,,1,32,,5287,1,,,1,69,,5289,1,,,1,33,,5288,1,,,1,69,,5291,1,,,1,29,,5292,1,,,1,72,,5293,1,,,1,31,,5294,1,,,1,68,,5295,1,,,1,29,,5290,1,,,1,70,,5297,1,,,1,28,,5296,1,,,1,79,,5300,1,,,1,30,,5302,1,,,1,71,,5298,1,,,1,29,,5304,1,,,1,69,,5305,1,,,1,30,,5301,1,,,1,70,,5303,1,,,1,29,,5299,1,,,1,70,,5306,1,,,1,30,,5307,1,,,1
1200000201,'73',735,,5308,1,,,1,71,,5311,1,,,1,30,,5315,1,,,1,72,,5318,1,,,1,31,,5310,1,,,1,68,,5314,1,,,1,30,,5317,1,,,1,71,,5320,1,,,1,29,,5321,1,,,1,71,,5312,1,,,1,30,,5322,1,,,1,69,,5324,1,,,1,32,,5323,1,,,1,69,,5326,1,,,1,33,,5325,1,,,1,69,,5328,1,,,1,29,,5329,1,,,1,72,,5330,1,,,1,31,,5331,1,,,1,68,,5333,1,,,1,29,,5327,1,,,1,70,,5336,1,,,1,28,,5334,1,,,1,79,,5338,1,,,1,30,,5332,1,,,1,71,,5337,1,,,1,29,,5335,1,,,1
1200000201,'81',1451,,5341,1,,,1
1200000201,'89',1523,,5345,1,,,1,15,,5346,1,,,1
1200000300,'1',638,,7407,51,4,,1,18,,7410,51,4,,1,59,,7412,51,4,,1,13,,7415,51,4,,1,10,,7409,51,4,,1,16,,7417,51,4,,1,53,,7413,51,4,,1,15,,7418,51,4,,1,14,,7420,51,4,,1,14,,7408,51,4,,1,56,,7411,53,4,,1,14,,7416,53,4,,1,27,,7414,53,4,,1,73,,7419,53,4,,1,33,,7421,53,4,,1,70,,7423,53,4,,1,30,,7425,53,4,,1,72,,7427,53,4,,1,30,,7422,53,4,,1,70,,7424,53,4,,1,28,,7426,53,4,,1,70,,7428,53,4,,1,29,,7429,53,4,,1,75,,7430,53,4,,1,31,,7433,55,4,,1,68,,7434,55,4,,1,28,,7435,55,4,,1,71,,7432,55,4,,1,30,,7431,55,4,,1,73,,7436,55,4,,1,23,,7439,53,4,,1,65,,7437,53,4,,1,21,,7441,53,4,,1,70,,7442,53,4,,1,32,,7440,53,4,,1,73,,7447,53,4,,1
1200000300,'2',718,,7450,53,4,,1,30,,7453,53,4,,1,71,,7456,53,4,,1,31,,7459,53,4,,1,70,,7451,53,4,,1,31,,7454,53,4,,1,69,,7457,53,4,,1,31,,7460,53,4,,1,71,,7452,53,4,,1,31,,7455,53,4,,1,71,,7458,53,4,,1,30,,7461,53,4,,1,71,,7462,53,4,,1,30,,7466,53,4,,1,70,,7472,53,4,,1,30,,7469,53,4,,1,70,,7463,53,4,,1,30,,7467,53,4,,1,71,,7473,53,4,,1,28,,7470,53,4,,1,70,,7464,53,4,,1,30,,7468,53,4,,1,68,,7474,53,4,,1,29,,7471,53,4,,1
1200000300,'3',748,,7480,53,4,,1,71,,7482,53,4,,1,31,,7488,53,4,,1,70,,7485,53,4,,1,31,,7481,53,4,,1,69,,7483,53,4,,1,31,,7489,53,4,,1,71,,7486,53,4,,1,31,,7490,53,4,,1,71,,7484,53,4,,1,30,,7492,53,4,,1,71,,7487,53,4,,1,30,,7491,53,4,,1,70,,7494,53,4,,1,30,,7493,53,4,,1,70,,7498,53,4,,1,30,,7501,53,4,,1,71,,7495,53,4,,1,28,,7504,53,4,,1,70,,7499,53,4,,1,30,,7502,53,4,,1,68,,7496,53,4,,1,29,,7505,53,4,,1
1200000300,'71',638,,5347,51,4,,1,18,,5350,51,4,,1,59,,5352,51,4,,1,13,,5354,51,4,,1,10,,5349,51,4,,1,10,,5356,51,4,,1,10,,5359,51,4,,1,49,,5353,51,4,,1,15,,5361,51,4,,1,14,,5363,51,4,,1,14,,5348,51,4,,1,56,,5351,53,4,,1,14,,5357,53,4,,1,13,,5360,53,4,,1,14,,5358,53,4,,1,55,,5355,53,4,,1,21,,5362,53,4,,1,20,,5364,53,4,,1,60,,5366,53,4,,1,20,,5368,53,4,,1,20,,5369,53,4,,1,60,,5371,53,4,,1,22,,5373,53,4,,1,20,,5365,53,4,,1,60,,5367,53,4,,1,20,,5374,53,4,,1,18,,5370,53,4,,1,60,,5372,53,4,,1,19,,5376,53,4,,1,20,,5378,53,4,,1,59,,5380,53,4,,1,26,,5375,53,4,,1,31,,5383,55,4,,1,68,,5377,55,4,,1,29,,5379,55,4,,1,72,,5384,55,4,,1,28,,5382,55,4,,1,73,,5381,55,4,,1,20,,5385,53,4,,1,68,,5386,53,4,,1,21,,5388,53,4,,1,70,,5390,53,4,,1,32,,5391,53,4,,1,73,,5395,53,4,,1
1200000300,'72',705,,5398,53,4,,1,30,,5399,53,4,,1,71,,5404,53,4,,1,30,,5408,53,4,,1,72,,5402,53,4,,1,31,,5401,53,4,,1,68,,5406,53,4,,1,30,,5407,53,4,,1,71,,5409,53,4,,1,29,,5400,53,4,,1,71,,5405,53,4,,1,30,,5403,53,4,,1,69,,5410,53,4,,1,32,,5411,53,4,,1,69,,5413,53,4,,1,33,,5412,53,4,,1,69,,5415,53,4,,1,29,,5416,53,4,,1,72,,5417,53,4,,1,31,,5418,53,4,,1,68,,5419,53,4,,1,29,,5414,53,4,,1,70,,5421,53,4,,1,28,,5420,53,4,,1
1200000300,'73',735,,5428,53,4,,1,71,,5430,53,4,,1,30,,5433,53,4,,1,72,,5435,53,4,,1,31,,5429,53,4,,1,68,,5432,53,4,,1,30,,5434,53,4,,1,71,,5436,53,4,,1,29,,5437,53,4,,1,71,,5431,53,4,,1,30,,5438,53,4,,1,69,,5440,53,4,,1,32,,5439,53,4,,1,69,,5442,53,4,,1,33,,5441,53,4,,1,69,,5444,53,4,,1,29,,5445,53,4,,1,72,,5446,53,4,,1,31,,5447,53,4,,1,68,,5448,53,4,,1,29,,5443,53,4,,1,70,,5450,53,4,,1,28,,5449,53,4,,1
1200000301,'1',638,,7506,1,,,1,18,,7510,1,,,1,72,,7516,1,,,1,27,,7511,1,,,1,67,,7519,1,,,1,28,,7507,1,,,1,70,,7517,1,,,1,27,,7515,1,,,1,73,,7520,1,,,1,33,,7521,1,,,1,70,,7523,1,,,1,30,,7525,1,,,1,72,,7527,1,,,1,30,,7522,1,,,1,70,,7524,1,,,1,28,,7526,1,,,1,70,,7528,1,,,1,29,,7529,1,,,1,57,50,7532,1,,,1,18,,7530,1,,,1,22,15,7535,1,,,1,9,,7534,1,,,1,63,,7539,1,,,1,5,,7537,1,,,1,28,,7538,1,,,1,58,,7541,1,,,1,13,,7533,1,,,1,19,19,7536,1,,,1,11,,7531,1,,,1,73,,7540,1,,,1,23,,7544,1,,,1,65,,7542,1,,,1,31,,7543,1,,,1,70,,7545,1,,,1,30,,7546,1,,,1,70,,7549,1,,,1
1200000301,'2',718,,7553,1,,,1,30,,7556,1,,,1,71,,7559,1,,,1,31,,7562,1,,,1,70,,7554,1,,,1,31,,7557,1,,,1,69,,7560,1,,,1,31,,7563,1,,,1,71,,7555,1,,,1,31,,7558,1,,,1,71,,7561,1,,,1,30,,7564,1,,,1,71,,7565,1,,,1,30,,7568,1,,,1,70,,7574,1,,,1,30,,7571,1,,,1,70,,7566,1,,,1,30,,7569,1,,,1,71,,7575,1,,,1,28,,7572,1,,,1,70,,7567,1,,,1,30,,7570,1,,,1,68,,7576,1,,,1,29,,7573,1,,,1
1200000301,'3',748,,7604,1,,,1,71,,7606,1,,,1,31,,7612,1,,,1,70,,7609,1,,,1,31,,7605,1,,,1,69,,7607,1,,,1,31,,7613,1,,,1,71,,7610,1,,,1,31,,7614,1,,,1,71,,7608,1,,,1,30,,7616,1,,,1,71,,7611,1,,,1,30,,7615,1,,,1,70,,7618,1,,,1,30,,7617,1,,,1,70,,7621,1,,,1,30,,7623,1,,,1,71,,7619,1,,,1,28,,7627,1,,,1,70,,7622,1,,,1,30,,7624,1,,,1,68,,7620,1,,,1,29,,7628,1,,,1
1200000301,'71',638,,5454,1,,,1,18,,5458,1,,,1,74,,5466,1,,,1,25,,5463,1,,,1,67,,5469,1,,,1,28,,5455,1,,,1,70,,5465,1,,,1,27,,5467,1,,,1,76,,5470,1,,,1,20,,5471,1,,,1,60,,5473,1,,,1,20,,5475,1,,,1,20,,5476,1,,,1,60,,5478,1,,,1,22,,5480,1,,,1,20,,5472,1,,,1,60,,5474,1,,,1,20,,5481,1,,,1,18,,5477,1,,,1,60,,5479,1,,,1,19,,5483,1,,,1,20,,5484,1,,,1,59,,5485,1,,,1,14,12,5486,1,,,1,12,,5482,1,,,1,22,12,5494,1,,,1,59,3,5490,1,,,1,13,13,5493,1,,,1,16,20,5488,1,,,1,17,10,5487,1,,,1,58,11,5497,1,,,1,15,,5496,1,,,1,17,19,5495,1,,,1,11,,5492,1,,,1,60,10,5489,1,,,1,13,,5491,1,,,1,20,,5498,1,,,1,68,,5499,1,,,1,31,,5501,1,,,1,70,,5500,1,,,1,30,,5502,1,,,1,70,,5505,1,,,1
1200000301,'72',718,,5511,1,,,1,30,,5510,1,,,1,71,,5514,1,,,1,30,,5515,1,,,1,70,,5516,1,,,1,30,,5509,1,,,1,69,,5513,1,,,1,30,,5512,1,,,1,70,,5517,1,,,1,30,,5518,1,,,1,71,,5520,1,,,1,29,,5519,1,,,1,71,,5522,1,,,1,30,,5523,1,,,1,71,,5524,1,,,1,30,,5525,1,,,1,69,,5526,1,,,1,30,,5521,1,,,1,72,,5528,1,,,1,30,,5527,1,,,1,70,,5530,1,,,1,30,,5529,1,,,1,70,,5531,1,,,1,26,,5535,1,,,1
1200000301,'73',748,,5539,1,,,1,71,,5541,1,,,1,30,,5542,1,,,1,70,,5543,1,,,1,30,,5544,1,,,1,69,,5540,1,,,1,30,,5545,1,,,1,70,,5547,1,,,1,30,,5546,1,,,1,71,,5549,1,,,1,29,,5548,1,,,1,71,,5551,1,,,1,30,,5552,1,,,1,71,,5553,1,,,1,30,,5554,1,,,1,69,,5555,1,,,1,30,,5550,1,,,1,72,,5557,1,,,1,30,,5556,1,,,1,70,,5559,1,,,1,30,,5558,1,,,1,70,,5560,1,,,1,26,,5563,1,,,1
1200000400,'1',734,,7629,57,4,,1,19,,7630,57,4,,1
1200000400,'71',730,,5565,57,4,,1,18,,5566,57,4,,1,56,,5567,57,4,,1,15,,5564,57,4,,1
1200000401,'1',1613,,7635,1,,,1,27,16,7633,1,,,1
1200000401,'71',1609,53,5572,1,,,1,31,12,5571,1,,,1,63,,5575,1,,,1
