1501,'71',654,,4438,29,,,2,64,,4436,29,,,2,33,,4439,29,,,2,164,,4437,12,,,2,115,,4440,12,,,2,116,,4441,12,,,2,70,,4442,12,,,2,117,,4444,12,,,2,115,,4445,12,,,2,94,,4443,29,,,2,86,,4446,29,,,2,16,,4448,29,,,2,71,,4450,29,,,2,35,,4449,29,,,2,77,,4447,12,,,2,76,,4451,12,,,2,105,,4452,12,,,2,105,,4453,12,,,2,42,,4454,12,,,2
1501,'88',1646,,4455,14,,,2
15601,'83',1619,,4876,13,,,2
20001,'71',551,,4888,10,0,14,2,60,,4889,10,0,14,2,7,,4890,10,0,14,2,8,,4891,10,0,14,2,801,,4892,10,,,2,29,,4893,10,,,2,77,,4894,10,0,14,2,307,,4895,10,0,14,2
20001,'72',614,,4896,10,,,2,20,,4897,10,0,14,2,16,,4898,10,,,2
21001,'71',530,,4909,10,,,2,27,,4910,10,,,2,56,,4911,10,,,2,13,,4912,10,,,2,324,,4913,10,,,2,162,,4914,10,,,2,894,,4915,10,,,2
21001,'72',556,,4916,10,,,2,69,,4917,10,,,2,30,,4918,10,,,2,70,,4919,10,,,2
21001,'73',625,,4920,10,,,2,30,,4921,10,,,2,70,,4922,10,,,2
35001,'71',1544,,4952,10,,,2
38001,'71',526,,4962,10,,,2,88,,4963,10,,,2,19,,4964,10,,,2
2000001501,'72',758,,5628,12,,,2,142,,5629,12,,,2,103,,5630,12,,,2,108,,5631,12,,,2,94,,5632,12,,,2,108,,5633,12,,,2,142,,5634,12,,,2,99,,5635,12,,,2,103,,5636,12,,,2,99,,5637,12,,,2,98,,5638,12,,,2
2000001501,'73',900,,5639,12,,,2,103,,5640,12,,,2,108,,5641,12,,,2,94,,5642,12,,,2,108,,5643,12,,,2,142,,5644,12,,,2,99,,5645,12,,,2,103,,5646,12,,,2,99,,5647,12,,,2,98,,5648,12,,,2
