24200,'15',716,,6297,12,,,2
24200,'84',716,,4939,12,,,2
24600,'12',813,,6299,10,,,2
24600,'82',813,,4943,10,,,2
1200000100,'1',553,,7140,34,0,14,1,64,,7141,34,,,1,29,,7142,34,,,1,59,,7143,34,,,1,29,,7146,34,0,16 1 17,1,72,,7144,34,,,1
1200000100,'71',553,,5060,34,0,14,1,64,,5061,34,,,1,29,,5062,34,,,1,59,,5063,34,,,1,29,,5066,34,0,16 1 17,1,72,,5064,34,,,1
1200000300,'1',615,,7407,34,,,1,15,,7410,34,,,1,14,,7412,34,,,1,10,,7415,34,,,1,49,,7409,34,,,1,15,,7417,34,,,1,14,,7413,34,,,1,15,,7418,34,,,1,57,,7420,34,,,1,16,,7408,34,,,1,15,,7411,34,,,1,15,,7416,34,,,1,70,,7414,34,,,1,32,,7419,34,,,1,73,,7421,34,,,1,30,,7423,34,,,1,70,,7425,34,,,1,32,,7427,34,,,1,70,,7422,34,,,1,30,,7424,34,,,1,68,,7426,34,,,1,30,,7428,34,,,1,69,,7429,34,,,1,34,,7430,34,,,1,71,,7433,36,,,1,27,,7434,36,,,1,68,,7435,36,,,1,32,,7432,36,,,1,71,,7431,36,,,1,73,,7436,36,,,1,24,,7439,34,,,1,27,,7437,34,,,1,61,,7441,34,,,1,30,,7442,34,,,1,72,,7440,34,,,1,34,,7447,34,,,1,66,,7438,34,,,1,27,,7443,34,,,1,70,,7444,34,,,1,30,,7448,34,,,1,66,,7445,34,,,1,30,,7449,34,,,1,68,,7446,34,,,1
1200000300,'2',653,,7450,34,,,1,70,,7453,34,,,1,30,,7456,34,,,1,71,,7459,34,,,1,30,,7451,34,,,1,70,,7454,34,,,1,30,,7457,34,,,1,71,,7460,34,,,1,31,,7452,34,,,1,70,,7455,34,,,1,31,,7458,34,,,1,70,,7461,34,,,1,31,,7462,34,,,1,70,,7466,34,,,1,30,,7472,34,,,1,70,,7469,34,,,1,30,,7463,34,,,1,70,,7467,34,,,1,29,,7473,34,,,1,70,,7470,34,,,1,30,,7464,34,,,1,70,,7468,34,,,1,29,,7474,34,,,1,70,,7471,34,,,1,19,,7465,34,,,1,95,,7475,34,,,1,100,,7476,34,,,1,96,,7477,34,,,1,99,,7478,34,,,1,177,,7479,34,,,1
1200000300,'3',723,,7480,34,,,1,30,,7482,34,,,1,71,,7488,34,,,1,30,,7485,34,,,1,70,,7481,34,,,1,30,,7483,34,,,1,71,,7489,34,,,1,31,,7486,34,,,1,70,,7490,34,,,1,31,,7484,34,,,1,70,,7492,34,,,1,31,,7487,34,,,1,70,,7491,34,,,1,30,,7494,34,,,1,70,,7493,34,,,1,30,,7498,34,,,1,70,,7501,34,,,1,29,,7495,34,,,1,70,,7504,34,,,1,30,,7499,34,,,1,70,,7502,34,,,1,29,,7496,34,,,1,70,,7505,34,,,1,19,,7500,34,,,1,95,,7497,34,,,1,117,,7503,34,,,1
1200000300,'71',615,,5347,34,,,1,15,,5350,34,,,1,14,,5352,34,,,1,10,,5354,34,,,1,49,,5349,34,,,1,10,,5356,34,,,1,9,,5359,34,,,1,10,,5353,34,,,1,15,,5361,34,,,1,57,,5363,34,,,1,16,,5348,34,,,1,15,,5351,34,,,1,15,,5357,34,,,1,55,,5360,34,,,1,15,,5358,34,,,1,15,,5355,34,,,1,20,,5362,34,,,1,60,,5364,34,,,1,20,,5366,34,,,1,20,,5368,34,,,1,60,,5369,34,,,1,20,,5371,34,,,1,22,,5373,34,,,1,60,,5365,34,,,1,20,,5367,34,,,1,20,,5374,34,,,1,58,,5370,34,,,1,20,,5372,34,,,1,19,,5376,34,,,1,60,,5378,34,,,1,19,,5380,34,,,1,25,,5375,34,,,1,71,,5383,36,,,1,27,,5377,36,,,1,69,,5379,36,,,1,33,,5384,36,,,1,69,,5382,36,,,1,73,,5381,36,,,1,21,,5385,34,,,1,30,,5386,34,,,1,61,,5388,34,,,1,30,,5390,34,,,1,72,,5391,34,,,1,34,,5395,34,,,1,66,,5389,34,,,1,27,,5387,34,,,1,70,,5392,34,,,1,30,,5396,34,,,1,66,,5393,34,,,1,30,,5397,34,,,1,68,,5394,34,,,1
1200000300,'72',641,,5398,34,,,1,70,,5399,34,,,1,30,,5404,34,,,1,70,,5408,34,,,1,32,,5402,34,,,1,70,,5401,34,,,1,28,,5406,34,,,1,70,,5407,34,,,1,31,,5409,34,,,1,69,,5400,34,,,1,31,,5405,34,,,1,70,,5403,34,,,1,29,,5410,34,,,1,72,,5411,34,,,1,29,,5413,34,,,1,73,,5412,34,,,1,29,,5415,34,,,1,69,,5416,34,,,1,30,,5417,34,,,1,71,,5418,34,,,1,29,,5419,34,,,1,69,,5414,34,,,1,31,,5421,34,,,1,69,,5420,34,,,1,33,,5422,34,,,1,95,,5423,34,,,1,100,,5424,34,,,1,96,,5425,34,,,1,99,,5426,34,,,1,177,,5427,34,,,1
1200000300,'73',711,,5428,34,,,1,30,,5430,34,,,1,70,,5433,34,,,1,32,,5435,34,,,1,70,,5429,34,,,1,28,,5432,34,,,1,70,,5434,34,,,1,31,,5436,34,,,1,69,,5437,34,,,1,31,,5431,34,,,1,70,,5438,34,,,1,29,,5440,34,,,1,72,,5439,34,,,1,29,,5442,34,,,1,73,,5441,34,,,1,29,,5444,34,,,1,69,,5445,34,,,1,30,,5446,34,,,1,71,,5447,34,,,1,29,,5448,34,,,1,69,,5443,34,,,1,31,,5450,34,,,1,69,,5449,34,,,1,33,,5451,34,,,1,95,,5452,34,,,1,117,,5453,34,,,1
