2300,'1',550,,5924,4,,,2,194,,5919,4,,,2,79,,5927,4,,,2,36,,5904,4,,,2,76,,5906,4,,,2,70,,5905,4,,,2,30,,5907,4,,,2,70,,5908,4,,,2,30,,5909,4,,,2,77,,5912,4,,,2,30,,5910,4,,,2,70,,5913,4,,,2,30,,5911,4,,,2,71,,5914,4,,,2,33,,5915,4,,,2,72,,5917,4,,,2,118,,5918,4,,,2,77,,5916,4,,,2,24,,5925,4,,,2,73,,5920,4,,,2,30,,5926,4,,,2,73,,5921,4,,,2,102,,5922,4,,,2,95,,5923,4,,,2
2300,'2',628,,5930,4,,,2,100,,5931,4,,,2,101,,5932,4,,,2,102,,5933,4,,,2,102,,5934,4,,,2,102,,5935,4,,,2,101,,5936,4,,,2,108,,5937,4,,,2,100,,5938,4,,,2,100,,5939,4,,,2,101,,5940,4,,,2,88,,5941,4,,,2
2300,'3',728,,5942,4,,,2,101,,5943,4,,,2,102,,5944,4,,,2,102,,5945,4,,,2,102,,5946,4,,,2,101,,5947,4,,,2,108,,5948,4,,,2,100,,5949,4,,,2,100,,5950,4,,,2,101,,5951,4,,,2,88,,5952,4,,,2
2300,'71',550,,4520,4,,,2,189,,4525,4,,,2,84,,4529,4,0,14 1 15,2,33,,4507,4,,,2,76,,4510,4,,,2,70,,4508,4,,,2,31,,4511,4,,,2,70,,4509,4,,,2,30,,4512,4,,,2,78,,4515,4,,,2,30,,4513,4,,,2,70,,4516,4,,,2,30,,4514,4,,,2,72,,4517,4,,,2,33,,4518,4,,,2,70,,4528,4,,,2,116,,4530,4,,,2,75,,4519,4,,,2,28,,4526,4,,,2,73,,4521,4,,,2,30,,4527,4,,,2,75,,4522,4,,,2,100,,4523,4,,,2,97,,4524,4,,,2
2300,'72',630,,4531,4,,,2,101,,4532,4,,,2,101,,4533,4,,,2,101,,4534,4,,,2,101,,4535,4,,,2,100,,4536,4,,,2,101,,4537,4,,,2,108,,4538,4,,,2,100,,4539,4,,,2,100,,4540,4,,,2,100,,4541,4,,,2,102,,4542,4,,,2
2300,'73',731,,4543,4,,,2,101,,4544,4,,,2,101,,4545,4,,,2,101,,4546,4,,,2,100,,4547,4,,,2,101,,4548,4,,,2,108,,4549,4,,,2,100,,4550,4,,,2,100,,4551,4,,,2,100,,4552,4,,,2,102,,4553,4,,,2
2301,'1',1513,,5966,52,,,2,91,,5964,52,,,2,614,,5972,52,,,2
2301,'2',1227,,5985,52,,,2,600,,5991,52,,,2
2301,'3',1227,,5996,52,,,2,600,,6002,52,,,2
2301,'71',1208,,4558,52,,,2,305,,4576,52,,,2,42,,4567,52,,,2,663,,4574,52,,,2
2301,'72',1238,,4584,52,,,2,602,,4590,52,,,2
2301,'73',1238,,4595,52,,,2,602,,4601,52,,,2
23100,'15',706,,6293,16,,,2
23100,'84',706,,4931,16,,,2
23101,'85',1546,,4932,63,,,2
23500,'12',754,,6295,27,,,2
23500,'82',754,,4935,27,,,2
23501,'83',1711,,4936,49,,,2
5002300,'1',614,,6378,4,,,2,25,,6379,4,,,2,69,,6380,4,,,2
5002300,'71',614,,5028,4,,,2,25,,5027,4,,,2,69,,5029,4,,,2
5002301,'1',1741,,6381,62,,,2
5002301,'71',1741,,5030,62,,,2
