1100,'1',616,,5748,45,,,1,33,,5754,45,,,1,68,,5749,45,,,1,34,,5755,45,,,1,70,,5750,45,,,1,18,,5751,45,,,1,70,,5756,45,,,1,34,,5752,45,,,1,70,,5757,45,,,1,35,,5758,45,,,1,70,,5761,45,,,1,33,,5759,45,,,1,70,,5762,45,,,1,37,,5760,45,,,1,70,,5763,45,,,1,88,,5764,45,,,1,30,,5766,45,,,1,75,,5765,45,,,1,30,,5767,45,,,1,85,,5770,45,,,1,23,,5768,45,,,1,62,,5772,45,,,1,26,,5771,45,,,1,76,,5773,45,,,1,28,,5769,45,,,1,70,,5774,45,,,1,100,,5775,45,,,1,100,,5776,45,,,1,100,,5777,45,,,1,100,,5778,45,,,1
1100,'2',717,,5779,45,,,1,102,,5780,45,,,1,100,,5781,45,,,1,102,,5782,45,,,1,100,,5783,45,,,1,100,,5784,45,,,1,101,,5785,45,,,1,99,,5786,45,,,1,100,,5787,45,,,1,100,,5788,45,,,1,100,,5789,45,,,1,100,,5790,45,,,1,99,,5792,45,,,1,100,,5793,45,,,1,100,,5791,45,,,1,100,,5795,45,,,1,100,,5794,45,,,1
1100,'3',919,,5796,45,,,1,102,,5797,45,,,1,100,,5798,45,,,1,100,,5799,45,,,1,101,,5800,45,,,1,99,,5801,45,,,1,100,,5802,45,,,1,100,,5803,45,,,1,100,,5804,45,,,1,100,,5805,45,,,1
1100,'71',616,,4339,45,,,1,33,,4343,45,,,1,68,,4340,45,,,1,34,,4344,45,,,1,70,,4341,45,,,1,18,,4345,45,,,1,70,,4350,45,,,1,34,,4346,45,,,1,70,,4351,45,,,1,35,,4347,45,,,1,70,,4352,45,,,1,33,,4348,45,,,1,70,,4353,45,,,1,37,,4349,45,,,1,70,,4354,45,,,1,88,,4358,45,,,1,30,,4355,45,,,1,75,,4359,45,,,1,30,,4356,45,,,1,83,,4360,46,,,1,25,,4357,45,,,1,62,,4363,45,,,1,26,,4361,45,,,1,76,,4364,45,,,1,28,,4362,45,,,1,70,,4365,45,,,1,100,,4366,45,,,1,100,,4367,45,,,1,100,,4368,45,,,1,100,,4369,45,,,1
1100,'72',717,,4370,45,,,1,102,,4371,45,,,1,100,,4372,45,,,1,102,,4373,45,,,1,100,,4374,45,,,1,100,,4375,45,,,1,101,,4376,45,,,1,99,,4377,45,,,1,100,,4378,45,,,1,100,,4379,45,,,1,100,,4380,45,,,1,100,,4381,45,,,1,99,,4384,45,,,1,100,,4382,45,,,1,100,,4383,45,,,1,100,,4386,45,,,1,100,,4385,45,,,1
1100,'73',919,,4387,45,,,1,102,,4388,45,,,1,100,,4389,45,,,1,100,,4390,45,,,1,101,,4391,45,,,1,99,,4392,45,,,1,100,,4393,45,,,1,100,,4394,45,,,1,100,,4395,45,,,1,100,,4396,45,,,1
11100,'15',707,,6226,9,,,2
11100,'86',707,,4850,9,,,2
1200000400,'1',631,,7629,9,,,1,15,,7630,9,,,1
1200000400,'71',631,,5565,9,,,1,15,,5566,9,,,1,55,,5567,9,,,1,16,,5564,9,,,1
