1301,'1',631,,5816,8,,,2,77,,5818,8,,,2,93,,5817,8,,,2,806,,5819,8,,,2,16,,5820,8,,,2,80,,5822,8,,,2,30,,5821,8,,,2
1301,'71',646,,4409,8,,,2,82,,4410,8,,,2,73,,4408,8,,,2,806,,4413,8,,,2,16,,4411,8,,,2,80,,4414,8,,,2,30,,4412,8,,,2
1500,'1',620,,5823,53,,,2,30,,5825,53,,,2,70,,5827,53,,,2,31,,5826,56,,,2,70,,5829,56,,,2
1500,'71',620,,4416,54,,,2,30,,4417,54,,,2,70,,4421,54,,,2,33,,4420,53,,,2,68,,4418,53,,,2,729,,4428,53,,,2,62,,4429,22,,,2,34,,4426,53,,,2,76,,4431,54,,,2,27,,4430,53,,,2
1600,'1',1544,,5851,37,,,2,68,,5854,22,,,2,32,,5850,40,,,2,77,,5852,40,,,2,25,,5855,40,,,2
1200000201,'1',551,,7270,17,,,1,60,,7272,17,,,1,17,,7274,17,,,1,19,,7262,47,,,1,62,,7279,17,,,1,18,,7265,59,,,1,17,,7264,59,,,1,61,,7269,59,,,1,20,,7271,59,,,1,19,,7273,59,,,1,60,,7276,59,,,1,15,,7277,59,,,1,16,,7263,59,,,1,12,,7280,59,,,1,54,,7268,59,,,1,11,,7266,59,,,1,12,,7275,59,,,1,12,,7281,59,,,1,14,,7278,59,,,1,57,,7282,59,,,1,31,,7284,59,,,1,69,,7286,59,,,1,30,,7267,59,,,1,73,,7287,59,,,1,29,,7283,59,,,1,70,,7285,59,,,1,31,,7289,59,,,1,72,,7290,59,,,1,30,,7288,59,,,1,82,,7292,59,,,1,26,,7294,59,,,1,56,,7297,59,,,1,16,,7295,59,,,1,17,,7296,59,,,1,11,,7293,59,,,1,50,,7298,59,,,1,12,,7299,59,,,1,14,,7301,59,,,1,13,,7291,59,,,1,9,,7304,59,,,1,53,,7305,59,,,1,13,,7308,59,,,1,12,,7309,59,,,1,13,,7303,59,,,1,64,,7302,59,,,1,26,,7300,59,,,1,19,,7310,59,,,1,68,,7311,59,,,1,32,,7306,59,,,1,75,,7313,59,,,1,26,,7315,59,,,1,71,,7312,59,,,1,26,,7307,59,,,1,71,,7314,59,,,1,86,,7316,59,,,1
1200000201,'14',1724,,7317,53,,,1
1200000201,'2',649,,7323,17,,,1,68,,7321,47,,,1,39,,7318,59,,,1,70,,7326,59,,,1,31,,7324,59,,,1,72,,7322,59,,,1,72,,7328,59,,,1,31,,7319,59,,,1,71,,7327,59,,,1,32,,7325,59,,,1,72,,7330,59,,,1,31,,7329,59,,,1,71,,7320,59,,,1,32,,7332,59,,,1,71,,7334,59,,,1,30,,7331,59,,,1,70,,7336,59,,,1,31,,7337,59,,,1,70,,7333,59,,,1,30,,7335,59,,,1,71,,7339,59,,,1,31,,7341,59,,,1,67,,7338,59,,,1,25,,7343,59,,,1,68,,7344,59,,,1,25,,7340,59,,,1,25,,7342,59,,,1,67,,7348,59,,,1,29,,7347,59,,,1,71,,7345,59,,,1,27,,7349,59,,,1,68,,7351,59,,,1,29,,7350,59,,,1,70,,7353,59,,,1,29,,7346,59,,,1,68,,7352,59,,,1,89,,7354,59,,,1
1200000201,'27',2301,,7355,52,,,1,30,,7358,52,,,1,28,,7356,52,,,1,83,,7359,52,,,1,68,,7361,52,,,1,30,,7357,52,,,1,70,,7360,52,,,1
1200000201,'28',2300,,7362,52,,,1,30,,7365,52,,,1,29,,7363,52,,,1,82,,7366,52,,,1,68,,7368,52,,,1,30,,7364,52,,,1,70,,7367,52,,,1
1200000201,'29',2300,,7369,52,,,1,30,,7372,52,,,1,29,,7370,52,,,1,82,,7373,52,,,1,68,,7375,52,,,1,30,,7371,52,,,1,70,,7374,52,,,1
1200000201,'3',649,,7376,17,,,1,68,,7378,17,,,1,32,,7380,17,,,1,70,,7382,17,,,1,38,,7377,59,,,1,72,,7379,59,,,1,72,,7381,59,,,1,30,,7383,59,,,1,72,,7384,59,,,1,32,,7388,59,,,1,72,,7386,59,,,1,31,,7390,59,,,1,71,,7387,59,,,1,32,,7385,59,,,1,71,,7389,59,,,1,30,,7392,59,,,1,70,,7391,59,,,1,31,,7393,59,,,1,70,,7395,59,,,1,30,,7397,59,,,1,71,,7400,59,,,1,31,,7402,59,,,1,67,,7394,59,,,1,25,,7396,59,,,1,68,,7398,59,,,1,25,,7401,59,,,1,25,,7403,59,,,1,67,,7405,59,,,1,29,,7404,59,,,1,71,,7399,59,,,1,27,,7406,59,,,1
1200000201,'71',551,,5210,17,,,1,60,,5212,17,,,1,17,,5215,17,,,1,19,,5201,47,,,1,62,,5220,17,,,1,13,,5205,59,,,1,18,,5204,59,,,1,61,,5208,59,,,1,9,,5214,59,,,1,14,,5203,59,,,1,13,,5213,59,,,1,19,,5207,59,,,1,57,,5218,59,,,1,15,,5202,59,,,1,14,,5221,59,,,1,13,,5206,59,,,1,52,,5223,59,,,1,12,,5216,59,,,1,12,,5224,59,,,1,15,,5209,59,,,1,12,,5225,59,,,1,57,,5217,59,,,1,19,,5219,59,,,1,14,,5226,59,,,1,55,,5222,59,,,1,15,,5228,59,,,1,15,,5229,59,,,1,15,,5230,59,,,1,58,,5232,59,,,1,15,,5233,59,,,1,15,,5235,59,,,1,14,,5236,59,,,1,55,,5237,59,,,1,16,,5227,59,,,1,15,,5239,59,,,1,15,,5240,59,,,1,57,,5241,59,,,1,14,,5231,59,,,1,16,,5238,59,,,1,19,,5234,59,,,1,69,,5242,59,,,1,20,,5243,59,,,1,56,,5244,59,,,1,13,,5245,59,,,1,6,,5253,47,,,1,14,,5246,59,,,1,9,,5247,59,,,1,10,,5249,59,,,1,51,,5251,59,,,1,15,,5254,59,,,1,13,,5255,59,,,1,9,,5256,59,,,1,13,,5259,59,,,1,57,,5260,59,,,1,9,,5257,59,,,1,12,,5258,59,,,1,13,,5250,59,,,1,12,,5248,59,,,1,54,,5261,59,,,1,14,,5252,59,,,1,20,,5262,59,,,1,69,,5263,59,,,1,32,,5265,59,,,1,75,,5267,59,,,1,26,,5269,59,,,1,71,,5264,59,,,1,26,,5266,59,,,1,71,,5268,59,,,1,86,,5270,59,,,1
1200000201,'72',649,,5275,17,,,1,70,,5281,17,,,1,21,,5272,59,,,1,71,,5271,59,,,1,30,,5273,59,,,1,72,,5279,59,,,1,32,,5284,59,,,1,72,,5277,59,,,1,31,,5276,59,,,1,69,,5282,59,,,1,30,,5283,59,,,1,71,,5285,59,,,1,31,,5274,59,,,1,71,,5280,59,,,1,30,,5278,59,,,1,70,,5286,59,,,1,32,,5287,59,,,1,69,,5289,59,,,1,33,,5288,59,,,1,70,,5291,59,,,1,29,,5292,59,,,1,72,,5293,59,,,1,31,,5294,59,,,1,65,,5295,59,,,1,28,,5290,59,,,1,69,,5297,59,,,1,25,,5296,59,,,1,79,,5300,59,,,1,29,,5302,59,,,1,71,,5298,59,,,1,27,,5304,59,,,1,68,,5305,59,,,1,29,,5301,59,,,1,70,,5303,59,,,1,29,,5299,59,,,1,68,,5306,59,,,1,89,,5307,59,,,1
1200000201,'73',649,,5309,17,,,1,70,,5313,17,,,1,30,,5316,17,,,1,70,,5319,17,,,1,22,,5308,59,,,1,72,,5311,59,,,1,32,,5315,59,,,1,72,,5318,59,,,1,31,,5310,59,,,1,69,,5314,59,,,1,30,,5317,59,,,1,71,,5320,59,,,1,31,,5321,59,,,1,71,,5312,59,,,1,30,,5322,59,,,1,70,,5324,59,,,1,32,,5323,59,,,1,69,,5326,59,,,1,33,,5325,59,,,1,70,,5328,59,,,1,29,,5329,59,,,1,72,,5330,59,,,1,31,,5331,59,,,1,65,,5333,59,,,1,28,,5327,59,,,1,69,,5336,59,,,1,25,,5334,59,,,1,79,,5338,59,,,1,29,,5332,59,,,1,71,,5337,59,,,1,27,,5335,59,,,1
1200000201,'81',732,,5339,47,,,1,17,,5340,47,,,1,860,,5341,59,,,1
1200000201,'89',1653,,5345,59,,,1,53,,5346,59,,,1
