1500,'1',604,,5823,28,,,2,28,,5825,28,,,2,69,,5827,28,,,2,30,,5826,31,,,2,71,,5829,31,,,2,41,,5828,31,0,10 11,2,109,,5824,28,0,12 13,2,100,,5830,28,0,12 13,2,100,,5831,28,0,12 13,2,103,,5832,27,0,12 13,2
1500,'16',842,,5833,16,0,10 11,2
1500,'71',604,,4416,29,,,2,28,,4417,29,,,2,69,,4421,29,,,2,32,,4420,28,,,2,69,,4418,28,,,2,41,,4422,29,0,10 11,2,111,,4419,28,0,12 13,2,155,,4423,28,0,12 13,2,116,,4424,28,0,12 13,2,30,,4425,28,0,12 13,2,157,,4427,28,0,12 13,2,116,,4428,28,,,2,97,,4426,28,,,2,77,,4431,29,,,2,27,,4430,28,,,2,100,,4432,28,0,12 13,2,111,,4433,28,0,12 13,2,104,,4434,28,0,12 13,2
1500,'87',842,,4435,18,0,10 11,2
1600,'1',1351,,5848,12,0,12 13,2,96,,5849,12,0,12 13,2,76,,5851,12,,,2,100,,5850,15,,,2,80,,5852,15,,,2,25,,5855,15,,,2,99,,5853,15,0,12 13,2,102,,5856,12,0,12 13,2,111,,5857,12,0,12 13,2
15500,'12',833,,6239,18,,,2
15500,'82',833,,4874,18,,,2
15600,'12',830,,6240,19,,,2
15600,'82',830,,4875,19,,,2
20000,'1',918,,6243,15,0,38,2,28,,6242,15,0,38,2,1189,,6244,3,0,38,2,218,,6245,3,0,38,2
20000,'2',1907,,6246,3,0,38,2,445,,6247,3,0,38,2
20000,'71',916,,4882,15,,,2,28,,4879,15,,,2,66,,4881,15,,,2,29,,4880,15,,,2,689,,4883,3,,,2,273,,4884,3,,,2,134,,4886,3,,,2,218,,4885,3,,,2
20000,'72',2350,,4887,3,,,2
21000,'1',1114,,6255,21,0,38,2,33,,6256,21,0,38,2,585,,6258,21,0,38,2,69,,6260,21,0,38,2,28,,6259,21,0,38,2,80,,6257,21,0,38,2,132,,6261,21,0,38,2
21000,'2',1249,,6262,21,0,38,2,71,,6263,21,0,38,2,31,,6264,21,0,38,2,71,,6265,21,0,38,2,496,,6266,21,0,38,2,93,,6267,21,0,38,2
21000,'3',1218,,6269,21,0,38,2,133,,6268,21,0,38,2,172,,6270,21,0,38,2,100,,6271,21,0,38,2
21000,'71',1117,,4899,19,,,2,36,,4900,19,,,2,206,,4902,19,,,2,79,,4901,19,,,2,277,,4903,19,,,2,18,,4907,19,,,2,68,,4905,19,,,2,27,,4904,19,,,2,81,,4906,19,,,2,132,,4908,19,,,2
35000,'13',909,,6306,2,0,38,2
35000,'71',909,,4951,2,,,2
38000,'1',1704,,6312,16,0,38,2,46,,6310,16,0,38,2,86,,6311,16,0,38,2
38000,'71',1707,,4961,16,,,2,42,,4960,16,,,2,79,,4959,16,,,2
2000001500,'2',748,,7667,28,,,2,100,,7668,27,,,2,100,,7669,27,,,2,94,,7670,27,,,2,109,,7671,27,,,2,101,,7672,27,,,2,201,,7673,28,,,2,101,,7674,27,,,2,95,,7675,27,,,2,106,,7676,27,,,2,93,,7677,27,,,2
2000001500,'3',848,,7678,28,,,2,100,,7679,27,,,2,94,,7680,27,,,2,109,,7681,27,,,2,101,,7682,27,,,2,201,,7683,28,,,2,101,,7684,27,,,2,95,,7685,27,,,2,106,,7686,27,,,2,93,,7687,27,,,2
2000001500,'72',741,,5607,29,,,2,101,,5608,28,,,2,103,,5609,28,,,2,100,,5610,28,,,2,102,,5611,28,,,2,100,,5612,28,,,2,190,,5613,29,,,2,99,,5614,28,,,2,95,,5615,28,,,2,108,,5616,28,,,2,98,,5617,28,,,2
2000001500,'73',842,,5618,29,,,2,103,,5619,28,,,2,100,,5620,28,,,2,102,,5621,28,,,2,100,,5622,28,,,2,190,,5623,29,,,2,99,,5624,28,,,2,95,,5625,28,,,2,108,,5626,28,,,2,98,,5627,28,,,2
