3600,'1',621,,750,23,,,2,137,,751,23,,,2,94,,752,23,,,2,161,,753,23,,,2,101,,754,23,,,2,100,,755,23,,,2,103,,756,23,,,2,100,,757,23,,,2,100,,758,23,,,2,305,,759,23,,,2,90,,760,23,,,2,92,,761,23,,,2,97,,762,23,,,2,104,,763,23,,,2,53,,764,23,,,2
3600,'3',621,,765,23,,,2,137,,766,23,,,2,255,,767,23,,,2,101,,768,23,,,2,100,,770,23,,,2,103,,769,23,,,2,100,,771,23,,,2,100,,772,23,,,2,305,,773,23,,,2,90,,774,23,,,2,92,,775,23,,,2,97,,776,23,,,2,104,,777,23,,,2,53,,778,23,,,2
3600,'4',621,,779,23,,,2,137,,783,23,,,2,255,,782,23,,,2,101,,780,23,,,2,100,,781,23,,,2,103,,784,23,,,2,100,,785,23,,,2,100,,786,23,,,2,305,,787,23,,,2,90,,790,23,,,2,92,,791,23,,,2,97,,792,23,,,2,104,,788,23,,,2,53,,789,23,,,2
3600,'6',735,,793,23,,,2,100,,794,23,,,2,101,,795,23,,,2,100,,796,23,,,2,105,,797,23,,,2,100,,798,23,,,2,100,,799,23,,,2,102,,800,23,,,2,101,,801,23,,,2,99,,802,23,,,2,97,,807,23,,,2,97,,808,23,,,2,91,,809,23,,,2,109,,803,23,,,2,99,,804,23,,,2,97,,805,23,,,2,93,,806,23,,,2
3600,'8',835,,810,23,,,2,101,,811,23,,,2,100,,812,23,,,2,105,,813,23,,,2,100,,814,23,,,2,100,,815,23,,,2,102,,816,23,,,2,101,,817,23,,,2,99,,818,23,,,2,97,,819,23,,,2,97,,820,23,,,2,91,,821,23,,,2
5003600,'1',655,,1343,23,,,2,68,,1342,23,,,2
5003600,'3',655,,1345,23,,,2,68,,1344,23,,,2
5003600,'4',655,,1347,23,,,2,68,,1346,23,,,2
5003601,'1',1618,,1350,37,,,2,85,,1348,37,,,2,22,,1349,37,,,2
5003601,'3',1651,,1351,37,,,2,67,,1352,37,,,2
5003601,'4',1656,,1353,37,,,2,62,,1354,37,,,2
