3101,'1',607,,6012,38,0,8 1 32,2,30,,6014,38,0,8 1 32,2,68,,6013,70,0,8 1 32,2,32,,6011,70,0,8 1 32,2,103,,6015,70,0,8 1 32,2,105,,6016,70,0,8 1 32,2,99,,6017,70,0,8 1 32,2,100,,6018,70,0,8 1 32,2,106,,6019,70,0,8 1 32,2,102,,6020,70,0,8 1 32,2,101,,6021,70,0,8 1 32,2,100,,6022,70,0,8 1 32,2,97,,6023,70,0,8 1 32,2,71,,6026,70,0,8 1 32,2,31,,6027,70,0,8 1 32,2,71,,6024,70,0,8 1 32,2,33,,6028,70,0,8 1 32,2,64,,6025,70,0,8 1 32,2,36,,6029,70,0,8 1 32,2
3800,'1',809,,6171,39,,,2,103,,6172,39,,,2,99,,6173,39,,,2,102,,6174,39,,,2,115,,6175,39,,,2,102,,6176,39,,,2,102,,6177,39,,,2,106,,6178,39,,,2,119,,6179,39,,,2,72,,6180,39,,,2,174,,6181,39,,,2,56,,6182,39,,,2,96,,6183,39,,,2,100,,6184,39,,,2,98,,6185,39,,,2
3800,'2',737,,6186,39,,,2,101,,6187,39,,,2,103,,6188,39,,,2,101,,6189,39,,,2,102,,6190,39,,,2,156,,6191,39,,,2,102,,6192,39,,,2,101,,6193,39,,,2,100,,6194,39,,,2,102,,6195,39,,,2,99,,6196,39,,,2,54,,6197,39,,,2,96,,6198,39,,,2,100,,6199,39,,,2,97,,6200,39,,,2,101,,6201,39,,,2
3800,'3',838,,6202,39,,,2,103,,6203,39,,,2,101,,6204,39,,,2,102,,6205,39,,,2,156,,6206,39,,,2,102,,6207,39,,,2,101,,6208,39,,,2,100,,6209,39,,,2,102,,6210,39,,,2,99,,6211,39,,,2,54,,6212,39,,,2,96,,6213,39,,,2
3800,'71',807,,4794,39,,,2,105,,4795,39,,,2,98,,4796,39,,,2,102,,4797,39,,,2,113,,4798,39,,,2,102,,4799,39,,,2,102,,4800,39,,,2,109,,4801,46,,,2,115,,4802,39,,,2,95,,4803,39,,,2,152,,4804,39,,,2,57,,4805,39,,,2,96,,4806,39,,,2,101,,4807,39,,,2,99,,4808,39,,,2
3800,'72',741,,4809,39,,,2,100,,4810,39,,,2,102,,4811,39,,,2,100,,4812,39,,,2,101,,4813,39,,,2,111,,4814,39,,,2,100,,4815,39,,,2,102,,4816,39,,,2,100,,4817,39,,,2,100,,4818,39,,,2,98,,4819,39,,,2,100,,4820,39,,,2,98,,4822,39,,,2,99,,4823,39,,,2,99,,4824,39,,,2,100,,4821,39,,,2
3800,'73',841,,4825,39,,,2,102,,4826,39,,,2,100,,4827,39,,,2,101,,4828,39,,,2,111,,4829,39,,,2,100,,4830,39,,,2,102,,4831,39,,,2,100,,4832,39,,,2,100,,4833,39,,,2,98,,4834,39,,,2,100,,4835,39,,,2,147,,4836,39,,,2
3900,'1',633,,6215,14,0,32,2,80,,6216,14,0,32,2,31,,6214,14,0,32,2
3900,'71',644,,4838,14,0,14,2,69,,4840,14,0,14,2,38,,4839,14,0,14,2,92,,4837,14,0,14,2
38000,'1',1651,,6312,10,0,38,2,87,,6310,10,0,38,2,87,,6311,10,0,38,2
38000,'71',1655,,4961,10,,,2,82,,4960,10,,,2,80,,4959,10,,,2
38100,'15',721,,6316,31,,,2
38100,'84',721,,4965,31,,,2
5003801,'1',1724,,6398,70,,,2,89,,6397,70,,,2
5003801,'71',1723,,5053,70,,,2,89,,5052,70,,,2
2000003101,'2',710,,7719,39,0,8 1 32,2,102,,7720,71,0,8 1 32,2,101,,7721,71,0,8 1 32,2,101,,7722,71,0,8 1 32,2,101,,7723,71,0,8 1 32,2,101,,7724,71,0,8 1 32,2,101,,7725,71,0,8 1 32,2,215,,7726,71,0,8 1 32,2,101,,7727,71,0,8 1 32,2,101,,7728,71,0,8 1 32,2,96,,7729,71,0,8 1 32,2
2000003101,'3',812,,7731,39,0,8 1 32,2,101,,7732,71,0,8 1 32,2,101,,7733,71,0,8 1 32,2,101,,7734,71,0,8 1 32,2,101,,7735,71,0,8 1 32,2,101,,7736,71,0,8 1 32,2,215,,7737,71,0,8 1 32,2,101,,7738,71,0,8 1 32,2,101,,7739,71,0,8 1 32,2,96,,7740,71,0,8 1 32,2
