3400,'1',611,,6032,14,,,2,114,,6033,16,,,2,79,,6031,14,,,2,752,,6037,14,,,2,144,,6034,16,,,2,28,,6035,16,,,2,92,,6036,16,,,2
3400,'13',838,,6038,16,0,24 1 15,2
3400,'71',611,,4634,14,,,2,114,,4635,16,,,2,77,,4636,14,,,2,36,,4633,16,0,24 1 15,2,677,,4637,5,,,2,41,,4638,14,,,2,91,,4639,16,,,2,82,,4640,16,,,2,89,,4641,16,,,2
3800,'71',1515,,4801,7,,,2
22101,'85',1512,,4924,7,,,2
22201,'85',1513,,4926,7,,,2
23101,'85',1512,,4932,7,,,2
23201,'85',1512,,4934,7,,,2
24101,'85',1512,,4938,7,,,2
24201,'85',1512,,4940,7,,,2
31101,'85',1515,,4946,7,,,2
38101,'85',1515,,4966,7,,,2
5003400,'1',634,,6388,14,,,2,22,,6387,14,,,2
5003400,'71',634,,5039,14,,,2,21,,5038,14,,,2
2000003400,'2',719,,7742,14,,,2,85,,7743,16,,,2,46,,7744,16,,,2,85,,7745,16,,,2,87,,7746,16,,,2,86,,7747,16,,,2,45,,7748,16,,,2,88,,7749,16,,,2,171,,7750,16,,,2,43,,7751,16,,,2,87,,7752,16,,,2,83,,7753,16,,,2,90,,7754,16,,,2,42,,7755,16,,,2,81,,7756,16,,,2
2000003400,'3',804,,7757,14,,,2,46,,7758,16,,,2,85,,7759,16,,,2,87,,7760,16,,,2,86,,7761,16,,,2,45,,7762,16,,,2,88,,7763,16,,,2,171,,7764,16,,,2,43,,7765,16,,,2,87,,7766,16,,,2,83,,7767,16,,,2,90,,7768,16,,,2,42,,7769,16,,,2,81,,7770,16,,,2
2000003400,'72',719,,5682,14,,,2,85,,5683,16,,,2,45,,5684,16,,,2,85,,5685,16,,,2,85,,5686,16,,,2,86,,5687,16,,,2,45,,5688,16,,,2,85,,5689,16,,,2,174,,5690,16,,,2,41,,5691,16,,,2,92,,5692,16,,,2,78,,5693,16,,,2,93,,5694,16,,,2,38,,5695,16,,,2,87,,5696,16,,,2
2000003400,'73',804,,5697,14,,,2,45,,5698,16,,,2,85,,5699,16,,,2,85,,5700,16,,,2,86,,5701,16,,,2,45,,5702,16,,,2,85,,5703,16,,,2,174,,5704,16,,,2,41,,5705,16,,,2,92,,5706,16,,,2,78,,5707,16,,,2,93,,5708,16,,,2,38,,5709,16,,,2,87,,5710,16,,,2
