3501,'1',548,,6049,17,,,2,94,,6050,19,,,2,82,,6051,19,,,2,98,,6052,19,,,2,84,,6053,19,,,2,39,,6054,19,,,2,85,,6055,19,,,2,85,,6056,19,,,2,86,,6057,19,,,2,45,,6058,19,,,2,85,,6059,19,,,2,85,,6060,19,,,2,85,,6061,19,,,2,58,,6062,19,,,2,84,,6064,19,,,2,82,,6065,19,,,2,82,,6066,19,,,2,44,,6067,19,,,2,74,,6063,19,,,2,79,,6068,19,,,2,26,,6069,19,,,2,71,,6070,19,,,2,27,,6071,19,,,2,78,,6072,19,,,2,30,,6073,19,,,2,68,,6074,19,,,2,25,,6075,19,,,2
3501,'2',709,,6076,19,,,2,30,,6077,19,,,2,70,,6078,19,,,2,30,,6079,19,,,2,69,,6080,19,,,2,33,,6081,19,,,2,86,,6082,19,,,2,85,,6083,19,,,2,47,,6084,19,,,2,87,,6085,19,,,2,89,,6086,19,,,2,85,,6088,19,,,2,86,,6089,19,,,2,45,,6090,19,,,2,85,,6091,19,,,2,84,,6092,19,,,2,83,,6087,19,,,2,42,,6093,19,,,2,78,,6094,19,,,2,85,,6095,19,,,2,30,,6096,19,,,2,68,,6097,19,,,2,28,,6098,19,,,2,70,,6099,19,,,2,30,,6100,19,,,2,68,,6101,19,,,2,25,,6102,19,,,2
3501,'3',839,,6103,19,,,2,69,,6104,19,,,2,33,,6105,19,,,2,86,,6106,19,,,2,85,,6107,19,,,2,47,,6108,19,,,2,87,,6109,19,,,2,89,,6110,19,,,2,85,,6111,19,,,2,86,,6112,19,,,2,45,,6114,19,,,2,85,,6115,19,,,2,84,,6116,19,,,2,83,,6117,19,,,2,42,,6118,19,,,2,78,,6119,19,,,2,85,,6113,19,,,2
3501,'71',551,,4652,17,,,2,96,,4653,19,,,2,70,,4654,19,,,2,110,,4658,19,,,2,80,,4655,19,,,2,40,,4656,19,,,2,97,,4659,19,,,2,102,,4660,19,,,2,98,,4657,19,,,2,101,,4662,19,,,2,102,,4661,19,,,2,153,,4663,19,,,2,33,,4664,19,,,2,76,,4665,19,,,2,34,,4666,19,,,2,104,,4667,19,,,2,90,,4670,19,,,2,92,,4671,19,,,2,98,,4672,19,,,2,108,,4668,19,,,2,93,,4669,19,,,2
3501,'72',702,,4673,19,,,2,100,,4674,19,,,2,101,,4675,19,,,2,100,,4676,19,,,2,100,,4677,19,,,2,101,,4678,19,,,2,106,,4679,19,,,2,102,,4680,19,,,2,101,,4681,19,,,2,100,,4682,19,,,2,92,,4683,19,,,2,97,,4684,19,,,2,56,,4685,19,,,2,150,,4686,19,,,2,98,,4687,19,,,2,98,,4688,19,,,2,98,,4689,19,,,2
3501,'73',903,,4690,19,,,2,100,,4691,19,,,2,100,,4692,19,,,2,101,,4693,19,,,2,106,,4694,19,,,2,102,,4695,19,,,2,101,,4696,19,,,2,100,,4697,19,,,2,92,,4698,19,,,2,97,,4699,19,,,2,56,,4700,19,,,2,143,,4701,19,,,2
35100,'15',715,,6307,16,,,2
35100,'84',715,,4953,16,,,2
35101,'85',1541,,4954,40,,,2
35500,'12',805,,6308,16,,,2
35500,'82',808,,4955,16,,,2
35501,'83',1654,,4956,50,,,2
5003601,'1',1650,,6393,19,,,2,64,,6392,19,,,2
