11100,'15',720,,6226,30,,,2
11100,'86',720,,4850,30,,,2
11900,'16',841,,6228,17,,,2
11900,'87',841,,4854,17,,,2
1001101,'1',602,,6322,37,,,1,29,,6326,71,,,1,72,,6323,71,,,1,32,,6327,71,,,1,73,,6324,71,,,1,23,,6320,71,,,1,81,,6325,71,,,1,42,,6328,71,,,1,70,,6329,71,,,1,35,,6333,71,,,1,70,,6330,71,,,1,75,,6334,71,,,1,30,,6331,71,,,1,73,,6335,71,,,1,30,,6332,71,,,1,78,,6336,71,,,1,30,,6338,71,,,1,88,,6337,71,,,1,72,,6339,71,,,1,48,,6341,71,,,1,63,,6340,71,,,1,21,,6344,71,,,1,67,,6342,71,,,1,33,,6345,71,,,1,69,,6343,71,,,1,31,,6346,71,,,1,100,,6347,71,,,1,99,,6348,71,,,1,100,,6349,71,,,1
1001101,'2',734,,6351,37,,,1,99,,6352,71,,,1,102,,6353,71,,,1,101,,6354,71,,,1,100,,6355,71,,,1,99,,6359,71,,,1,100,,6360,71,,,1,101,,6358,71,,,1,101,,6356,71,,,1,99,,6357,71,,,1,101,,6361,71,,,1,98,,6362,71,,,1,100,,6363,71,,,1,99,,6364,71,,,1,100,,6365,71,,,1,100,,6366,71,,,1
1001101,'3',935,,6368,37,,,1,101,,6369,71,,,1,100,,6372,71,,,1,99,,6373,71,,,1,100,,6370,71,,,1,101,,6371,71,,,1,101,,6374,71,,,1,99,,6375,71,,,1,101,,6376,71,,,1,98,,6377,71,,,1
1001101,'71',602,,4969,37,,,1,29,,4973,71,,,1,72,,4970,71,,,1,32,,4974,71,,,1,73,,4971,71,,,1,23,,4976,71,,,1,81,,4972,71,,,1,42,,4978,71,,,1,70,,4975,71,,,1,35,,4979,71,,,1,70,,4982,71,,,1,75,,4980,71,,,1,30,,4983,71,,,1,73,,4981,71,,,1,30,,4984,71,,,1,78,,4986,71,,,1,30,,4985,71,,,1,88,,4987,71,,,1,72,,4989,71,,,1,48,,4988,71,,,1,63,,4990,71,,,1,21,,4993,71,,,1,67,,4991,71,,,1,33,,4994,71,,,1,69,,4992,71,,,1,31,,4995,71,,,1,100,,4996,71,,,1,99,,4997,71,,,1,100,,4998,71,,,1
1001101,'72',734,,5003,37,,,1,99,,5000,71,,,1,102,,5001,71,,,1,101,,5002,71,,,1,100,,5004,71,,,1,99,,5005,71,,,1,100,,5006,71,,,1,101,,5007,71,,,1,101,,5008,71,,,1,99,,5009,71,,,1,101,,5010,71,,,1,98,,5011,71,,,1,100,,5012,71,,,1,99,,5013,71,,,1,100,,5014,71,,,1,100,,5015,71,,,1
1001101,'73',935,,5017,37,,,1,101,,5018,71,,,1,100,,5019,71,,,1,99,,5020,71,,,1,100,,5021,71,,,1,101,,5022,71,,,1,101,,5023,71,,,1,99,,5024,71,,,1,101,,5025,71,,,1,98,,5026,71,,,1
