2200,'1',602,,5864,14,,,2,27,,5873,52,,,2,22,,5865,14,,,2,70,,5877,14,,,2,26,,5879,52,,,2,83,,5878,14,,,2,88,,5874,14,,,2,109,,5866,14,,,2,100,,5867,14,,,2,100,,5868,14,,,2,100,,5870,14,,,2,102,,5871,14,,,2
2200,'71',602,,4456,14,,,2,27,,4471,52,,,2,22,,4457,14,,,2,70,,4472,14,,,2,26,,4474,52,,,2,83,,4473,14,0,14 1 15,2,88,,4458,14,,,2,35,,4460,14,,,2,72,,4459,14,,,2,32,,4461,14,,,2,70,,4465,14,,,2,30,,4462,14,,,2,71,,4466,14,,,2,30,,4463,14,,,2,70,,4475,14,,,2,30,,4464,14,,,2,69,,4476,14,,,2,74,,4469,14,,,2
2201,'1',1532,,5900,44,,,2,80,,5891,44,,,2,96,,5888,44,,,2,30,,5895,44,,,2,70,,5889,44,,,2,29,,5896,44,,,2,67,,5901,44,,,2,24,,5897,44,,,2
2201,'14',1708,,5903,48,,,2
2201,'71',1532,,4491,46,,,2,25,,4493,46,,,2,55,,4500,46,,,2,91,,4501,50,,,2,31,,4502,46,,,2,74,,4492,46,,,2,31,,4503,46,,,2,65,,4505,46,,,2,24,,4504,46,,,2
2201,'88',1703,,4506,50,,,2
22100,'15',710,,6288,14,,,2
22100,'84',710,,4923,14,,,2
22101,'85',1547,,4924,42,,,2
22500,'12',818,,6290,28,,,2
22500,'82',818,,4927,28,,,2
22501,'83',1656,,4928,20,,,2
22900,'13',846,,6291,14,,,2
22900,'87',846,,4929,14,,,2
22901,'14',1645,,6292,21,,,2
22901,'88',1645,,4930,21,,,2
