1501,'1',1216,,5834,13,0,41,2,103,,5835,13,0,41,2,95,,5836,13,0,41,2,37,,5839,13,0,41,2,92,,5837,30,,,2,81,,5840,30,,,2,21,,5842,30,,,2,77,,5838,30,0,41,2,28,,5841,30,,,2,77,,5844,13,0,41,2,73,,5845,13,0,41,2,102,,5846,13,0,41,2,112,,5843,13,0,41,2,41,,5847,13,0,41,2
1501,'71',654,,4438,30,0,41,2,64,,4436,30,0,41,2,34,,4439,30,0,41,2,163,,4437,13,0,41,2,115,,4440,13,0,41,2,116,,4441,13,0,41,2,70,,4442,13,0,41,2,117,,4444,13,0,41,2,116,,4445,13,0,41,2,94,,4443,30,0,41,2,86,,4446,30,0,41,2,16,,4448,30,0,41,2,71,,4450,30,0,41,2,35,,4449,30,0,41,2,76,,4447,13,0,41,2,76,,4451,13,0,41,2,105,,4452,13,0,41,2,105,,4453,13,0,41,2,42,,4454,13,0,41,2
1501,'88',1647,,4455,15,0,41,2
1601,'1',654,,5859,30,,,2,64,,5861,30,,,2,32,,5860,30,,,2,172,,5858,30,0,41,2,95,,5862,13,0,41,2,99,,5863,13,0,41,2
15601,'83',1619,,4876,14,,,2
20001,'1',551,,6248,6,0,14,2,60,,6249,6,0,14,2,812,,6250,6,,,2,33,,6251,6,,,2
20001,'2',622,,6252,6,,,2,18,,6253,6,0,14,2,10,,6254,6,,,2
20001,'71',551,,4888,11,0,14,2,60,,4889,11,0,14,2,7,,4890,11,0,14,2,9,,4891,11,0,14,2,800,,4892,11,,,2,30,,4893,11,,,2,76,,4894,11,0,14,2,307,,4895,11,0,14,2
20001,'72',614,,4896,11,,,2,20,,4897,11,0,14,2,16,,4898,11,,,2
21001,'1',531,,6272,6,,,2,27,,6273,6,,,2,55,,6274,6,,,2,13,,6275,6,,,2,1381,,6276,6,,,2
21001,'2',608,,6277,6,,,2,30,,6278,6,,,2,70,,6279,6,,,2,31,,6280,6,,,2,475,,6281,6,,,2,30,,6282,6,,,2,468,,6283,6,,,2
21001,'3',638,,6284,6,,,2,70,,6285,6,,,2,31,,6286,6,,,2,404,,6287,6,,,2
21001,'71',531,,4909,11,,,2,27,,4910,11,,,2,55,,4911,11,,,2,13,,4912,11,,,2,325,,4913,11,,,2,162,,4914,11,,,2,894,,4915,11,,,2
21001,'72',557,,4916,11,,,2,69,,4917,11,,,2,30,,4918,11,,,2,70,,4919,11,,,2
21001,'73',626,,4920,11,,,2,30,,4921,11,,,2,70,,4922,11,,,2
35001,'71',1545,,4952,11,,,2
38001,'1',527,,6313,6,,,2,79,,6314,6,,,2,28,,6315,6,,,2
38001,'71',526,,4962,11,,,2,88,,4963,11,,,2,19,,4964,11,,,2
2000001501,'2',805,,7688,13,,,2,101,,7689,13,,,2,100,,7690,13,,,2,102,,7691,13,,,2,101,,7692,13,,,2,102,,7693,13,,,2,201,,7694,13,,,2,101,,7695,13,,,2,103,,7696,13,,,2,96,,7697,13,,,2,93,,7698,13,,,2
2000001501,'3',906,,7699,13,,,2,100,,7700,13,,,2,102,,7701,13,,,2,101,,7702,13,,,2,102,,7703,13,,,2,201,,7704,13,,,2,101,,7705,13,,,2,103,,7706,13,,,2,96,,7707,13,,,2,93,,7708,13,,,2
2000001501,'72',758,,5628,13,,,2,142,,5629,13,,,2,103,,5630,13,,,2,108,,5631,13,,,2,94,,5632,13,,,2,109,,5633,13,,,2,142,,5634,13,,,2,99,,5635,13,,,2,103,,5636,13,,,2,98,,5637,13,,,2,98,,5638,13,,,2
2000001501,'73',900,,5639,13,,,2,103,,5640,13,,,2,108,,5641,13,,,2,94,,5642,13,,,2,109,,5643,13,,,2,142,,5644,13,,,2,99,,5645,13,,,2,103,,5646,13,,,2,98,,5647,13,,,2,98,,5648,13,,,2
