20000,'1',854,,1044,14,,,2,66,,1043,14,,,2,27,,1042,14,,,2,70,,1041,14,,,2
20000,'3',838,,1050,14,,,2,76,,1049,14,,,2
20000,'4',842,,1055,14,,,2,76,,1054,14,,,2
5002301,'1',1600,,1319,14,,,2,38,,1317,14,,,2,65,,1316,14,,,2,115,,1318,14,,,2
5002301,'2',1625,,1322,14,,,2,29,,1320,14,,,2,163,,1321,14,,,2
5002401,'1',1601,,1330,14,,,2,38,,1328,14,,,2,65,,1329,14,,,2
5002401,'2',1626,,1331,14,,,2,29,,1332,14,,,2
5003401,'1',1634,,1339,14,,,2
5003401,'3',1618,,1340,14,,,2
5003401,'4',1625,,1341,14,,,2
5003601,'1',1551,,1350,14,,,2,83,,1348,14,,,2,23,,1349,14,,,2
5003601,'3',1620,,1351,14,,,2,27,,1352,14,,,2
5003601,'4',1625,,1353,14,,,2,23,,1354,14,,,2
5003701,'1',1553,,1365,14,,,2,105,,1364,14,,,2,156,,1366,14,,,2
5003701,'3',1647,,1367,14,,,2
5003701,'4',1649,,1368,14,,,2,162,,1369,14,,,2
5003801,'1',1635,,1371,14,,,2,88,,1370,14,,,2
5003801,'3',1619,,1373,14,,,2,93,,1372,14,,,2
5003801,'4',1626,,1375,14,,,2,89,,1374,14,,,2
1200000201,'1',631,,1672,14,,,1,15,,1671,14,,,1,56,,1674,14,,,1,18,,1676,14,,,1,12,,1670,14,,,1,11,,1683,14,,,1,57,,1673,14,,,1,18,,1689,14,,,1,17,,1669,14,,,1,14,,1679,14,,,1,55,,1691,14,,,1,11,,1686,14,,,1,13,,1681,14,,,1,12,,1692,14,,,1,16,,1677,14,,,1,52,,1695,14,,,1,17,,1688,14,,,1,18,,1690,14,,,1,14,,1696,14,,,1,55,,1694,14,,,1,15,,1698,14,,,1,15,,1700,14,,,1,15,,1693,14,,,1,57,,1701,14,,,1,15,,1702,14,,,1,15,,1703,14,,,1,15,,1704,14,,,1,55,,1706,14,,,1,16,,1697,14,,,1,15,,1699,14,,,1,55,,1709,14,,,1,15,,1710,14,,,1,14,,1712,14,,,1,15,,1708,14,,,1,56,,1713,14,,,1,13,,1714,14,,,1,13,,1705,14,,,1,19,,1707,14,,,1,56,,1715,14,,,1,15,,1716,14,,,1,21,,1718,14,,,1,8,,1720,14,,,1,13,,1711,14,,,1,52,,1723,14,,,1,14,,1726,14,,,1,12,,1727,14,,,1,12,,1731,14,,,1,53,,1734,14,,,1,14,,1719,14,,,1,7,,1717,14,,,1,8,,1732,14,,,1,13,,1733,14,,,1,14,,1722,14,,,1,52,,1721,14,,,1,14,,1728,14,,,1,14,,1724,14,,,1,20,,1729,14,,,1,70,,1736,14,,,1,32,,1730,14,,,1,76,,1738,14,,,1,68,,1740,14,,,1,29,,1737,14,,,1,26,,1735,14,,,1,72,,1739,14,,,1,83,,1741,14,,,1
1200000201,'21',1554,,1745,14,,,1,54,,1746,14,,,1
1200000201,'3',628,,1751,14,,,1,15,,1749,14,,,1,15,,1753,14,,,1,57,,1756,14,,,1,17,,1759,14,,,1,16,,1762,14,,,1,56,,1764,14,,,1,17,,1748,14,,,1,14,,1766,14,,,1,15,,1752,14,,,1,54,,1750,14,,,1,14,,1754,14,,,1,17,,1757,14,,,1,18,,1760,14,,,1,53,,1763,14,,,1,34,,1767,14,,,1,69,,1769,14,,,1,30,,1771,14,,,1,71,,1772,14,,,1,30,,1773,14,,,1,70,,1768,14,,,1,31,,1770,14,,,1,70,,1774,14,,,1,28,,1776,14,,,1,65,,1781,14,,,1,12,,1778,14,,,1,14,,1779,14,,,1,16,,1783,14,,,1,54,,1785,14,,,1,21,,1787,14,,,1,8,,1789,14,,,1,14,,1775,14,,,1,15,,1790,14,,,1,55,,1777,14,,,1,14,,1792,14,,,1,15,,1782,14,,,1,14,,1780,14,,,1,55,,1784,14,,,1,14,,1786,14,,,1,14,,1788,14,,,1,68,,1795,14,,,1,29,,1794,14,,,1,20,,1791,14,,,1,70,,1797,14,,,1,32,,1793,14,,,1,77,,1799,14,,,1,67,,1801,14,,,1,29,,1798,14,,,1,27,,1796,14,,,1,72,,1800,14,,,1,83,,1802,14,,,1
1200000201,'4',629,,1806,14,,,1,15,,1805,14,,,1,15,,1810,14,,,1,58,,1809,14,,,1,19,,1813,14,,,1,16,,1818,14,,,1,56,,1822,14,,,1,16,,1804,14,,,1,14,,1824,14,,,1,15,,1807,14,,,1,54,,1816,14,,,1,14,,1821,14,,,1,15,,1811,14,,,1,18,,1814,14,,,1,52,,1819,14,,,1,17,,1825,14,0,5 6 7,1,18,,1827,14,,,1,14,,1831,14,0,5 6 7,1,55,,1829,14,,,1,15,,1834,14,0,5 6 7,1,15,,1833,14,,,1,15,,1837,14,0,5 6 7,1,56,,1836,14,,,1,15,,1826,14,0,5 6 7,1,14,,1838,14,,,1,16,,1832,14,0,5 6 7,1,54,,1828,14,,,1,16,,1835,14,0,5 6 7,1,15,,1830,14,,,1,15,,1842,14,0,5 6 7,1,55,,1840,14,,,1,14,,1843,14,,,1,15,,1845,14,,,1,16,,1839,14,,,1,51,,1851,14,,,1,12,,1847,14,,,1,14,,1849,14,,,1,18,,1853,14,,,1,55,,1855,14,,,1,21,,1857,14,,,1,9,,1858,14,,,1,13,,1841,14,,,1,52,,1844,14,,,1,15,,1846,14,,,1,13,,1861,14,,,1,15,,1852,14,,,1,14,,1848,14,,,1,54,,1850,14,,,1,7,,1859,14,,,1,8,,1854,14,,,1,14,,1856,14,,,1,14,,1866,14,,,1,53,,1865,14,,,1,28,,1862,14,,,1,20,,1860,14,,,1,70,,1867,14,,,1,32,,1863,14,,,1,77,,1869,14,,,1,68,,1871,14,,,1,29,,1868,14,,,1,26,,1864,14,,,1,72,,1870,14,,,1,83,,1872,14,,,1
1200000201,'6',654,,1875,14,,,1,70,,1873,14,,,1,30,,1876,14,,,1,71,,1882,14,,,1,30,,1887,14,,,1,72,,1880,14,,,1,31,,1879,14,,,1,69,,1885,14,,,1,30,,1886,14,,,1,71,,1874,14,,,1,29,,1877,14,,,1,72,,1883,14,,,1,30,,1881,14,,,1,69,,1888,14,,,1,72,,1889,14,,,1,31,,1891,14,,,1,72,,1890,14,,,1,29,,1893,14,,,1,69,,1894,14,,,1,32,,1895,14,,,1,71,,1896,14,,,1,28,,1897,14,,,1,68,,1892,14,,,1,28,,1899,14,,,1,28,,1898,14,,,1,80,,1907,14,,,1,69,,1905,14,,,1,29,,1900,14,,,1,68,,1908,14,,,1,29,,1903,14,,,1,70,,1902,14,,,1,30,,1909,14,,,1,69,,1901,14,,,1,33,,1904,14,,,1,80,,1906,14,,,1
1200000201,'7',2034,,1910,14,,,1,68,,1911,14,,,1
1200000201,'9',754,,1912,14,,,1,71,,1915,14,,,1,30,,1919,14,,,1,72,,1922,14,,,1,31,,1914,14,,,1,69,,1918,14,,,1,30,,1921,14,,,1,71,,1925,14,,,1,29,,1926,14,,,1,72,,1916,14,,,1,30,,1927,14,,,1,69,,1923,14,,,1,72,,1928,14,,,1,31,,1930,14,,,1,72,,1929,14,,,1,29,,1932,14,,,1,69,,1933,14,,,1,32,,1934,14,,,1,71,,1935,14,,,1,28,,1937,14,,,1,68,,1931,14,,,1,28,,1939,14,,,1,28,,1938,14,,,1,80,,1940,14,,,1,69,,1936,14,,,1
1200000301,'1',657,,2133,14,,,1,59,,2136,14,,,1,36,,2143,14,,,1,71,,2142,14,,,1,26,,2145,14,,,1,66,,2137,14,,,1,25,,2148,14,,,1,70,,2147,14,,,1,36,,2146,14,,,1,60,,2150,14,,,1,20,,2152,14,,,1,20,,2149,14,,,1,61,,2154,14,,,1,21,,2156,14,,,1,22,,2158,14,,,1,60,,2151,14,,,1,20,,2153,14,,,1,20,,2159,14,,,1,56,,2155,14,,,1,20,,2157,14,,,1,22,,2161,14,,,1,63,,2162,14,,,1,16,,2163,14,,,1,19,,2164,14,,,1,56,,2160,14,,,1,19,,2173,14,,,1,19,,2169,14,,,1,11,,2172,14,,,1,54,,2166,14,,,1,15,,2165,14,,,1,16,,2175,14,,,1,14,,2174,14,,,1,53,,2168,14,,,1,8,,2170,14,,,1,8,,2176,14,,,1,15,,2167,14,,,1,16,,2171,14,,,1,58,,2177,14,,,1,28,,2178,14,,,1,71,,2183,14,,,1,30,,2184,14,,,1,70,,2179,14,,,1,34,,2185,14,,,1
1200000301,'3',655,,2188,14,,,1,56,,2191,14,,,1,28,,2199,14,,,1,69,,2196,14,,,1,25,,2202,14,,,1,69,,2192,14,,,1,36,,2201,14,,,1,66,,2197,14,,,1,29,,2203,14,,,1,70,,2204,14,,,1,30,,2206,14,,,1,70,,2198,14,,,1,33,,2208,14,,,1,70,,2205,14,,,1,30,,2207,14,,,1,66,,2209,14,,,1,30,,2210,14,,,1,72,,2211,14,,,1,29,,2214,14,,,1,16,,2212,14,,,1,57,,2216,14,,,1,19,,2219,14,,,1,13,,2221,14,,,1,16,,2215,14,,,1,57,,2213,14,,,1,18,,2217,14,,,1,17,,2218,14,,,1,54,,2222,14,,,1,15,,2220,14,,,1,32,,2224,14,,,1,60,,2225,14,,,1,28,,2223,14,,,1,71,,2230,14,,,1,30,,2231,14,,,1,70,,2226,14,,,1,35,,2232,14,,,1
1200000301,'4',657,,2235,14,,,1,56,,2239,14,,,1,29,,2244,14,,,1,76,,2246,14,,,1,18,,2248,14,,,1,70,,2240,14,,,1,33,,2245,14,,,1,65,,2236,14,,,1,30,,2249,14,,,1,70,,2250,14,,,1,30,,2252,14,,,1,71,,2254,14,,,1,32,,2256,14,,,1,70,,2251,14,,,1,30,,2253,14,,,1,66,,2255,14,,,1,30,,2257,14,,,1,73,,2258,14,,,1,15,,2261,14,,,1,14,,2263,14,,,1,18,,2259,14,,,1,58,,2265,14,,,1,20,,2267,14,,,1,12,,2269,14,,,1,13,,2262,14,,,1,56,,2264,14,,,1,18,,2260,14,,,1,17,,2266,14,,,1,54,,2268,14,,,1,8,,2275,14,,,1,7,,2270,14,,,1,32,,2271,14,,,1,59,,2272,14,,,1,28,,2277,14,,,1,71,,2273,14,,,1,30,,2274,14,,,1,70,,2276,14,,,1,35,,2278,14,,,1
1200000301,'6',735,,2287,14,,,1,71,,2286,14,,,1,31,,2290,14,,,1,70,,2291,14,,,1,30,,2284,14,,,1,71,,2285,14,,,1,30,,2289,14,,,1,70,,2288,14,,,1,30,,2292,14,,,1,71,,2293,14,,,1,30,,2295,14,,,1,70,,2294,14,,,1,31,,2297,14,,,1,70,,2298,14,,,1,31,,2299,14,,,1,71,,2300,14,,,1,29,,2301,14,,,1,70,,2296,14,,,1,32,,2303,14,,,1,70,,2302,14,,,1,29,,2305,14,,,1,68,,2304,14,,,1,29,,2309,14,,,1,64,,2306,14,,,1
1200000301,'9',806,,2315,14,,,1,31,,2317,14,,,1,70,,2318,14,,,1,30,,2320,14,,,1,71,,2321,14,,,1,30,,2316,14,,,1,70,,2322,14,,,1,30,,2319,14,,,1,71,,2323,14,,,1,30,,2325,14,,,1,70,,2324,14,,,1,31,,2327,14,,,1,70,,2328,14,,,1,31,,2329,14,,,1,71,,2330,14,,,1,29,,2331,14,,,1,70,,2326,14,,,1,32,,2333,14,,,1,70,,2332,14,,,1,29,,2335,14,,,1,68,,2334,14,,,1,29,,2336,14,,,1,64,,2338,14,,,1
1200000401,'1',1641,,2355,14,,,1,67,,2354,14,,,1,21,,2358,14,,,1
1200000401,'3',1625,,2366,14,,,1,28,,2363,14,,,1,67,,2364,14,,,1
1200000401,'4',1631,,2373,14,,,1,27,,2375,14,,,1,64,,2376,14,,,1
