13801,'83',1617,,4871,12,,,2
34501,'83',1616,,4950,12,,,2
35501,'83',1620,,4956,12,,,2
5004200,'81',650,,5054,5,,,2
1200000101,'71',1534,,5070,31,,,1,72,,5071,31,,,1,31,,5069,31,,,1,73,,5072,31,,,1
1200000200,'71',538,,5075,5,,,1,15,,5074,27,,,1,55,,5078,27,,,1,8,,5082,5,,,1,7,,5080,27,,,1,17,,5081,27,,,1,15,,5077,27,,,1,55,,5085,27,,,1,17,,5073,27,,,1,15,,5087,27,,,1,16,,5076,27,,,1,54,,5089,27,,,1,14,,5083,27,,,1,15,,5090,27,,,1,59,,5079,27,,,1,14,,5091,27,,,1,17,,5084,27,,,1,17,,5086,27,,,1,54,,5092,27,,,1,15,,5088,27,,,1,15,,5094,27,,,1,15,,5095,27,,,1,55,,5096,27,,,1,15,,5098,27,,,1,15,,5099,27,,,1,15,,5101,27,,,1,55,,5102,27,,,1,15,,5103,27,,,1,16,,5093,27,,,1,15,,5105,27,,,1,55,,5106,27,,,1,15,,5107,27,,,1,14,,5097,27,,,1,15,,5104,27,,,1,55,,5100,27,,,1,21,,5108,27,,,1,12,,5109,27,,,1,15,,5110,27,,,1,55,,5111,27,,,1,15,,5112,27,,,1,12,,5113,27,,,1,14,,5115,27,,,1,55,,5117,27,,,1,15,,5119,27,,,1,8,,5121,14,,,1,8,,5120,27,,,1,13,,5122,27,,,1,55,,5125,27,,,1,17,,5126,27,,,1,15,,5123,27,,,1,15,,5124,27,,,1,54,,5116,27,,,1,15,,5114,27,,,1,15,,5128,27,,,1,15,,5118,27,,,1,70,,5129,27,,,1,30,,5127,27,,,1,70,,5133,27,,,1,30,,5135,27,,,1,69,,5136,27,,,1,32,,5130,27,,,1,70,,5132,27,,,1,32,,5134,27,,,1,67,,5137,27,,,1,30,,5131,27,0,14,1
1200000200,'72',717,,5139,27,,,1,30,,5142,27,,,1,70,,5143,27,,,1,30,,5144,27,,,1,70,,5138,27,,,1,30,,5141,27,,,1,70,,5140,27,,,1,30,,5145,27,,,1,70,,5146,27,,,1,31,,5148,27,,,1,69,,5147,27,,,1,30,,5150,27,,,1,70,,5151,27,,,1,30,,5152,27,,,1,70,,5153,27,,,1,30,,5154,27,,,1,70,,5149,27,,,1,30,,5156,27,,,1,70,,5155,27,,,1,30,,5159,27,,,1,70,,5158,27,,,1,31,,5161,27,,,1,68,,5162,27,,,1,29,,5163,27,,,1,70,,5165,27,,,1,31,,5157,27,,,1,69,,5167,27,,,1,29,,5168,27,,,1,70,,5164,27,,,1,30,,5166,27,,,1,70,,5160,27,,,1,30,,5169,27,,,1,70,,5170,27,,,1
1200000200,'73',717,,5171,27,,,1,30,,5173,27,,,1,70,,5174,27,,,1,30,,5175,27,,,1,70,,5176,27,,,1,30,,5172,27,,,1,70,,5177,27,,,1,30,,5179,27,,,1,70,,5178,27,,,1,31,,5181,27,,,1,69,,5180,27,,,1,30,,5183,27,,,1,70,,5184,27,,,1,30,,5185,27,,,1,70,,5186,27,,,1,30,,5188,27,,,1,70,,5182,27,,,1,30,,5191,27,,,1,70,,5189,27,,,1,30,,5193,27,,,1,70,,5192,27,,,1,31,,5195,27,,,1,68,,5196,27,,,1,29,,5197,27,,,1,70,,5187,27,,,1,31,,5194,27,,,1,69,,5190,27,,,1
1200000200,'89',631,,5198,5,,,1,21,,5200,5,,,1
1200000400,'71',647,,5565,29,,,1,55,,5566,29,,,1,16,,5567,29,,,1,16,,5564,29,,,1
