3701,'1',547,,6122,19,0,9,2,81,,6123,26,0,9,2,104,,6124,26,,,2,104,,6125,26,0,9,2,104,,6126,26,0,9,2,97,,6127,26,0,9,2,102,,6128,26,0,9,2,115,,6129,26,0,9,2,102,,6130,26,0,9,2,102,,6131,26,0,9,2,154,,6132,26,0,9,2,142,,6133,26,0,9,2,72,,6134,26,0,9,2,101,,6135,26,0,9,2,96,,6136,26,0,9,2,96,,6137,26,0,9,2,100,,6138,26,0,9,2,100,,6139,26,0,9,2,27,,6140,26,0,9,2
3701,'2',702,,6141,26,0,9,2,100,,6142,26,0,9,2,102,,6143,26,0,9,2,102,,6144,26,0,9,2,102,,6145,26,0,9,2,116,,6146,26,0,9,2,103,,6147,26,0,9,2,100,,6148,26,0,9,2,101,,6149,26,0,9,2,100,,6150,26,0,9,2,101,,6151,26,0,9,2,95,,6152,26,0,9,2,97,,6153,26,0,9,2,96,,6154,26,0,9,2,100,,6155,26,0,9,2,101,,6156,26,0,9,2,98,,6157,26,0,9,2,28,,6158,26,0,9,2
3701,'3',802,,6159,26,0,9,2,102,,6160,26,0,9,2,102,,6161,26,0,9,2,102,,6162,26,0,9,2,116,,6163,26,0,9,2,103,,6164,26,0,9,2,100,,6165,26,0,9,2,101,,6166,26,0,9,2,100,,6167,26,0,9,2,101,,6168,26,0,9,2,95,,6169,26,0,9,2,97,,6170,26,0,9,2
3701,'71',546,,4746,19,0,9,2,186,,4749,26,,,2,104,,4748,26,0,9,2,102,,4747,26,0,9,2,98,,4750,26,0,9,2,102,,4751,26,0,9,2,113,,4752,26,0,9,2,102,,4753,26,0,9,2,102,,4754,26,0,9,2,155,,4755,26,0,9,2,113,,4756,26,0,9,2,100,,4757,26,0,9,2,101,,4758,26,0,9,2,97,,4759,26,0,9,2,97,,4760,26,0,9,2,101,,4761,26,0,9,2,102,,4762,26,0,9,2,27,,4763,26,0,9,2
3701,'72',706,,4764,26,0,9,2,100,,4765,26,0,9,2,102,,4766,26,0,9,2,100,,4767,26,0,9,2,100,,4768,26,0,9,2,112,,4769,26,0,9,2,100,,4770,26,0,9,2,100,,4771,26,0,9,2,102,,4772,26,0,9,2,100,,4773,26,0,9,2,98,,4774,26,0,9,2,100,,4775,26,0,9,2,100,,4776,26,0,9,2,97,,4779,26,0,9,2,100,,4780,26,0,9,2,101,,4781,26,0,9,2,98,,4777,26,0,9,2,28,,4778,26,0,9,2
3701,'73',806,,4782,26,0,9,2,102,,4783,26,0,9,2,100,,4784,26,0,9,2,100,,4785,26,0,9,2,112,,4786,26,0,9,2,100,,4787,26,0,9,2,100,,4788,26,0,9,2,102,,4789,26,0,9,2,100,,4790,26,0,9,2,98,,4791,26,0,9,2,100,,4792,26,0,9,2,109,,4793,26,0,9,2
37500,'12',815,,6309,10,,,2
37500,'82',815,,4957,10,,,2
5003700,'1',640,,6395,30,,,2,76,,6394,30,,,2
5003700,'71',625,,5046,37,,,2,17,,5047,30,,,2,74,,5048,30,,,2
5003701,'1',1747,,6396,59,,,2
5003701,'71',1643,,5050,59,,,2,106,,5049,59,,,2
5003701,'81',1902,,5051,59,,,2
