1500,'1',558,,5823,20,,,2,68,,5825,20,,,2,29,,5827,20,,,2,70,,5826,23,,,2,30,,5829,23,,,2,81,,5828,23,0,10 11,2,110,,5824,20,0,12 13,2,100,,5830,20,0,12 13,2,100,,5831,20,0,12 13,2,103,,5832,19,0,12 13,2
1500,'16',835,,5833,8,0,10 11,2
1500,'71',558,,4416,21,,,2,68,,4417,21,,,2,29,,4421,21,,,2,72,,4420,20,,,2,28,,4418,20,,,2,81,,4422,21,0,10 11,2,112,,4419,20,0,12 13,2,155,,4423,20,0,12 13,2,116,,4424,20,0,12 13,2,30,,4425,20,0,12 13,2,157,,4427,20,0,12 13,2,116,,4428,20,,,2,96,,4426,20,,,2,37,,4431,21,,,2,68,,4430,20,,,2,100,,4432,20,0,12 13,2,111,,4433,20,0,12 13,2,104,,4434,20,0,12 13,2
1500,'87',835,,4435,10,0,10 11,2
13100,'15',713,,6233,21,,,2
13100,'84',713,,4864,21,,,2
15500,'12',826,,6239,10,,,2
15500,'82',826,,4874,10,,,2
2000001500,'2',742,,7667,20,,,2,100,,7668,19,,,2,100,,7669,19,,,2,94,,7670,19,,,2,109,,7671,19,,,2,101,,7672,19,,,2,201,,7673,20,,,2,101,,7674,19,,,2,95,,7675,19,,,2,106,,7676,19,,,2,93,,7677,19,,,2
2000001500,'3',842,,7678,20,,,2,100,,7679,19,,,2,94,,7680,19,,,2,109,,7681,19,,,2,101,,7682,19,,,2,201,,7683,20,,,2,101,,7684,19,,,2,95,,7685,19,,,2,106,,7686,19,,,2,93,,7687,19,,,2
2000001500,'72',735,,5607,21,,,2,101,,5608,20,,,2,103,,5609,20,,,2,100,,5610,20,,,2,102,,5611,20,,,2,100,,5612,20,,,2,190,,5613,21,,,2,99,,5614,20,,,2,95,,5615,20,,,2,108,,5616,20,,,2,98,,5617,20,,,2
2000001500,'73',836,,5618,21,,,2,103,,5619,20,,,2,100,,5620,20,,,2,102,,5621,20,,,2,100,,5622,20,,,2,190,,5623,21,,,2,99,,5624,20,,,2,95,,5625,20,,,2,108,,5626,20,,,2,98,,5627,20,,,2
