3101,'1',610,,6012,42,0,8 1 32,2,30,,6014,42,0,8 1 32,2,68,,6013,74,0,8 1 32,2,32,,6011,74,0,8 1 32,2,103,,6015,74,0,8 1 32,2,105,,6016,74,0,8 1 32,2,99,,6017,74,0,8 1 32,2,100,,6018,74,0,8 1 32,2,106,,6019,74,0,8 1 32,2,102,,6020,74,0,8 1 32,2,101,,6021,74,0,8 1 32,2,100,,6022,74,0,8 1 32,2,97,,6023,74,0,8 1 32,2,71,,6026,74,0,8 1 32,2,31,,6027,74,0,8 1 32,2,71,,6024,74,0,8 1 32,2,33,,6028,74,0,8 1 32,2,64,,6025,74,0,8 1 32,2,36,,6029,74,0,8 1 32,2
3701,'1',555,,6122,35,0,9,2,81,,6123,42,0,9,2,105,,6124,42,,,2,103,,6125,42,0,9,2,104,,6126,42,0,9,2,97,,6127,42,0,9,2,102,,6128,42,0,9,2,155,,6129,42,0,9,2,102,,6130,42,0,9,2,102,,6131,42,0,9,2,114,,6132,42,0,9,2,182,,6133,42,0,9,2,32,,6134,42,0,9,2,100,,6135,42,0,9,2,96,,6136,42,0,9,2,96,,6137,42,0,9,2,100,,6138,42,0,9,2,100,,6139,42,0,9,2,25,,6140,42,0,9,2
3701,'2',710,,6141,42,0,9,2,100,,6142,42,0,9,2,102,,6143,42,0,9,2,102,,6144,42,0,9,2,102,,6145,42,0,9,2,116,,6146,42,0,9,2,103,,6147,42,0,9,2,100,,6148,42,0,9,2,101,,6149,42,0,9,2,100,,6150,42,0,9,2,101,,6151,42,0,9,2,95,,6152,42,0,9,2,97,,6153,42,0,9,2,96,,6154,42,0,9,2,100,,6155,42,0,9,2,101,,6156,42,0,9,2,98,,6157,42,0,9,2,25,,6158,42,0,9,2
3701,'3',810,,6159,42,0,9,2,102,,6160,42,0,9,2,102,,6161,42,0,9,2,102,,6162,42,0,9,2,116,,6163,42,0,9,2,103,,6164,42,0,9,2,100,,6165,42,0,9,2,101,,6166,42,0,9,2,100,,6167,42,0,9,2,101,,6168,42,0,9,2,95,,6169,42,0,9,2,97,,6170,42,0,9,2
3701,'71',554,,4746,35,0,9,2,187,,4749,42,,,2,103,,4748,42,0,9,2,102,,4747,42,0,9,2,98,,4750,42,0,9,2,102,,4751,42,0,9,2,113,,4752,42,0,9,2,142,,4753,42,0,9,2,102,,4754,42,0,9,2,115,,4755,42,0,9,2,113,,4756,42,0,9,2,100,,4757,42,0,9,2,100,,4758,42,0,9,2,97,,4759,42,0,9,2,97,,4760,42,0,9,2,101,,4761,42,0,9,2,102,,4762,42,0,9,2,25,,4763,42,0,9,2
3701,'72',714,,4764,42,0,9,2,100,,4765,42,0,9,2,102,,4766,42,0,9,2,100,,4767,42,0,9,2,100,,4768,42,0,9,2,112,,4769,42,0,9,2,100,,4770,42,0,9,2,100,,4771,42,0,9,2,102,,4772,42,0,9,2,100,,4773,42,0,9,2,98,,4774,42,0,9,2,100,,4775,42,0,9,2,100,,4776,42,0,9,2,97,,4779,42,0,9,2,100,,4780,42,0,9,2,101,,4781,42,0,9,2,98,,4777,42,0,9,2,25,,4778,42,0,9,2
3701,'73',814,,4782,42,0,9,2,102,,4783,42,0,9,2,100,,4784,42,0,9,2,100,,4785,42,0,9,2,112,,4786,42,0,9,2,100,,4787,42,0,9,2,100,,4788,42,0,9,2,102,,4789,42,0,9,2,100,,4790,42,0,9,2,98,,4791,42,0,9,2,100,,4792,42,0,9,2,109,,4793,42,0,9,2
3800,'1',812,,6171,43,,,2,103,,6172,43,,,2,99,,6173,43,,,2,102,,6174,43,,,2,115,,6175,43,,,2,102,,6176,43,,,2,102,,6177,43,,,2,106,,6178,43,,,2,159,,6179,43,,,2,32,,6180,43,,,2,174,,6181,43,,,2,96,,6182,43,,,2,56,,6183,43,,,2,100,,6184,43,,,2,98,,6185,43,,,2
3800,'2',740,,6186,43,,,2,101,,6187,43,,,2,103,,6188,43,,,2,101,,6189,43,,,2,102,,6190,43,,,2,156,,6191,43,,,2,102,,6192,43,,,2,101,,6193,43,,,2,100,,6194,43,,,2,102,,6195,43,,,2,99,,6196,43,,,2,94,,6197,43,,,2,56,,6198,43,,,2,100,,6199,43,,,2,97,,6200,43,,,2,101,,6201,43,,,2
3800,'3',841,,6202,43,,,2,103,,6203,43,,,2,101,,6204,43,,,2,102,,6205,43,,,2,156,,6206,43,,,2,102,,6207,43,,,2,101,,6208,43,,,2,100,,6209,43,,,2,102,,6210,43,,,2,99,,6211,43,,,2,94,,6212,43,,,2,56,,6213,43,,,2
3800,'71',810,,4794,43,,,2,105,,4795,43,,,2,98,,4796,43,,,2,102,,4797,43,,,2,113,,4798,43,,,2,102,,4799,43,,,2,102,,4800,43,,,2,109,,4801,50,,,2,115,,4802,43,,,2,95,,4803,43,,,2,152,,4804,43,,,2,97,,4805,43,,,2,56,,4806,43,,,2,101,,4807,43,,,2,99,,4808,43,,,2
3800,'72',744,,4809,43,,,2,100,,4810,43,,,2,102,,4811,43,,,2,100,,4812,43,,,2,101,,4813,43,,,2,111,,4814,43,,,2,100,,4815,43,,,2,142,,4816,43,,,2,100,,4817,43,,,2,100,,4818,43,,,2,58,,4819,43,,,2,100,,4820,43,,,2,98,,4822,43,,,2,99,,4823,43,,,2,99,,4824,43,,,2,100,,4821,43,,,2
3800,'73',844,,4825,43,,,2,102,,4826,43,,,2,100,,4827,43,,,2,101,,4828,43,,,2,111,,4829,43,,,2,100,,4830,43,,,2,142,,4831,43,,,2,100,,4832,43,,,2,100,,4833,43,,,2,58,,4834,43,,,2,100,,4835,43,,,2,147,,4836,43,,,2
3900,'1',644,,6215,26,0,32,2,80,,6216,26,0,32,2,31,,6214,26,0,32,2
31100,'15',747,,6300,52,,,2
31100,'84',747,,4945,52,,,2
35100,'15',729,,6307,39,,,2
35500,'12',819,,6308,39,,,2
37500,'12',825,,6309,26,,,2
37500,'82',825,,4957,26,,,2
38000,'1',1654,,6312,14,0,38,2,87,,6310,14,0,38,2,86,,6311,14,0,38,2
38000,'71',1658,,4961,14,,,2,82,,4960,14,,,2,79,,4959,14,,,2
38100,'15',733,,6316,44,,,2
38100,'84',733,,4965,44,,,2
38500,'12',825,,6317,31,,,2
38500,'82',825,,4967,31,,,2
5003700,'1',649,,6395,46,,,2,76,,6394,46,,,2
5003700,'71',633,,5046,53,,,2,18,,5047,46,,,2,74,,5048,46,,,2
5003701,'1',1754,,6396,75,,,2
5003701,'71',1650,,5050,75,,,2,106,,5049,75,,,2
5003701,'81',1909,,5051,75,,,2
5003801,'1',1727,,6398,74,,,2,89,,6397,74,,,2
5003801,'71',1726,,5053,74,,,2,89,,5052,74,,,2
2000003101,'2',713,,7719,43,0,8 1 32,2,102,,7720,75,0,8 1 32,2,101,,7721,75,0,8 1 32,2,101,,7722,75,0,8 1 32,2,101,,7723,75,0,8 1 32,2,101,,7724,75,0,8 1 32,2,101,,7725,75,0,8 1 32,2,215,,7726,75,0,8 1 32,2,101,,7727,75,0,8 1 32,2,101,,7728,75,0,8 1 32,2,96,,7729,75,0,8 1 32,2
2000003101,'3',815,,7731,43,0,8 1 32,2,101,,7732,75,0,8 1 32,2,101,,7733,75,0,8 1 32,2,101,,7734,75,0,8 1 32,2,101,,7735,75,0,8 1 32,2,101,,7736,75,0,8 1 32,2,215,,7737,75,0,8 1 32,2,101,,7738,75,0,8 1 32,2,101,,7739,75,0,8 1 32,2,96,,7740,75,0,8 1 32,2
