2301,'1',629,,5973,16,,,2,30,,5974,16,,,2,150,,5976,16,,,2,41,,5953,16,,,2,72,,5977,16,,,2,23,,5954,16,,,2,81,,5955,16,,,2,30,,5957,16,,,2,70,,5956,16,,,2
2301,'2',706,,5980,16,,,2,100,,5981,16,,,2,101,,5982,16,,,2,102,,5983,16,,,2,102,,5984,16,,,2
2301,'3',806,,5992,16,,,2,101,,5993,16,,,2,102,,5994,16,,,2,102,,5995,16,,,2
2301,'71',629,,4569,16,,,2,30,,4577,16,,,2,150,,4578,16,,,2,38,,4555,16,,,2,72,,4559,16,,,2,29,,4556,16,,,2,75,,4560,16,,,2,31,,4557,16,,,2,70,,4561,16,,,2
2301,'72',721,,4579,16,,,2,100,,4580,16,,,2,101,,4581,16,,,2,102,,4582,16,,,2,100,,4583,16,,,2
2301,'73',821,,4591,16,,,2,101,,4592,16,,,2,102,,4593,16,,,2,100,,4594,16,,,2
22200,'15',713,,6289,2,,,2
22200,'84',713,,4925,2,,,2
22201,'85',1531,,4926,30,,,2
23101,'85',1529,,4932,30,,,2
23500,'12',745,,6295,4,,,2
23500,'82',745,,4935,4,,,2
