2300,'1',556,,5924,21,,,2,194,,5919,21,,,2,79,,5927,21,,,2,76,,5904,21,,,2,36,,5906,21,,,2,70,,5905,21,,,2,30,,5907,21,,,2,70,,5908,21,,,2,30,,5909,21,,,2
2300,'2',633,,5930,21,,,2,100,,5931,21,,,2,101,,5932,21,,,2,102,,5933,21,,,2,102,,5934,21,,,2,102,,5935,21,,,2,101,,5936,21,,,2
2300,'3',733,,5942,21,,,2,101,,5943,21,,,2,102,,5944,21,,,2,102,,5945,21,,,2,102,,5946,21,,,2,101,,5947,21,,,2
2300,'71',556,,4520,21,,,2,189,,4525,21,,,2,84,,4529,21,0,14 1 15,2,73,,4507,21,,,2,36,,4510,21,,,2,70,,4508,21,,,2,31,,4511,21,,,2,70,,4509,21,,,2,30,,4512,21,,,2
2300,'72',635,,4531,21,,,2,101,,4532,21,,,2,101,,4533,21,,,2,101,,4534,21,,,2,101,,4535,21,,,2,100,,4536,21,,,2,101,,4537,21,,,2
2300,'73',736,,4543,21,,,2,101,,4544,21,,,2,101,,4545,21,,,2,101,,4546,21,,,2,100,,4547,21,,,2,101,,4548,21,,,2
23100,'15',715,,6293,33,,,2
23100,'84',715,,4931,33,,,2
23500,'12',801,,6295,44,,,2
23500,'82',801,,4935,44,,,2
5002300,'1',621,,6378,21,,,2,25,,6379,21,,,2,69,,6380,21,,,2
5002300,'71',621,,5028,21,,,2,25,,5027,21,,,2,69,,5029,21,,,2
