905231701,'27',2319,,6491,90,4,,2,29,,6494,90,4,,2,70,,6489,90,4,,2,30,,6492,90,4,,2,70,,6490,90,4,,2,30,,6493,90,4,,2,70,,6495,90,4,,2
905231701,'28',2319,,6498,90,4,,2,29,,6501,90,4,,2,70,,6496,90,4,,2,30,,6499,90,4,,2,70,,6497,90,4,,2,30,,6500,90,4,,2,70,,6502,90,4,,2
905231701,'29',2319,,6505,90,4,,2,29,,6508,90,4,,2,70,,6503,90,4,,2,30,,6506,90,4,,2,70,,6504,90,4,,2,30,,6507,90,4,,2,70,,6509,90,4,,2
1200000101,'1',1627,,7148,94,,,1,32,,7149,94,,,1,71,,7150,94,,,1,70,,7151,94,,,1
1200000101,'71',1623,,5070,94,,,1,32,,5071,94,,,1,71,,5069,94,,,1,30,,5072,94,,,1
1200000301,'1',628,,7508,43,,,1,28,,7513,43,,,1,77,,7506,56,,,1,20,,7510,56,,,1,75,,7516,56,,,1,30,,7511,56,,,1,65,,7519,56,,,1,25,,7507,56,,,1,69,,7517,56,,,1,27,,7515,56,,,1,73,,7520,56,,,1,33,,7521,56,,,1,70,,7523,56,,,1,34,,7525,56,,,1,72,,7527,56,,,1,28,,7522,56,,,1,70,,7524,56,,,1,28,,7526,56,,,1,71,,7528,56,,,1,36,,7529,56,,,1,60,,7532,53,,,1,23,,7530,53,,,1,58,,7535,53,,,1,19,,7534,53,,,1,11,,7539,53,,,1,13,,7537,53,,,1,14,,7538,53,,,1,56,,7541,53,,,1,14,,7533,53,,,1,12,,7536,53,,,1,15,,7531,53,,,1,68,,7540,53,,,1,24,,7544,56,,,1,64,,7542,56,,,1,30,,7543,56,,,1,70,,7545,56,,,1,29,,7546,56,,,1,73,,7549,56,,,1,31,,7547,43,,,1,70,,7550,43,,,1,28,,7548,43,,,1,70,,7551,43,,,1,39,,7552,43,,,1
1200000301,'2',808,,7553,56,,,1,30,,7556,56,,,1,71,,7559,56,,,1,32,,7562,56,,,1,71,,7554,56,,,1,32,,7557,56,,,1,71,,7560,56,,,1,32,,7563,56,,,1,71,,7555,56,,,1,31,,7558,56,,,1,71,,7561,56,,,1,31,,7564,56,,,1,71,,7565,56,,,1,30,,7568,56,,,1,70,,7574,56,,,1,30,,7571,56,,,1,70,,7566,56,,,1,31,,7569,56,,,1,71,,7575,56,,,1,27,,7572,56,,,1,68,,7567,56,,,1,28,,7570,56,,,1,67,,7576,56,,,1,26,,7573,56,,,1,75,,7577,43,,,1,100,,7578,43,,,1,96,,7579,43,,,1,98,,7580,43,,,1,37,,7581,43,,,1,102,,7582,43,,,1
1200000301,'27',2242,,7584,46,,,1,70,,7587,46,,,1,30,,7589,46,,,1,83,,7585,46,,,1,28,,7588,46,,,1,70,,7583,46,,,1,30,,7586,46,,,1
1200000301,'28',2242,,7591,46,,,1,70,,7594,46,,,1,30,,7596,46,,,1,83,,7592,46,,,1,28,,7595,46,,,1,70,,7590,46,,,1,30,,7593,46,,,1
1200000301,'29',2242,,7598,46,,,1,70,,7601,46,,,1,30,,7603,46,,,1,83,,7599,46,,,1,28,,7602,46,,,1,70,,7597,46,,,1,30,,7600,46,,,1
1200000301,'3',838,,7604,56,,,1,71,,7606,56,,,1,32,,7612,56,,,1,71,,7609,56,,,1,32,,7605,56,,,1,71,,7607,56,,,1,32,,7613,56,,,1,71,,7610,56,,,1,31,,7614,56,,,1,71,,7608,56,,,1,31,,7616,56,,,1,71,,7611,56,,,1,30,,7615,56,,,1,70,,7618,56,,,1,30,,7617,56,,,1,70,,7621,56,,,1,31,,7623,56,,,1,71,,7619,56,,,1,27,,7627,56,,,1,68,,7622,56,,,1,28,,7624,56,,,1,67,,7620,56,,,1,26,,7628,56,,,1,75,,7625,43,,,1,121,,7626,43,,,1
1200000301,'71',628,,5456,43,,,1,28,,5460,43,,,1,78,,5454,56,,,1,20,,5458,56,,,1,77,,5466,56,,,1,28,,5463,56,,,1,66,,5469,56,,,1,26,,5455,56,,,1,69,,5465,56,,,1,27,,5467,56,,,1,76,,5470,56,,,1,20,,5471,56,,,1,60,,5473,56,,,1,20,,5475,56,,,1,24,,5476,56,,,1,60,,5478,56,,,1,21,,5480,56,,,1,19,,5472,56,,,1,60,,5474,56,,,1,20,,5481,56,,,1,18,,5477,56,,,1,60,,5479,56,,,1,20,,5483,56,,,1,25,,5484,56,,,1,53,,5485,53,,,1,16,,5486,53,,,1,23,,5482,53,,,1,58,,5494,53,,,1,19,,5490,53,,,1,11,,5493,53,,,1,13,,5488,53,,,1,14,,5487,53,,,1,56,,5497,53,,,1,16,,5496,53,,,1,10,,5495,53,,,1,17,,5492,53,,,1,51,,5489,53,,,1,15,,5491,53,,,1,22,,5498,56,,,1,67,,5499,56,,,1,30,,5501,56,,,1,70,,5500,56,,,1,29,,5502,56,,,1,73,,5505,56,,,1,30,,5503,43,,,1,70,,5506,43,,,1,28,,5504,43,,,1,70,,5507,43,,,1,39,,5508,43,,,1
1200000301,'72',809,,5511,56,,,1,30,,5510,56,,,1,71,,5514,56,,,1,30,,5515,56,,,1,71,,5516,56,,,1,31,,5509,56,,,1,72,,5513,56,,,1,30,,5512,56,,,1,70,,5517,56,,,1,30,,5518,56,,,1,71,,5520,56,,,1,31,,5519,56,,,1,71,,5522,56,,,1,30,,5523,56,,,1,71,,5524,56,,,1,30,,5525,56,,,1,69,,5526,56,,,1,31,,5521,56,,,1,72,,5528,56,,,1,29,,5527,56,,,1,67,,5530,56,,,1,28,,5529,56,,,1,69,,5531,56,,,1,24,,5535,56,,,1,78,,5532,43,,,1,100,,5533,43,,,1,95,,5534,43,,,1,99,,5536,43,,,1,38,,5537,43,,,1,102,,5538,43,,,1
1200000301,'73',839,,5539,56,,,1,71,,5541,56,,,1,30,,5542,56,,,1,71,,5543,56,,,1,31,,5544,56,,,1,72,,5540,56,,,1,30,,5545,56,,,1,70,,5547,56,,,1,30,,5546,56,,,1,71,,5549,56,,,1,31,,5548,56,,,1,71,,5551,56,,,1,30,,5552,56,,,1,71,,5553,56,,,1,30,,5554,56,,,1,69,,5555,56,,,1,31,,5550,56,,,1,72,,5557,56,,,1,29,,5556,56,,,1,67,,5559,56,,,1,28,,5558,56,,,1,69,,5560,56,,,1,24,,5563,56,,,1,78,,5561,43,,,1,121,,5562,43,,,1
2000002200,'1',609,,7709,12,0,18 19 20,2
2000002200,'71',609,,5649,12,0,18 19 20,2
