3400,'1',612,,6032,16,,,2,114,,6033,18,,,2,79,,6031,16,,,2,752,,6037,16,,,2,144,,6034,18,,,2,28,,6035,18,,,2,92,,6036,18,,,2
3400,'13',839,,6038,18,0,24 1 15,2
3400,'71',612,,4634,16,,,2,114,,4635,18,,,2,77,,4636,16,,,2,36,,4633,18,0,24 1 15,2,677,,4637,7,,,2,41,,4638,16,,,2,91,,4639,18,,,2,82,,4640,18,,,2,89,,4641,18,,,2
34501,'83',1636,,4950,35,,,2
5003400,'1',635,,6388,16,,,2,22,,6387,16,,,2
5003400,'71',635,,5039,16,,,2,21,,5038,16,,,2
2000003400,'2',720,,7742,16,,,2,85,,7743,18,,,2,46,,7744,18,,,2,85,,7745,18,,,2,87,,7746,18,,,2,86,,7747,18,,,2,45,,7748,18,,,2,88,,7749,18,,,2,171,,7750,18,,,2,43,,7751,18,,,2,87,,7752,18,,,2,83,,7753,18,,,2,90,,7754,18,,,2,42,,7755,18,,,2,81,,7756,18,,,2
2000003400,'3',805,,7757,16,,,2,46,,7758,18,,,2,85,,7759,18,,,2,87,,7760,18,,,2,86,,7761,18,,,2,45,,7762,18,,,2,88,,7763,18,,,2,171,,7764,18,,,2,43,,7765,18,,,2,87,,7766,18,,,2,83,,7767,18,,,2,90,,7768,18,,,2,42,,7769,18,,,2,81,,7770,18,,,2
2000003400,'72',720,,5682,16,,,2,85,,5683,18,,,2,45,,5684,18,,,2,85,,5685,18,,,2,85,,5686,18,,,2,86,,5687,18,,,2,45,,5688,18,,,2,85,,5689,18,,,2,174,,5690,18,,,2,41,,5691,18,,,2,92,,5692,18,,,2,78,,5693,18,,,2,93,,5694,18,,,2,38,,5695,18,,,2,87,,5696,18,,,2
2000003400,'73',805,,5697,16,,,2,45,,5698,18,,,2,85,,5699,18,,,2,85,,5700,18,,,2,86,,5701,18,,,2,45,,5702,18,,,2,85,,5703,18,,,2,174,,5704,18,,,2,41,,5705,18,,,2,92,,5706,18,,,2,78,,5707,18,,,2,93,,5708,18,,,2,38,,5709,18,,,2,87,,5710,18,,,2
