20001,'1',1456,,6250,16,4,,2,74,,6251,16,4,,2
20001,'2',645,,6252,16,4,,2,70,,6254,16,4,,2
20001,'71',1500,,4892,21,4,,2,33,,4893,21,4,,2
20001,'72',637,,4896,21,4,,2,78,,4898,21,4,,2
5002300,'1',657,,6378,59,4,,2,73,,6379,59,4,,2,29,,6380,59,4,,2
5002300,'71',657,,5028,59,4,,2,73,,5027,59,4,,2,29,,5029,59,4,,2
5002400,'1',730,,6384,35,4,,2,27,,6383,35,4,,2
5002400,'71',730,,5034,35,4,,2,27,,5033,35,4,,2
5003400,'1',703,,6388,37,4,,2,23,,6387,37,4,,2
5003400,'71',703,,5039,37,4,,2,22,,5038,37,4,,2
5003600,'1',725,,6390,25,4,,2,27,,6391,25,4,,2
5003600,'71',725,,5042,36,4,,2,27,,5041,36,4,,2
5003700,'1',726,,6395,65,4,,2,77,,6394,65,4,,2
5003700,'71',704,,5046,72,4,,2,21,,5047,65,4,,2,76,,5048,65,4,,2
1200000200,'1',608,,7154,32,4,,1,15,,7153,54,4,,1,19,,7158,54,4,,1,61,,7159,54,4,,1,19,,7160,54,4,,1,19,,7162,54,4,,1,16,,7163,54,4,,1,56,,7152,54,4,,1,15,,7165,54,4,,1,15,,7157,54,4,,1,11,,7155,54,4,,1,52,,7161,54,4,,1,13,,7166,54,4,,1,14,,7164,54,4,,1,17,,7167,54,4,,1,70,,7169,54,4,,1,29,,7171,54,4,,1,70,,7156,54,4,,1,30,,7172,54,4,,1,70,,7168,54,4,,1,30,,7170,54,4,,1,71,,7174,54,4,,1,30,,7175,54,4,,1,69,,7173,54,4,,1,31,,7177,54,4,,1,58,,7179,54,4,,1,32,,7180,54,4,,1,17,,7181,54,4,,1,52,,7178,54,4,,1,14,,7182,54,4,,1,15,,7183,54,4,,1,17,,7185,54,4,,1,56,,7176,54,4,,1,12,,7188,54,4,,1,15,,7189,54,4,,1,15,,7192,54,4,,1,53,,7193,54,4,,1,15,,7187,54,4,,1,27,,7186,54,4,,1,67,,7184,54,4,,1,29,,7190,54,4,,1,70,,7196,54,4,,1,30,,7197,54,4,,1,70,,7199,54,4,,1,29,,7200,54,4,,1,72,,7194,54,4,,1,28,,7191,54,4,,1,72,,7198,54,4,,1,26,,7201,54,4,,1
1200000200,'2',745,,7205,54,4,,1,71,,7204,54,4,,1,31,,7208,54,4,,1,70,,7202,54,4,,1,30,,7207,54,4,,1,71,,7206,54,4,,1,31,,7210,54,4,,1,70,,7209,54,4,,1,31,,7203,54,4,,1,72,,7212,54,4,,1,30,,7214,54,4,,1,70,,7211,54,4,,1,30,,7216,54,4,,1,71,,7217,54,4,,1,30,,7213,54,4,,1,69,,7215,54,4,,1,30,,7219,54,4,,1,71,,7221,54,4,,1,30,,7218,54,4,,1,70,,7223,54,4,,1,29,,7224,54,4,,1,68,,7220,54,4,,1,25,,7222,54,4,,1,68,,7228,54,4,,1,30,,7227,54,4,,1,71,,7225,54,4,,1,29,,7229,54,4,,1,69,,7231,54,4,,1,30,,7230,54,4,,1,70,,7233,54,4,,1,30,,7226,54,4,,1,70,,7232,54,4,,1,30,,7234,54,4,,1
1200000200,'3',745,,7235,54,4,,1,71,,7236,54,4,,1,31,,7237,54,4,,1,70,,7238,54,4,,1,30,,7239,54,4,,1,71,,7243,54,4,,1,31,,7241,54,4,,1,70,,7245,54,4,,1,31,,7242,54,4,,1,72,,7240,54,4,,1,30,,7244,54,4,,1,70,,7247,54,4,,1,30,,7246,54,4,,1,71,,7248,54,4,,1,30,,7250,54,4,,1,69,,7252,54,4,,1,30,,7255,54,4,,1,71,,7257,54,4,,1,30,,7249,54,4,,1,70,,7251,54,4,,1,29,,7253,54,4,,1,68,,7256,54,4,,1,25,,7258,54,4,,1,68,,7260,54,4,,1,30,,7259,54,4,,1,71,,7254,54,4,,1,29,,7261,54,4,,1
1200000200,'71',607,,5075,32,4,,1,15,,5074,54,4,,1,19,,5078,54,4,,1,10,,5082,32,4,,1,49,,5080,54,4,,1,18,,5081,54,4,,1,18,,5077,54,4,,1,18,,5085,54,4,,1,55,,5073,54,4,,1,15,,5087,54,4,,1,15,,5076,54,4,,1,12,,5089,54,4,,1,52,,5083,54,4,,1,13,,5090,54,4,,1,15,,5079,54,4,,1,12,,5091,54,4,,1,57,,5084,54,4,,1,18,,5086,54,4,,1,14,,5092,54,4,,1,15,,5088,54,4,,1,55,,5094,54,4,,1,15,,5095,54,4,,1,15,,5096,54,4,,1,15,,5098,54,4,,1,55,,5099,54,4,,1,15,,5101,54,4,,1,15,,5102,54,4,,1,15,,5103,54,4,,1,56,,5093,54,4,,1,15,,5105,54,4,,1,15,,5106,54,4,,1,15,,5107,54,4,,1,54,,5097,54,4,,1,15,,5104,54,4,,1,15,,5100,54,4,,1,22,,5108,54,4,,1,52,,5109,54,4,,1,16,,5110,54,4,,1,15,,5111,54,4,,1,16,,5112,54,4,,1,52,,5113,54,4,,1,14,,5115,54,4,,1,15,,5117,54,4,,1,16,,5119,54,4,,1,9,,5121,41,4,,1,48,,5120,54,4,,1,12,,5122,54,4,,1,15,,5125,54,4,,1,15,,5126,54,4,,1,54,,5123,54,4,,1,14,,5124,54,4,,1,14,,5116,54,4,,1,14,,5114,54,4,,1,55,,5128,54,4,,1,14,,5118,54,4,,1,30,,5129,54,4,,1,70,,5127,54,4,,1,30,,5133,54,4,,1,70,,5135,54,4,,1,29,,5136,54,4,,1,72,,5130,54,4,,1,28,,5132,54,4,,1,72,,5134,54,4,,1,26,,5137,54,4,,1
1200000200,'72',745,,5139,54,4,,1,71,,5142,54,4,,1,30,,5143,54,4,,1,70,,5144,54,4,,1,30,,5138,54,4,,1,69,,5141,54,4,,1,30,,5140,54,4,,1,70,,5145,54,4,,1,30,,5146,54,4,,1,71,,5148,54,4,,1,29,,5147,54,4,,1,71,,5150,54,4,,1,30,,5151,54,4,,1,71,,5152,54,4,,1,30,,5153,54,4,,1,69,,5154,54,4,,1,30,,5149,54,4,,1,71,,5156,54,4,,1,30,,5155,54,4,,1,70,,5159,54,4,,1,30,,5158,54,4,,1,71,,5161,54,4,,1,26,,5162,54,4,,1,69,,5163,54,4,,1,30,,5165,54,4,,1,71,,5157,54,4,,1,29,,5167,54,4,,1,69,,5168,54,4,,1,30,,5164,54,4,,1,70,,5166,54,4,,1,29,,5160,54,4,,1,70,,5169,54,4,,1,30,,5170,54,4,,1
1200000200,'73',745,,5171,54,4,,1,71,,5173,54,4,,1,30,,5174,54,4,,1,70,,5175,54,4,,1,30,,5176,54,4,,1,69,,5172,54,4,,1,30,,5177,54,4,,1,70,,5179,54,4,,1,30,,5178,54,4,,1,71,,5181,54,4,,1,29,,5180,54,4,,1,71,,5183,54,4,,1,30,,5184,54,4,,1,71,,5185,54,4,,1,30,,5186,54,4,,1,69,,5188,54,4,,1,30,,5182,54,4,,1,71,,5191,54,4,,1,30,,5189,54,4,,1,70,,5193,54,4,,1,30,,5192,54,4,,1,71,,5195,54,4,,1,26,,5196,54,4,,1,69,,5197,54,4,,1,30,,5187,54,4,,1,71,,5194,54,4,,1,29,,5190,54,4,,1
1200000200,'89',709,,5198,32,4,,1,24,,5200,32,4,,1,87,,5199,23,4,,1
1200000300,'1',635,,7407,50,4,,1,18,,7410,50,4,,1,59,,7412,50,4,,1,13,,7415,50,4,,1,10,,7409,50,4,,1,16,,7417,50,4,,1,53,,7413,50,4,,1,15,,7418,50,4,,1,14,,7420,50,4,,1,14,,7408,50,4,,1,56,,7411,52,4,,1,14,,7416,52,4,,1,27,,7414,52,4,,1,73,,7419,52,4,,1,33,,7421,52,4,,1,70,,7423,52,4,,1,30,,7425,52,4,,1,72,,7427,52,4,,1,30,,7422,52,4,,1,70,,7424,52,4,,1,28,,7426,52,4,,1,70,,7428,52,4,,1,29,,7429,52,4,,1,74,,7430,52,4,,1,31,,7433,54,4,,1,68,,7434,54,4,,1,28,,7435,54,4,,1,72,,7432,54,4,,1,30,,7431,54,4,,1,73,,7436,54,4,,1,23,,7439,52,4,,1,65,,7437,52,4,,1,21,,7441,52,4,,1,70,,7442,52,4,,1,32,,7440,52,4,,1,73,,7447,52,4,,1
1200000300,'2',715,,7450,52,4,,1,30,,7453,52,4,,1,71,,7456,52,4,,1,31,,7459,52,4,,1,70,,7451,52,4,,1,31,,7454,52,4,,1,69,,7457,52,4,,1,31,,7460,52,4,,1,71,,7452,52,4,,1,31,,7455,52,4,,1,71,,7458,52,4,,1,30,,7461,52,4,,1,71,,7462,52,4,,1,30,,7466,52,4,,1,70,,7472,52,4,,1,30,,7469,52,4,,1,70,,7463,52,4,,1,30,,7467,52,4,,1,70,,7473,52,4,,1,28,,7470,52,4,,1,70,,7464,52,4,,1,30,,7468,52,4,,1,69,,7474,52,4,,1,29,,7471,52,4,,1
1200000300,'3',745,,7480,52,4,,1,71,,7482,52,4,,1,31,,7488,52,4,,1,70,,7485,52,4,,1,31,,7481,52,4,,1,69,,7483,52,4,,1,31,,7489,52,4,,1,71,,7486,52,4,,1,31,,7490,52,4,,1,71,,7484,52,4,,1,30,,7492,52,4,,1,71,,7487,52,4,,1,30,,7491,52,4,,1,70,,7494,52,4,,1,30,,7493,52,4,,1,70,,7498,52,4,,1,30,,7501,52,4,,1,70,,7495,52,4,,1,28,,7504,52,4,,1,70,,7499,52,4,,1,30,,7502,52,4,,1,69,,7496,52,4,,1,29,,7505,52,4,,1
1200000300,'71',635,,5347,50,4,,1,18,,5350,50,4,,1,59,,5352,50,4,,1,13,,5354,50,4,,1,10,,5349,50,4,,1,10,,5356,50,4,,1,10,,5359,50,4,,1,49,,5353,50,4,,1,15,,5361,50,4,,1,14,,5363,50,4,,1,14,,5348,50,4,,1,56,,5351,52,4,,1,14,,5357,52,4,,1,13,,5360,52,4,,1,14,,5358,52,4,,1,15,,5355,52,4,,1,61,,5362,52,4,,1,20,,5364,52,4,,1,60,,5366,52,4,,1,20,,5368,52,4,,1,20,,5369,52,4,,1,60,,5371,52,4,,1,22,,5373,52,4,,1,20,,5365,52,4,,1,60,,5367,52,4,,1,20,,5374,52,4,,1,18,,5370,52,4,,1,60,,5372,52,4,,1,19,,5376,52,4,,1,20,,5378,52,4,,1,19,,5380,52,4,,1,65,,5375,52,4,,1,31,,5383,54,4,,1,68,,5377,54,4,,1,29,,5379,54,4,,1,73,,5384,54,4,,1,28,,5382,54,4,,1,73,,5381,54,4,,1,20,,5385,52,4,,1,68,,5386,52,4,,1,21,,5388,52,4,,1,70,,5390,52,4,,1,32,,5391,52,4,,1,73,,5395,52,4,,1
1200000300,'72',702,,5398,52,4,,1,30,,5399,52,4,,1,71,,5404,52,4,,1,30,,5408,52,4,,1,72,,5402,52,4,,1,31,,5401,52,4,,1,68,,5406,52,4,,1,30,,5407,52,4,,1,71,,5409,52,4,,1,29,,5400,52,4,,1,71,,5405,52,4,,1,30,,5403,52,4,,1,69,,5410,52,4,,1,32,,5411,52,4,,1,69,,5413,52,4,,1,33,,5412,52,4,,1,69,,5415,52,4,,1,29,,5416,52,4,,1,71,,5417,52,4,,1,31,,5418,52,4,,1,68,,5419,52,4,,1,29,,5414,52,4,,1,71,,5421,52,4,,1,28,,5420,52,4,,1
1200000300,'73',732,,5428,52,4,,1,71,,5430,52,4,,1,30,,5433,52,4,,1,72,,5435,52,4,,1,31,,5429,52,4,,1,68,,5432,52,4,,1,30,,5434,52,4,,1,71,,5436,52,4,,1,29,,5437,52,4,,1,71,,5431,52,4,,1,30,,5438,52,4,,1,69,,5440,52,4,,1,32,,5439,52,4,,1,69,,5442,52,4,,1,33,,5441,52,4,,1,69,,5444,52,4,,1,29,,5445,52,4,,1,71,,5446,52,4,,1,31,,5447,52,4,,1,68,,5448,52,4,,1,29,,5443,52,4,,1,71,,5450,52,4,,1,28,,5449,52,4,,1
1200000400,'1',731,,7629,56,4,,1,19,,7630,56,4,,1
1200000400,'71',727,,5565,56,4,,1,18,,5566,56,4,,1,56,,5567,56,4,,1,15,,5564,56,4,,1
