20000,'1',841,,1044,6,,,2,67,,1043,6,,,2,28,,1042,6,,,2,70,,1041,6,,,2
20000,'3',829,,1050,6,,,2,76,,1049,6,,,2
20000,'4',832,,1055,6,,,2,76,,1054,6,,,2
5002300,'1',705,,1309,67,4,,2,31,,1311,67,4,,2,71,,1312,67,4,,2,30,,1310,67,4,,2
5002300,'2',700,,1315,67,4,,2,24,,1313,67,4,,2,35,,1314,67,4,,2
5002301,'1',1538,,1319,6,,,2,75,,1317,6,,,2,29,,1316,6,,,2,164,,1318,6,,,2
5002301,'2',1613,,1322,6,,,2,29,,1320,6,,,2,164,,1321,6,,,2
5002400,'1',736,,1325,43,4,,2,68,,1323,43,4,,2,31,,1324,43,4,,2
5002400,'2',727,,1327,43,4,,2,32,,1326,43,4,,2
5002401,'1',1539,,1330,6,,,2,75,,1328,6,,,2,29,,1329,6,,,2
5002401,'2',1614,,1331,6,,,2,29,,1332,6,,,2
5003400,'1',712,,1334,45,4,,2,17,,1333,45,4,,2
5003400,'3',705,,1336,45,4,,2,16,,1335,45,4,,2
5003400,'4',710,,1338,45,4,,2,17,,1337,45,4,,2
5003401,'1',1609,,1339,6,,,2
5003401,'3',1607,,1340,6,,,2
5003401,'4',1608,,1341,6,,,2
5003600,'1',729,,1343,45,4,,2
5003600,'3',721,,1345,45,4,,2
5003600,'4',727,,1347,45,4,,2
5003601,'1',1530,,1350,6,,,2,79,,1348,6,,,2,26,,1349,6,,,2
5003601,'3',1608,,1351,6,,,2,27,,1352,6,,,2
5003601,'4',1608,,1353,6,,,2,25,,1354,6,,,2
5003700,'1',729,,1356,73,4,,2,77,,1358,73,4,,2,31,,1359,73,4,,2,69,,1357,80,4,,2
5003700,'3',721,,1361,73,4,,2,35,,1360,73,4,,2
5003700,'4',727,,1362,73,4,,2,77,,1363,73,4,,2
5003701,'1',1531,,1365,6,,,2,105,,1364,6,,,2,166,,1366,6,,,2
5003701,'3',1636,,1367,6,,,2
5003701,'4',1634,,1368,6,,,2,167,,1369,6,,,2
5003801,'1',1610,,1371,6,,,2,95,,1370,6,,,2
5003801,'3',1608,,1373,6,,,2,93,,1372,6,,,2
5003801,'4',1609,,1375,6,,,2,94,,1374,6,,,2
1200000201,'1',621,,1672,6,,,1,15,,1671,6,,,1,16,,1674,6,,,1,3,,1684,6,4,,1,55,,1676,6,,,1,11,,1670,6,,,1,10,,1683,6,,,1,17,,1673,6,,,1,57,,1689,6,,,1,17,,1669,6,,,1,14,,1679,6,,,1,15,,1691,6,,,1,52,,1686,6,,,1,13,,1681,6,,,1,13,,1692,6,,,1,16,,1677,6,,,1,12,,1695,6,,,1,57,,1688,6,,,1,18,,1690,6,,,1,14,,1696,6,,,1,55,,1694,6,,,1,15,,1698,6,,,1,15,,1700,6,,,1,15,,1693,6,,,1,55,,1701,6,,,1,15,,1702,6,,,1,15,,1703,6,,,1,15,,1704,6,,,1,55,,1706,6,,,1,16,,1697,6,,,1,15,,1699,6,,,1,15,,1709,6,,,1,55,,1710,6,,,1,14,,1712,6,,,1,15,,1708,6,,,1,15,,1713,6,,,1,11,,1714,6,,,1,51,,1705,6,,,1,16,,1707,6,,,1,15,,1715,6,,,1,13,,1716,6,,,1,60,,1718,6,,,1,9,,1720,6,,,1,15,,1711,6,,,1,14,,1723,6,,,1,56,,1726,6,,,1,13,,1727,6,,,1,14,,1731,6,,,1,15,,1734,6,,,1,55,,1719,6,,,1,7,,1717,6,,,1,8,,1732,6,,,1,13,,1733,6,,,1,14,,1722,6,,,1,14,,1721,6,,,1,54,,1728,6,,,1,14,,1724,6,,,1,20,,1729,6,,,1,70,,1736,6,,,1,32,,1730,6,,,1,77,,1738,6,,,1,29,,1740,6,,,1,69,,1737,6,,,1,26,,1735,6,,,1,72,,1739,6,,,1,83,,1741,6,,,1
1200000201,'21',714,,1742,6,4,,1,25,,1744,6,4,,1,88,,1743,6,4,,1,705,,1745,6,,,1,13,,1746,6,,,1
1200000201,'3',619,,1751,6,,,1,15,,1749,6,,,1,15,,1753,6,,,1,56,,1756,6,,,1,17,,1759,6,,,1,16,,1762,6,,,1,16,,1764,6,,,1,57,,1748,6,,,1,15,,1766,6,,,1,15,,1752,6,,,1,14,,1750,6,,,1,54,,1754,6,,,1,17,,1757,6,,,1,18,,1760,6,,,1,13,,1763,6,,,1,74,,1767,6,,,1,69,,1769,6,,,1,30,,1771,6,,,1,70,,1772,6,,,1,30,,1773,6,,,1,70,,1768,6,,,1,31,,1770,6,,,1,70,,1774,6,,,1,28,,1776,6,,,1,25,,1781,6,,,1,52,,1778,6,,,1,13,,1779,6,,,1,16,,1783,6,,,1,14,,1785,6,,,1,61,,1787,6,,,1,8,,1789,6,,,1,14,,1775,6,,,1,15,,1790,6,,,1,55,,1777,6,,,1,14,,1792,6,,,1,15,,1782,6,,,1,15,,1780,6,,,1,55,,1784,6,,,1,14,,1786,6,,,1,14,,1788,6,,,1,29,,1795,6,,,1,69,,1794,6,,,1,20,,1791,6,,,1,70,,1797,6,,,1,32,,1793,6,,,1,77,,1799,6,,,1,28,,1801,6,,,1,69,,1798,6,,,1,27,,1796,6,,,1,72,,1800,6,,,1,83,,1802,6,,,1
1200000201,'4',620,,1806,6,,,1,15,,1805,6,,,1,15,,1810,6,,,1,56,,1809,6,,,1,18,,1813,6,,,1,16,,1818,6,,,1,16,,1822,6,,,1,57,,1804,6,,,1,15,,1824,6,,,1,15,,1807,6,,,1,14,,1816,6,,,1,54,,1821,6,,,1,15,,1811,6,,,1,18,,1814,6,,,1,13,,1819,6,,,1,57,,1825,6,0,5 6 7,1,18,,1827,6,,,1,14,,1831,6,0,5 6 7,1,55,,1829,6,,,1,15,,1834,6,0,5 6 7,1,15,,1833,6,,,1,15,,1837,6,0,5 6 7,1,55,,1836,6,,,1,15,,1826,6,0,5 6 7,1,14,,1838,6,,,1,16,,1832,6,0,5 6 7,1,54,,1828,6,,,1,16,,1835,6,0,5 6 7,1,15,,1830,6,,,1,15,,1842,6,0,5 6 7,1,55,,1840,6,,,1,14,,1843,6,,,1,15,,1845,6,,,1,15,,1839,6,,,1,11,,1851,6,,,1,51,,1847,6,,,1,13,,1849,6,,,1,16,,1853,6,,,1,14,,1855,6,,,1,60,,1857,6,,,1,9,,1858,6,,,1,15,,1841,6,,,1,14,,1844,6,,,1,56,,1846,6,,,1,13,,1861,6,,,1,15,,1852,6,,,1,15,,1848,6,,,1,55,,1850,6,,,1,7,,1859,6,,,1,8,,1854,6,,,1,14,,1856,6,,,1,14,,1866,6,,,1,14,,1865,6,,,1,68,,1862,6,,,1,20,,1860,6,,,1,70,,1867,6,,,1,32,,1863,6,,,1,77,,1869,6,,,1,29,,1871,6,,,1,69,,1868,6,,,1,26,,1864,6,,,1,72,,1870,6,,,1,83,,1872,6,,,1
1200000201,'6',646,,1875,6,,,1,70,,1873,6,,,1,30,,1876,6,,,1,71,,1882,6,,,1,30,,1887,6,,,1,72,,1880,6,,,1,31,,1879,6,,,1,68,,1885,6,,,1,30,,1886,6,,,1,71,,1874,6,,,1,29,,1877,6,,,1,71,,1883,6,,,1,30,,1881,6,,,1,69,,1888,6,,,1,32,,1889,6,,,1,71,,1891,6,,,1,31,,1890,6,,,1,69,,1893,6,,,1,29,,1894,6,,,1,72,,1895,6,,,1,31,,1896,6,,,1,68,,1897,6,,,1,29,,1892,6,,,1,69,,1899,6,,,1,28,,1898,6,,,1,80,,1907,6,,,1,29,,1905,6,,,1,70,,1900,6,,,1,28,,1908,6,,,1,69,,1903,6,,,1,30,,1902,6,,,1,70,,1909,6,,,1,29,,1901,6,,,1,73,,1904,6,,,1,80,,1906,6,,,1
1200000201,'7',2026,,1910,6,,,1,28,,1911,6,,,1
1200000201,'9',746,,1912,6,,,1,71,,1915,6,,,1,30,,1919,6,,,1,72,,1922,6,,,1,31,,1914,6,,,1,68,,1918,6,,,1,30,,1921,6,,,1,71,,1925,6,,,1,29,,1926,6,,,1,71,,1916,6,,,1,30,,1927,6,,,1,69,,1923,6,,,1,32,,1928,6,,,1,71,,1930,6,,,1,31,,1929,6,,,1,69,,1932,6,,,1,29,,1933,6,,,1,72,,1934,6,,,1,31,,1935,6,,,1,68,,1937,6,,,1,29,,1931,6,,,1,69,,1939,6,,,1,28,,1938,6,,,1,80,,1940,6,,,1,29,,1936,6,,,1
1200000301,'1',647,,2133,6,,,1,59,,2136,6,,,1,15,,2138,6,4,,1,11,,2141,6,4,,1,8,,2143,6,,,1,2,,2135,6,4,,1,16,,2144,6,4,,1,52,,2142,6,,,1,3,,2140,6,4,,1,23,,2145,6,,,1,67,,2137,6,,,1,26,,2148,6,,,1,30,,2147,6,,,1,76,,2146,6,,,1,20,,2150,6,,,1,60,,2152,6,,,1,20,,2149,6,,,1,20,,2154,6,,,1,60,,2156,6,,,1,22,,2158,6,,,1,20,,2151,6,,,1,60,,2153,6,,,1,20,,2159,6,,,1,16,,2155,6,,,1,60,,2157,6,,,1,22,,2161,6,,,1,20,,2162,6,,,1,54,,2163,6,,,1,16,,2164,6,,,1,15,,2160,6,,,1,16,,2173,6,,,1,59,,2169,6,,,1,13,,2172,6,,,1,16,,2166,6,,,1,57,,2165,6,,,1,18,,2175,6,,,1,17,,2174,6,,,1,15,,2168,6,,,1,8,,2170,6,,,1,48,,2176,6,,,1,15,,2167,6,,,1,16,,2171,6,,,1,20,,2177,6,,,1,68,,2178,6,,,1,31,,2183,6,,,1,70,,2184,6,,,1,30,,2179,6,,,1,75,,2185,6,,,1
1200000301,'3',645,,2188,6,,,1,56,,2191,6,,,1,8,,2193,6,4,,1,18,,2199,6,,,1,2,,2190,6,4,,1,16,,2200,6,4,,1,13,,2196,6,,,1,1,,2195,6,4,,1,64,,2202,6,,,1,30,,2192,6,,,1,76,,2201,6,,,1,26,,2197,6,,,1,69,,2203,6,,,1,30,,2204,6,,,1,70,,2206,6,,,1,30,,2198,6,,,1,72,,2208,6,,,1,30,,2205,6,,,1,70,,2207,6,,,1,26,,2209,6,,,1,70,,2210,6,,,1,32,,2211,6,,,1,68,,2214,6,,,1,16,,2212,6,,,1,17,,2216,6,,,1,59,,2219,6,,,1,13,,2221,6,,,1,16,,2215,6,,,1,57,,2213,6,,,1,18,,2217,6,,,1,17,,2218,6,,,1,15,,2222,6,,,1,55,,2220,6,,,1,32,,2224,6,,,1,21,,2225,6,,,1,68,,2223,6,,,1,31,,2230,6,,,1,70,,2231,6,,,1,30,,2226,6,,,1,75,,2232,6,,,1
1200000301,'4',647,,2235,6,,,1,56,,2239,6,,,1,9,,2241,6,4,,1,18,,2244,6,,,1,2,,2238,6,4,,1,16,,2247,6,4,,1,54,,2243,6,4,,1,5,,2246,6,,,1,19,,2248,6,,,1,30,,2240,6,,,1,73,,2245,6,,,1,26,,2236,6,,,1,70,,2249,6,,,1,30,,2250,6,,,1,70,,2252,6,,,1,30,,2254,6,,,1,72,,2256,6,,,1,30,,2251,6,,,1,70,,2253,6,,,1,26,,2255,6,,,1,70,,2257,6,,,1,32,,2258,6,,,1,54,,2261,6,,,1,13,,2263,6,,,1,16,,2259,6,,,1,17,,2265,6,,,1,59,,2267,6,,,1,13,,2269,6,,,1,16,,2262,6,,,1,57,,2264,6,,,1,18,,2260,6,,,1,17,,2266,6,,,1,15,,2268,6,,,1,8,,2275,6,,,1,48,,2270,6,,,1,32,,2271,6,,,1,20,,2272,6,,,1,68,,2277,6,,,1,31,,2273,6,,,1,70,,2274,6,,,1,30,,2276,6,,,1,75,,2278,6,,,1
1200000301,'6',727,,2287,6,,,1,31,,2286,6,,,1,71,,2290,6,,,1,30,,2291,6,,,1,70,,2284,6,,,1,30,,2285,6,,,1,70,,2289,6,,,1,30,,2288,6,,,1,70,,2292,6,,,1,30,,2293,6,,,1,70,,2295,6,,,1,30,,2294,6,,,1,71,,2297,6,,,1,70,,2298,6,,,1,31,,2299,6,,,1,70,,2300,6,,,1,29,,2301,6,,,1,70,,2296,6,,,1,32,,2303,6,,,1,70,,2302,6,,,1,30,,2305,6,,,1,69,,2304,6,,,1,29,,2309,6,,,1,24,,2306,6,,,1
1200000301,'9',758,,2315,6,,,1,71,,2317,6,,,1,30,,2318,6,,,1,70,,2320,6,,,1,30,,2321,6,,,1,70,,2316,6,,,1,30,,2322,6,,,1,70,,2319,6,,,1,30,,2323,6,,,1,70,,2325,6,,,1,30,,2324,6,,,1,71,,2327,6,,,1,70,,2328,6,,,1,31,,2329,6,,,1,70,,2330,6,,,1,29,,2331,6,,,1,70,,2326,6,,,1,32,,2333,6,,,1,70,,2332,6,,,1,30,,2335,6,,,1,69,,2334,6,,,1,29,,2336,6,,,1,24,,2338,6,,,1
1200000401,'1',751,,2352,6,4,,1,56,,2353,6,4,,1,16,,2351,6,4,,1,793,,2355,6,,,1,31,,2354,6,,,1,65,,2358,6,,,1
1200000401,'3',724,,2361,6,4,,1,16,,2359,6,4,,1,16,,2362,6,4,,1,56,,2360,6,4,,1,802,,2366,6,,,1,28,,2363,6,,,1,67,,2364,6,,,1
1200000401,'4',730,,2369,6,4,,1,18,,2370,6,4,,1,56,,2371,6,4,,1,16,,2368,6,4,,1,794,,2373,6,,,1,31,,2375,6,,,1,65,,2376,6,,,1
