2301,'1',1202,,5958,29,,,2,31,,5959,29,,,2,70,,5961,29,,,2,30,,5960,29,,,2,70,,5962,29,,,2,31,,5963,29,,,2,71,,5966,29,,,2,51,,5964,29,,,2,68,,5967,29,,,2,76,,5965,29,,,2,101,,5968,29,,,2,26,,5975,29,,,2,77,,5969,29,,,2,102,,5970,29,,,2,50,,5971,29,,,2,154,,5972,29,,,2
2301,'2',1219,,5985,29,,,2,101,,5986,29,,,2,101,,5987,29,,,2,100,,5988,29,,,2,100,,5989,29,,,2,101,,5990,29,,,2,97,,5991,29,,,2
2301,'3',1219,,5996,29,,,2,101,,5997,29,,,2,101,,5998,29,,,2,100,,5999,29,,,2,100,,6000,29,,,2,101,,6001,29,,,2,97,,6002,29,,,2
2301,'71',1200,,4558,29,,,2,30,,4562,29,,,2,71,,4564,29,,,2,30,,4563,29,,,2,70,,4565,29,,,2,30,,4566,29,,,2,74,,4576,29,,,2,42,,4567,29,,,2,108,,4568,33,,,2,103,,4570,29,,,2,71,,4575,29,,,2,75,,4571,29,,,2,100,,4572,29,,,2,52,,4573,29,,,2,154,,4574,29,,,2
2301,'72',1230,,4584,29,,,2,102,,4585,29,,,2,101,,4586,29,,,2,101,,4587,29,,,2,100,,4588,29,,,2,102,,4589,29,,,2,96,,4590,29,,,2
2301,'73',1230,,4595,29,,,2,102,,4596,29,,,2,101,,4597,29,,,2,101,,4598,29,,,2,100,,4599,29,,,2,102,,4600,29,,,2,96,,4601,29,,,2
23101,'85',1534,,4932,40,,,2
23501,'83',1700,,4936,26,,,2
5002301,'1',1709,,6382,39,,,2,24,,6381,39,,,2
5002301,'71',1623,,5032,39,,,2,86,,5031,39,,,2,24,,5030,39,,,2
