1500,'1',557,,5823,19,,,2,68,,5825,19,,,2,29,,5827,19,,,2,70,,5826,22,,,2,30,,5829,22,,,2,81,,5828,22,0,10 11,2,110,,5824,19,0,12 13,2,100,,5830,19,0,12 13,2,100,,5831,19,0,12 13,2,103,,5832,18,0,12 13,2
1500,'16',834,,5833,7,0,10 11,2
1500,'71',557,,4416,20,,,2,68,,4417,20,,,2,29,,4421,20,,,2,72,,4420,19,,,2,28,,4418,19,,,2,81,,4422,20,0,10 11,2,112,,4419,19,0,12 13,2,155,,4423,19,0,12 13,2,116,,4424,19,0,12 13,2,30,,4425,19,0,12 13,2,157,,4427,19,0,12 13,2,116,,4428,19,,,2,96,,4426,19,,,2,37,,4431,20,,,2,68,,4430,19,,,2,100,,4432,19,0,12 13,2,111,,4433,19,0,12 13,2,104,,4434,19,0,12 13,2
1500,'87',834,,4435,9,0,10 11,2
13100,'15',712,,6233,20,,,2
13100,'84',712,,4864,20,,,2
15500,'12',826,,6239,9,,,2
15500,'82',826,,4874,9,,,2
2000001500,'2',741,,7667,19,,,2,100,,7668,18,,,2,100,,7669,18,,,2,94,,7670,18,,,2,109,,7671,18,,,2,101,,7672,18,,,2,201,,7673,19,,,2,101,,7674,18,,,2,95,,7675,18,,,2,106,,7676,18,,,2,93,,7677,18,,,2
2000001500,'3',841,,7678,19,,,2,100,,7679,18,,,2,94,,7680,18,,,2,109,,7681,18,,,2,101,,7682,18,,,2,201,,7683,19,,,2,101,,7684,18,,,2,95,,7685,18,,,2,106,,7686,18,,,2,93,,7687,18,,,2
2000001500,'72',734,,5607,20,,,2,101,,5608,19,,,2,103,,5609,19,,,2,100,,5610,19,,,2,102,,5611,19,,,2,100,,5612,19,,,2,190,,5613,20,,,2,99,,5614,19,,,2,95,,5615,19,,,2,108,,5616,19,,,2,98,,5617,19,,,2
2000001500,'73',835,,5618,20,,,2,103,,5619,19,,,2,100,,5620,19,,,2,102,,5621,19,,,2,100,,5622,19,,,2,190,,5623,20,,,2,99,,5624,19,,,2,95,,5625,19,,,2,108,,5626,19,,,2,98,,5627,19,,,2
