13101,'85',1523,,4865,18,,,2
32500,'12',826,,6304,41,,,2
32500,'82',826,,4947,41,,,2
34500,'12',823,,6305,31,,,2
34500,'82',823,,4949,31,,,2
35500,'12',828,,6308,52,,,2
35500,'82',828,,4955,44,,,2
1200000100,'1',641,,7141,59,,,1,71,,7142,59,,,1,21,,7143,59,,,1,69,,7146,59,0,16 1 17,1,30,,7144,59,,,1
1200000100,'71',639,,5061,59,,,1,70,,5062,59,,,1,21,,5063,59,,,1,70,,5066,59,0,16 1 17,1,30,,5064,59,,,1
1200000201,'1',617,,7262,14,,,1,39,,7265,26,,,1,55,,7264,26,,,1,20,,7269,26,,,1,22,,7271,26,,,1,60,,7273,26,,,1,20,,7276,26,,,1,15,,7277,26,,,1,56,,7263,26,,,1,13,,7280,26,,,1,14,,7268,26,,,1,11,,7266,26,,,1,12,,7275,26,,,1,52,,7281,26,,,1,14,,7278,26,,,1,17,,7282,26,,,1,70,,7284,26,,,1,29,,7286,26,,,1,70,,7267,26,,,1,32,,7287,26,,,1,70,,7283,26,,,1,30,,7285,26,,,1,71,,7289,26,,,1,30,,7290,26,,,1,70,,7288,26,,,1,39,,7292,26,,,1,67,,7294,26,,,1,18,,7297,26,,,1,17,,7295,26,,,1,57,,7296,26,,,1,12,,7293,26,,,1,11,,7298,26,,,1,12,,7299,26,,,1,14,,7301,26,,,1,53,,7291,26,,,1,9,,7304,26,,,1,13,,7305,26,,,1,13,,7308,26,,,1,12,,7309,26,,,1,53,,7303,26,,,1,24,,7302,26,,,1,26,,7300,26,,,1,59,,7310,26,,,1,30,,7311,26,,,1,72,,7306,26,,,1,35,,7313,26,,,1,68,,7315,26,,,1,31,,7312,26,,,1,67,,7307,26,,,1,31,,7314,26,,,1,86,,7316,26,,,1
1200000201,'14',1652,,7317,20,,,1
1200000201,'2',648,,7321,14,,,1,79,,7318,26,,,1,30,,7326,26,,,1,71,,7324,26,,,1,31,,7322,26,,,1,71,,7328,26,,,1,72,,7319,26,,,1,31,,7327,26,,,1,71,,7325,26,,,1,32,,7330,26,,,1,70,,7329,26,,,1,31,,7320,26,,,1,72,,7332,26,,,1,31,,7334,26,,,1,70,,7331,26,,,1,30,,7336,26,,,1,71,,7337,26,,,1,30,,7333,26,,,1,69,,7335,26,,,1,31,,7339,26,,,1,72,,7341,26,,,1,29,,7338,26,,,1,66,,7343,26,,,1,29,,7344,26,,,1,65,,7340,26,,,1,25,,7342,26,,,1,28,,7348,26,,,1,69,,7347,26,,,1,31,,7345,26,,,1,67,,7349,26,,,1,28,,7351,26,,,1,70,,7350,26,,,1,30,,7353,26,,,1,70,,7346,26,,,1,29,,7352,26,,,1,89,,7354,26,,,1
1200000201,'27',2235,,7355,19,,,1,70,,7358,19,,,1,29,,7356,19,,,1,83,,7359,19,,,1,28,,7361,19,,,1,70,,7357,19,,,1,30,,7360,19,,,1
1200000201,'28',2234,,7362,19,,,1,70,,7365,19,,,1,30,,7363,19,,,1,83,,7366,19,,,1,28,,7368,19,,,1,70,,7364,19,,,1,30,,7367,19,,,1
1200000201,'29',2234,,7369,19,,,1,70,,7372,19,,,1,30,,7370,19,,,1,83,,7373,19,,,1,28,,7375,19,,,1,70,,7371,19,,,1,30,,7374,19,,,1
1200000201,'3',828,,7377,26,,,1,31,,7379,26,,,1,71,,7381,26,,,1,71,,7383,26,,,1,32,,7384,26,,,1,71,,7388,26,,,1,32,,7386,26,,,1,70,,7390,26,,,1,31,,7387,26,,,1,72,,7385,26,,,1,31,,7389,26,,,1,70,,7392,26,,,1,30,,7391,26,,,1,71,,7393,26,,,1,30,,7395,26,,,1,69,,7397,26,,,1,31,,7400,26,,,1,72,,7402,26,,,1,29,,7394,26,,,1,66,,7396,26,,,1,29,,7398,26,,,1,65,,7401,26,,,1,25,,7403,26,,,1,28,,7405,26,,,1,69,,7404,26,,,1,31,,7399,26,,,1,67,,7406,26,,,1
1200000201,'71',617,,5201,14,,,1,35,,5205,26,,,1,55,,5204,26,,,1,20,,5208,26,,,1,10,,5214,26,,,1,15,,5203,26,,,1,55,,5213,26,,,1,19,,5207,26,,,1,17,,5218,26,,,1,15,,5202,26,,,1,54,,5221,26,,,1,14,,5206,26,,,1,12,,5223,26,,,1,12,,5216,26,,,1,52,,5224,26,,,1,15,,5209,26,,,1,12,,5225,26,,,1,17,,5217,26,,,1,58,,5219,26,,,1,14,,5226,26,,,1,15,,5222,26,,,1,15,,5228,26,,,1,55,,5229,26,,,1,15,,5230,26,,,1,17,,5232,26,,,1,15,,5233,26,,,1,55,,5235,26,,,1,15,,5236,26,,,1,15,,5237,26,,,1,16,,5227,26,,,1,55,,5239,26,,,1,15,,5240,26,,,1,15,,5241,26,,,1,14,,5231,26,,,1,55,,5238,26,,,1,18,,5234,26,,,1,27,,5242,26,,,1,60,,5243,26,,,1,18,,5244,26,,,1,15,,5245,26,,,1,6,,5253,14,,,1,54,,5246,26,,,1,9,,5247,26,,,1,12,,5249,26,,,1,12,,5251,26,,,1,15,,5254,26,,,1,53,,5255,26,,,1,9,,5256,26,,,1,13,,5259,26,,,1,17,,5260,26,,,1,9,,5257,26,,,1,52,,5258,26,,,1,13,,5250,26,,,1,12,,5248,26,,,1,14,,5261,26,,,1,14,,5252,26,,,1,60,,5262,26,,,1,30,,5263,26,,,1,72,,5265,26,,,1,35,,5267,26,,,1,68,,5269,26,,,1,31,,5264,26,,,1,67,,5266,26,,,1,31,,5268,26,,,1,86,,5270,26,,,1
1200000201,'72',713,,5272,26,,,1,31,,5271,26,,,1,70,,5273,26,,,1,32,,5279,26,,,1,70,,5284,26,,,1,32,,5277,26,,,1,72,,5276,26,,,1,29,,5282,26,,,1,70,,5283,26,,,1,31,,5285,26,,,1,69,,5274,26,,,1,31,,5280,26,,,1,70,,5278,26,,,1,30,,5286,26,,,1,72,,5287,26,,,1,29,,5289,26,,,1,73,,5288,26,,,1,29,,5291,26,,,1,69,,5292,26,,,1,33,,5293,26,,,1,71,,5294,26,,,1,27,,5295,26,,,1,68,,5290,26,,,1,30,,5297,26,,,1,65,,5296,26,,,1,39,,5300,26,,,1,69,,5302,26,,,1,31,,5298,26,,,1,67,,5304,26,,,1,28,,5305,26,,,1,70,,5301,26,,,1,30,,5303,26,,,1,69,,5299,26,,,1,29,,5306,26,,,1,90,,5307,26,,,1
1200000201,'73',814,,5308,26,,,1,32,,5311,26,,,1,70,,5315,26,,,1,32,,5318,26,,,1,72,,5310,26,,,1,29,,5314,26,,,1,70,,5317,26,,,1,31,,5320,26,,,1,69,,5321,26,,,1,31,,5312,26,,,1,70,,5322,26,,,1,30,,5324,26,,,1,72,,5323,26,,,1,29,,5326,26,,,1,73,,5325,26,,,1,29,,5328,26,,,1,69,,5329,26,,,1,33,,5330,26,,,1,71,,5331,26,,,1,27,,5333,26,,,1,68,,5327,26,,,1,30,,5336,26,,,1,65,,5334,26,,,1,39,,5338,26,,,1,69,,5332,26,,,1,31,,5337,26,,,1,67,,5335,26,,,1
1200000201,'81',700,,5339,14,,,1,15,,5340,14,,,1,820,,5341,26,,,1
1200000201,'89',1618,,5345,26,,,1,15,,5346,26,,,1
1200000401,'1',1713,,7635,26,,,1,22,,7633,26,,,1
1200000401,'71',1706,,5572,26,,,1,27,,5571,26,,,1,22,,5575,26,,,1
