3800,'1',803,,6171,27,,,2,103,,6172,27,,,2,99,,6173,27,,,2,102,,6174,27,,,2,115,,6175,27,,,2,102,,6176,27,,,2,102,,6177,27,,,2,106,,6178,27,,,2,119,,6179,27,,,2,72,,6180,27,,,2,134,,6181,27,,,2,96,,6182,27,,,2,96,,6183,27,,,2,100,,6184,27,,,2,98,,6185,27,,,2
3800,'2',731,,6186,27,,,2,101,,6187,27,,,2,103,,6188,27,,,2,101,,6189,27,,,2,102,,6190,27,,,2,116,,6191,27,,,2,102,,6192,27,,,2,101,,6193,27,,,2,100,,6194,27,,,2,102,,6195,27,,,2,99,,6196,27,,,2,94,,6197,27,,,2,96,,6198,27,,,2,100,,6199,27,,,2,97,,6200,27,,,2,101,,6201,27,,,2
3800,'3',832,,6202,27,,,2,103,,6203,27,,,2,101,,6204,27,,,2,102,,6205,27,,,2,116,,6206,27,,,2,102,,6207,27,,,2,101,,6208,27,,,2,100,,6209,27,,,2,102,,6210,27,,,2,99,,6211,27,,,2,94,,6212,27,,,2,96,,6213,27,,,2
3800,'71',801,,4794,27,,,2,105,,4795,27,,,2,98,,4796,27,,,2,102,,4797,27,,,2,113,,4798,27,,,2,102,,4799,27,,,2,102,,4800,27,,,2,109,,4801,34,,,2,115,,4802,27,,,2,95,,4803,27,,,2,112,,4804,27,,,2,97,,4805,27,,,2,96,,4806,27,,,2,101,,4807,27,,,2,99,,4808,27,,,2
3800,'72',735,,4809,27,,,2,100,,4810,27,,,2,102,,4811,27,,,2,100,,4812,27,,,2,101,,4813,27,,,2,111,,4814,27,,,2,100,,4815,27,,,2,102,,4816,27,,,2,100,,4817,27,,,2,100,,4818,27,,,2,98,,4819,27,,,2,100,,4820,27,,,2,98,,4822,27,,,2,99,,4823,27,,,2,99,,4824,27,,,2,100,,4821,27,,,2
3800,'73',835,,4825,27,,,2,102,,4826,27,,,2,100,,4827,27,,,2,101,,4828,27,,,2,111,,4829,27,,,2,100,,4830,27,,,2,102,,4831,27,,,2,100,,4832,27,,,2,100,,4833,27,,,2,98,,4834,27,,,2,100,,4835,27,,,2,107,,4836,27,,,2
38100,'15',714,,6316,15,,,2
38100,'84',714,,4965,15,,,2
38500,'12',805,5,6317,1,,,2
38500,'82',805,5,4967,1,,,2
5003801,'1',1717,,6398,54,,,2,89,,6397,54,,,2
5003801,'71',1716,,5053,54,,,2,89,,5052,54,,,2
