2200,'1',553,,5864,2,,,2,67,,5873,40,,,2,22,,5865,2,,,2,70,,5877,2,,,2,27,,5879,40,,,2,83,,5878,2,,,2,89,,5874,2,,,2,109,,5866,2,,,2,100,,5867,2,,,2,100,,5868,2,,,2,100,,5870,2,,,2,102,,5871,2,,,2
2200,'71',553,,4456,2,,,2,67,,4471,40,,,2,22,,4457,2,,,2,70,,4472,2,,,2,27,,4474,40,,,2,83,,4473,2,0,14 1 15,2,89,,4458,2,,,2,35,,4460,2,,,2,72,,4459,2,,,2,32,,4461,2,,,2,70,,4465,2,,,2,30,,4462,2,,,2,71,,4466,2,,,2,30,,4463,2,,,2,70,,4475,2,,,2,30,,4464,2,,,2,69,,4476,2,,,2,34,,4469,2,,,2
2201,'1',1524,,5900,32,,,2,80,,5891,32,,,2,96,,5888,32,,,2,30,,5895,32,,,2,70,,5889,32,,,2,29,,5896,32,,,2,27,,5901,32,,,2,64,,5897,32,,,2
2201,'14',1700,,5903,36,,,2
2201,'71',1524,,4491,34,,,2,25,,4493,34,,,2,55,,4500,34,,,2,51,,4501,38,,,2,71,,4502,34,,,2,74,,4492,34,,,2,31,,4503,34,,,2,25,,4505,34,,,2,64,,4504,34,,,2
2201,'88',1655,,4506,38,,,2
22100,'15',702,,6288,2,,,2
22100,'84',702,,4923,2,,,2
22101,'85',1538,,4924,30,,,2
22500,'12',809,,6290,16,,,2
22500,'82',809,,4927,16,,,2
22501,'83',1648,,4928,8,,,2
22900,'13',838,,6291,2,,,2
22900,'87',838,,4929,2,,,2
22901,'14',1637,,6292,9,,,2
22901,'88',1637,,4930,9,,,2
