2300,'1',603,,5924,39,,,2,155,,5919,39,,,2,80,,5927,39,,,2,74,,5904,39,,,2,36,,5906,39,,,2,70,,5905,39,,,2,30,,5907,39,,,2,70,,5908,39,,,2,30,,5909,39,,,2
2300,'13',837,,5928,3,0,14 1 15,2
2300,'2',640,,5930,39,,,2,100,,5931,39,,,2,101,,5932,39,,,2,102,,5933,39,,,2,102,,5934,39,,,2,102,,5935,39,,,2,101,,5936,39,,,2
2300,'3',740,,5942,39,,,2,101,,5943,39,,,2,102,,5944,39,,,2,102,,5945,39,,,2,102,,5946,39,,,2,101,,5947,39,,,2
2300,'71',603,,4520,39,,,2,150,,4525,39,,,2,85,,4529,39,0,14 1 15,2,71,,4507,39,,,2,36,,4510,39,,,2,70,,4508,39,,,2,31,,4511,39,,,2,70,,4509,39,,,2,30,,4512,39,,,2
2300,'72',642,,4531,39,,,2,101,,4532,39,,,2,101,,4533,39,,,2,101,,4534,39,,,2,101,,4535,39,,,2,100,,4536,39,,,2,101,,4537,39,,,2
2300,'73',743,,4543,39,,,2,101,,4544,39,,,2,101,,4545,39,,,2,101,,4546,39,,,2,100,,4547,39,,,2,101,,4548,39,,,2
2300,'87',837,,4554,3,0,14 1 15,2
22200,'15',714,,6289,6,,,2
22200,'84',714,,4925,6,,,2
22201,'85',1533,,4926,34,,,2
23500,'12',810,,6295,62,,,2
23500,'82',810,,4935,62,,,2
5002300,'1',630,,6378,39,,,2,26,,6379,39,,,2,69,,6380,39,,,2
5002300,'71',630,,5028,39,,,2,26,,5027,39,,,2,69,,5029,39,,,2
