3501,'1',550,,6049,22,,,2,94,,6050,24,,,2,82,,6051,24,,,2,98,,6052,24,,,2,84,,6053,24,,,2,39,,6054,24,,,2,85,,6055,24,,,2,85,,6056,24,,,2,86,,6057,24,,,2,45,,6058,24,,,2,85,,6059,24,,,2,85,,6060,24,,,2,85,,6061,24,,,2,98,,6062,24,,,2,44,,6064,24,,,2,82,,6065,24,,,2,82,,6066,24,,,2,44,,6067,24,,,2,74,,6063,24,,,2,79,,6068,24,,,2,26,,6069,24,,,2,71,,6070,24,,,2,27,,6071,24,,,2,78,,6072,24,,,2,30,,6073,24,,,2,68,,6074,24,,,2,25,,6075,24,,,2
3501,'2',711,,6076,24,,,2,30,,6077,24,,,2,70,,6078,24,,,2,30,,6079,24,,,2,69,,6080,24,,,2,33,,6081,24,,,2,86,,6082,24,,,2,85,,6083,24,,,2,87,,6084,24,,,2,47,,6085,24,,,2,89,,6086,24,,,2,85,,6088,24,,,2,86,,6089,24,,,2,45,,6090,24,,,2,85,,6091,24,,,2,84,,6092,24,,,2,83,,6087,24,,,2,42,,6093,24,,,2,78,,6094,24,,,2,85,,6095,24,,,2,30,,6096,24,,,2,68,,6097,24,,,2,28,,6098,24,,,2,70,,6099,24,,,2,30,,6100,24,,,2,68,,6101,24,,,2,25,,6102,24,,,2
3501,'3',841,,6103,24,,,2,69,,6104,24,,,2,33,,6105,24,,,2,86,,6106,24,,,2,85,,6107,24,,,2,87,,6108,24,,,2,47,,6109,24,,,2,89,,6110,24,,,2,85,,6111,24,,,2,86,,6112,24,,,2,45,,6114,24,,,2,85,,6115,24,,,2,84,,6116,24,,,2,83,,6117,24,,,2,42,,6118,24,,,2,78,,6119,24,,,2,85,,6113,24,,,2
3501,'71',553,,4652,22,,,2,96,,4653,24,,,2,70,,4654,24,,,2,110,,4658,24,,,2,80,,4655,24,,,2,40,,4656,24,,,2,97,,4659,24,,,2,102,,4660,24,,,2,98,,4657,24,,,2,101,,4662,24,,,2,102,,4661,24,,,2,153,,4663,24,,,2,33,,4664,24,,,2,76,,4665,24,,,2,34,,4666,24,,,2,104,,4667,24,,,2,90,,4670,24,,,2,92,,4671,24,,,2,98,,4672,24,,,2,108,,4668,24,,,2,93,,4669,24,,,2
3501,'72',704,,4673,24,,,2,100,,4674,24,,,2,101,,4675,24,,,2,100,,4676,24,,,2,100,,4677,24,,,2,101,,4678,24,,,2,106,,4679,24,,,2,102,,4680,24,,,2,101,,4681,24,,,2,100,,4682,24,,,2,92,,4683,24,,,2,97,,4684,24,,,2,96,,4685,24,,,2,110,,4686,24,,,2,98,,4687,24,,,2,98,,4688,24,,,2,98,,4689,24,,,2
3501,'73',905,,4690,24,,,2,100,,4691,24,,,2,100,,4692,24,,,2,101,,4693,24,,,2,106,,4694,24,,,2,102,,4695,24,,,2,101,,4696,24,,,2,100,,4697,24,,,2,92,,4698,24,,,2,97,,4699,24,,,2,96,,4700,24,,,2,103,,4701,24,,,2
35100,'15',717,,6307,21,,,2
35100,'84',717,,4953,21,,,2
35101,'85',1543,,4954,45,,,2
35500,'12',807,,6308,21,,,2
35500,'82',810,,4955,21,,,2
35501,'83',1656,,4956,55,,,2
5003601,'1',1652,,6393,24,,,2,64,,6392,24,,,2
