13100,'15',741,,6233,59,,,2
13100,'84',741,,4864,59,,,2
13801,'83',1622,,4871,17,,,2
34501,'83',1619,,4950,16,,,2
35501,'83',1624,,4956,16,,,2
5004200,'11',651,,6399,9,,,2
5004200,'81',654,,5054,9,,,2
905231701,'27',2245,,6491,31,4,,2,69,,6494,31,4,,2,30,,6489,31,4,,2,70,,6492,31,4,,2,30,,6490,31,4,,2,70,,6493,31,4,,2,30,,6495,31,4,,2
905231701,'28',2245,,6498,31,4,,2,69,,6501,31,4,,2,30,,6496,31,4,,2,70,,6499,31,4,,2,30,,6497,31,4,,2,70,,6500,31,4,,2,30,,6502,31,4,,2
905231701,'29',2245,,6505,31,4,,2,69,,6508,31,4,,2,30,,6503,31,4,,2,70,,6506,31,4,,2,30,,6504,31,4,,2,70,,6507,31,4,,2,30,,6509,31,4,,2
1200000101,'1',1539,,7148,35,,,1,72,,7149,35,,,1,31,,7150,35,,,1,71,,7151,35,,,1
1200000101,'71',1539,,5070,35,,,1,72,,5071,35,,,1,31,,5069,35,,,1,73,,5072,35,,,1
1200000200,'1',542,,7154,9,,,1,15,,7153,31,,,1,55,,7158,31,,,1,15,,7159,31,,,1,16,,7160,31,,,1,15,,7162,31,,,1,56,,7163,31,,,1,17,,7152,31,,,1,15,,7165,31,,,1,55,,7157,31,,,1,14,,7155,31,,,1,14,,7161,31,,,1,15,,7166,31,,,1,59,,7164,31,,,1,19,,7167,31,,,1,29,,7169,31,,,1,69,,7171,31,,,1,30,,7156,31,,,1,70,,7172,31,,,1,30,,7168,31,,,1,70,,7170,31,,,1,31,,7174,31,,,1,70,,7175,31,,,1,29,,7173,31,,,1,70,,7177,31,,,1,18,,7179,31,,,1,71,,7180,31,,,1,15,,7181,31,,,1,12,,7178,31,,,1,14,,7182,31,,,1,55,,7183,31,,,1,16,,7185,31,,,1,15,,7176,31,,,1,13,,7188,31,,,1,55,,7189,31,,,1,17,,7192,31,,,1,14,,7193,31,,,1,15,,7187,31,,,1,70,,7186,31,,,1,30,,7184,31,,,1,70,,7190,31,,,1,30,,7196,31,,,1,70,,7197,31,,,1,30,,7199,31,,,1,69,,7200,31,,,1,32,,7194,31,,,1,70,,7191,31,,,1,32,,7198,31,,,1,66,,7201,31,,,1,30,,7195,31,0,14,1
1200000200,'2',720,,7205,31,,,1,30,,7204,31,,,1,70,,7208,31,,,1,30,,7202,31,,,1,70,,7207,31,,,1,30,,7206,31,,,1,70,,7210,31,,,1,30,,7209,31,,,1,70,,7203,31,,,1,31,,7212,31,,,1,70,,7214,31,,,1,30,,7211,31,,,1,70,,7216,31,,,1,30,,7217,31,,,1,70,,7213,31,,,1,30,,7215,31,,,1,70,,7219,31,,,1,30,,7221,31,,,1,70,,7218,31,,,1,30,,7223,31,,,1,70,,7224,31,,,1,30,,7220,31,,,1,69,,7222,31,,,1,29,,7228,31,,,1,70,,7227,31,,,1,31,,7225,31,,,1,69,,7229,31,,,1,29,,7231,31,,,1,70,,7230,31,,,1,30,,7233,31,,,1,70,,7226,31,,,1,30,,7232,31,,,1,70,,7234,31,,,1
1200000200,'3',720,,7235,31,,,1,30,,7236,31,,,1,70,,7237,31,,,1,30,,7238,31,,,1,70,,7239,31,,,1,30,,7243,31,,,1,70,,7241,31,,,1,30,,7245,31,,,1,70,,7242,31,,,1,31,,7240,31,,,1,70,,7244,31,,,1,30,,7247,31,,,1,70,,7246,31,,,1,30,,7248,31,,,1,70,,7250,31,,,1,30,,7252,31,,,1,70,,7255,31,,,1,30,,7257,31,,,1,70,,7249,31,,,1,30,,7251,31,,,1,70,,7253,31,,,1,30,,7256,31,,,1,69,,7258,31,,,1,29,,7260,31,,,1,70,,7259,31,,,1,31,,7254,31,,,1,69,,7261,31,,,1
1200000200,'71',542,,5075,9,,,1,15,,5074,31,,,1,55,,5078,31,,,1,8,,5082,9,,,1,7,,5080,31,,,1,16,,5081,31,,,1,15,,5077,31,,,1,56,,5085,31,,,1,17,,5073,31,,,1,15,,5087,31,,,1,55,,5076,31,,,1,14,,5089,31,,,1,14,,5083,31,,,1,15,,5090,31,,,1,59,,5079,31,,,1,14,,5091,31,,,1,17,,5084,31,,,1,17,,5086,31,,,1,54,,5092,31,,,1,15,,5088,31,,,1,15,,5094,31,,,1,15,,5095,31,,,1,55,,5096,31,,,1,15,,5098,31,,,1,15,,5099,31,,,1,15,,5101,31,,,1,55,,5102,31,,,1,15,,5103,31,,,1,16,,5093,31,,,1,15,,5105,31,,,1,55,,5106,31,,,1,15,,5107,31,,,1,14,,5097,31,,,1,15,,5104,31,,,1,55,,5100,31,,,1,21,,5108,31,,,1,12,,5109,31,,,1,16,,5110,31,,,1,55,,5111,31,,,1,15,,5112,31,,,1,12,,5113,31,,,1,14,,5115,31,,,1,55,,5117,31,,,1,15,,5119,31,,,1,8,,5121,18,,,1,8,,5120,31,,,1,13,,5122,31,,,1,55,,5125,31,,,1,17,,5126,31,,,1,14,,5123,31,,,1,15,,5124,31,,,1,55,,5116,31,,,1,15,,5114,31,,,1,15,,5128,31,,,1,15,,5118,31,,,1,70,,5129,31,,,1,30,,5127,31,,,1,70,,5133,31,,,1,30,,5135,31,,,1,69,,5136,31,,,1,32,,5130,31,,,1,70,,5132,31,,,1,32,,5134,31,,,1,66,,5137,31,,,1,30,,5131,31,0,14,1
1200000200,'72',720,,5139,31,,,1,30,,5142,31,,,1,70,,5143,31,,,1,30,,5144,31,,,1,70,,5138,31,,,1,30,,5141,31,,,1,70,,5140,31,,,1,30,,5145,31,,,1,70,,5146,31,,,1,31,,5148,31,,,1,69,,5147,31,,,1,30,,5150,31,,,1,70,,5151,31,,,1,30,,5152,31,,,1,70,,5153,31,,,1,30,,5154,31,,,1,70,,5149,31,,,1,30,,5156,31,,,1,70,,5155,31,,,1,30,,5159,31,,,1,70,,5158,31,,,1,31,,5161,31,,,1,69,,5162,31,,,1,29,,5163,31,,,1,70,,5165,31,,,1,31,,5157,31,,,1,69,,5167,31,,,1,29,,5168,31,,,1,70,,5164,31,,,1,30,,5166,31,,,1,70,,5160,31,,,1,30,,5169,31,,,1,70,,5170,31,,,1
1200000200,'73',720,,5171,31,,,1,30,,5173,31,,,1,70,,5174,31,,,1,30,,5175,31,,,1,70,,5176,31,,,1,30,,5172,31,,,1,70,,5177,31,,,1,30,,5179,31,,,1,70,,5178,31,,,1,31,,5181,31,,,1,69,,5180,31,,,1,30,,5183,31,,,1,70,,5184,31,,,1,30,,5185,31,,,1,70,,5186,31,,,1,30,,5188,31,,,1,70,,5182,31,,,1,30,,5191,31,,,1,70,,5189,31,,,1,30,,5193,31,,,1,70,,5192,31,,,1,31,,5195,31,,,1,69,,5196,31,,,1,29,,5197,31,,,1,70,,5187,31,,,1,31,,5194,31,,,1,69,,5190,31,,,1
1200000200,'89',634,,5198,9,,,1,21,,5200,9,,,1
1200000400,'1',650,,7629,33,,,1,56,,7630,33,,,1
1200000400,'71',650,,5565,33,,,1,56,,5566,33,,,1,16,,5567,33,,,1,16,,5564,33,,,1
