11101,'85',1534,,4851,34,,,2
905231701,'27',2224,,6491,6,4,,2,30,,6494,6,4,,2,70,,6489,6,4,,2,30,,6492,6,4,,2,70,,6490,6,4,,2,30,,6493,6,4,,2,70,,6495,6,4,,2
905231701,'28',2224,,6498,6,4,,2,30,,6501,6,4,,2,70,,6496,6,4,,2,30,,6499,6,4,,2,70,,6497,6,4,,2,30,,6500,6,4,,2,70,,6502,6,4,,2
905231701,'29',2224,,6505,6,4,,2,30,,6508,6,4,,2,70,,6503,6,4,,2,30,,6506,6,4,,2,70,,6504,6,4,,2,30,,6507,6,4,,2,70,,6509,6,4,,2
1200000200,'1',535,,7153,6,,,1,14,,7158,6,,,1,55,,7159,6,,,1,16,,7160,6,,,1,15,,7162,6,,,1,14,,7163,6,,,1,57,,7152,6,,,1,15,,7165,6,,,1,15,,7157,6,,,1,15,,7155,6,,,1,54,,7161,6,,,1,15,,7166,6,,,1,18,,7164,6,,,1,21,,7167,6,,,1,70,,7169,6,,,1,29,,7171,6,,,1,70,,7156,6,,,1,30,,7172,6,,,1,69,,7168,6,,,1,29,,7170,6,,,1,72,,7174,6,,,1,30,,7175,6,,,1,69,,7173,6,,,1,30,,7177,6,,,1,58,,7179,6,,,1,30,,7180,6,,,1,55,,7181,6,,,1,12,,7178,6,,,1,13,,7182,6,,,1,13,,7183,6,,,1,14,,7185,6,,,1,55,,7176,6,,,1,15,,7188,6,,,1,16,,7189,6,,,1,17,,7192,6,,,1,57,,7193,6,,,1,16,,7187,6,,,1,30,,7186,6,,,1,70,,7184,6,,,1,30,,7190,6,,,1,70,,7196,6,,,1,30,,7197,6,,,1,70,,7199,6,,,1,30,,7200,6,,,1,72,,7194,6,,,1,71,,7191,6,,,1,32,,7198,6,,,1,67,,7201,6,,,1,30,,7195,6,0,14,1
1200000200,'2',658,,7205,6,,,1,70,,7204,6,,,1,30,,7208,6,,,1,70,,7202,6,,,1,30,,7207,6,,,1,70,,7206,6,,,1,30,,7210,6,,,1,70,,7209,6,,,1,30,,7203,6,,,1,70,,7212,6,,,1,30,,7214,6,,,1,69,,7211,6,,,1,30,,7216,6,,,1,70,,7217,6,,,1,31,,7213,6,,,1,70,,7215,6,,,1,30,,7219,6,,,1,70,,7221,6,,,1,30,,7218,6,,,1,70,,7223,6,,,1,30,,7224,6,,,1,71,,7220,6,,,1,30,,7222,6,,,1,69,,7228,6,,,1,30,,7227,6,,,1,71,,7225,6,,,1,30,,7229,6,,,1,69,,7231,6,,,1,30,,7230,6,,,1,70,,7233,6,,,1,30,,7226,6,,,1,70,,7232,6,,,1,30,,7234,6,,,1
1200000200,'3',658,,7235,6,,,1,70,,7236,6,,,1,30,,7237,6,,,1,70,,7238,6,,,1,30,,7239,6,,,1,70,,7243,6,,,1,30,,7241,6,,,1,70,,7245,6,,,1,30,,7242,6,,,1,70,,7240,6,,,1,30,,7244,6,,,1,69,,7247,6,,,1,30,,7246,6,,,1,70,,7248,6,,,1,31,,7250,6,,,1,70,,7252,6,,,1,30,,7255,6,,,1,70,,7257,6,,,1,30,,7249,6,,,1,70,,7251,6,,,1,30,,7253,6,,,1,71,,7256,6,,,1,30,,7258,6,,,1,69,,7260,6,,,1,30,,7259,6,,,1,71,,7254,6,,,1,30,,7261,6,,,1
1200000200,'71',535,,5074,6,,,1,14,,5078,6,,,1,55,,5080,6,,,1,16,,5081,6,,,1,15,,5077,6,,,1,14,,5085,6,,,1,57,,5073,6,,,1,15,,5087,6,,,1,15,,5076,6,,,1,15,,5089,6,,,1,54,,5083,6,,,1,15,,5090,6,,,1,18,,5079,6,,,1,16,,5091,6,,,1,57,,5084,6,,,1,18,,5086,6,,,1,14,,5092,6,,,1,15,,5088,6,,,1,55,,5094,6,,,1,15,,5095,6,,,1,15,,5096,6,,,1,15,,5098,6,,,1,55,,5099,6,,,1,14,,5101,6,,,1,15,,5102,6,,,1,14,,5103,6,,,1,57,,5093,6,,,1,15,,5105,6,,,1,15,,5106,6,,,1,15,,5107,6,,,1,54,,5097,6,,,1,15,,5104,6,,,1,15,,5100,6,,,1,61,,5108,6,,,1,12,,5109,6,,,1,15,,5110,6,,,1,15,,5111,6,,,1,55,,5112,6,,,1,12,,5113,6,,,1,13,,5115,6,,,1,13,,5117,6,,,1,13,,5119,6,,,1,56,,5120,6,,,1,15,,5122,6,,,1,16,,5125,6,,,1,17,,5126,6,,,1,57,,5123,6,,,1,16,,5124,6,,,1,15,,5116,6,,,1,15,,5114,6,,,1,55,,5128,6,,,1,15,,5118,6,,,1,30,,5129,6,,,1,70,,5127,6,,,1,30,,5133,6,,,1,70,,5135,6,,,1,30,,5136,6,,,1,72,,5130,6,,,1,71,,5132,6,,,1,32,,5134,6,,,1,67,,5137,6,,,1,30,,5131,6,0,14,1
1200000200,'72',659,,5139,6,,,1,70,,5142,6,,,1,30,,5143,6,,,1,69,,5144,6,,,1,30,,5138,6,,,1,70,,5141,6,,,1,30,,5140,6,,,1,70,,5145,6,,,1,30,,5146,6,,,1,71,,5148,6,,,1,29,,5147,6,,,1,70,,5150,6,,,1,29,,5151,6,,,1,71,,5152,6,,,1,30,,5153,6,,,1,70,,5154,6,,,1,30,,5149,6,,,1,70,,5156,6,,,1,30,,5155,6,,,1,70,,5159,6,,,1,30,,5158,6,,,1,71,,5161,6,,,1,29,,5162,6,,,1,70,,5163,6,,,1,30,,5165,6,,,1,71,,5157,6,,,1,29,,5167,6,,,1,69,,5168,6,,,1,30,,5164,6,,,1,70,,5166,6,,,1,30,,5160,6,,,1,70,,5169,6,,,1,30,,5170,6,,,1
1200000200,'73',659,,5171,6,,,1,70,,5173,6,,,1,30,,5174,6,,,1,69,,5175,6,,,1,30,,5176,6,,,1,70,,5172,6,,,1,30,,5177,6,,,1,70,,5179,6,,,1,30,,5178,6,,,1,71,,5181,6,,,1,29,,5180,6,,,1,70,,5183,6,,,1,29,,5184,6,,,1,71,,5185,6,,,1,30,,5186,6,,,1,70,,5188,6,,,1,30,,5182,6,,,1,70,,5191,6,,,1,30,,5189,6,,,1,70,,5193,6,,,1,30,,5192,6,,,1,71,,5195,6,,,1,29,,5196,6,,,1,70,,5197,6,,,1,30,,5187,6,,,1,71,,5194,6,,,1,29,,5190,6,,,1
