2301,'1',631,,5973,21,,,2,70,,5974,21,,,2,110,,5976,21,,,2,41,,5953,21,,,2,72,,5977,21,,,2,23,,5954,21,,,2,81,,5955,21,,,2,30,,5957,21,,,2,70,,5956,21,,,2,72,,5958,24,,,2,31,,5959,24,,,2,70,,5961,24,,,2,30,,5960,24,,,2,70,,5962,24,,,2,31,,5963,24,,,2,71,,5966,24,,,2,51,,5964,24,,,2,68,,5967,24,,,2,36,,5965,24,,,2,101,,5968,24,,,2,66,,5975,24,,,2,77,,5969,24,,,2,102,,5970,24,,,2,50,,5971,24,,,2,154,,5972,24,,,2
2301,'2',708,,5980,21,,,2,100,,5981,21,,,2,101,,5982,21,,,2,102,,5983,21,,,2,102,,5984,21,,,2,104,,5985,24,,,2,101,,5986,24,,,2,101,,5987,24,,,2,100,,5988,24,,,2,100,,5989,24,,,2,101,,5990,24,,,2,97,,5991,24,,,2
2301,'3',808,,5992,21,,,2,101,,5993,21,,,2,102,,5994,21,,,2,102,,5995,21,,,2,104,,5996,24,,,2,101,,5997,24,,,2,101,,5998,24,,,2,100,,5999,24,,,2,100,,6000,24,,,2,101,,6001,24,,,2,97,,6002,24,,,2
2301,'71',631,,4569,21,,,2,70,,4577,21,,,2,110,,4578,21,,,2,38,,4555,21,,,2,72,,4559,21,,,2,29,,4556,21,,,2,75,,4560,21,,,2,31,,4557,21,,,2,70,,4561,21,,,2,32,,4558,24,,,2,70,,4562,24,,,2,31,,4564,24,,,2,70,,4563,24,,,2,30,,4565,24,,,2,70,,4566,24,,,2,74,,4576,24,,,2,42,,4567,24,,,2,108,,4568,28,,,2,103,,4570,24,,,2,71,,4575,24,,,2,75,,4571,24,,,2,100,,4572,24,,,2,52,,4573,24,,,2,154,,4574,24,,,2
2301,'72',723,,4579,21,,,2,100,,4580,21,,,2,101,,4581,21,,,2,102,,4582,21,,,2,100,,4583,21,,,2,102,,4584,24,,,2,102,,4585,24,,,2,101,,4586,24,,,2,101,,4587,24,,,2,100,,4588,24,,,2,102,,4589,24,,,2,96,,4590,24,,,2
2301,'73',823,,4591,21,,,2,101,,4592,21,,,2,102,,4593,21,,,2,100,,4594,21,,,2,102,,4595,24,,,2,102,,4596,24,,,2,101,,4597,24,,,2,101,,4598,24,,,2,100,,4599,24,,,2,102,,4600,24,,,2,96,,4601,24,,,2
23101,'85',1532,,4932,35,,,2
23500,'12',747,,6295,9,,,2
23500,'82',747,,4935,9,,,2
23501,'83',1657,,4936,21,,,2
5002301,'1',1707,,6382,34,,,2,24,,6381,34,,,2
5002301,'71',1621,,5032,34,,,2,86,,5031,34,,,2,24,,5030,34,,,2
