1300,'1',646,,5808,38,,,2,86,,5806,38,,,2,84,,5807,38,,,2,792,,5809,38,,,2,108,,5811,38,,,2,14,,5810,38,,,2,71,,5813,38,,,2,32,,5812,38,,,2
1300,'16',859,,5815,38,,,2,43,,5814,33,,,2
1300,'71',644,,4398,38,,,2,71,,4400,38,,,2,20,,4399,38,,,2,83,,4401,38,,,2,41,,4397,38,,,2,750,,4402,38,,,2,98,,4405,38,,,2,13,,4403,38,,,2,39,,4406,38,,,2,66,,4404,38,,,2
1300,'87',902,,4407,33,,,2
1501,'1',1523,,5837,3,,,2,77,,5840,3,,,2,21,,5842,3,,,2,81,,5838,3,0,41,2,30,,5841,3,,,2
1501,'71',636,,4438,3,0,41,2,23,,4436,3,0,41,2,73,,4439,3,0,41,2,791,,4443,3,0,41,2,82,,4446,3,0,41,2,16,,4448,3,0,41,2,35,,4450,3,0,41,2,77,,4449,3,0,41,2
1601,'1',636,,5859,3,,,2,23,,5861,3,,,2,71,,5860,3,,,2,174,,5858,3,0,41,2
905231701,'27',2222,,6491,3,4,,2,30,,6494,3,4,,2,70,,6489,3,4,,2,30,,6492,3,4,,2,70,,6490,3,4,,2,30,,6493,3,4,,2,70,,6495,3,4,,2
905231701,'28',2222,,6498,3,4,,2,30,,6501,3,4,,2,70,,6496,3,4,,2,30,,6499,3,4,,2,70,,6497,3,4,,2,30,,6500,3,4,,2,70,,6502,3,4,,2
905231701,'29',2222,,6505,3,4,,2,30,,6508,3,4,,2,70,,6503,3,4,,2,30,,6506,3,4,,2,70,,6504,3,4,,2,30,,6507,3,4,,2,70,,6509,3,4,,2
1200000200,'1',533,,7153,3,,,1,14,,7158,3,,,1,55,,7159,3,,,1,16,,7160,3,,,1,15,,7162,3,,,1,14,,7163,3,,,1,57,,7152,3,,,1,15,,7165,3,,,1,15,,7157,3,,,1,15,,7155,3,,,1,54,,7161,3,,,1,15,,7166,3,,,1,18,,7164,3,,,1,21,,7167,3,,,1,70,,7169,3,,,1,29,,7171,3,,,1,70,,7156,3,,,1,30,,7172,3,,,1,69,,7168,3,,,1,29,,7170,3,,,1,72,,7174,3,,,1,30,,7175,3,,,1,69,,7173,3,,,1,30,,7177,3,,,1,58,,7179,3,,,1,30,,7180,3,,,1,15,,7181,3,,,1,52,,7178,3,,,1,13,,7182,3,,,1,13,,7183,3,,,1,14,,7185,3,,,1,54,,7176,3,,,1,16,,7188,3,,,1,16,,7189,3,,,1,17,,7192,3,,,1,57,,7193,3,,,1,16,,7187,3,,,1,30,,7186,3,,,1,70,,7184,3,,,1,30,,7190,3,,,1,70,,7196,3,,,1,30,,7197,3,,,1,70,,7199,3,,,1,30,,7200,3,,,1,72,,7194,3,,,1,31,,7191,3,,,1,72,,7198,3,,,1,27,,7201,3,,,1,70,,7195,3,0,14,1
1200000200,'2',656,,7205,3,,,1,70,,7204,3,,,1,30,,7208,3,,,1,70,,7202,3,,,1,30,,7207,3,,,1,70,,7206,3,,,1,30,,7210,3,,,1,70,,7209,3,,,1,30,,7203,3,,,1,70,,7212,3,,,1,30,,7214,3,,,1,69,,7211,3,,,1,30,,7216,3,,,1,70,,7217,3,,,1,31,,7213,3,,,1,70,,7215,3,,,1,30,,7219,3,,,1,70,,7221,3,,,1,30,,7218,3,,,1,70,,7223,3,,,1,30,,7224,3,,,1,71,,7220,3,,,1,30,,7222,3,,,1,69,,7228,3,,,1,30,,7227,3,,,1,71,,7225,3,,,1,30,,7229,3,,,1,69,,7231,3,,,1,30,,7230,3,,,1,70,,7233,3,,,1,30,,7226,3,,,1,70,,7232,3,,,1,30,,7234,3,,,1
1200000200,'3',656,,7235,3,,,1,70,,7236,3,,,1,30,,7237,3,,,1,70,,7238,3,,,1,30,,7239,3,,,1,70,,7243,3,,,1,30,,7241,3,,,1,70,,7245,3,,,1,30,,7242,3,,,1,70,,7240,3,,,1,30,,7244,3,,,1,69,,7247,3,,,1,30,,7246,3,,,1,70,,7248,3,,,1,31,,7250,3,,,1,70,,7252,3,,,1,30,,7255,3,,,1,70,,7257,3,,,1,30,,7249,3,,,1,70,,7251,3,,,1,30,,7253,3,,,1,71,,7256,3,,,1,30,,7258,3,,,1,69,,7260,3,,,1,30,,7259,3,,,1,71,,7254,3,,,1,30,,7261,3,,,1
1200000200,'71',533,,5074,3,,,1,14,,5078,3,,,1,55,,5080,3,,,1,16,,5081,3,,,1,15,,5077,3,,,1,14,,5085,3,,,1,57,,5073,3,,,1,15,,5087,3,,,1,15,,5076,3,,,1,15,,5089,3,,,1,54,,5083,3,,,1,15,,5090,3,,,1,18,,5079,3,,,1,16,,5091,3,,,1,57,,5084,3,,,1,18,,5086,3,,,1,14,,5092,3,,,1,15,,5088,3,,,1,55,,5094,3,,,1,15,,5095,3,,,1,15,,5096,3,,,1,15,,5098,3,,,1,55,,5099,3,,,1,14,,5101,3,,,1,15,,5102,3,,,1,14,,5103,3,,,1,57,,5093,3,,,1,15,,5105,3,,,1,15,,5106,3,,,1,15,,5107,3,,,1,54,,5097,3,,,1,15,,5104,3,,,1,15,,5100,3,,,1,61,,5108,3,,,1,12,,5109,3,,,1,15,,5110,3,,,1,15,,5111,3,,,1,15,,5112,3,,,1,52,,5113,3,,,1,13,,5115,3,,,1,13,,5117,3,,,1,13,,5119,3,,,1,55,,5120,3,,,1,16,,5122,3,,,1,16,,5125,3,,,1,17,,5126,3,,,1,57,,5123,3,,,1,16,,5124,3,,,1,15,,5116,3,,,1,15,,5114,3,,,1,55,,5128,3,,,1,15,,5118,3,,,1,30,,5129,3,,,1,70,,5127,3,,,1,30,,5133,3,,,1,70,,5135,3,,,1,30,,5136,3,,,1,72,,5130,3,,,1,31,,5132,3,,,1,72,,5134,3,,,1,27,,5137,3,,,1,70,,5131,3,0,14,1
1200000200,'72',657,,5139,3,,,1,70,,5142,3,,,1,30,,5143,3,,,1,69,,5144,3,,,1,30,,5138,3,,,1,70,,5141,3,,,1,30,,5140,3,,,1,70,,5145,3,,,1,30,,5146,3,,,1,71,,5148,3,,,1,29,,5147,3,,,1,70,,5150,3,,,1,29,,5151,3,,,1,71,,5152,3,,,1,30,,5153,3,,,1,70,,5154,3,,,1,30,,5149,3,,,1,70,,5156,3,,,1,30,,5155,3,,,1,70,,5159,3,,,1,30,,5158,3,,,1,71,,5161,3,,,1,29,,5162,3,,,1,70,,5163,3,,,1,30,,5165,3,,,1,71,,5157,3,,,1,29,,5167,3,,,1,69,,5168,3,,,1,30,,5164,3,,,1,70,,5166,3,,,1,30,,5160,3,,,1,70,,5169,3,,,1,30,,5170,3,,,1
1200000200,'73',657,,5171,3,,,1,70,,5173,3,,,1,30,,5174,3,,,1,69,,5175,3,,,1,30,,5176,3,,,1,70,,5172,3,,,1,30,,5177,3,,,1,70,,5179,3,,,1,30,,5178,3,,,1,71,,5181,3,,,1,29,,5180,3,,,1,70,,5183,3,,,1,29,,5184,3,,,1,71,,5185,3,,,1,30,,5186,3,,,1,70,,5188,3,,,1,30,,5182,3,,,1,70,,5191,3,,,1,30,,5189,3,,,1,70,,5193,3,,,1,30,,5192,3,,,1,71,,5195,3,,,1,29,,5196,3,,,1,70,,5197,3,,,1,30,,5187,3,,,1,71,,5194,3,,,1,29,,5190,3,,,1
