2300,'1',605,,5924,41,,,2,195,,5919,41,,,2,40,,5927,41,,,2,74,,5904,41,,,2,36,,5906,41,,,2,70,,5905,41,,,2,30,,5907,41,,,2,70,,5908,41,,,2,30,,5909,41,,,2
2300,'13',839,,5928,5,0,14 1 15,2
2300,'2',642,,5930,41,,,2,100,,5931,41,,,2,101,,5932,41,,,2,102,,5933,41,,,2,102,,5934,41,,,2,102,,5935,41,,,2,101,,5936,41,,,2
2300,'3',742,,5942,41,,,2,101,,5943,41,,,2,102,,5944,41,,,2,102,,5945,41,,,2,102,,5946,41,,,2,101,,5947,41,,,2
2300,'71',605,,4520,41,,,2,150,,4525,41,,,2,85,,4529,41,0,14 1 15,2,71,,4507,41,,,2,36,,4510,41,,,2,70,,4508,41,,,2,31,,4511,41,,,2,70,,4509,41,,,2,30,,4512,41,,,2
2300,'72',644,,4531,41,,,2,101,,4532,41,,,2,101,,4533,41,,,2,101,,4534,41,,,2,101,,4535,41,,,2,100,,4536,41,,,2,101,,4537,41,,,2
2300,'73',745,,4543,41,,,2,101,,4544,41,,,2,101,,4545,41,,,2,101,,4546,41,,,2,100,,4547,41,,,2,101,,4548,41,,,2
2300,'87',839,,4554,5,0,14 1 15,2
22200,'15',716,,6289,8,,,2
22200,'84',716,,4925,8,,,2
22201,'85',1534,,4926,36,,,2
23500,'12',812,,6295,64,,,2
23500,'82',812,,4935,64,,,2
5002300,'1',632,,6378,41,,,2,26,,6379,41,,,2,69,,6380,41,,,2
5002300,'71',632,,5028,41,,,2,26,,5027,41,,,2,69,,5029,41,,,2
