1301,'1',640,,5816,19,,,2,77,,5818,19,,,2,94,,5817,19,,,2,810,,5819,19,,,2,14,,5820,19,,,2,78,,5822,19,,,2,30,,5821,19,,,2
1301,'71',652,,4409,19,,,2,83,,4410,19,,,2,73,,4408,19,,,2,810,,4413,19,,,2,15,,4411,19,,,2,77,,4414,19,,,2,30,,4412,19,,,2
1301,'88',1634,,4415,5,,,2
1500,'1',614,,5823,42,,,2,29,,5825,42,,,2,70,,5827,42,,,2,30,,5826,45,,,2,71,,5829,45,,,2
1500,'71',614,,4416,43,,,2,29,,4417,43,,,2,70,,4421,43,,,2,32,,4420,42,,,2,69,,4418,42,,,2,727,,4428,42,,,2,61,,4429,11,,,2,36,,4426,42,,,2,77,,4431,43,,,2,27,,4430,42,,,2
1600,'1',1535,,5851,26,,,2,67,,5854,11,,,2,34,,5850,29,,,2,78,,5852,29,,,2,25,,5855,29,,,2
20000,'71',922,,4882,24,,,2,28,,4879,24,,,2,66,,4881,24,,,2,29,,4880,24,,,2,689,,4883,12,,,2,273,,4884,12,,,2,134,,4886,12,,,2,218,,4885,12,,,2
20000,'72',2354,,4887,12,,,2
21000,'71',1123,,4899,28,,,2,36,,4900,28,,,2,246,,4902,28,,,2,39,,4901,28,,,2,277,,4903,28,,,2,18,,4907,28,,,2,68,,4905,28,,,2,27,,4904,28,,,2,81,,4906,28,,,2,132,,4908,28,,,2
35000,'71',915,,4951,11,,,2
38000,'71',1713,,4961,25,,,2,42,,4960,25,,,2,79,,4959,25,,,2
1200000100,'1',701,,7141,80,,,1,33,,7142,80,,,1,22,,7143,80,,,1,68,,7146,80,0,16 1 17,1,29,,7144,80,,,1
1200000100,'71',658,,5061,80,,,1,72,,5062,80,,,1,23,,5063,80,,,1,68,,5066,80,0,16 1 17,1,29,,5064,80,,,1
1200000201,'1',633,,7262,29,,,1,80,,7265,41,,,1,15,,7264,41,,,1,21,,7269,41,,,1,61,,7271,41,,,1,19,,7273,41,,,1,20,,7276,41,,,1,55,,7277,41,,,1,16,,7263,41,,,1,13,,7280,41,,,1,14,,7268,41,,,1,11,,7266,41,,,1,52,,7275,41,,,1,12,,7281,41,,,1,14,,7278,41,,,1,17,,7282,41,,,1,70,,7284,41,,,1,29,,7286,41,,,1,70,,7267,41,,,1,33,,7287,41,,,1,69,,7283,41,,,1,30,,7285,41,,,1,71,,7289,41,,,1,31,,7290,41,,,1,70,,7288,41,,,1,81,,7292,41,,,1,26,,7294,41,,,1,17,,7297,41,,,1,57,,7295,41,,,1,17,,7296,41,,,1,12,,7293,41,,,1,10,,7298,41,,,1,12,,7299,41,,,1,54,,7301,41,,,1,13,,7291,41,,,1,9,,7304,41,,,1,13,,7305,41,,,1,53,,7308,41,,,1,12,,7309,41,,,1,13,,7303,41,,,1,24,,7302,41,,,1,66,,7300,41,,,1,19,,7310,41,,,1,68,,7311,41,,,1,32,,7306,41,,,1,75,,7313,41,,,1,27,,7315,41,,,1,71,,7312,41,,,1,27,,7307,41,,,1,71,,7314,41,,,1,46,,7316,41,,,1
1200000201,'14',1709,,7317,35,,,1
1200000201,'2',703,,7321,29,,,1,39,,7318,41,,,1,70,,7326,41,,,1,31,,7324,41,,,1,72,,7322,41,,,1,32,,7328,41,,,1,71,,7319,41,,,1,31,,7327,41,,,1,72,,7325,41,,,1,32,,7330,41,,,1,70,,7329,41,,,1,31,,7320,41,,,1,72,,7332,41,,,1,31,,7334,41,,,1,70,,7331,41,,,1,30,,7336,41,,,1,71,,7337,41,,,1,30,,7333,41,,,1,69,,7335,41,,,1,31,,7339,41,,,1,72,,7341,41,,,1,28,,7338,41,,,1,65,,7343,41,,,1,28,,7344,41,,,1,65,,7340,41,,,1,25,,7342,41,,,1,67,,7348,41,,,1,29,,7347,41,,,1,71,,7345,41,,,1,27,,7349,41,,,1,68,,7351,41,,,1,29,,7350,41,,,1,70,,7353,41,,,1,30,,7346,41,,,1,69,,7352,41,,,1,49,,7354,41,,,1
1200000201,'27',2248,,7355,34,,,1,70,,7358,34,,,1,29,,7356,34,,,1,83,,7359,34,,,1,28,,7361,34,,,1,70,,7357,34,,,1,30,,7360,34,,,1
1200000201,'28',2246,,7362,34,,,1,70,,7365,34,,,1,30,,7363,34,,,1,83,,7366,34,,,1,28,,7368,34,,,1,70,,7364,34,,,1,30,,7367,34,,,1
1200000201,'29',2246,,7369,34,,,1,70,,7372,34,,,1,30,,7370,34,,,1,83,,7373,34,,,1,28,,7375,34,,,1,70,,7371,34,,,1,30,,7374,34,,,1
1200000201,'3',843,,7377,41,,,1,72,,7379,41,,,1,32,,7381,41,,,1,70,,7383,41,,,1,32,,7384,41,,,1,72,,7388,41,,,1,32,,7386,41,,,1,70,,7390,41,,,1,31,,7387,41,,,1,72,,7385,41,,,1,31,,7389,41,,,1,70,,7392,41,,,1,30,,7391,41,,,1,71,,7393,41,,,1,30,,7395,41,,,1,69,,7397,41,,,1,31,,7400,41,,,1,72,,7402,41,,,1,28,,7394,41,,,1,65,,7396,41,,,1,28,,7398,41,,,1,65,,7401,41,,,1,25,,7403,41,,,1,67,,7405,41,,,1,29,,7404,41,,,1,71,,7399,41,,,1,27,,7406,41,,,1
1200000201,'71',633,,5201,29,,,1,75,,5205,41,,,1,16,,5204,41,,,1,21,,5208,41,,,1,10,,5214,41,,,1,54,,5203,41,,,1,13,,5213,41,,,1,19,,5207,41,,,1,17,,5218,41,,,1,55,,5202,41,,,1,14,,5221,41,,,1,14,,5206,41,,,1,12,,5223,41,,,1,52,,5216,41,,,1,12,,5224,41,,,1,15,,5209,41,,,1,12,,5225,41,,,1,57,,5217,41,,,1,18,,5219,41,,,1,14,,5226,41,,,1,15,,5222,41,,,1,55,,5228,41,,,1,15,,5229,41,,,1,15,,5230,41,,,1,18,,5232,41,,,1,55,,5233,41,,,1,15,,5235,41,,,1,14,,5236,41,,,1,15,,5237,41,,,1,56,,5227,41,,,1,15,,5239,41,,,1,15,,5240,41,,,1,16,,5241,41,,,1,54,,5231,41,,,1,16,,5238,41,,,1,19,,5234,41,,,1,68,,5242,41,,,1,20,,5243,41,,,1,16,,5244,41,,,1,55,,5245,41,,,1,6,,5253,29,,,1,14,,5246,41,,,1,9,,5247,41,,,1,11,,5249,41,,,1,11,,5251,41,,,1,55,,5254,41,,,1,13,,5255,41,,,1,9,,5256,41,,,1,13,,5259,41,,,1,17,,5260,41,,,1,49,,5257,41,,,1,12,,5258,41,,,1,13,,5250,41,,,1,12,,5248,41,,,1,14,,5261,41,,,1,54,,5252,41,,,1,20,,5262,41,,,1,69,,5263,41,,,1,32,,5265,41,,,1,75,,5267,41,,,1,27,,5269,41,,,1,71,,5264,41,,,1,27,,5266,41,,,1,71,,5268,41,,,1,46,,5270,41,,,1
1200000201,'72',726,,5272,41,,,1,31,,5271,41,,,1,70,,5273,41,,,1,32,,5279,41,,,1,72,,5284,41,,,1,72,,5277,41,,,1,31,,5276,41,,,1,69,,5282,41,,,1,30,,5283,41,,,1,71,,5285,41,,,1,30,,5274,41,,,1,71,,5280,41,,,1,30,,5278,41,,,1,70,,5286,41,,,1,32,,5287,41,,,1,69,,5289,41,,,1,33,,5288,41,,,1,69,,5291,41,,,1,29,,5292,41,,,1,73,,5293,41,,,1,31,,5294,41,,,1,66,,5295,41,,,1,28,,5290,41,,,1,69,,5297,41,,,1,25,,5296,41,,,1,79,,5300,41,,,1,29,,5302,41,,,1,71,,5298,41,,,1,27,,5304,41,,,1,68,,5305,41,,,1,29,,5301,41,,,1,70,,5303,41,,,1,29,,5299,41,,,1,69,,5306,41,,,1,50,,5307,41,,,1
1200000201,'73',827,,5308,41,,,1,32,,5311,41,,,1,72,,5315,41,,,1,72,,5318,41,,,1,31,,5310,41,,,1,69,,5314,41,,,1,30,,5317,41,,,1,71,,5320,41,,,1,30,,5321,41,,,1,71,,5312,41,,,1,30,,5322,41,,,1,70,,5324,41,,,1,32,,5323,41,,,1,69,,5326,41,,,1,33,,5325,41,,,1,69,,5328,41,,,1,29,,5329,41,,,1,73,,5330,41,,,1,31,,5331,41,,,1,66,,5333,41,,,1,28,,5327,41,,,1,69,,5336,41,,,1,25,,5334,41,,,1,79,,5338,41,,,1,29,,5332,41,,,1,71,,5337,41,,,1,27,,5335,41,,,1
1200000201,'81',717,,5339,29,,,1,16,,5340,29,,,1,820,,5341,41,,,1
1200000201,'89',1636,,5345,41,,,1,14,,5346,41,,,1
1200000401,'1',1730,,7635,41,,,1,21,,7633,41,,,1
1200000401,'71',1723,,5572,41,,,1,25,,5571,41,,,1,62,,5575,41,,,1
