3600,'1',618,,750,16,,,2,136,,751,16,,,2,94,,752,16,,,2,162,,753,16,,,2,101,,754,16,,,2,100,,755,16,,,2,102,,756,16,,,2,100,,757,16,,,2,100,,758,16,,,2,305,,759,16,,,2,90,,760,16,,,2,93,,761,16,,,2,57,,762,16,,,2,144,,763,16,,,2,53,,764,16,,,2
3600,'3',618,,765,16,,,2,136,,766,16,,,2,256,,767,16,,,2,101,,768,16,,,2,100,,770,16,,,2,102,,769,16,,,2,100,,771,16,,,2,100,,772,16,,,2,305,,773,16,,,2,90,,774,16,,,2,93,,775,16,,,2,57,,776,16,,,2,144,,777,16,,,2,53,,778,16,,,2
3600,'4',618,,779,16,,,2,136,,783,16,,,2,256,,782,16,,,2,101,,780,16,,,2,100,,781,16,,,2,102,,784,16,,,2,100,,785,16,,,2,100,,786,16,,,2,305,,787,16,,,2,90,,790,16,,,2,93,,791,16,,,2,57,,792,16,,,2,144,,788,16,,,2,53,,789,16,,,2
3600,'6',731,,793,16,,,2,100,,794,16,,,2,101,,795,16,,,2,100,,796,16,,,2,105,,797,16,,,2,100,,798,16,,,2,100,,799,16,,,2,102,,800,16,,,2,101,,801,16,,,2,99,,802,16,,,2,97,,807,16,,,2,97,,808,16,,,2,91,,809,16,,,2,109,,803,16,,,2,99,,804,16,,,2,97,,805,16,,,2,93,,806,16,,,2
3600,'8',831,,810,16,,,2,101,,811,16,,,2,100,,812,16,,,2,105,,813,16,,,2,100,,814,16,,,2,100,,815,16,,,2,102,,816,16,,,2,101,,817,16,,,2,99,,818,16,,,2,97,,819,16,,,2,97,,820,16,,,2,91,,821,16,,,2
5003600,'1',651,,1343,16,,,2,68,,1342,16,,,2
5003600,'3',651,,1345,16,,,2,68,,1344,16,,,2
5003600,'4',651,,1347,16,,,2,68,,1346,16,,,2
5003601,'1',1614,,1350,30,,,2,45,,1348,30,,,2,62,,1349,30,,,2
5003601,'3',1647,,1351,30,,,2,67,,1352,30,,,2
5003601,'4',1652,,1353,30,,,2,62,,1354,30,,,2
