1500,'1',601,,5823,26,,,2,28,,5825,26,,,2,29,,5827,26,,,2,70,,5826,29,,,2,31,,5829,29,,,2,81,,5828,29,0,10 11,2,109,,5824,26,0,12 13,2,100,,5830,26,0,12 13,2,100,,5831,26,0,12 13,2,103,,5832,25,0,12 13,2
1500,'16',839,,5833,14,0,10 11,2
1500,'71',601,,4416,27,,,2,28,,4417,27,,,2,29,,4421,27,,,2,72,,4420,26,,,2,29,,4418,26,,,2,81,,4422,27,0,10 11,2,111,,4419,26,0,12 13,2,155,,4423,26,0,12 13,2,116,,4424,26,0,12 13,2,30,,4425,26,0,12 13,2,157,,4427,26,0,12 13,2,116,,4428,26,,,2,97,,4426,26,,,2,37,,4431,27,,,2,67,,4430,26,,,2,100,,4432,26,0,12 13,2,111,,4433,26,0,12 13,2,104,,4434,26,0,12 13,2
1500,'87',839,,4435,16,0,10 11,2
1600,'1',1348,,5848,10,0,12 13,2,96,,5849,10,0,12 13,2,76,,5851,10,,,2,100,,5850,13,,,2,80,,5852,13,,,2,25,,5855,13,,,2,99,,5853,13,0,12 13,2,102,,5856,10,0,12 13,2,111,,5857,10,0,12 13,2
13100,'15',716,,6233,27,,,2
13100,'84',716,,4864,27,,,2
15500,'12',831,,6239,16,,,2
15500,'82',831,,4874,16,,,2
15600,'12',822,,6240,14,,,2
15600,'82',822,,4875,14,,,2
15800,'16',831,,6241,8,,,2
15800,'87',831,,4877,8,,,2
2000001500,'2',745,,7667,26,,,2,100,,7668,25,,,2,100,,7669,25,,,2,94,,7670,25,,,2,109,,7671,25,,,2,101,,7672,25,,,2,201,,7673,26,,,2,101,,7674,25,,,2,95,,7675,25,,,2,106,,7676,25,,,2,93,,7677,25,,,2
2000001500,'3',845,,7678,26,,,2,100,,7679,25,,,2,94,,7680,25,,,2,109,,7681,25,,,2,101,,7682,25,,,2,201,,7683,26,,,2,101,,7684,25,,,2,95,,7685,25,,,2,106,,7686,25,,,2,93,,7687,25,,,2
2000001500,'72',738,,5607,27,,,2,101,,5608,26,,,2,103,,5609,26,,,2,100,,5610,26,,,2,102,,5611,26,,,2,100,,5612,26,,,2,190,,5613,27,,,2,99,,5614,26,,,2,95,,5615,26,,,2,108,,5616,26,,,2,98,,5617,26,,,2
2000001500,'73',839,,5618,27,,,2,103,,5619,26,,,2,100,,5620,26,,,2,102,,5621,26,,,2,100,,5622,26,,,2,190,,5623,27,,,2,99,,5624,26,,,2,95,,5625,26,,,2,108,,5626,26,,,2,98,,5627,26,,,2
