20000,'71',845,,4882,8,,,2,70,,4879,8,,,2,27,,4881,8,,,2,69,,4880,8,,,2
5002300,'71',708,,5028,67,4,,2,34,,5027,67,4,,2,69,,5029,67,4,,2
5002301,'71',1535,,5032,8,,,2,81,,5031,8,,,2,28,,5030,8,,,2
5002400,'71',742,,5034,43,4,,2,67,,5033,43,4,,2
5002401,'71',1536,,5037,8,,,2,81,,5035,8,,,2,29,,5036,8,,,2
5003400,'71',714,,5039,45,4,,2,23,,5038,45,4,,2
5003401,'71',1613,,5040,8,,,2
5003600,'71',737,,5042,44,4,,2
5003601,'71',1533,,5045,8,,,2,79,,5043,8,,,2,25,,5044,8,,,2
5003700,'71',737,,5047,73,4,,2,76,,5048,73,4,,2
5003701,'71',1534,,5050,8,,,2,107,,5049,8,,,2
5003701,'81',1806,,5051,8,,,2
5003801,'71',1613,,5053,8,,,2,97,,5052,8,,,2
1200000201,'71',624,,5205,8,,,1,15,,5204,8,,,1,19,,5208,8,,,1,50,,5214,8,,,1,3,,5211,8,4,,1,12,,5203,8,,,1,14,,5213,8,,,1,18,,5207,8,,,1,58,,5218,8,,,1,15,,5202,8,,,1,14,,5221,8,,,1,15,,5206,8,,,1,52,,5223,8,,,1,12,,5216,8,,,1,13,,5224,8,,,1,15,,5209,8,,,1,52,,5225,8,,,1,17,,5217,8,,,1,18,,5219,8,,,1,14,,5226,8,,,1,55,,5222,8,,,1,15,,5228,8,,,1,15,,5229,8,,,1,15,,5230,8,,,1,55,,5232,8,,,1,15,,5233,8,,,1,15,,5235,8,,,1,15,,5236,8,,,1,55,,5237,8,,,1,16,,5227,8,,,1,15,,5239,8,,,1,15,,5240,8,,,1,55,,5241,8,,,1,14,,5231,8,,,1,15,,5238,8,,,1,15,,5234,8,,,1,62,,5242,8,,,1,16,,5243,8,,,1,15,,5244,8,,,1,14,,5245,8,,,1,59,,5246,8,,,1,9,,5247,8,,,1,14,,5249,8,,,1,15,,5251,8,,,1,57,,5254,8,,,1,16,,5255,8,,,1,11,,5256,8,,,1,15,,5259,8,,,1,59,,5260,8,,,1,10,,5257,8,,,1,13,,5258,8,,,1,14,,5250,8,,,1,54,,5248,8,,,1,14,,5261,8,,,1,14,,5252,8,,,1,20,,5262,8,,,1,70,,5263,8,,,1,32,,5265,8,,,1,75,,5267,8,,,1,30,,5269,8,,,1,71,,5264,8,,,1,28,,5266,8,,,1,71,,5268,8,,,1,86,,5270,8,,,1
1200000201,'72',648,,5272,8,,,1,71,,5271,8,,,1,30,,5273,8,,,1,71,,5279,8,,,1,30,,5284,8,,,1,72,,5277,8,,,1,31,,5276,8,,,1,68,,5282,8,,,1,30,,5283,8,,,1,71,,5285,8,,,1,29,,5274,8,,,1,71,,5280,8,,,1,30,,5278,8,,,1,69,,5286,8,,,1,32,,5287,8,,,1,69,,5289,8,,,1,33,,5288,8,,,1,69,,5291,8,,,1,29,,5292,8,,,1,72,,5293,8,,,1,31,,5294,8,,,1,68,,5295,8,,,1,29,,5290,8,,,1,70,,5297,8,,,1,28,,5296,8,,,1,79,,5300,8,,,1,29,,5302,8,,,1,71,,5298,8,,,1,27,,5304,8,,,1,68,,5305,8,,,1,31,,5301,8,,,1,70,,5303,8,,,1,29,,5299,8,,,1,69,,5306,8,,,1,90,,5307,8,,,1
1200000201,'73',749,,5308,8,,,1,71,,5311,8,,,1,30,,5315,8,,,1,72,,5318,8,,,1,31,,5310,8,,,1,68,,5314,8,,,1,30,,5317,8,,,1,71,,5320,8,,,1,29,,5321,8,,,1,71,,5312,8,,,1,30,,5322,8,,,1,69,,5324,8,,,1,32,,5323,8,,,1,69,,5326,8,,,1,33,,5325,8,,,1,69,,5328,8,,,1,29,,5329,8,,,1,72,,5330,8,,,1,31,,5331,8,,,1,68,,5333,8,,,1,29,,5327,8,,,1,70,,5336,8,,,1,28,,5334,8,,,1,79,,5338,8,,,1,29,,5332,8,,,1,71,,5337,8,,,1,27,,5335,8,,,1
1200000201,'81',1500,,5341,8,,,1
1200000201,'89',721,,5342,8,4,,1,25,,5344,8,4,,1,87,,5343,8,4,,1,702,,5345,8,,,1,13,,5346,8,,,1
1200000301,'71',652,,5454,8,,,1,59,,5458,8,,,1,14,,5459,8,4,,1,13,,5462,8,4,,1,9,,5466,8,,,1,1,,5457,8,4,,1,10,,5464,8,4,,1,50,,5468,8,4,,1,5,,5463,8,,,1,4,,5461,8,4,,1,23,,5469,8,,,1,67,,5455,8,,,1,30,,5465,8,,,1,67,,5467,8,,,1,36,,5470,8,,,1,60,,5471,8,,,1,20,,5473,8,,,1,20,,5475,8,,,1,60,,5476,8,,,1,20,,5478,8,,,1,22,,5480,8,,,1,60,,5472,8,,,1,20,,5474,8,,,1,20,,5481,8,,,1,58,,5477,8,,,1,20,,5479,8,,,1,19,,5483,8,,,1,20,,5484,8,,,1,55,,5485,8,,,1,13,,5486,8,,,1,17,,5482,8,,,1,15,,5494,8,,,1,59,,5490,8,,,1,13,,5493,8,,,1,16,,5488,8,,,1,57,,5487,8,,,1,18,,5497,8,,,1,19,,5496,8,,,1,13,,5495,8,,,1,58,,5492,8,,,1,13,,5489,8,,,1,18,,5491,8,,,1,60,,5498,8,,,1,27,,5499,8,,,1,71,,5501,8,,,1,30,,5500,8,,,1,70,,5502,8,,,1,33,,5505,8,,,1
1200000301,'72',731,,5511,8,,,1,70,,5510,8,,,1,31,,5514,8,,,1,70,,5515,8,,,1,30,,5516,8,,,1,70,,5509,8,,,1,30,,5513,8,,,1,70,,5512,8,,,1,30,,5517,8,,,1,70,,5518,8,,,1,31,,5520,8,,,1,69,,5519,8,,,1,31,,5522,8,,,1,70,,5523,8,,,1,31,,5524,8,,,1,70,,5525,8,,,1,29,,5526,8,,,1,70,,5521,8,,,1,32,,5528,8,,,1,70,,5527,8,,,1,30,,5530,8,,,1,69,,5529,8,,,1,30,,5531,8,,,1,24,,5535,8,,,1
1200000301,'73',801,,5539,8,,,1,31,,5541,8,,,1,70,,5542,8,,,1,30,,5543,8,,,1,70,,5544,8,,,1,30,,5540,8,,,1,70,,5545,8,,,1,30,,5547,8,,,1,70,,5546,8,,,1,31,,5549,8,,,1,69,,5548,8,,,1,31,,5551,8,,,1,70,,5552,8,,,1,31,,5553,8,,,1,70,,5554,8,,,1,29,,5555,8,,,1,70,,5550,8,,,1,32,,5557,8,,,1,70,,5556,8,,,1,30,,5559,8,,,1,69,,5558,8,,,1,30,,5560,8,,,1,24,,5563,8,,,1
1200000401,'71',758,,5569,8,4,,1,56,,5570,8,4,,1,15,,5568,8,4,,1,790,,5572,8,,,1,31,,5571,8,,,1,67,,5575,8,,,1
