22101,'85',1518,,4924,13,,,2
22201,'85',1519,,4926,13,,,2
23101,'85',1518,,4932,13,,,2
23201,'85',1518,,4934,13,,,2
35501,'83',1640,,4956,32,,,2
5003700,'1',703,,6395,58,,,2,36,,6394,58,,,2
5003700,'71',643,,5046,65,,,2,59,,5047,58,,,2,34,,5048,58,,,2
5004200,'11',708,,6399,25,,,2
5004200,'81',707,,5054,25,,,2
905231701,'27',2256,,6491,47,4,,2,69,,6494,47,4,,2,30,,6489,47,4,,2,70,,6492,47,4,,2,30,,6490,47,4,,2,70,,6493,47,4,,2,30,,6495,47,4,,2
905231701,'28',2256,,6498,47,4,,2,69,,6501,47,4,,2,30,,6496,47,4,,2,70,,6499,47,4,,2,30,,6497,47,4,,2,70,,6500,47,4,,2,30,,6502,47,4,,2
905231701,'29',2256,,6505,47,4,,2,69,,6508,47,4,,2,30,,6503,47,4,,2,70,,6506,47,4,,2,30,,6504,47,4,,2,70,,6507,47,4,,2,30,,6509,47,4,,2
1200000101,'1',1557,,7148,51,,,1,72,,7149,51,,,1,71,,7150,51,,,1,31,,7151,51,,,1
1200000101,'71',1553,,5070,51,,,1,72,,5071,51,,,1,31,,5069,51,,,1,72,,5072,51,,,1
1200000200,'1',555,,7154,25,,,1,55,,7153,47,,,1,15,,7158,47,,,1,16,,7159,47,,,1,59,,7160,47,,,1,16,,7162,47,,,1,16,,7163,47,,,1,17,,7152,47,,,1,55,,7165,47,,,1,15,,7157,47,,,1,14,,7155,47,,,1,14,,7161,47,,,1,55,,7166,47,,,1,16,,7164,47,,,1,18,,7167,47,,,1,69,,7169,47,,,1,29,,7171,47,,,1,70,,7156,47,,,1,30,,7172,47,,,1,70,,7168,47,,,1,30,,7170,47,,,1,71,,7174,47,,,1,30,,7175,47,,,1,69,,7173,47,,,1,31,,7177,47,,,1,18,,7179,47,,,1,72,,7180,47,,,1,17,,7181,47,,,1,12,,7178,47,,,1,54,,7182,47,,,1,15,,7183,47,,,1,16,,7185,47,,,1,16,,7176,47,,,1,52,,7188,47,,,1,15,,7189,47,,,1,16,,7192,47,,,1,13,,7193,47,,,1,55,,7187,47,,,1,28,,7186,47,,,1,69,,7184,47,,,1,29,,7190,47,,,1,70,,7196,47,,,1,30,,7197,47,,,1,70,,7199,47,,,1,29,,7200,47,,,1,72,,7194,47,,,1,29,,7191,47,,,1,72,,7198,47,,,1,26,,7201,47,,,1,70,,7195,47,0,14,1
1200000200,'2',733,,7205,47,,,1,70,,7204,47,,,1,31,,7208,47,,,1,70,,7202,47,,,1,30,,7207,47,,,1,70,,7206,47,,,1,31,,7210,47,,,1,70,,7209,47,,,1,31,,7203,47,,,1,72,,7212,47,,,1,30,,7214,47,,,1,70,,7211,47,,,1,30,,7216,47,,,1,71,,7217,47,,,1,30,,7213,47,,,1,69,,7215,47,,,1,30,,7219,47,,,1,70,,7221,47,,,1,30,,7218,47,,,1,70,,7223,47,,,1,29,,7224,47,,,1,69,,7220,47,,,1,27,,7222,47,,,1,68,,7228,47,,,1,30,,7227,47,,,1,71,,7225,47,,,1,29,,7229,47,,,1,69,,7231,47,,,1,30,,7230,47,,,1,70,,7233,47,,,1,30,,7226,47,,,1,70,,7232,47,,,1,30,,7234,47,,,1
1200000200,'3',733,,7235,47,,,1,70,,7236,47,,,1,31,,7237,47,,,1,70,,7238,47,,,1,30,,7239,47,,,1,70,,7243,47,,,1,31,,7241,47,,,1,70,,7245,47,,,1,31,,7242,47,,,1,72,,7240,47,,,1,30,,7244,47,,,1,70,,7247,47,,,1,30,,7246,47,,,1,71,,7248,47,,,1,30,,7250,47,,,1,69,,7252,47,,,1,30,,7255,47,,,1,70,,7257,47,,,1,30,,7249,47,,,1,70,,7251,47,,,1,29,,7253,47,,,1,69,,7256,47,,,1,27,,7258,47,,,1,68,,7260,47,,,1,30,,7259,47,,,1,71,,7254,47,,,1,29,,7261,47,,,1
1200000200,'71',554,,5075,25,,,1,55,,5074,47,,,1,15,,5078,47,,,1,8,,5082,25,,,1,8,,5080,47,,,1,17,,5081,47,,,1,55,,5077,47,,,1,16,,5085,47,,,1,17,,5073,47,,,1,55,,5087,47,,,1,15,,5076,47,,,1,14,,5089,47,,,1,14,,5083,47,,,1,15,,5090,47,,,1,59,,5079,47,,,1,13,,5091,47,,,1,17,,5084,47,,,1,57,,5086,47,,,1,14,,5092,47,,,1,15,,5088,47,,,1,15,,5094,47,,,1,55,,5095,47,,,1,15,,5096,47,,,1,15,,5098,47,,,1,15,,5099,47,,,1,55,,5101,47,,,1,15,,5102,47,,,1,15,,5103,47,,,1,16,,5093,47,,,1,55,,5105,47,,,1,15,,5106,47,,,1,15,,5107,47,,,1,14,,5097,47,,,1,55,,5104,47,,,1,15,,5100,47,,,1,21,,5108,47,,,1,12,,5109,47,,,1,56,,5110,47,,,1,15,,5111,47,,,1,16,,5112,47,,,1,12,,5113,47,,,1,54,,5115,47,,,1,15,,5117,47,,,1,15,,5119,47,,,1,9,,5121,34,,,1,8,,5120,47,,,1,52,,5122,47,,,1,15,,5125,47,,,1,17,,5126,47,,,1,14,,5123,47,,,1,54,,5124,47,,,1,14,,5116,47,,,1,15,,5114,47,,,1,15,,5128,47,,,1,55,,5118,47,,,1,30,,5129,47,,,1,70,,5127,47,,,1,30,,5133,47,,,1,70,,5135,47,,,1,29,,5136,47,,,1,72,,5130,47,,,1,29,,5132,47,,,1,72,,5134,47,,,1,26,,5137,47,,,1,70,,5131,47,0,14,1
1200000200,'72',733,,5139,47,,,1,70,,5142,47,,,1,30,,5143,47,,,1,70,,5144,47,,,1,30,,5138,47,,,1,70,,5141,47,,,1,30,,5140,47,,,1,70,,5145,47,,,1,30,,5146,47,,,1,71,,5148,47,,,1,29,,5147,47,,,1,70,,5150,47,,,1,30,,5151,47,,,1,71,,5152,47,,,1,30,,5153,47,,,1,69,,5154,47,,,1,30,,5149,47,,,1,70,,5156,47,,,1,30,,5155,47,,,1,70,,5159,47,,,1,30,,5158,47,,,1,71,,5161,47,,,1,28,,5162,47,,,1,69,,5163,47,,,1,30,,5165,47,,,1,71,,5157,47,,,1,29,,5167,47,,,1,69,,5168,47,,,1,30,,5164,47,,,1,70,,5166,47,,,1,30,,5160,47,,,1,70,,5169,47,,,1,30,,5170,47,,,1
1200000200,'73',733,,5171,47,,,1,70,,5173,47,,,1,30,,5174,47,,,1,70,,5175,47,,,1,30,,5176,47,,,1,70,,5172,47,,,1,30,,5177,47,,,1,70,,5179,47,,,1,30,,5178,47,,,1,71,,5181,47,,,1,29,,5180,47,,,1,70,,5183,47,,,1,30,,5184,47,,,1,71,,5185,47,,,1,30,,5186,47,,,1,69,,5188,47,,,1,30,,5182,47,,,1,70,,5191,47,,,1,30,,5189,47,,,1,70,,5193,47,,,1,30,,5192,47,,,1,71,,5195,47,,,1,28,,5196,47,,,1,69,,5197,47,,,1,30,,5187,47,,,1,71,,5194,47,,,1,29,,5190,47,,,1
1200000200,'89',648,,5198,25,,,1,61,,5200,25,,,1,47,,5199,16,,,1
1200000400,'1',708,,7629,49,,,1,16,,7630,49,,,1
1200000400,'71',704,,5565,49,,,1,16,,5566,49,,,1,16,,5567,49,,,1,16,,5564,49,,,1
