3400,'1',616,,6032,26,,,2,114,,6033,28,,,2,79,,6031,26,,,2,793,,6037,26,,,2,103,,6034,28,,,2,28,,6035,28,,,2,92,,6036,28,,,2
3400,'13',844,,6038,28,0,24 1 15,2
3400,'71',616,,4634,26,,,2,114,,4635,28,,,2,77,,4636,26,,,2,37,,4633,28,0,24 1 15,2,677,,4637,17,,,2,81,,4638,26,,,2,50,,4639,28,,,2,82,,4640,28,,,2,89,,4641,28,,,2
32501,'83',1634,,4948,42,,,2
34501,'83',1642,,4950,45,,,2
35101,'85',1523,,4954,17,,,2
5003400,'1',640,,6388,26,,,2,62,,6387,26,,,2
5003400,'71',640,,5039,26,,,2,61,,5038,26,,,2
2000003400,'2',724,,7742,26,,,2,85,,7743,28,,,2,46,,7744,28,,,2,85,,7745,28,,,2,87,,7746,28,,,2,86,,7747,28,,,2,45,,7748,28,,,2,88,,7749,28,,,2,171,,7750,28,,,2,83,,7751,28,,,2,47,,7752,28,,,2,83,,7753,28,,,2,90,,7754,28,,,2,82,,7755,28,,,2,41,,7756,28,,,2
2000003400,'3',809,,7757,26,,,2,46,,7758,28,,,2,85,,7759,28,,,2,87,,7760,28,,,2,86,,7761,28,,,2,45,,7762,28,,,2,88,,7763,28,,,2,171,,7764,28,,,2,83,,7765,28,,,2,47,,7766,28,,,2,83,,7767,28,,,2,90,,7768,28,,,2,82,,7769,28,,,2,41,,7770,28,,,2
2000003400,'72',724,,5682,26,,,2,85,,5683,28,,,2,45,,5684,28,,,2,85,,5685,28,,,2,85,,5686,28,,,2,86,,5687,28,,,2,45,,5688,28,,,2,85,,5689,28,,,2,174,,5690,28,,,2,41,,5691,28,,,2,92,,5692,28,,,2,78,,5693,28,,,2,93,,5694,28,,,2,38,,5695,28,,,2,87,,5696,28,,,2
2000003400,'73',809,,5697,26,,,2,45,,5698,28,,,2,85,,5699,28,,,2,85,,5700,28,,,2,86,,5701,28,,,2,45,,5702,28,,,2,85,,5703,28,,,2,174,,5704,28,,,2,41,,5705,28,,,2,92,,5706,28,,,2,78,,5707,28,,,2,93,,5708,28,,,2,38,,5709,28,,,2,87,,5710,28,,,2
