1100,110003,1,0
1100,3163,2,0
1100,3165,3,0
1100,3167,4,0
1100,3169,5,0
1100,3173,6,0
1100,3175,7,0
1100,3009,8,0
1100,3177,9,0
1100,3179,10,0
1100,110035,11,0
1100,110045,12,0
1100,110047,13,0
1100,1005,14,0
1100,1007,15,0
1100,1009,16,0
1100,110055,17,0
1100,110065,18,0
1100,110075,19,0
1100,110085,20,0
1100,110095,21,0
1100,110105,22,0
1100,110115,23,0
1100,110125,24,0
1100,110127,25,0
1100,110135,26,0
1100,110145,27,0
1100,110155,28,0
1100,110165,29,0
1100,110175,30,0
1100,110177,31,0
1100,110185,32,0
1100,110195,33,0
1100,110205,34,0
1100,110207,35,0
1100,110213,36,0
1100,110215,37,0
1100,110225,38,0
1100,110235,39,0
1100,110245,40,0
1100,1065,41,0
1100,1067,42,0
1100,110247,43,0
1100,110255,44,0
1100,110265,45,0
1100,110275,46,0
1100,1053,47,0
1100,1055,48,0
1100,1057,49,0
1100,1059,50,0
1100,110325,51,0
1100,110335,52,0
1100,110345,53,0
1100,110355,54,0
1100,110367,55,0
1100,110375,56,0
1100,110385,57,0
1100,110405,58,0
1100,110415,59,0
1100,1020,60,0
1100,110425,61,0
1100,110435,62,0
1100,110445,63,0
1100,110455,64,0
1100,110465,65,0
1100,110475,66,0
1100,110485,67,0
1100,110495,68,0
1100,110505,69,0
1100,3127,70,0
1100,3129,71,0
1100,3131,72,0
1100,3053,73,0
1100,3055,74,0
1100,3133,75,0
1100,3135,76,0
1100,3137,77,0
1100,3139,78,0
1100,3067,79,0
1100,3059,80,0
1100,3061,81,0
1100,3063,82,0
1100,3065,83,0
1100,20225,84,0
1100,110645,85,0
1100,110655,86,0
1100,110657,87,0
1100,110665,88,0
1100,110675,89,0
1100,110677,90,0
1100,110685,91,0
1100,110695,92,0
1300,3301,1,0
1300,3305,2,0
1300,3309,3,0
1300,3313,4,0
1300,3317,5,0
1300,3321,6,0
1300,3325,7,0
1300,3329,8,0
1300,3333,9,0
1300,3337,10,0
1300,3349,11,0
1300,3353,12,0
1300,3357,13,0
1300,3361,14,0
1300,3365,15,0
1300,3369,16,0
1300,3058,17,0
1300,3066,18,0
1300,3056,19,0
1300,3373,20,0
1300,3377,21,0
1300,3381,22,0
1300,3385,23,0
1300,3389,24,0
1300,3801,25,0
1300,3015,26,0
1300,3017,27,0
1300,3019,28,0
1300,3631,29,0
1300,3629,30,0
1300,3627,31,0
1300,3625,32,0
1300,3809,33,0
1300,3813,34,0
1300,3817,35,0
1300,3821,36,0
1300,3003,37,0
1300,3005,38,0
1300,3007,39,0
1300,3009,40,0
1300,3177,41,0
1300,3179,42,0
1300,3825,43,0
1300,3829,44,0
1300,3001,45,1
1301,3001,1,0
1301,3830,2,0
1301,3826,3,0
1301,3679,4,0
1301,3677,5,0
1301,3008,6,0
1301,3006,7,0
1301,3004,8,0
1301,3002,9,0
1301,3603,10,0
1301,3659,11,0
1301,3814,12,0
1301,3810,13,0
1301,3806,14,0
1301,3127,15,0
1301,3129,16,0
1301,3131,17,0
1301,3018,18,0
1301,3016,19,0
1301,3014,20,0
1301,3012,21,0
1301,3802,22,0
1301,3390,23,0
1301,3386,24,0
1301,3382,25,0
1301,3378,26,0
1301,3374,27,0
1301,3057,28,0
1301,3067,29,0
1301,3059,30,0
1301,3370,31,0
1301,3366,32,0
1301,3362,33,0
1301,3358,34,0
1301,3354,35,0
1301,3350,36,0
1301,3346,37,0
1301,3334,38,0
1301,3330,39,0
1301,3326,40,0
1301,3322,41,0
1301,3318,42,0
1301,3314,43,0
1301,3310,44,0
1301,3306,45,0
1301,3302,46,1
1500,2501,1,0
1500,2503,2,0
1500,2507,3,0
1500,2511,4,0
1500,2515,5,0
1500,2519,6,0
1500,2523,7,0
1500,2527,8,0
1500,2531,9,0
1500,2535,10,0
1500,2539,11,0
1500,2543,12,0
1500,2547,13,0
1500,2551,14,0
1500,2555,15,0
1500,2559,16,0
1500,2563,17,0
1500,2567,18,0
1500,2571,19,0
1500,2575,20,0
1500,2579,21,0
1500,2583,22,0
1500,2587,23,0
1500,2591,24,0
1500,2595,25,0
1500,2753,26,0
1500,2757,27,0
1500,2761,28,0
1500,3499,29,0
1500,3501,30,0
1500,3505,31,0
1500,3509,32,0
1500,3635,33,0
1500,3057,34,0
1500,3067,35,0
1500,3059,36,0
1500,3061,37,0
1500,3063,38,0
1500,3065,39,0
1500,3020,40,0
1500,3631,41,0
1500,3629,42,1
1500,3018,43,0
1500,3016,44,0
1500,3014,45,0
1500,3012,46,0
1500,3513,47,0
1500,3517,48,0
1500,3521,49,0
1500,3525,50,0
1500,3529,51,0
1500,3533,52,0
1500,3173,53,0
1500,3175,54,0
1500,3006,55,0
1500,3004,56,0
1500,3002,57,0
1500,3541,58,1
1501,3541,1,0
1501,3003,2,0
1501,3005,3,0
1501,3007,4,0
1501,3009,5,0
1501,3675,6,0
1501,3673,7,0
1501,3534,8,0
1501,3530,9,0
1501,3526,10,0
1501,3522,11,0
1501,3518,12,0
1501,3514,13,0
1501,3510,14,0
1501,3015,15,0
1501,3017,16,0
1501,3019,17,0
1501,3021,18,0
1501,3064,19,0
1501,3062,20,0
1501,3060,21,0
1501,3058,22,0
1501,3066,23,0
1501,3056,24,0
1501,3133,25,0
1501,3135,26,0
1501,3137,27,0
1501,3506,28,0
1501,3502,29,0
1501,3500,30,0
1501,2762,31,0
1501,2758,32,0
1501,2754,33,0
1501,2596,34,0
1501,2592,35,0
1501,2588,36,0
1501,2584,37,0
1501,2580,38,0
1501,2576,39,0
1501,2572,40,0
1501,2564,41,0
1501,2560,42,0
1501,2556,43,0
1501,2552,44,0
1501,2548,45,0
1501,2544,46,0
1501,2540,47,0
1501,2536,48,0
1501,2532,49,0
1501,2528,50,0
1501,2524,51,0
1501,2520,52,0
1501,2516,53,0
1501,2512,54,0
1501,2508,55,0
1501,2501,56,0
1501,2503,57,1
2200,220005,1,0
2200,220010,2,0
2200,220020,3,0
2200,220030,4,0
2200,220040,5,0
2200,220050,6,0
2200,220060,7,0
2200,220147,8,0
2200,220090,9,0
2200,220100,10,0
2200,220110,11,0
2200,220120,12,0
2200,220130,13,0
2200,220140,14,0
2200,220150,15,0
2200,220160,16,0
2200,220170,17,0
2200,220172,18,0
2200,220180,19,0
2200,220236,20,0
2200,220240,21,0
2200,220260,22,0
2200,220270,23,0
2200,220280,24,0
2200,220290,25,0
2200,220300,26,0
2200,220310,27,0
2200,9902,28,0
2200,220320,29,0
2200,220330,30,0
2200,220340,31,0
2200,220350,32,0
2200,220360,33,0
2200,220370,34,0
2200,220380,35,0
2200,220390,36,0
2200,220400,37,0
2200,220410,38,0
2200,220420,39,0
2200,220430,40,0
2200,220488,41,0
2200,220490,42,0
2200,220500,43,0
2200,220510,44,0
2200,220520,45,0
2200,220530,46,0
2200,220540,47,0
2200,220550,48,0
2200,220560,49,0
2200,220570,50,0
2200,220580,51,0
2200,220582,52,0
2200,7257,53,0
2200,7001,54,0
2200,7005,55,0
2200,7261,56,0
2200,7265,57,0
2200,7269,58,0
2200,7273,59,0
2200,7277,60,0
2200,7279,61,0
2200,7281,62,0
2200,7285,63,0
2200,7289,64,0
2200,7291,65,0
2200,7293,66,0
2200,7297,67,0
2200,7701,68,0
2200,7705,69,0
2200,7709,70,0
2200,7713,71,0
2200,7717,72,0
2200,7721,73,0
2200,7725,74,0
2200,7961,75,0
2200,7965,76,0
2200,7019,77,0
2200,7021,78,0
2200,7025,79,0
2200,7029,80,0
2200,5048,81,0
2200,5505,82,0
2200,5510,83,0
2200,5506,84,0
2200,5502,85,0
2200,5501,86,1
2201,5501,1,0
2201,5047,2,0
2201,5051,3,0
2201,7026,4,0
2201,7022,5,0
2201,7020,6,0
2201,7018,7,0
2201,7966,8,0
2201,7962,9,0
2201,7726,10,0
2201,7722,11,0
2201,7718,12,0
2201,7714,13,0
2201,7710,14,0
2201,7706,15,0
2201,7702,16,0
2201,7298,17,0
2201,7294,18,0
2201,7292,19,0
2201,7290,20,0
2201,7286,21,0
2201,7282,22,0
2201,7280,23,0
2201,7915,24,0
2201,7274,25,0
2201,7270,26,0
2201,7266,27,0
2201,7262,28,0
2201,7260,29,0
2201,7006,30,0
2201,7002,31,0
2201,990149,32,0
2201,220420,33,0
2201,220430,34,0
2201,220488,35,0
2201,220490,36,0
2201,220500,37,0
2201,220510,38,0
2201,220520,39,0
2201,220530,40,0
2201,220540,41,0
2201,220550,42,0
2201,220560,43,0
2201,220570,44,0
2201,220580,45,0
2201,220582,46,0
2201,7257,47,1
2300,7301,1,0
2300,7303,2,0
2300,7305,3,0
2300,7307,4,0
2300,7309,5,0
2300,7311,6,0
2300,7313,7,0
2300,7315,8,0
2300,7317,9,0
2300,7321,10,0
2300,7325,11,0
2300,7329,12,0
2300,7333,13,0
2300,7337,14,0
2300,7341,15,0
2300,7345,16,0
2300,7349,17,0
2300,7353,18,0
2300,7357,19,0
2300,7359,20,0
2300,7361,21,0
2300,7365,22,0
2300,7369,23,0
2300,7373,24,0
2300,7377,25,0
2300,7381,26,0
2300,7385,27,0
2300,7389,28,0
2300,7393,29,0
2300,7397,30,0
2300,7801,31,0
2300,7873,32,0
2300,7877,33,0
2300,7805,34,0
2300,7809,35,0
2300,7813,36,0
2300,7817,37,0
2300,7821,38,0
2300,7825,39,0
2300,7829,40,0
2300,7833,41,0
2300,7837,42,0
2300,7841,43,0
2300,7905,44,0
2300,7280,45,0
2300,7881,46,0
2300,7885,47,0
2300,7889,48,0
2300,7278,49,0
2300,7912,50,0
2300,7851,51,0
2300,7005,52,0
2300,7009,53,0
2300,7013,54,0
2300,7017,55,0
2300,7019,56,0
2300,7021,57,0
2300,7025,58,0
2300,7029,59,0
2300,5048,60,0
2300,5505,61,0
2300,5510,62,0
2300,5506,63,0
2300,5502,64,0
2300,5501,65,1
2301,5501,1,0
2301,5047,2,0
2301,5051,3,0
2301,7026,4,0
2301,7022,5,0
2301,7020,6,0
2301,7018,7,0
2301,7014,8,0
2301,7010,9,0
2301,7006,10,0
2301,7909,11,0
2301,7911,12,0
2301,7844,13,0
2301,7279,14,0
2301,7906,15,0
2301,7902,16,0
2301,7836,17,0
2301,7832,18,0
2301,7828,19,0
2301,7824,20,0
2301,7848,21,0
2301,7884,22,0
2301,7880,23,0
2301,7820,24,0
2301,7816,25,0
2301,7812,26,0
2301,7808,27,0
2301,7804,28,0
2301,7800,29,0
2301,7396,30,0
2301,7392,31,0
2301,7388,32,0
2301,7384,33,0
2301,7380,34,0
2301,7376,35,0
2301,7372,36,0
2301,7368,37,0
2301,7364,38,0
2301,7360,39,0
2301,7358,40,0
2301,7876,41,0
2301,7872,42,0
2301,7356,43,0
2301,7352,44,0
2301,7348,45,0
2301,7344,46,0
2301,7340,47,0
2301,7336,48,0
2301,7332,49,0
2301,7328,50,0
2301,7324,51,0
2301,7320,52,0
2301,7316,53,0
2301,7301,54,0
2301,7303,55,0
2301,7305,56,0
2301,7307,57,0
2301,7309,58,0
2301,7311,59,0
2301,7313,60,0
2301,7315,61,1
2400,8075,1,0
2400,8077,2,0
2400,8079,3,0
2400,8081,4,0
2400,8083,5,0
2400,8085,6,0
2400,8087,7,0
2400,8089,8,0
2400,8401,9,0
2400,8405,10,0
2400,8409,11,0
2400,8413,12,0
2400,8417,13,0
2400,8421,14,0
2400,8425,15,0
2400,8429,16,0
2400,8433,17,0
2400,8437,18,0
2400,8441,19,0
2400,8445,20,0
2400,8097,21,0
2400,7001,22,0
2400,7005,23,0
2400,7009,24,0
2400,240345,25,1
2401,240345,1,0
2401,7010,2,0
2401,7006,3,0
2401,7002,4,0
2401,8098,5,0
2401,8442,6,0
2401,8438,7,0
2401,8434,8,0
2401,8430,9,0
2401,8426,10,0
2401,8422,11,0
2401,8418,12,0
2401,8414,13,0
2401,8410,14,0
2401,8406,15,0
2401,8402,16,0
2401,8090,17,0
2401,8088,18,0
2401,8086,19,0
2401,8084,20,0
2401,8082,21,0
2401,8080,22,0
2401,8078,23,0
2401,8076,24,1
3101,5501,1,0
3101,5505,2,0
3101,6501,3,0
3101,6505,4,0
3101,6509,5,0
3101,6730,6,0
3101,190395,7,0
3101,190385,8,0
3101,190375,9,0
3101,190367,10,0
3101,190361,11,0
3101,190359,12,0
3101,190357,13,0
3101,190355,14,0
3101,6198,15,0
3101,190335,16,0
3101,190325,17,0
3101,190323,18,0
3101,190315,19,0
3101,190305,20,0
3101,190295,21,0
3101,190188,22,0
3101,190095,23,0
3101,190085,24,0
3101,190075,25,0
3101,190065,26,0
3101,6101,27,0
3101,6103,28,0
3101,6105,29,0
3101,6107,30,0
3101,6109,31,0
3101,6111,32,0
3101,6113,33,0
3101,6115,34,0
3101,6117,35,0
3101,190230,36,0
3101,190240,37,0
3101,190250,38,0
3101,190252,39,0
3101,190254,40,0
3101,190290,41,0
3101,190292,42,0
3101,190310,43,0
3101,190320,44,0
3101,190330,45,0
3101,190340,46,0
3101,190117,47,0
3101,190115,48,0
3101,190105,49,0
3101,190103,50,0
3101,190370,51,0
3101,190380,52,0
3101,190382,53,0
3101,190430,54,0
3101,190440,55,0
3101,190450,56,0
3101,190460,57,0
3101,190470,58,0
3101,190480,59,0
3101,190482,60,0
3101,190486,61,0
3101,190492,62,0
3101,190550,63,0
3101,190560,64,0
3101,190580,65,0
3101,6610,66,0
3101,6606,67,0
3101,6602,68,0
3101,5510,69,0
3101,5506,70,0
3101,5502,71,0
3400,5403,1,0
3400,5714,2,0
3400,5417,3,0
3400,5421,4,0
3400,5425,5,0
3400,5429,6,0
3400,5433,7,0
3400,5441,8,0
3400,5445,9,0
3400,5449,10,0
3400,5453,11,0
3400,5457,12,0
3400,5469,13,0
3400,5473,14,0
3400,5477,15,0
3400,5481,16,0
3400,5485,17,0
3400,5489,18,0
3400,5493,19,0
3400,5497,20,0
3400,5901,21,0
3400,5905,22,0
3400,5909,23,0
3400,5913,24,0
3400,5917,25,0
3400,5921,26,0
3400,5925,27,0
3400,5929,28,0
3400,5933,29,0
3400,5937,30,0
3400,5941,31,0
3400,5945,32,0
3400,5949,33,0
3400,5044,34,0
3400,5953,35,0
3400,5957,36,0
3400,5510,37,0
3400,5506,38,0
3400,5502,39,0
3400,5501,40,1
3401,5501,1,0
3401,5950,2,0
3401,5946,3,0
3401,5942,4,0
3401,5938,5,0
3401,5934,6,0
3401,5930,7,0
3401,5926,8,0
3401,5922,9,0
3401,5918,10,0
3401,5914,11,0
3401,5910,12,0
3401,5906,13,0
3401,5902,14,0
3401,5498,15,0
3401,5494,16,0
3401,5490,17,0
3401,5486,18,0
3401,5482,19,0
3401,5478,20,0
3401,5474,21,0
3401,5470,22,0
3401,5466,23,0
3401,970038,24,0
3401,5454,25,0
3401,5450,26,0
3401,5446,27,0
3401,5442,28,0
3401,5436,29,0
3401,5430,30,0
3401,5426,31,0
3401,5422,32,0
3401,5418,33,0
3401,170435,34,0
3401,5403,35,1
3501,5501,1,0
3501,5505,2,0
3501,6501,3,0
3501,6505,4,0
3501,6509,5,0
3501,6513,6,0
3501,6517,7,0
3501,6521,8,0
3501,6525,9,0
3501,6529,10,0
3501,6533,11,0
3501,6537,12,0
3501,6541,13,0
3501,6545,14,0
3501,6549,15,0
3501,6553,16,0
3501,6557,17,0
3501,6559,18,0
3501,6561,19,0
3501,6565,20,0
3501,6569,21,0
3501,6573,22,0
3501,6577,23,0
3501,6581,24,0
3501,6585,25,0
3501,6589,26,0
3501,6593,27,0
3501,6597,28,0
3501,6301,29,0
3501,6305,30,0
3501,6309,31,0
3501,6313,32,0
3501,5510,33,0
3501,5506,34,0
3501,5502,35,0
3600,5501,1,0
3600,5505,2,0
3600,6214,3,0
3600,6210,4,0
3600,6206,5,0
3600,6202,6,0
3600,6698,7,0
3600,6694,8,0
3600,6690,9,0
3600,6686,10,0
3600,6682,11,0
3600,6678,12,0
3600,6674,13,0
3600,6670,14,0
3600,6666,15,0
3600,6662,16,0
3600,6658,17,0
3600,6654,18,0
3600,6650,19,0
3600,6646,20,0
3600,6642,21,0
3600,6638,22,0
3600,6634,23,0
3600,6630,24,0
3600,6626,25,0
3600,6622,26,0
3600,6618,27,0
3600,6614,28,0
3600,6610,29,0
3600,6606,30,0
3600,6602,31,0
3600,5510,32,0
3600,5506,33,0
3600,5502,34,0
3701,5701,1,0
3701,5705,2,0
3701,5709,3,0
3701,5713,4,0
3701,5717,5,0
3701,4701,6,0
3701,4705,7,0
3701,4709,8,0
3701,4713,9,0
3701,4717,10,0
3701,4721,11,0
3701,4725,12,0
3701,4729,13,0
3701,4733,14,0
3701,4737,15,0
3701,4741,16,0
3701,4745,17,0
3701,4749,18,0
3701,4753,19,0
3701,4757,20,0
3701,4761,21,0
3701,4765,22,0
3701,4769,23,0
3701,4773,24,0
3701,4777,25,0
3701,4781,26,0
3701,4785,27,0
3701,4789,28,0
3701,4793,29,0
3701,4797,30,0
3701,4201,31,0
3701,4205,32,0
3701,4209,33,0
3701,4213,34,0
3701,4217,35,0
3701,4221,36,0
3701,4225,37,0
3701,4229,38,0
3701,4233,39,0
3701,4237,40,0
3701,4710,41,0
3701,4706,42,0
3701,4702,43,0
3701,5718,44,0
3701,5714,45,0
3701,5710,46,0
3701,5706,47,0
3701,5013,48,0
3701,5482,49,0
3701,5478,50,0
3701,5474,51,0
3701,5470,52,0
3701,5466,53,0
3701,5462,54,0
3701,970038,55,1
3800,5701,1,0
3800,5705,2,0
3800,5709,3,0
3800,5713,4,0
3800,5717,5,0
3800,4701,6,0
3800,4705,7,0
3800,4342,8,0
3800,4338,9,0
3800,4334,10,0
3800,4330,11,0
3800,4326,12,0
3800,4322,13,0
3800,4318,14,0
3800,4314,15,0
3800,4310,16,0
3800,4306,17,0
3800,4302,18,0
3800,4898,19,0
3800,4894,20,0
3800,4890,21,0
3800,4886,22,0
3800,4882,23,0
3800,4878,24,0
3800,4874,25,0
3800,4872,26,0
3800,4870,27,0
3800,4866,28,0
3800,4862,29,0
3800,4858,30,0
3800,4854,31,0
3800,4850,32,0
3800,4846,33,0
3800,4842,34,0
3800,4838,35,0
3800,4834,36,0
3800,4830,37,0
3800,4826,38,0
3800,4822,39,0
3800,4818,40,0
3800,4814,41,0
3800,4710,42,0
3800,4706,43,0
3800,4702,44,0
3800,5718,45,0
3800,5714,46,0
3800,5710,47,0
3800,5706,48,0
3800,5013,49,1
3900,4901,1,0
3900,4905,2,0
3900,4909,3,0
3900,4913,4,0
3900,4915,5,0
3900,4917,6,0
3900,4921,7,0
3900,4773,8,0
3900,4925,9,0
3900,4838,10,0
3900,4834,11,0
3900,4830,12,0
3900,4826,13,0
3900,4822,14,0
3900,4929,15,0
3900,4933,16,0
3900,4937,17,0
3900,4941,18,0
3900,6305,19,0
3900,6901,20,0
3900,6903,21,0
3900,6907,22,0
3900,6911,23,0
3900,6915,24,0
3900,6602,25,0
3900,5510,26,0
3900,5506,27,0
3900,5502,28,0
3900,5501,29,1
3901,5501,1,0
3901,5505,2,0
3901,6501,3,0
3901,6916,4,0
3901,6912,5,0
3901,6908,6,0
3901,6904,7,0
3901,6902,8,0
3901,6206,9,0
3901,4942,10,0
3901,4938,11,0
3901,4934,12,0
3901,4932,13,0
3901,4930,14,0
3901,4717,15,0
3901,4721,16,0
3901,4725,17,0
3901,4729,18,0
3901,4733,19,0
3901,4737,20,0
3901,4741,21,0
3901,4874,22,0
3901,4872,23,0
3901,4901,24,0
3901,4905,25,0
3901,4909,26,0
3901,4913,27,0
3901,4915,28,1
6500,650190,1,0
6500,650200,2,0
6500,650210,3,0
6500,650220,4,0
6500,650230,5,0
6500,650325,6,0
6500,650315,7,0
6500,650430,8,0
6500,650285,9,0
6500,650275,10,0
6500,650265,11,0
6500,650255,12,0
6500,650247,13,0
6500,650245,14,0
6500,650243,15,0
6500,650241,16,0
6500,650239,17,0
6500,650237,18,0
6500,650235,19,0
6500,650225,20,0
6500,650215,21,0
6500,650470,22,0
6500,650480,23,0
6500,650490,24,0
6500,650500,25,0
6500,650510,26,0
6500,650520,27,0
6500,650530,28,0
6500,650540,29,0
6500,650550,30,0
6500,650560,31,0
6500,650570,32,0
6500,650580,33,0
6500,650590,34,0
6500,650600,35,0
6500,650610,36,0
6500,650620,37,0
6500,650630,38,0
6500,650640,39,0
6500,650650,40,0
6500,650660,41,0
6500,190090,42,0
6500,7001,43,0
6500,7005,44,0
6500,7009,45,0
6500,650670,46,1
6501,650670,1,0
6501,7010,2,0
6501,7006,3,0
6501,7002,4,0
6501,650535,5,0
6501,650525,6,0
6501,650515,7,0
6501,650505,8,0
6501,650495,9,0
6501,650485,10,0
6501,650475,11,0
6501,650465,12,0
6501,650455,13,0
6501,650445,14,0
6501,650435,15,0
6501,650425,16,0
6501,650415,17,0
6501,650405,18,0
6501,650395,19,0
6501,650385,20,0
6501,650375,21,0
6501,650365,22,0
6501,650355,23,0
6501,650345,24,0
6501,650335,25,0
6501,650236,26,0
6501,650240,27,0
6501,650250,28,0
6501,650252,29,0
6501,650254,30,0
6501,650256,31,0
6501,650258,32,0
6501,650260,33,0
6501,650262,34,0
6501,650270,35,0
6501,650280,36,0
6501,650290,37,0
6501,650300,38,0
6501,650320,39,0
6501,650440,40,0
6501,650450,41,0
6501,650460,42,0
6501,650205,43,0
6501,650195,44,0
6501,650185,45,0
6501,650175,46,1
1001101,110002,1,0
1001101,3603,2,0
1001101,3659,3,0
1001101,110740,4,0
1001101,110730,5,0
1001101,110720,6,0
1001101,110712,7,0
1001101,110710,8,0
1001101,110700,9,0
1001101,110690,10,0
1001101,110680,11,0
1001101,110670,12,0
1001101,3064,13,0
1001101,3062,14,0
1001101,3060,15,0
1001101,3058,16,0
1001101,3066,17,0
1001101,3639,18,0
1001101,3637,19,0
1001101,3635,20,0
1001101,3052,21,0
1001101,3631,22,0
1001101,3629,23,0
1001101,3627,24,0
1001101,3625,25,0
1001101,110540,26,0
1001101,110530,27,0
1001101,110520,28,0
1001101,110510,29,0
1001101,110500,30,0
1001101,110490,31,0
1001101,110480,32,0
1001101,110470,33,0
1001101,110460,34,0
1001101,110450,35,0
1001101,110440,36,0
1001101,110420,37,0
1001101,110410,38,0
1001101,120052,39,0
1001101,110390,40,0
1001101,110380,41,0
1001101,110370,42,0
1001101,110360,43,0
1001101,110350,44,0
1001101,1060,45,0
1001101,1058,46,0
1001101,1054,47,0
1001101,1052,48,0
1001101,110310,49,0
1001101,110300,50,0
1001101,110290,51,0
1001101,1068,52,0
1001101,1066,53,0
1001101,110288,54,0
1001101,110284,55,0
1001101,110280,56,0
1001101,110270,57,0
1001101,110260,58,0
1001101,110258,59,0
1001101,110250,60,0
1001101,110240,61,0
1001101,110230,62,0
1001101,110220,63,0
1001101,110210,64,0
1001101,110200,65,0
1001101,110190,66,0
1001101,110180,67,0
1001101,110170,68,0
1001101,110160,69,0
1001101,110150,70,0
1001101,110140,71,0
1001101,110130,72,0
1001101,110120,73,0
1001101,110110,74,0
1001101,110100,75,0
1001101,110090,76,0
1001101,110080,77,0
1001101,110070,78,0
1001101,1010,79,0
1001101,1008,80,0
1001101,1006,81,0
1001101,110060,82,0
1001101,110050,83,0
1001101,110040,84,0
1001101,3679,85,0
1001101,3677,86,0
1001101,3675,87,0
1001101,3673,88,0
1001101,3669,89,0
1001101,3667,90,0
1001101,3665,91,0
1001101,3663,92,0
1001101,3821,93,0
5002300,7301,1,0
5002300,7303,2,0
5002300,7305,3,0
5002300,7307,4,0
5002300,7309,5,0
5002300,7311,6,0
5002300,7313,7,0
5002300,7315,8,0
5002300,7317,9,0
5002300,7321,10,0
5002300,7325,11,0
5002300,7329,12,0
5002300,7333,13,0
5002300,7337,14,0
5002300,7341,15,0
5002300,7345,16,0
5002300,7349,17,0
5002300,7353,18,0
5002300,7357,19,0
5002300,7359,20,0
5002300,7361,21,0
5002300,7365,22,0
5002300,7369,23,0
5002300,7373,24,0
5002300,7377,25,0
5002300,7381,26,0
5002300,7385,27,0
5002300,7389,28,0
5002300,7393,29,0
5002300,7397,30,0
5002300,7801,31,0
5002300,7805,32,0
5002300,7809,33,0
5002300,7813,34,0
5002300,7817,35,0
5002300,7821,36,0
5002300,7825,37,0
5002300,7829,38,0
5002300,7833,39,0
5002300,7837,40,0
5002300,7841,41,0
5002300,7905,42,0
5002300,7280,43,0
5002300,7278,44,0
5002300,7912,45,0
5002300,7851,46,0
5002300,7005,47,0
5002300,7009,48,0
5002300,7013,49,0
5002300,7017,50,0
5002300,7019,51,0
5002300,7021,52,0
5002300,7025,53,0
5002300,7029,54,0
5002300,5051,55,0
5002300,20515,56,1
5002300,20525,57,1
5002300,20535,58,1
5002300,20545,59,1
5002300,20555,60,1
5002300,20565,61,1
5002300,20575,62,1
5002300,20585,63,1
5002300,20595,64,1
5002300,20620,65,1
5002300,20610,66,1
5002300,20600,67,1
5002300,20590,68,1
5002300,20580,69,1
5002301,20585,1,0
5002301,20595,2,0
5002301,20620,3,0
5002301,20610,4,0
5002301,20600,5,0
5002301,20590,6,0
5002301,20580,7,0
5002301,20560,8,0
5002301,20550,9,0
5002301,20540,10,0
5002301,20530,11,0
5002301,20522,12,0
5002301,20520,13,0
5002301,5051,14,0
5002301,7026,15,0
5002301,7022,16,0
5002301,7020,17,0
5002301,7018,18,0
5002301,7014,19,0
5002301,7010,20,0
5002301,7006,21,0
5002301,7909,22,0
5002301,7911,23,0
5002301,7844,24,0
5002301,7279,25,0
5002301,7906,26,0
5002301,7902,27,0
5002301,7836,28,0
5002301,7832,29,0
5002301,7828,30,0
5002301,7824,31,0
5002301,7820,32,0
5002301,7816,33,0
5002301,7812,34,0
5002301,7808,35,0
5002301,7804,36,0
5002301,7800,37,0
5002301,7396,38,0
5002301,7392,39,0
5002301,7388,40,0
5002301,7384,41,0
5002301,7380,42,0
5002301,7376,43,0
5002301,7372,44,0
5002301,7368,45,0
5002301,7364,46,0
5002301,7360,47,0
5002301,7358,48,0
5002301,7356,49,0
5002301,7352,50,0
5002301,7348,51,0
5002301,7344,52,0
5002301,7340,53,0
5002301,7336,54,0
5002301,7332,55,0
5002301,7328,56,0
5002301,7324,57,0
5002301,7320,58,0
5002301,7316,59,0
5002301,7301,60,1
5002400,8075,1,0
5002400,8077,2,0
5002400,8079,3,0
5002400,8081,4,0
5002400,8083,5,0
5002400,8085,6,0
5002400,8087,7,0
5002400,8089,8,0
5002400,8401,9,0
5002400,8405,10,0
5002400,8409,11,0
5002400,8413,12,0
5002400,8417,13,0
5002400,8421,14,0
5002400,8425,15,0
5002400,8429,16,0
5002400,8433,17,0
5002400,8437,18,0
5002400,8441,19,0
5002400,8445,20,0
5002400,8097,21,0
5002400,7001,22,0
5002400,7005,23,0
5002400,7009,24,0
5002400,7013,25,0
5002400,7017,26,0
5002400,7019,27,0
5002400,7021,28,0
5002400,7025,29,0
5002400,7029,30,0
5002400,5051,31,0
5002400,20515,32,1
5002400,20525,33,1
5002400,20535,34,1
5002400,20545,35,1
5002400,20555,36,1
5002400,20565,37,1
5002400,20575,38,1
5002400,20585,39,1
5002400,20595,40,1
5002400,20620,41,1
5002400,20610,42,1
5002400,20600,43,1
5002400,20590,44,1
5002400,20580,45,1
5002401,20585,1,0
5002401,20595,2,0
5002401,20620,3,0
5002401,20610,4,0
5002401,20600,5,0
5002401,20590,6,0
5002401,20580,7,0
5002401,20560,8,0
5002401,20550,9,0
5002401,20540,10,0
5002401,20530,11,0
5002401,20522,12,0
5002401,20520,13,0
5002401,5051,14,0
5002401,7026,15,0
5002401,7022,16,0
5002401,7020,17,0
5002401,7018,18,0
5002401,7014,19,0
5002401,7010,20,0
5002401,7006,21,0
5002401,7002,22,0
5002401,8098,23,0
5002401,8442,24,0
5002401,8438,25,0
5002401,8434,26,0
5002401,8430,27,0
5002401,8426,28,0
5002401,8422,29,0
5002401,8418,30,0
5002401,8414,31,0
5002401,8410,32,0
5002401,8406,33,0
5002401,8402,34,0
5002401,8090,35,0
5002401,8088,36,0
5002401,8086,37,0
5002401,8084,38,0
5002401,8082,39,0
5002401,8080,40,0
5002401,8078,41,0
5002401,8076,42,1
5003400,5417,1,0
5003400,5421,2,0
5003400,5425,3,0
5003400,5429,4,0
5003400,5433,5,0
5003400,5441,6,0
5003400,5445,7,0
5003400,5449,8,0
5003400,5453,9,0
5003400,5457,10,0
5003400,5469,11,0
5003400,5473,12,0
5003400,5477,13,0
5003400,5481,14,0
5003400,5485,15,0
5003400,5489,16,0
5003400,5493,17,0
5003400,5497,18,0
5003400,5901,19,0
5003400,5905,20,0
5003400,5909,21,0
5003400,5913,22,0
5003400,5917,23,0
5003400,5921,24,0
5003400,5925,25,0
5003400,5929,26,0
5003400,5933,27,0
5003400,5937,28,0
5003400,5941,29,0
5003400,5945,30,0
5003400,5949,31,0
5003400,5047,32,0
5003400,5051,33,0
5003400,20515,34,1
5003400,20525,35,1
5003400,20535,36,1
5003400,20545,37,1
5003400,20555,38,1
5003400,20565,39,1
5003400,20575,40,1
5003400,20585,41,1
5003400,20595,42,1
5003400,20620,43,1
5003400,20610,44,1
5003400,20600,45,1
5003400,20590,46,1
5003400,20580,47,1
5003401,20575,1,0
5003401,20585,2,0
5003401,20595,3,0
5003401,20620,4,0
5003401,20610,5,0
5003401,20600,6,0
5003401,20590,7,0
5003401,20580,8,0
5003401,20560,9,0
5003401,20550,10,0
5003401,20540,11,0
5003401,20530,12,0
5003401,20522,13,0
5003401,20520,14,0
5003401,5048,15,0
5003401,5950,16,0
5003401,5946,17,0
5003401,5942,18,0
5003401,5938,19,0
5003401,5934,20,0
5003401,5930,21,0
5003401,5926,22,0
5003401,5922,23,0
5003401,5918,24,0
5003401,5914,25,0
5003401,5910,26,0
5003401,5906,27,0
5003401,5902,28,0
5003401,5498,29,0
5003401,5494,30,0
5003401,5490,31,0
5003401,5486,32,0
5003401,5482,33,0
5003401,5478,34,0
5003401,5474,35,0
5003401,5470,36,0
5003401,5466,37,0
5003401,5454,38,0
5003401,5450,39,0
5003401,5446,40,0
5003401,5442,41,0
5003401,5436,42,0
5003401,5430,43,0
5003401,5426,44,0
5003401,5422,45,0
5003401,5418,46,0
5003401,170435,47,1
5003600,5501,1,0
5003600,5505,2,0
5003600,6214,3,0
5003600,6210,4,0
5003600,6206,5,0
5003600,6202,6,0
5003600,6698,7,0
5003600,6694,8,0
5003600,6690,9,0
5003600,6686,10,0
5003600,6682,11,0
5003600,6678,12,0
5003600,6674,13,0
5003600,6670,14,0
5003600,6666,15,0
5003600,6662,16,0
5003600,6658,17,0
5003600,6654,18,0
5003600,6650,19,0
5003600,6646,20,0
5003600,6642,21,0
5003600,6638,22,0
5003600,6634,23,0
5003600,6630,24,0
5003600,6626,25,0
5003600,6622,26,0
5003600,6618,27,0
5003600,6614,28,0
5003600,6610,29,0
5003600,6606,30,0
5003600,6602,31,0
5003600,5047,32,0
5003600,5051,33,0
5003600,20515,34,1
5003600,20525,35,1
5003600,20535,36,1
5003600,20545,37,1
5003600,20555,38,1
5003600,20565,39,1
5003600,20575,40,1
5003600,20585,41,1
5003600,20595,42,1
5003600,20620,43,1
5003600,20610,44,1
5003600,20600,45,1
5003600,20590,46,1
5003600,20580,47,1
5003601,20585,1,0
5003601,20595,2,0
5003601,20620,3,0
5003601,20610,4,0
5003601,20600,5,0
5003601,20590,6,0
5003601,20580,7,0
5003601,20560,8,0
5003601,20550,9,0
5003601,20540,10,0
5003601,20530,11,0
5003601,20522,12,0
5003601,20520,13,0
5003601,5048,14,0
5003601,5505,15,0
5003601,6214,16,0
5003601,6210,17,0
5003601,6206,18,0
5003601,6202,19,0
5003601,6698,20,0
5003601,6694,21,0
5003601,6690,22,0
5003601,6686,23,0
5003601,6682,24,0
5003601,6678,25,0
5003601,6674,26,0
5003601,6670,27,0
5003601,6666,28,0
5003601,6662,29,0
5003601,6658,30,0
5003601,6654,31,0
5003601,6650,32,0
5003601,6646,33,0
5003601,6642,34,0
5003601,6638,35,0
5003601,6634,36,0
5003601,6630,37,0
5003601,6626,38,0
5003601,6622,39,0
5003601,6618,40,0
5003601,6614,41,0
5003601,6610,42,0
5003601,6606,43,0
5003601,6602,44,0
5003601,5510,45,0
5003601,5506,46,0
5003601,5502,47,0
5003601,5501,48,1
5003700,5701,1,0
5003700,5705,2,0
5003700,5709,3,0
5003700,5713,4,0
5003700,5717,5,0
5003700,4701,6,0
5003700,4705,7,0
5003700,4709,8,0
5003700,4713,9,0
5003700,4717,10,0
5003700,4721,11,0
5003700,4725,12,0
5003700,4729,13,0
5003700,4733,14,0
5003700,4737,15,0
5003700,4741,16,0
5003700,4745,17,0
5003700,4749,18,0
5003700,970001,19,0
5003700,160300,20,0
5003700,160310,21,0
5003700,160320,22,0
5003700,160330,23,0
5003700,160340,24,0
5003700,4761,25,0
5003700,4765,26,0
5003700,4769,27,0
5003700,4773,28,0
5003700,4777,29,0
5003700,4781,30,0
5003700,4785,31,0
5003700,4789,32,0
5003700,4793,33,0
5003700,4797,34,0
5003700,4201,35,0
5003700,4205,36,0
5003700,4209,37,0
5003700,4213,38,0
5003700,4217,39,0
5003700,4221,40,0
5003700,4225,41,0
5003700,4229,42,0
5003700,4233,43,0
5003700,4237,44,0
5003700,4710,45,0
5003700,4706,46,0
5003700,4702,47,0
5003700,5718,48,0
5003700,5714,49,0
5003700,5710,50,0
5003700,5706,51,0
5003700,5013,52,0
5003700,20415,53,0
5003700,20425,54,0
5003700,20435,55,0
5003700,20445,56,0
5003700,20455,57,0
5003700,20465,58,0
5003700,20485,59,0
5003700,5047,60,0
5003700,5051,61,0
5003700,20515,62,1
5003700,20525,63,1
5003700,20535,64,1
5003700,20545,65,1
5003700,20555,66,1
5003700,20565,67,1
5003700,20575,68,1
5003700,20585,69,1
5003700,20595,70,1
5003700,20620,71,1
5003700,20610,72,1
5003700,20600,73,1
5003700,20590,74,1
5003700,20580,75,1
5003701,20575,1,0
5003701,20585,2,0
5003701,20595,3,0
5003701,20620,4,0
5003701,20610,5,0
5003701,20600,6,0
5003701,20590,7,0
5003701,20580,8,0
5003701,20560,9,0
5003701,20550,10,0
5003701,20540,11,0
5003701,20530,12,0
5003701,20522,13,0
5003701,20520,14,0
5003701,5048,15,0
5003701,5044,16,0
5003701,20482,17,0
5003701,20470,18,0
5003701,20460,19,0
5003701,20450,20,0
5003701,20440,21,0
5003701,20420,22,0
5003701,5701,23,0
5003701,5705,24,0
5003701,5709,25,0
5003701,5713,26,0
5003701,5717,27,0
5003701,4701,28,0
5003701,4705,29,0
5003701,4709,30,0
5003701,4713,31,0
5003701,4929,32,0
5003701,160090,33,0
5003701,160160,34,0
5003701,160170,35,0
5003701,160180,36,0
5003701,4729,37,0
5003701,4733,38,0
5003701,4737,39,0
5003701,4741,40,0
5003701,4745,41,0
5003701,4749,42,0
5003701,970001,43,0
5003701,160300,44,0
5003701,160310,45,0
5003701,160320,46,0
5003701,160330,47,0
5003701,160340,48,0
5003701,4761,49,0
5003701,4765,50,0
5003701,4769,51,0
5003701,4901,52,0
5003701,4905,53,0
5003701,4909,54,0
5003701,4913,55,0
5003701,4915,56,0
5003701,4917,57,0
5003701,4921,58,0
5003701,4773,59,0
5003701,4777,60,0
5003701,4781,61,0
5003701,4785,62,0
5003701,4789,63,0
5003701,4793,64,0
5003701,4797,65,0
5003701,4201,66,0
5003701,4205,67,0
5003701,4209,68,0
5003701,4213,69,0
5003701,4217,70,0
5003701,4221,71,0
5003701,4225,72,0
5003701,4229,73,0
5003701,4233,74,0
5003701,4237,75,0
5003701,4710,76,0
5003701,4706,77,0
5003701,4702,78,0
5003701,5718,79,0
5003701,5714,80,0
5003701,5710,81,0
5003701,5706,82,0
5003701,5702,83,1
5003801,20575,1,0
5003801,20585,2,0
5003801,20595,3,0
5003801,20620,4,0
5003801,20610,5,0
5003801,20600,6,0
5003801,20590,7,0
5003801,20580,8,0
5003801,20560,9,0
5003801,20550,10,0
5003801,20540,11,0
5003801,20530,12,0
5003801,20522,13,0
5003801,20520,14,0
5003801,5048,15,0
5003801,5044,16,0
5003801,20482,17,0
5003801,20470,18,0
5003801,20460,19,0
5003801,20450,20,0
5003801,20440,21,0
5003801,20420,22,0
5003801,5701,23,0
5003801,5705,24,0
5003801,5709,25,0
5003801,5713,26,0
5003801,5717,27,0
5003801,4701,28,0
5003801,4705,29,0
5003801,4342,30,0
5003801,4338,31,0
5003801,4334,32,0
5003801,4330,33,0
5003801,4326,34,0
5003801,4322,35,0
5003801,4318,36,0
5003801,4314,37,0
5003801,4310,38,0
5003801,4306,39,0
5003801,4302,40,0
5003801,4898,41,0
5003801,4894,42,0
5003801,4890,43,0
5003801,4886,44,0
5003801,4882,45,0
5003801,4878,46,0
5003801,4874,47,0
5003801,4872,48,0
5003801,4901,49,0
5003801,4905,50,0
5003801,4909,51,0
5003801,4913,52,0
5003801,4915,53,0
5003801,4917,54,0
5003801,4921,55,0
5003801,4870,56,0
5003801,4866,57,0
5003801,4862,58,0
5003801,4858,59,0
5003801,160215,60,0
5003801,160205,61,0
5003801,160195,62,0
5003801,160185,63,0
5003801,160175,64,0
5003801,970018,65,0
5003801,4846,66,0
5003801,4842,67,0
5003801,4838,68,0
5003801,4834,69,0
5003801,4830,70,0
5003801,4826,71,0
5003801,4822,72,0
5003801,4818,73,0
5003801,4814,74,0
5003801,4710,75,0
5003801,4706,76,0
5003801,4702,77,0
5003801,5718,78,0
5003801,5714,79,0
5003801,5710,80,0
5003801,5706,81,0
5003801,5702,82,1
5004300,240345,1,0
5004300,7013,2,0
5004300,7017,3,0
5004300,7019,4,0
5004300,7021,5,0
5004300,7025,6,0
5004300,7029,7,0
5004300,5051,8,0
5004300,990101,9,1
5004300,990103,10,1
5004300,990105,11,1
5004300,990108,12,1
5004300,990109,13,1
5004300,990113,14,1
5004301,990114,1,0
5004301,990110,2,0
5004301,990111,3,0
5004301,990106,4,0
5004301,990104,5,0
5004301,990102,6,0
5004301,5048,7,0
5004301,5051,8,0
5004301,7026,9,0
5004301,7022,10,0
5004301,7020,11,0
5004301,7018,12,0
5004301,7014,13,0
5004301,990123,14,1
905211700,8999,1,0
905211700,4999,2,1
905211701,4999,1,0
905211701,8999,2,1
905231700,3001,1,0
905231700,3003,2,1
905231700,3005,3,1
905231700,3007,4,1
905231700,3009,5,1
905231700,1001,6,1
905231700,1005,7,1
905231700,1007,8,1
905231700,1009,9,1
905231700,1013,10,1
905231700,1015,11,1
905231700,1017,12,1
905231700,1021,13,1
905231700,1023,14,1
905231700,1025,15,1
905231700,1027,16,1
905231700,1029,17,1
905231700,3011,18,1
905231700,3013,19,1
905231700,3999,20,1
905231700,3131,21,1
905231700,3021,22,1
905231700,20225,23,1
905231700,20235,24,1
905231700,20245,25,1
905231700,20255,26,1
905231700,20275,27,1
905231700,20285,28,1
905231700,20295,29,1
905231700,20305,30,1
905231700,20315,31,1
905231700,20325,32,1
905231700,20335,33,1
905231700,20345,34,1
905231700,20355,35,1
905231700,20365,36,1
905231700,20375,37,1
905231700,20385,38,1
905231700,20395,39,1
905231700,5013,40,1
905231700,20415,41,1
905231700,20425,42,1
905231700,20435,43,1
905231700,5905,44,1
905231700,5909,45,1
905231700,5913,46,1
905231700,5917,47,1
905231700,5921,48,1
905231700,5925,49,1
905231700,5929,50,1
905231700,5933,51,1
905231700,5937,52,1
905231700,5941,53,1
905231700,5945,54,1
905231700,5949,55,1
905231700,5047,56,1
905231700,5051,57,1
905231700,7026,58,1
905231700,7022,59,1
905231700,7020,60,1
905231700,7018,61,1
905231700,7014,62,1
905231700,7010,63,1
905231700,7006,64,1
905231700,7002,65,1
905231700,30305,66,1
905231700,30295,67,1
905231700,30285,68,1
905231700,30275,69,1
905231700,30265,70,1
905231700,30255,71,1
905231700,30245,72,1
905231700,30237,73,1
905231700,30235,74,1
905231700,30227,75,1
905231700,30225,76,1
905231700,30215,77,1
905231700,30207,78,1
905231700,30205,79,1
905231700,30195,80,1
905231700,30187,81,1
905231700,30185,82,1
905231700,30175,83,1
905231700,30165,84,1
905231700,30163,85,1
905231700,30155,86,1
905231700,30145,87,1
905231700,30143,88,1
905231700,30135,89,1
905231700,30125,90,1
905231700,30115,91,1
905231700,30105,92,1
905231700,8022,93,1
905231700,30095,94,1
905231700,30085,95,1
905231700,30075,96,1
905231700,30065,97,1
905231700,30055,98,1
905231700,30045,99,1
905231700,30035,100,1
905231700,10010,101,1
905231701,9998,1,0
905231701,5999,2,1
905231701,5013,3,1
905231701,20415,4,1
905231701,20425,5,1
905231701,20435,6,1
905231701,20445,7,1
905231701,20455,8,1
905231701,20465,9,1
905231701,20485,10,1
905231701,5047,11,1
905231701,5051,12,1
905231701,7026,13,1
905231701,7022,14,1
905231701,7020,15,1
905231701,7018,16,1
905231701,7014,17,1
905231701,7010,18,1
905231701,7006,19,1
905231701,7002,20,1
905251700,5999,1,0
905251700,4999,2,1
905251701,4999,1,0
905251701,5999,2,1
905271700,3999,1,0
905271700,3817,2,0
905271700,3001,3,1
905271701,3001,1,0
905271701,3659,2,0
905271701,3999,3,1
905291700,9999,1,0
905291700,4999,2,1
905291701,4999,1,0
905291701,9999,2,1
905311700,3635,1,0
905311700,4999,2,1
905311701,4999,1,0
905311701,3635,2,1
1200000100,10010,1,0
1200000100,30040,2,0
1200000100,30050,3,0
1200000100,30060,4,0
1200000100,30070,5,0
1200000100,30080,6,0
1200000100,30090,7,0
1200000100,30100,8,0
1200000100,8021,9,0
1200000100,30110,10,0
1200000100,30120,11,0
1200000100,30130,12,0
1200000100,30140,13,0
1200000100,30142,14,0
1200000100,30150,15,0
1200000100,30160,16,0
1200000100,30162,17,0
1200000100,30170,18,0
1200000100,30180,19,0
1200000100,30190,20,0
1200000100,30192,21,0
1200000100,30200,22,0
1200000100,30210,23,0
1200000100,30212,24,0
1200000100,30220,25,0
1200000100,30230,26,0
1200000100,30232,27,0
1200000100,30240,28,0
1200000100,30242,29,0
1200000100,30250,30,0
1200000100,30260,31,0
1200000100,30270,32,0
1200000100,30280,33,0
1200000100,30290,34,0
1200000100,30300,35,0
1200000100,30310,36,0
1200000100,7001,37,0
1200000100,7005,38,0
1200000100,7009,39,0
1200000100,7013,40,0
1200000100,7017,41,0
1200000100,7019,42,0
1200000100,7021,43,0
1200000100,7025,44,0
1200000100,7029,45,0
1200000100,5048,46,0
1200000100,5044,47,0
1200000100,20482,48,0
1200000100,20470,49,0
1200000100,20460,50,0
1200000100,20450,51,0
1200000100,20440,52,0
1200000100,20420,53,0
1200000100,20410,54,0
1200000100,20400,55,0
1200000100,20390,56,0
1200000100,20380,57,0
1200000100,20370,58,0
1200000100,20360,59,0
1200000100,20350,60,0
1200000100,20340,61,0
1200000100,20330,62,0
1200000100,20320,63,0
1200000100,20310,64,0
1200000100,20300,65,0
1200000100,20290,66,0
1200000100,20270,67,0
1200000100,20260,68,0
1200000100,20250,69,0
1200000100,20240,70,0
1200000100,3064,71,0
1200000100,3062,72,0
1200000100,3060,73,0
1200000100,3058,74,0
1200000100,3066,75,0
1200000100,3056,76,0
1200000100,3052,77,0
1200000100,3018,78,0
1200000100,3016,79,0
1200000100,3014,80,0
1200000100,3012,81,0
1200000100,3010,82,0
1200000100,1030,83,0
1200000100,1028,84,0
1200000100,1026,85,0
1200000100,1064,86,0
1200000100,1062,87,0
1200000100,1060,88,0
1200000100,1058,89,0
1200000100,1054,90,0
1200000100,1052,91,0
1200000100,1076,92,0
1200000100,1072,93,0
1200000100,1068,94,0
1200000100,1066,95,1
1200000101,1065,1,0
1200000101,1067,2,0
1200000101,1071,3,0
1200000101,1075,4,0
1200000101,1079,5,0
1200000101,1053,6,0
1200000101,1055,7,0
1200000101,1057,8,0
1200000101,1059,9,0
1200000101,1061,10,0
1200000101,1063,11,0
1200000101,1025,12,0
1200000101,1027,13,0
1200000101,1029,14,0
1200000101,3011,15,0
1200000101,3013,16,0
1200000101,3015,17,0
1200000101,3017,18,0
1200000101,3019,19,0
1200000101,3053,20,0
1200000101,3055,21,0
1200000101,3057,22,0
1200000101,3067,23,0
1200000101,3059,24,0
1200000101,3061,25,0
1200000101,3063,26,0
1200000101,3065,27,0
1200000101,20225,28,0
1200000101,20235,29,0
1200000101,20245,30,0
1200000101,20255,31,0
1200000101,20275,32,0
1200000101,20285,33,0
1200000101,20295,34,0
1200000101,20305,35,0
1200000101,20315,36,0
1200000101,20325,37,0
1200000101,20335,38,0
1200000101,20345,39,0
1200000101,20355,40,0
1200000101,20365,41,0
1200000101,20375,42,0
1200000101,20385,43,0
1200000101,20395,44,0
1200000101,5013,45,0
1200000101,20415,46,0
1200000101,20425,47,0
1200000101,20435,48,0
1200000101,20445,49,0
1200000101,20455,50,0
1200000101,20465,51,0
1200000101,20485,52,0
1200000101,5047,53,0
1200000101,5051,54,0
1200000101,7026,55,0
1200000101,7022,56,0
1200000101,7020,57,0
1200000101,7018,58,0
1200000101,7014,59,0
1200000101,7010,60,0
1200000101,7006,61,0
1200000101,7002,62,0
1200000101,30305,63,0
1200000101,30295,64,0
1200000101,30285,65,0
1200000101,30275,66,0
1200000101,30265,67,0
1200000101,30255,68,0
1200000101,30245,69,0
1200000101,30237,70,0
1200000101,30235,71,0
1200000101,30227,72,0
1200000101,30225,73,0
1200000101,30215,74,0
1200000101,30207,75,0
1200000101,30205,76,0
1200000101,30195,77,0
1200000101,30187,78,0
1200000101,30185,79,0
1200000101,30175,80,0
1200000101,30165,81,0
1200000101,30163,82,0
1200000101,30155,83,0
1200000101,30145,84,0
1200000101,30143,85,0
1200000101,30135,86,0
1200000101,30125,87,0
1200000101,30115,88,0
1200000101,30105,89,0
1200000101,8022,90,0
1200000101,30095,91,0
1200000101,30085,92,0
1200000101,30075,93,0
1200000101,30065,94,0
1200000101,30055,95,0
1200000101,30045,96,0
1200000101,30035,97,0
1200000101,10010,98,1
1200000200,3001,1,0
1200000200,3003,2,0
1200000200,3005,3,0
1200000200,3007,4,0
1200000200,3009,5,0
1200000200,1001,6,0
1200000200,1005,7,0
1200000200,1007,8,0
1200000200,1009,9,0
1200000200,1013,10,0
1200000200,1015,11,0
1200000200,1017,12,0
1200000200,1021,13,0
1200000200,1023,14,0
1200000200,1025,15,0
1200000200,1027,16,0
1200000200,1029,17,0
1200000200,3011,18,0
1200000200,3013,19,0
1200000200,3015,20,0
1200000200,3017,21,0
1200000200,3019,22,0
1200000200,3021,23,0
1200000200,20225,24,0
1200000200,20235,25,0
1200000200,20245,26,0
1200000200,20255,27,0
1200000200,20275,28,0
1200000200,20285,29,0
1200000200,20295,30,0
1200000200,20305,31,0
1200000200,20315,32,0
1200000200,20325,33,0
1200000200,20335,34,0
1200000200,20345,35,0
1200000200,20355,36,0
1200000200,20365,37,0
1200000200,20375,38,0
1200000200,20385,39,0
1200000200,20395,40,0
1200000200,5013,41,0
1200000200,20415,42,0
1200000200,20425,43,0
1200000200,20435,44,0
1200000200,20445,45,0
1200000200,20455,46,0
1200000200,20465,47,0
1200000200,20485,48,0
1200000200,5047,49,0
1200000200,5051,50,0
1200000200,20515,51,1
1200000200,20525,52,1
1200000200,20535,53,1
1200000200,20545,54,1
1200000200,20555,55,1
1200000200,20565,56,1
1200000200,20575,57,1
1200000201,20575,1,0
1200000201,20585,2,0
1200000201,20595,3,0
1200000201,20620,4,0
1200000201,20610,5,0
1200000201,20600,6,0
1200000201,20590,7,0
1200000201,20580,8,0
1200000201,20560,9,0
1200000201,20550,10,0
1200000201,20540,11,0
1200000201,20530,12,0
1200000201,20522,13,0
1200000201,20520,14,0
1200000201,5048,15,0
1200000201,5044,16,0
1200000201,20482,17,0
1200000201,20470,18,0
1200000201,20460,19,0
1200000201,20450,20,0
1200000201,20440,21,0
1200000201,20420,22,0
1200000201,20410,23,0
1200000201,20400,24,0
1200000201,20390,25,0
1200000201,20380,26,0
1200000201,20370,27,0
1200000201,20360,28,0
1200000201,20350,29,0
1200000201,20340,30,0
1200000201,20330,31,0
1200000201,20320,32,0
1200000201,20310,33,0
1200000201,20300,34,0
1200000201,20290,35,0
1200000201,20270,36,0
1200000201,20260,37,0
1200000201,20250,38,0
1200000201,20240,39,0
1200000201,3020,40,0
1200000201,3018,41,0
1200000201,3016,42,0
1200000201,3014,43,0
1200000201,3012,44,0
1200000201,3010,45,0
1200000201,1030,46,0
1200000201,1028,47,0
1200000201,1026,48,0
1200000201,1024,49,0
1200000201,1022,50,0
1200000201,1020,51,0
1200000201,1016,52,0
1200000201,1014,53,0
1200000201,1012,54,0
1200000201,1010,55,0
1200000201,1008,56,0
1200000201,1006,57,0
1200000201,1002,58,0
1200000201,3008,59,0
1200000201,3006,60,0
1200000201,3004,61,0
1200000201,3002,62,0
1200000201,3001,63,1
1200000300,30020,1,0
1200000300,8006,2,0
1200000300,8002,3,0
1200000300,30040,4,0
1200000300,30050,5,0
1200000300,30060,6,0
1200000300,30070,7,0
1200000300,30080,8,0
1200000300,30090,9,0
1200000300,30100,10,0
1200000300,8021,11,0
1200000300,30110,12,0
1200000300,30120,13,0
1200000300,30130,14,0
1200000300,30140,15,0
1200000300,30142,16,0
1200000300,30150,17,0
1200000300,30160,18,0
1200000300,30162,19,0
1200000300,30170,20,0
1200000300,30180,21,0
1200000300,30190,22,0
1200000300,30192,23,0
1200000300,30200,24,0
1200000300,30210,25,0
1200000300,30212,26,0
1200000300,30220,27,0
1200000300,30230,28,0
1200000300,30232,29,0
1200000300,30240,30,0
1200000300,30242,31,0
1200000300,30250,32,0
1200000300,30260,33,0
1200000300,30270,34,0
1200000300,30280,35,0
1200000300,30290,36,0
1200000300,30300,37,0
1200000300,30310,38,0
1200000300,7001,39,0
1200000300,7005,40,0
1200000300,7009,41,0
1200000300,7013,42,0
1200000300,7017,43,0
1200000300,7019,44,0
1200000300,7021,45,0
1200000300,7025,46,0
1200000300,7029,47,0
1200000300,5048,48,0
1200000300,5047,49,0
1200000300,5051,50,0
1200000300,20515,51,1
1200000300,20525,52,1
1200000300,20535,53,1
1200000300,20545,54,1
1200000300,20555,55,1
1200000300,20565,56,1
1200000300,20575,57,1
1200000301,20575,1,0
1200000301,20585,2,0
1200000301,20595,3,0
1200000301,20620,4,0
1200000301,20610,5,0
1200000301,20600,6,0
1200000301,20590,7,0
1200000301,20580,8,0
1200000301,20560,9,0
1200000301,20550,10,0
1200000301,20540,11,0
1200000301,20530,12,0
1200000301,20522,13,0
1200000301,20520,14,0
1200000301,5048,15,0
1200000301,5047,16,0
1200000301,5051,17,0
1200000301,7026,18,0
1200000301,7022,19,0
1200000301,7020,20,0
1200000301,7018,21,0
1200000301,7014,22,0
1200000301,7010,23,0
1200000301,7006,24,0
1200000301,7002,25,0
1200000301,30305,26,0
1200000301,30295,27,0
1200000301,30285,28,0
1200000301,30275,29,0
1200000301,30265,30,0
1200000301,30255,31,0
1200000301,30245,32,0
1200000301,30237,33,0
1200000301,30235,34,0
1200000301,30227,35,0
1200000301,30225,36,0
1200000301,30215,37,0
1200000301,30207,38,0
1200000301,30205,39,0
1200000301,30195,40,0
1200000301,30187,41,0
1200000301,30185,42,0
1200000301,30175,43,0
1200000301,30165,44,0
1200000301,30163,45,0
1200000301,30155,46,0
1200000301,30145,47,0
1200000301,30143,48,0
1200000301,30135,49,0
1200000301,30125,50,0
1200000301,30115,51,0
1200000301,30105,52,0
1200000301,8022,53,0
1200000301,30095,54,0
1200000301,30085,55,0
1200000301,30075,56,0
1200000301,30065,57,0
1200000301,30055,58,0
1200000301,30045,59,0
1200000301,30035,60,0
1200000301,8006,61,0
1200000301,8002,62,0
1200000301,30020,63,1
2000000100,3929,1,0
2000000100,3933,2,0
2000000100,510043,3,0
2000000100,510035,4,0
2000000100,510025,5,0
2000000100,510005,6,0
2000000100,3947,7,0
2000000100,510010,8,0
2000000100,510020,9,0
2000000100,510030,10,0
2000000100,510040,11,0
2000000100,510050,12,0
2000000100,510060,13,0
2000000100,510070,14,0
2000000100,510080,15,0
2000000100,510090,16,0
2000000100,510100,17,0
2000000100,510110,18,0
2000000100,510120,19,0
2000000100,510130,20,0
2000000100,510140,21,0
2000000100,510045,22,0
2000000100,3934,23,0
2000000101,510050,1,0
2000000101,510060,2,0
2000000101,510070,3,0
2000000101,510080,4,0
2000000101,510090,5,0
2000000101,510100,6,0
2000000101,510110,7,0
2000000101,510120,8,0
2000000101,510130,9,0
2000000101,510140,10,0
2000000101,510045,11,0
2000000101,510043,12,0
2000000101,510035,13,0
2000000101,510025,14,0
2000000101,510005,15,0
2000000101,3947,16,0
2000000101,510010,17,0
2000000101,510020,18,0
2000000101,510030,19,0
2000000101,510040,20,0
2000000101,3934,21,0
2000000101,3929,22,1
2000000200,20390,1,0
2000000200,520008,2,0
2000000200,520010,3,0
2000000200,520020,4,0
2000000200,520030,5,0
2000000200,520040,6,0
2000000200,520050,7,0
2000000200,520060,8,0
2000000200,520070,9,0
2000000200,520080,10,0
2000000200,520090,11,0
2000000200,520100,12,0
2000000200,520110,13,0
2000000200,520120,14,0
2000000200,520130,15,0
2000000200,520140,16,0
2000000200,520150,17,0
2000000200,520160,18,0
2000000200,520170,19,0
2000000200,520180,20,0
2000000200,520190,21,0
2000000200,520200,22,0
2000000200,520210,23,0
2000000200,520220,24,0
2000000200,520230,25,0
2000000200,520240,26,0
2000000200,520250,27,0
2000000200,520260,28,0
2000000200,520270,29,0
2000000200,520280,30,0
2000000200,520290,31,0
2000000200,520305,32,1
2000000201,520305,1,0
2000000201,520295,2,0
2000000201,520285,3,0
2000000201,520275,4,0
2000000201,520265,5,0
2000000201,520255,6,0
2000000201,520245,7,0
2000000201,520235,8,0
2000000201,520225,9,0
2000000201,520215,10,0
2000000201,520205,11,0
2000000201,520195,12,0
2000000201,520185,13,0
2000000201,520175,14,0
2000000201,520165,15,0
2000000201,520155,16,0
2000000201,520145,17,0
2000000201,520135,18,0
2000000201,520125,19,0
2000000201,520115,20,0
2000000201,520105,21,0
2000000201,520095,22,0
2000000201,520085,23,0
2000000201,520075,24,0
2000000201,520065,25,0
2000000201,520055,26,0
2000000201,520045,27,0
2000000201,520035,28,0
2000000201,520025,29,0
2000000201,520015,30,0
2000000201,520005,31,0
2000000201,20375,32,1
2000001500,2501,1,0
2000001500,2503,2,0
2000001500,2507,3,0
2000001500,2511,4,0
2000001500,2515,5,0
2000001500,2519,6,0
2000001500,2523,7,0
2000001500,2527,8,0
2000001500,2531,9,0
2000001500,2535,10,0
2000001500,2539,11,0
2000001500,2543,12,0
2000001500,2547,13,0
2000001500,2551,14,0
2000001500,2555,15,0
2000001500,2559,16,0
2000001500,2563,17,0
2000001500,2567,18,0
2000001500,2571,19,0
2000001500,2575,20,0
2000001500,2579,21,0
2000001500,2583,22,0
2000001500,2587,23,0
2000001500,2591,24,0
2000001500,2595,25,0
2000001500,2753,26,0
2000001500,2757,27,0
2000001500,2761,28,0
2000001500,3499,29,0
2000001500,3501,30,0
2000001500,3505,31,0
2000001500,3509,32,0
2000001500,3635,33,0
2000001500,3057,34,0
2000001500,3067,35,0
2000001500,3059,36,0
2000001500,3061,37,0
2000001500,3063,38,0
2000001500,3065,39,0
2000001500,3020,40,1
2000001501,3021,1,0
2000001501,3064,2,0
2000001501,3062,3,0
2000001501,3060,4,0
2000001501,3058,5,0
2000001501,3066,6,0
2000001501,3056,7,0
2000001501,3133,8,0
2000001501,3135,9,0
2000001501,3137,10,0
2000001501,3506,11,0
2000001501,3502,12,0
2000001501,3500,13,0
2000001501,2762,14,0
2000001501,2758,15,0
2000001501,2754,16,0
2000001501,2596,17,0
2000001501,2592,18,0
2000001501,2588,19,0
2000001501,2584,20,0
2000001501,2580,21,0
2000001501,2576,22,0
2000001501,2572,23,0
2000001501,2564,24,0
2000001501,2560,25,0
2000001501,2556,26,0
2000001501,2552,27,0
2000001501,2548,28,0
2000001501,2544,29,0
2000001501,2540,30,0
2000001501,2536,31,0
2000001501,2532,32,0
2000001501,2528,33,0
2000001501,2524,34,0
2000001501,2520,35,0
2000001501,2516,36,0
2000001501,2512,37,0
2000001501,2508,38,0
2000001501,2501,39,0
2000001501,2503,40,1
2000002200,990148,1,0
2000002200,30145,2,0
2000002200,30143,3,0
2000002200,30135,4,0
2000002200,30125,5,0
2000002200,30115,6,0
2000002200,30105,7,0
2000002200,8022,8,0
2000002200,30095,9,0
2000002200,30085,10,0
2000002200,30075,11,0
2000002200,30065,12,0
2000002200,30055,13,0
2000002200,30045,14,0
2000002200,30035,15,0
2000002200,990094,16,0
2000002200,220245,17,0
2000002200,220233,18,0
2000002200,220227,19,0
2000002200,220162,20,0
2000002200,220145,21,0
2000002200,220068,22,0
2000002200,220065,23,0
2000002200,220055,24,0
2000002200,220045,25,0
2000002200,220035,26,0
2000002200,220025,27,0
2000002200,220015,28,0
2000002200,220005,29,0
2000002200,220010,30,0
2000002200,220020,31,0
2000002200,220030,32,0
2000002200,220040,33,0
2000002200,220050,34,0
2000002200,220060,35,0
2000002200,220147,36,0
2000002200,220090,37,0
2000002200,220100,38,0
2000002200,220110,39,0
2000002200,220120,40,0
2000002200,220130,41,0
2000002200,220140,42,0
2000002200,220150,43,0
2000002200,220160,44,0
2000002200,220170,45,0
2000002200,220172,46,0
2000002200,220180,47,0
2000002200,220236,48,0
2000002200,220240,49,0
2000002200,220260,50,0
2000002200,525010,51,0
2000002200,525020,52,0
2000002200,525040,53,0
2000002200,525060,54,0
2000002200,525080,55,0
2000002200,525090,56,0
2000002200,525100,57,0
2000002200,525110,58,0
2000002200,525120,59,0
2000002200,525130,60,0
2000002200,525150,61,0
2000002200,7257,62,0
2000002200,7001,63,0
2000002200,7005,64,0
2000002200,7009,65,0
2000002200,990123,66,0
2000002200,7010,67,0
2000002200,7006,68,0
2000002200,7002,69,0
2000002200,990149,70,0
2000002200,220395,71,0
2000002200,220385,72,0
2000002200,220375,73,0
2000002200,220365,74,0
2000002200,220355,75,0
2000002200,220345,76,0
2000002200,220335,77,0
2000002200,220325,78,0
2000002200,220315,79,0
2000002200,220305,80,0
2000002200,220295,81,0
2000002200,220285,82,0
2000002200,220275,83,0
2000002200,220265,84,0
2000002200,220255,85,0
2000002201,990123,1,0
2000002201,7010,2,0
2000002201,7006,3,0
2000002201,7002,4,0
2000002201,7258,5,0
2000002201,525145,6,0
2000002201,525125,7,0
2000002201,525115,8,0
2000002201,525105,9,0
2000002201,525095,10,0
2000002201,525085,11,0
2000002201,525075,12,0
2000002201,525055,13,0
2000002201,525035,14,0
2000002201,525015,15,0
2000002201,525005,16,0
2000002201,220245,17,0
2000002201,220235,18,0
2000002201,220225,19,0
2000002201,220223,20,0
2000002201,220173,21,0
2000002201,220165,22,0
2000002201,220155,23,0
2000002201,220145,24,0
2000002201,220135,25,0
2000002201,220125,26,0
2000002201,220115,27,0
2000002201,220105,28,0
2000002201,220095,29,0
2000002201,220085,30,0
2000002201,220068,31,0
2000002201,220065,32,0
2000002201,220055,33,0
2000002201,220045,34,0
2000002201,220035,35,0
2000002201,220025,36,0
2000002201,220015,37,0
2000002201,220005,38,0
2000002201,220010,39,0
2000002201,220020,40,0
2000002201,220030,41,0
2000002201,220040,42,0
2000002201,220050,43,0
2000002201,220060,44,0
2000002201,220147,45,0
2000002201,220150,46,0
2000002201,220160,47,0
2000002201,220182,48,0
2000002201,220238,49,0
2000002201,220260,50,0
2000002201,220270,51,0
2000002201,220280,52,0
2000002201,220290,53,0
2000002201,220300,54,0
2000002201,220310,55,0
2000002201,220320,56,0
2000002201,220330,57,0
2000002201,220340,58,0
2000002201,220350,59,0
2000002201,220360,60,0
2000002201,220370,61,0
2000002201,220380,62,0
2000002201,220390,63,0
2000002201,220400,64,0
2000002201,220410,65,0
2000002201,990150,66,0
2000002201,7001,67,0
2000002201,7005,68,0
2000002201,7009,69,0
2000003101,5501,1,0
2000003101,5505,2,0
2000003101,6501,3,0
2000003101,6505,4,0
2000003101,6509,5,0
2000003101,6730,6,0
2000003101,190395,7,0
2000003101,190385,8,0
2000003101,190375,9,0
2000003101,190367,10,0
2000003101,190361,11,0
2000003101,190359,12,0
2000003101,190357,13,0
2000003101,190355,14,0
2000003101,6198,15,0
2000003101,190335,16,0
2000003101,190325,17,0
2000003101,190323,18,0
2000003101,190315,19,0
2000003101,190305,20,0
2000003101,190295,21,0
2000003101,190188,22,0
2000003101,190095,23,0
2000003101,190085,24,0
2000003101,190075,25,0
2000003101,190065,26,0
2000003101,6101,27,0
2000003101,6103,28,0
2000003101,6105,29,0
2000003101,6107,30,0
2000003101,6109,31,0
2000003101,6111,32,0
2000003101,6113,33,0
2000003101,6115,34,0
2000003101,6117,35,0
2000003101,190230,36,0
2000003101,190240,37,0
2000003101,190250,38,0
2000003101,190252,39,0
2000003101,190254,40,0
2000003101,190290,41,0
2000003101,190292,42,0
2000003101,190310,43,0
2000003101,190320,44,0
2000003101,190330,45,0
2000003101,190340,46,0
2000003101,190117,47,0
2000003101,190115,48,0
2000003101,190105,49,0
2000003101,190103,50,0
2000003101,190370,51,0
2000003101,190380,52,0
2000003101,190382,53,0
2000003101,190430,54,0
2000003101,190440,55,0
2000003101,190450,56,0
2000003101,190460,57,0
2000003101,190470,58,0
2000003101,190480,59,0
2000003101,190482,60,0
2000003101,190486,61,0
2000003101,190492,62,0
2000003101,190550,63,0
2000003101,190560,64,0
2000003101,190580,65,0
2000003101,6610,66,0
2000003101,6606,67,0
2000003101,6602,68,0
2000003101,5510,69,0
2000003101,5506,70,0
2000003101,5502,71,0
2000006500,650010,1,0
2000006500,650020,2,0
2000006500,650030,3,0
2000006500,650040,4,0
2000006500,650050,5,0
2000006500,650060,6,0
2000006500,650070,7,0
2000006500,650080,8,0
2000006500,650090,9,0
2000006500,650100,10,0
2000006500,650110,11,0
2000006500,650120,12,0
2000006500,650130,13,0
2000006500,650140,14,0
2000006500,650150,15,0
2000006500,650160,16,0
2000006500,650170,17,0
2000006500,650180,18,0
2000006500,650215,19,1
2000006501,650335,1,0
2000006501,650165,2,0
2000006501,650155,3,0
2000006501,650145,4,0
2000006501,650135,5,0
2000006501,650125,6,0
2000006501,650115,7,0
2000006501,650105,8,0
2000006501,650095,9,0
2000006501,650085,10,0
2000006501,650075,11,0
2000006501,650065,12,0
2000006501,650055,13,0
2000006501,650045,14,0
2000006501,650035,15,0
2000006501,650025,16,0
2000006501,650015,17,0
2000006501,650005,18,1
2000006600,650190,1,0
2000006600,650200,2,0
2000006600,650210,3,0
2000006600,650220,4,0
2000006600,650230,5,0
2000006600,650325,6,0
2000006600,650315,7,0
2000006600,650430,8,0
2000006600,650285,9,0
2000006600,650275,10,0
2000006600,650265,11,0
2000006600,650255,12,0
2000006600,650247,13,0
2000006600,650245,14,0
2000006600,650243,15,0
2000006600,650241,16,0
2000006600,650239,17,0
2000006600,650237,18,0
2000006600,650235,19,0
2000006600,650225,20,0
2000006600,650215,21,0
2000006600,650470,22,0
2000006600,650480,23,0
2000006600,650490,24,0
2000006600,650500,25,0
2000006600,650510,26,0
2000006600,650520,27,0
2000006600,650530,28,0
2000006600,650540,29,0
2000006600,650550,30,0
2000006600,650560,31,0
2000006600,650570,32,0
2000006600,650580,33,0
2000006600,650590,34,0
2000006600,650600,35,0
2000006600,650610,36,0
2000006600,650620,37,0
2000006600,650630,38,0
2000006600,650640,39,0
2000006600,650650,40,0
2000006600,650660,41,0
2000006600,190010,42,0
2000006600,190020,43,0
2000006600,190030,44,0
2000006600,190040,45,0
2000006600,190050,46,0
2000006600,190060,47,0
2000006600,190070,48,0
2000006600,190080,49,0
2000006600,190090,50,0
2000006600,190100,51,0
2000006600,190110,52,0
2000006600,190120,53,0
2000006600,6101,54,1
2000006601,6102,1,0
2000006601,190045,2,0
2000006601,190035,3,0
2000006601,190025,4,0
2000006601,190015,5,0
2000006601,190010,6,0
2000006601,190020,7,0
2000006601,190030,8,0
2000006601,190040,9,0
2000006601,190050,10,0
2000006601,190060,11,0
2000006601,190070,12,0
2000006601,190080,13,0
2000006601,650535,14,0
2000006601,650525,15,0
2000006601,650515,16,0
2000006601,650505,17,0
2000006601,650495,18,0
2000006601,650485,19,0
2000006601,650475,20,0
2000006601,650465,21,0
2000006601,650455,22,0
2000006601,650445,23,0
2000006601,650435,24,0
2000006601,650425,25,0
2000006601,650415,26,0
2000006601,650405,27,0
2000006601,650395,28,0
2000006601,650385,29,0
2000006601,650375,30,0
2000006601,650365,31,0
2000006601,650355,32,0
2000006601,650345,33,0
2000006601,650335,34,0
2000006601,650240,35,0
2000006601,650250,36,0
2000006601,650252,37,0
2000006601,650254,38,0
2000006601,650256,39,0
2000006601,650258,40,0
2000006601,650260,41,0
2000006601,650262,42,0
2000006601,650270,43,0
2000006601,650280,44,0
2000006601,650290,45,0
2000006601,650300,46,0
2000006601,650320,47,0
2000006601,650440,48,0
2000006601,650450,49,0
2000006601,650460,50,0
2000006601,650205,51,0
2000006601,650195,52,0
2000006601,650185,53,0
2000006601,650175,54,1
