1301,'1',632,,5816,10,,,2,77,,5818,10,,,2,93,,5817,10,,,2,806,,5819,10,,,2,16,,5820,10,,,2,80,,5822,10,,,2,30,,5821,10,,,2
1301,'71',647,,4409,10,,,2,82,,4410,10,,,2,73,,4408,10,,,2,806,,4413,10,,,2,16,,4411,10,,,2,80,,4414,10,,,2,30,,4412,10,,,2
11501,'83',1613,,4853,3,,,2
12501,'83',1607,,4857,3,,,2
12601,'83',1616,,4859,3,,,2
12701,'83',1607,,4861,3,,,2
13601,'83',1613,,4868,3,,,2
13801,'83',1609,,4871,3,,,2
15601,'83',1609,,4876,3,,,2
22501,'83',1616,,4928,3,,,2
23501,'83',1611,,4936,3,,,2
24501,'83',1613,,4942,3,,,2
24601,'83',1612,,4944,3,,,2
32501,'83',1608,,4948,3,,,2
34501,'83',1609,,4950,3,,,2
35501,'83',1613,,4956,3,,,2
37501,'83',1617,,4958,3,,,2
38501,'83',1616,,4968,3,,,2
1001101,'1',553,,6326,2,,,1,71,,6323,2,,,1,29,,6327,2,,,1,72,,6324,2,,,1,24,,6320,2,,,1,82,,6325,2,,,1,26,,6321,2,0,12 13,1,58,,6328,2,,,1,30,,6329,2,,,1,75,,6333,2,,,1,30,,6330,2,,,1,75,,6334,2,,,1,30,,6331,2,,,1,73,,6335,2,,,1,30,,6332,2,,,1,77,,6336,2,,,1,70,,6338,2,,,1,48,,6337,2,,,1,70,,6339,2,,,1,84,,6341,2,,,1,26,,6340,2,,,1,23,,6344,2,,,1,67,,6342,2,,,1,35,,6345,2,,,1,69,,6343,2,,,1,31,,6346,2,,,1,100,,6347,2,,,1,100,,6348,2,,,1,100,,6349,2,,,1,100,,6350,2,0,12 13,1
1001101,'2',755,,6352,2,,,1,101,,6353,2,,,1,101,,6354,2,,,1,100,,6355,2,,,1,98,,6359,2,,,1,100,,6360,2,,,1,101,,6358,2,,,1,100,,6356,2,,,1,100,,6357,2,,,1,100,,6361,2,,,1,101,,6362,2,,,1,100,,6363,2,,,1,100,,6364,2,,,1,100,,6365,2,,,1,100,,6366,2,,,1,100,,6367,2,0,12 13,1
1001101,'3',957,,6369,2,,,1,100,,6372,2,,,1,98,,6373,2,,,1,100,,6370,2,,,1,101,,6371,2,,,1,100,,6374,2,,,1,100,,6375,2,,,1,100,,6376,2,,,1,101,,6377,2,,,1
1001101,'71',553,,4973,2,,,1,71,,4970,2,,,1,29,,4974,2,,,1,72,,4971,2,,,1,24,,4976,2,,,1,82,,4972,2,,,1,26,,4977,2,0,12 13,1,58,,4978,2,,,1,30,,4975,2,,,1,75,,4979,2,,,1,30,,4982,2,,,1,75,,4980,2,,,1,30,,4983,2,,,1,73,,4981,2,,,1,30,,4984,2,,,1,77,,4986,2,,,1,70,,4985,2,,,1,48,,4987,2,,,1,70,,4989,2,,,1,84,,4988,2,,,1,26,,4990,2,,,1,23,,4993,2,,,1,67,,4991,2,,,1,35,,4994,2,,,1,69,,4992,2,,,1,31,,4995,2,,,1,100,,4996,2,,,1,100,,4997,2,,,1,100,,4998,2,,,1,100,,4999,2,0,12 13,1
1001101,'72',755,,5000,2,,,1,101,,5001,2,,,1,101,,5002,2,,,1,100,,5004,2,,,1,98,,5005,2,,,1,100,,5006,2,,,1,101,,5007,2,,,1,100,,5008,2,,,1,100,,5009,2,,,1,100,,5010,2,,,1,101,,5011,2,,,1,100,,5012,2,,,1,100,,5013,2,,,1,100,,5014,2,,,1,100,,5015,2,,,1,100,,5016,2,0,12 13,1
1001101,'73',957,,5018,2,,,1,100,,5019,2,,,1,98,,5020,2,,,1,100,,5021,2,,,1,101,,5022,2,,,1,100,,5023,2,,,1,100,,5024,2,,,1,100,,5025,2,,,1,101,,5026,2,,,1
