3400,'1',612,,6032,17,,,2,114,,6033,19,,,2,79,,6031,17,,,2,752,,6037,17,,,2,144,,6034,19,,,2,28,,6035,19,,,2,92,,6036,19,,,2
3400,'13',839,,6038,19,0,24 1 15,2
3400,'71',612,,4634,17,,,2,114,,4635,19,,,2,77,,4636,17,,,2,36,,4633,19,0,24 1 15,2,677,,4637,8,,,2,41,,4638,17,,,2,91,,4639,19,,,2,82,,4640,19,,,2,89,,4641,19,,,2
34501,'83',1637,,4950,36,,,2
5003400,'1',635,,6388,17,,,2,22,,6387,17,,,2
5003400,'71',635,,5039,17,,,2,21,,5038,17,,,2
2000003400,'2',720,,7742,17,,,2,85,,7743,19,,,2,46,,7744,19,,,2,85,,7745,19,,,2,87,,7746,19,,,2,86,,7747,19,,,2,45,,7748,19,,,2,88,,7749,19,,,2,171,,7750,19,,,2,43,,7751,19,,,2,87,,7752,19,,,2,83,,7753,19,,,2,90,,7754,19,,,2,42,,7755,19,,,2,81,,7756,19,,,2
2000003400,'3',805,,7757,17,,,2,46,,7758,19,,,2,85,,7759,19,,,2,87,,7760,19,,,2,86,,7761,19,,,2,45,,7762,19,,,2,88,,7763,19,,,2,171,,7764,19,,,2,43,,7765,19,,,2,87,,7766,19,,,2,83,,7767,19,,,2,90,,7768,19,,,2,42,,7769,19,,,2,81,,7770,19,,,2
2000003400,'72',720,,5682,17,,,2,85,,5683,19,,,2,45,,5684,19,,,2,85,,5685,19,,,2,85,,5686,19,,,2,86,,5687,19,,,2,45,,5688,19,,,2,85,,5689,19,,,2,174,,5690,19,,,2,41,,5691,19,,,2,92,,5692,19,,,2,78,,5693,19,,,2,93,,5694,19,,,2,38,,5695,19,,,2,87,,5696,19,,,2
2000003400,'73',805,,5697,17,,,2,45,,5698,19,,,2,85,,5699,19,,,2,85,,5700,19,,,2,86,,5701,19,,,2,45,,5702,19,,,2,85,,5703,19,,,2,174,,5704,19,,,2,41,,5705,19,,,2,92,,5706,19,,,2,78,,5707,19,,,2,93,,5708,19,,,2,38,,5709,19,,,2,87,,5710,19,,,2
