1301,'1',638,,5816,17,,,2,77,,5818,17,,,2,94,,5817,17,,,2,808,,5819,17,,,2,15,,5820,17,,,2,79,,5822,17,,,2,30,,5821,17,,,2
1301,'71',651,,4409,17,,,2,83,,4410,17,,,2,73,,4408,17,,,2,808,,4413,17,,,2,15,,4411,17,,,2,79,,4414,17,,,2,30,,4412,17,,,2
1301,'88',1631,,4415,3,,,2
1500,'1',613,,5823,40,,,2,29,,5825,40,,,2,69,,5827,40,,,2,31,,5826,43,,,2,70,,5829,43,,,2
1500,'71',613,,4416,41,,,2,29,,4417,41,,,2,69,,4421,41,,,2,33,,4420,40,,,2,68,,4418,40,,,2,728,,4428,40,,,2,60,,4429,9,,,2,37,,4426,40,,,2,76,,4431,41,,,2,27,,4430,40,,,2
1600,'1',1534,,5851,24,,,2,66,,5854,9,,,2,35,,5850,27,,,2,78,,5852,27,,,2,25,,5855,27,,,2
20000,'71',921,,4882,22,,,2,28,,4879,22,,,2,66,,4881,22,,,2,29,,4880,22,,,2,689,,4883,10,,,2,273,,4884,10,,,2,134,,4886,10,,,2,218,,4885,10,,,2
20000,'72',2353,,4887,10,,,2
21000,'71',1122,,4899,26,,,2,36,,4900,26,,,2,246,,4902,26,,,2,39,,4901,26,,,2,277,,4903,26,,,2,18,,4907,26,,,2,68,,4905,26,,,2,27,,4904,26,,,2,81,,4906,26,,,2,132,,4908,26,,,2
35000,'71',914,,4951,9,,,2
38000,'71',1712,,4961,23,,,2,42,,4960,23,,,2,79,,4959,23,,,2
1200000100,'1',659,,7141,78,,,1,73,,7142,78,,,1,22,,7143,78,,,1,68,,7146,78,0,16 1 17,1,29,,7144,78,,,1
1200000100,'71',656,,5061,78,,,1,72,,5062,78,,,1,23,,5063,78,,,1,68,,5066,78,0,16 1 17,1,29,,5064,78,,,1
1200000201,'1',631,,7262,27,,,1,80,,7265,39,,,1,15,,7264,39,,,1,21,,7269,39,,,1,61,,7271,39,,,1,19,,7273,39,,,1,20,,7276,39,,,1,55,,7277,39,,,1,16,,7263,39,,,1,13,,7280,39,,,1,14,,7268,39,,,1,11,,7266,39,,,1,52,,7275,39,,,1,12,,7281,39,,,1,14,,7278,39,,,1,17,,7282,39,,,1,70,,7284,39,,,1,29,,7286,39,,,1,70,,7267,39,,,1,33,,7287,39,,,1,69,,7283,39,,,1,30,,7285,39,,,1,71,,7289,39,,,1,31,,7290,39,,,1,70,,7288,39,,,1,80,,7292,39,,,1,27,,7294,39,,,1,17,,7297,39,,,1,57,,7295,39,,,1,17,,7296,39,,,1,12,,7293,39,,,1,10,,7298,39,,,1,12,,7299,39,,,1,54,,7301,39,,,1,13,,7291,39,,,1,9,,7304,39,,,1,13,,7305,39,,,1,13,,7308,39,,,1,52,,7309,39,,,1,13,,7303,39,,,1,24,,7302,39,,,1,66,,7300,39,,,1,19,,7310,39,,,1,68,,7311,39,,,1,32,,7306,39,,,1,75,,7313,39,,,1,28,,7315,39,,,1,71,,7312,39,,,1,27,,7307,39,,,1,71,,7314,39,,,1,46,,7316,39,,,1
1200000201,'14',1707,,7317,33,,,1
1200000201,'2',702,,7321,27,,,1,39,,7318,39,,,1,70,,7326,39,,,1,31,,7324,39,,,1,72,,7322,39,,,1,31,,7328,39,,,1,71,,7319,39,,,1,31,,7327,39,,,1,72,,7325,39,,,1,32,,7330,39,,,1,70,,7329,39,,,1,31,,7320,39,,,1,72,,7332,39,,,1,31,,7334,39,,,1,70,,7331,39,,,1,30,,7336,39,,,1,71,,7337,39,,,1,30,,7333,39,,,1,69,,7335,39,,,1,31,,7339,39,,,1,72,,7341,39,,,1,28,,7338,39,,,1,66,,7343,39,,,1,28,,7344,39,,,1,65,,7340,39,,,1,25,,7342,39,,,1,67,,7348,39,,,1,29,,7347,39,,,1,71,,7345,39,,,1,27,,7349,39,,,1,68,,7351,39,,,1,29,,7350,39,,,1,70,,7353,39,,,1,30,,7346,39,,,1,28,,7352,39,,,1,89,,7354,39,,,1
1200000201,'27',2247,,7355,32,,,1,70,,7358,32,,,1,29,,7356,32,,,1,83,,7359,32,,,1,28,,7361,32,,,1,70,,7357,32,,,1,30,,7360,32,,,1
1200000201,'28',2245,,7362,32,,,1,70,,7365,32,,,1,30,,7363,32,,,1,82,,7366,32,,,1,28,,7368,32,,,1,70,,7364,32,,,1,30,,7367,32,,,1
1200000201,'29',2245,,7369,32,,,1,70,,7372,32,,,1,30,,7370,32,,,1,82,,7373,32,,,1,28,,7375,32,,,1,70,,7371,32,,,1,30,,7374,32,,,1
1200000201,'3',842,,7377,39,,,1,72,,7379,39,,,1,31,,7381,39,,,1,70,,7383,39,,,1,32,,7384,39,,,1,72,,7388,39,,,1,32,,7386,39,,,1,70,,7390,39,,,1,31,,7387,39,,,1,72,,7385,39,,,1,31,,7389,39,,,1,70,,7392,39,,,1,30,,7391,39,,,1,71,,7393,39,,,1,30,,7395,39,,,1,69,,7397,39,,,1,31,,7400,39,,,1,72,,7402,39,,,1,28,,7394,39,,,1,66,,7396,39,,,1,28,,7398,39,,,1,65,,7401,39,,,1,25,,7403,39,,,1,67,,7405,39,,,1,29,,7404,39,,,1,71,,7399,39,,,1,27,,7406,39,,,1
1200000201,'71',631,,5201,27,,,1,75,,5205,39,,,1,16,,5204,39,,,1,21,,5208,39,,,1,10,,5214,39,,,1,54,,5203,39,,,1,13,,5213,39,,,1,19,,5207,39,,,1,17,,5218,39,,,1,55,,5202,39,,,1,14,,5221,39,,,1,14,,5206,39,,,1,12,,5223,39,,,1,52,,5216,39,,,1,12,,5224,39,,,1,15,,5209,39,,,1,12,,5225,39,,,1,17,,5217,39,,,1,58,,5219,39,,,1,14,,5226,39,,,1,15,,5222,39,,,1,55,,5228,39,,,1,15,,5229,39,,,1,15,,5230,39,,,1,18,,5232,39,,,1,55,,5233,39,,,1,15,,5235,39,,,1,14,,5236,39,,,1,15,,5237,39,,,1,56,,5227,39,,,1,15,,5239,39,,,1,15,,5240,39,,,1,16,,5241,39,,,1,54,,5231,39,,,1,16,,5238,39,,,1,19,,5234,39,,,1,67,,5242,39,,,1,20,,5243,39,,,1,17,,5244,39,,,1,15,,5245,39,,,1,46,,5253,27,,,1,14,,5246,39,,,1,9,,5247,39,,,1,11,,5249,39,,,1,11,,5251,39,,,1,55,,5254,39,,,1,13,,5255,39,,,1,9,,5256,39,,,1,13,,5259,39,,,1,17,,5260,39,,,1,49,,5257,39,,,1,12,,5258,39,,,1,13,,5250,39,,,1,12,,5248,39,,,1,14,,5261,39,,,1,54,,5252,39,,,1,20,,5262,39,,,1,29,,5263,39,,,1,72,,5265,39,,,1,75,,5267,39,,,1,28,,5269,39,,,1,71,,5264,39,,,1,27,,5266,39,,,1,71,,5268,39,,,1,46,,5270,39,,,1
1200000201,'72',725,,5272,39,,,1,31,,5271,39,,,1,70,,5273,39,,,1,32,,5279,39,,,1,71,,5284,39,,,1,72,,5277,39,,,1,31,,5276,39,,,1,69,,5282,39,,,1,30,,5283,39,,,1,71,,5285,39,,,1,30,,5274,39,,,1,71,,5280,39,,,1,30,,5278,39,,,1,70,,5286,39,,,1,32,,5287,39,,,1,69,,5289,39,,,1,33,,5288,39,,,1,69,,5291,39,,,1,29,,5292,39,,,1,73,,5293,39,,,1,31,,5294,39,,,1,67,,5295,39,,,1,28,,5290,39,,,1,69,,5297,39,,,1,25,,5296,39,,,1,79,,5300,39,,,1,29,,5302,39,,,1,71,,5298,39,,,1,27,,5304,39,,,1,68,,5305,39,,,1,29,,5301,39,,,1,70,,5303,39,,,1,29,,5299,39,,,1,29,,5306,39,,,1,89,,5307,39,,,1
1200000201,'73',826,,5308,39,,,1,32,,5311,39,,,1,71,,5315,39,,,1,72,,5318,39,,,1,31,,5310,39,,,1,69,,5314,39,,,1,30,,5317,39,,,1,71,,5320,39,,,1,30,,5321,39,,,1,71,,5312,39,,,1,30,,5322,39,,,1,70,,5324,39,,,1,32,,5323,39,,,1,69,,5326,39,,,1,33,,5325,39,,,1,69,,5328,39,,,1,29,,5329,39,,,1,73,,5330,39,,,1,31,,5331,39,,,1,67,,5333,39,,,1,28,,5327,39,,,1,69,,5336,39,,,1,25,,5334,39,,,1,79,,5338,39,,,1,29,,5332,39,,,1,71,,5337,39,,,1,27,,5335,39,,,1
1200000201,'81',715,,5339,27,,,1,16,,5340,27,,,1,820,,5341,39,,,1
1200000201,'89',1634,,5345,39,,,1,14,,5346,39,,,1
1200000401,'1',1728,,7635,39,,,1,21,,7633,39,,,1
1200000401,'71',1721,,5572,39,,,1,25,,5571,39,,,1,62,,5575,39,,,1
