3400,'1',605,,6032,2,,,2,113,,6033,4,,,2,39,,6031,2,,,2,792,,6037,2,,,2,104,,6034,4,,,2,68,,6035,4,,,2,92,,6036,4,,,2
3400,'13',831,,6038,4,0,24 1 15,2
3400,'71',605,,4634,2,,,2,113,,4635,4,,,2,37,,4636,2,,,2,76,,4633,4,0,24 1 15,2,718,,4638,2,,,2,91,,4639,4,,,2,82,,4640,4,,,2,89,,4641,4,,,2
13101,'85',1516,,4865,10,,,2
34500,'12',818,,6305,23,,,2
34500,'82',818,,4949,23,,,2
5003400,'1',627,,6388,2,,,2,22,,6387,2,,,2
5003400,'71',627,,5039,2,,,2,21,,5038,2,,,2
2000003400,'2',714,,7742,2,,,2,45,,7743,4,,,2,86,,7744,4,,,2,85,,7745,4,,,2,87,,7746,4,,,2,86,,7747,4,,,2,45,,7748,4,,,2,88,,7749,4,,,2,171,,7750,4,,,2,43,,7751,4,,,2,87,,7752,4,,,2,83,,7753,4,,,2,90,,7754,4,,,2,42,,7755,4,,,2,81,,7756,4,,,2
2000003400,'3',759,,7757,2,,,2,86,,7758,4,,,2,85,,7759,4,,,2,87,,7760,4,,,2,86,,7761,4,,,2,45,,7762,4,,,2,88,,7763,4,,,2,171,,7764,4,,,2,43,,7765,4,,,2,87,,7766,4,,,2,83,,7767,4,,,2,90,,7768,4,,,2,42,,7769,4,,,2,81,,7770,4,,,2
2000003400,'72',714,,5682,2,,,2,45,,5683,4,,,2,85,,5684,4,,,2,85,,5685,4,,,2,85,,5686,4,,,2,86,,5687,4,,,2,45,,5688,4,,,2,85,,5689,4,,,2,174,,5690,4,,,2,41,,5691,4,,,2,92,,5692,4,,,2,78,,5693,4,,,2,93,,5694,4,,,2,38,,5695,4,,,2,87,,5696,4,,,2
2000003400,'73',759,,5697,2,,,2,85,,5698,4,,,2,85,,5699,4,,,2,85,,5700,4,,,2,86,,5701,4,,,2,45,,5702,4,,,2,85,,5703,4,,,2,174,,5704,4,,,2,41,,5705,4,,,2,92,,5706,4,,,2,78,,5707,4,,,2,93,,5708,4,,,2,38,,5709,4,,,2,87,,5710,4,,,2
