20000,'1',841,,6243,5,0,38,2,70,,6242,5,0,38,2
20000,'71',841,,4882,5,,,2,70,,4879,5,,,2,27,,4881,5,,,2,69,,4880,5,,,2
5002300,'1',704,,6378,64,4,,2,34,,6379,64,4,,2,69,,6380,64,4,,2
5002300,'71',704,,5028,64,4,,2,34,,5027,64,4,,2,69,,5029,64,4,,2
5002301,'1',1612,,6382,5,,,2,28,,6381,5,,,2
5002301,'71',1531,,5032,5,,,2,81,,5031,5,,,2,28,,5030,5,,,2
5002400,'1',738,,6384,40,4,,2,67,,6383,40,4,,2
5002400,'71',738,,5034,40,4,,2,67,,5033,40,4,,2
5002401,'1',1613,,6385,5,,,2,29,,6386,5,,,2
5002401,'71',1532,,5037,5,,,2,81,,5035,5,,,2,29,,5036,5,,,2
5003400,'1',710,,6388,42,4,,2,24,,6387,42,4,,2
5003400,'71',710,,5039,42,4,,2,23,,5038,42,4,,2
5003401,'1',1609,,6389,5,,,2
5003401,'71',1609,,5040,5,,,2
5003600,'1',733,,6390,30,4,,2
5003600,'71',733,,5042,41,4,,2
5003601,'1',1608,,6393,5,,,2,25,,6392,5,,,2
5003601,'71',1529,,5045,5,,,2,79,,5043,5,,,2,25,,5044,5,,,2
5003700,'1',734,,6395,70,4,,2,77,,6394,70,4,,2
5003700,'71',733,,5047,70,4,,2,76,,5048,70,4,,2
5003701,'1',1637,,6396,5,,,2
5003701,'71',1529,,5050,5,,,2,108,,5049,5,,,2
5003701,'81',1802,,5051,5,,,2
5003801,'1',1609,,6398,5,,,2,97,,6397,5,,,2
5003801,'71',1609,,5053,5,,,2,97,,5052,5,,,2
1200000201,'1',622,,7265,5,,,1,15,,7264,5,,,1,19,,7269,5,,,1,62,,7271,5,,,1,19,,7273,5,,,1,19,,7276,5,,,1,56,,7277,5,,,1,16,,7263,5,,,1,14,,7280,5,,,1,15,,7268,5,,,1,51,,7266,5,,,1,12,,7275,5,,,1,13,,7281,5,,,1,14,,7278,5,,,1,57,,7282,5,,,1,30,,7284,5,,,1,69,,7286,5,,,1,30,,7267,5,,,1,70,,7287,5,,,1,30,,7283,5,,,1,70,,7285,5,,,1,31,,7289,5,,,1,70,,7290,5,,,1,29,,7288,5,,,1,71,,7292,5,,,1,21,,7294,5,,,1,16,,7297,5,,,1,15,,7295,5,,,1,57,,7296,5,,,1,12,,7293,5,,,1,14,,7298,5,,,1,15,,7299,5,,,1,57,,7301,5,,,1,16,,7291,5,,,1,11,,7304,5,,,1,15,,7305,5,,,1,55,,7308,5,,,1,13,,7309,5,,,1,14,,7303,5,,,1,67,,7302,5,,,1,26,,7300,5,,,1,19,,7310,5,,,1,70,,7311,5,,,1,32,,7306,5,,,1,76,,7313,5,,,1,30,,7315,5,,,1,71,,7312,5,,,1,28,,7307,5,,,1,71,,7314,5,,,1,86,,7316,5,,,1
1200000201,'2',659,,7318,5,,,1,70,,7326,5,,,1,30,,7324,5,,,1,71,,7322,5,,,1,71,,7328,5,,,1,30,,7319,5,,,1,70,,7327,5,,,1,31,,7325,5,,,1,71,,7330,5,,,1,30,,7329,5,,,1,71,,7320,5,,,1,32,,7332,5,,,1,70,,7334,5,,,1,30,,7331,5,,,1,70,,7336,5,,,1,31,,7337,5,,,1,70,,7333,5,,,1,29,,7335,5,,,1,70,,7339,5,,,1,32,,7341,5,,,1,70,,7338,5,,,1,30,,7343,5,,,1,69,,7344,5,,,1,27,,7340,5,,,1,25,,7342,5,,,1,68,,7348,5,,,1,29,,7347,5,,,1,71,,7345,5,,,1,27,,7349,5,,,1,68,,7351,5,,,1,31,,7350,5,,,1,70,,7353,5,,,1,30,,7346,5,,,1,69,,7352,5,,,1,89,,7354,5,,,1
1200000201,'3',759,,7377,5,,,1,71,,7379,5,,,1,71,,7381,5,,,1,30,,7383,5,,,1,70,,7384,5,,,1,31,,7388,5,,,1,71,,7386,5,,,1,30,,7390,5,,,1,71,,7387,5,,,1,32,,7385,5,,,1,70,,7389,5,,,1,30,,7392,5,,,1,70,,7391,5,,,1,31,,7393,5,,,1,70,,7395,5,,,1,29,,7397,5,,,1,70,,7400,5,,,1,32,,7402,5,,,1,70,,7394,5,,,1,30,,7396,5,,,1,69,,7398,5,,,1,27,,7401,5,,,1,25,,7403,5,,,1,68,,7405,5,,,1,29,,7404,5,,,1,71,,7399,5,,,1,27,,7406,5,,,1
1200000201,'71',621,,5205,5,,,1,15,,5204,5,,,1,19,,5208,5,,,1,50,,5214,5,,,1,3,,5211,5,4,,1,11,,5203,5,,,1,14,,5213,5,,,1,18,,5207,5,,,1,58,,5218,5,,,1,15,,5202,5,,,1,14,,5221,5,,,1,15,,5206,5,,,1,52,,5223,5,,,1,12,,5216,5,,,1,13,,5224,5,,,1,15,,5209,5,,,1,12,,5225,5,,,1,57,,5217,5,,,1,18,,5219,5,,,1,14,,5226,5,,,1,55,,5222,5,,,1,15,,5228,5,,,1,15,,5229,5,,,1,15,,5230,5,,,1,55,,5232,5,,,1,15,,5233,5,,,1,15,,5235,5,,,1,15,,5236,5,,,1,55,,5237,5,,,1,16,,5227,5,,,1,15,,5239,5,,,1,15,,5240,5,,,1,55,,5241,5,,,1,14,,5231,5,,,1,15,,5238,5,,,1,15,,5234,5,,,1,62,,5242,5,,,1,15,,5243,5,,,1,15,,5244,5,,,1,15,,5245,5,,,1,59,,5246,5,,,1,9,,5247,5,,,1,14,,5249,5,,,1,15,,5251,5,,,1,57,,5254,5,,,1,16,,5255,5,,,1,11,,5256,5,,,1,15,,5259,5,,,1,59,,5260,5,,,1,10,,5257,5,,,1,13,,5258,5,,,1,14,,5250,5,,,1,14,,5248,5,,,1,54,,5261,5,,,1,14,,5252,5,,,1,20,,5262,5,,,1,70,,5263,5,,,1,32,,5265,5,,,1,76,,5267,5,,,1,30,,5269,5,,,1,71,,5264,5,,,1,28,,5266,5,,,1,71,,5268,5,,,1,86,,5270,5,,,1
1200000201,'72',645,,5272,5,,,1,71,,5271,5,,,1,30,,5273,5,,,1,71,,5279,5,,,1,30,,5284,5,,,1,72,,5277,5,,,1,31,,5276,5,,,1,68,,5282,5,,,1,30,,5283,5,,,1,71,,5285,5,,,1,29,,5274,5,,,1,71,,5280,5,,,1,30,,5278,5,,,1,69,,5286,5,,,1,32,,5287,5,,,1,69,,5289,5,,,1,33,,5288,5,,,1,69,,5291,5,,,1,29,,5292,5,,,1,72,,5293,5,,,1,31,,5294,5,,,1,68,,5295,5,,,1,29,,5290,5,,,1,70,,5297,5,,,1,28,,5296,5,,,1,79,,5300,5,,,1,29,,5302,5,,,1,71,,5298,5,,,1,27,,5304,5,,,1,68,,5305,5,,,1,31,,5301,5,,,1,70,,5303,5,,,1,29,,5299,5,,,1,69,,5306,5,,,1,90,,5307,5,,,1
1200000201,'73',746,,5308,5,,,1,71,,5311,5,,,1,30,,5315,5,,,1,72,,5318,5,,,1,31,,5310,5,,,1,68,,5314,5,,,1,30,,5317,5,,,1,71,,5320,5,,,1,29,,5321,5,,,1,71,,5312,5,,,1,30,,5322,5,,,1,69,,5324,5,,,1,32,,5323,5,,,1,69,,5326,5,,,1,33,,5325,5,,,1,69,,5328,5,,,1,29,,5329,5,,,1,72,,5330,5,,,1,31,,5331,5,,,1,68,,5333,5,,,1,29,,5327,5,,,1,70,,5336,5,,,1,28,,5334,5,,,1,79,,5338,5,,,1,29,,5332,5,,,1,71,,5337,5,,,1,27,,5335,5,,,1
1200000201,'81',1456,,5341,5,,,1
1200000201,'89',717,,5342,5,4,,1,25,,5344,5,4,,1,87,,5343,5,4,,1,701,,5345,5,,,1,14,,5346,5,,,1
1200000301,'1',649,,7506,5,,,1,59,,7510,5,,,1,13,,7512,5,4,,1,20,,7516,5,,,1,3,,7509,5,4,,1,56,,7518,5,4,,1,9,,7511,5,,,1,12,,7514,5,4,,1,14,,7519,5,,,1,66,,7507,5,,,1,30,,7517,5,,,1,27,,7515,5,,,1,73,,7520,5,,,1,73,,7521,5,,,1,30,,7523,5,,,1,70,,7525,5,,,1,32,,7527,5,,,1,70,,7522,5,,,1,30,,7524,5,,,1,68,,7526,5,,,1,30,,7528,5,,,1,69,,7529,5,,,1,19,,7532,5,,,1,18,,7530,5,,,1,15,,7535,5,,,1,59,,7534,5,,,1,13,,7539,5,,,1,16,,7537,5,,,1,57,,7538,5,,,1,18,,7541,5,,,1,17,,7533,5,,,1,15,,7536,5,,,1,56,,7531,5,,,1,33,,7540,5,,,1,63,,7544,5,,,1,24,,7542,5,,,1,31,,7543,5,,,1,70,,7545,5,,,1,30,,7546,5,,,1,74,,7549,5,,,1
1200000301,'2',728,,7553,5,,,1,30,,7556,5,,,1,71,,7559,5,,,1,71,,7562,5,,,1,30,,7554,5,,,1,71,,7557,5,,,1,30,,7560,5,,,1,71,,7563,5,,,1,31,,7555,5,,,1,71,,7558,5,,,1,31,,7561,5,,,1,70,,7564,5,,,1,31,,7565,5,,,1,70,,7568,5,,,1,30,,7574,5,,,1,70,,7571,5,,,1,30,,7566,5,,,1,70,,7569,5,,,1,31,,7575,5,,,1,68,,7572,5,,,1,30,,7567,5,,,1,69,,7570,5,,,1,28,,7576,5,,,1,27,,7573,5,,,1
1200000301,'3',758,,7604,5,,,1,71,,7606,5,,,1,71,,7612,5,,,1,30,,7609,5,,,1,71,,7605,5,,,1,30,,7607,5,,,1,71,,7613,5,,,1,31,,7610,5,,,1,71,,7614,5,,,1,31,,7608,5,,,1,70,,7616,5,,,1,31,,7611,5,,,1,70,,7615,5,,,1,30,,7618,5,,,1,70,,7617,5,,,1,30,,7621,5,,,1,70,,7623,5,,,1,31,,7619,5,,,1,68,,7627,5,,,1,30,,7622,5,,,1,69,,7624,5,,,1,28,,7620,5,,,1,27,,7628,5,,,1
1200000301,'71',649,,5454,5,,,1,59,,5458,5,,,1,13,,5459,5,4,,1,13,,5462,5,4,,1,9,,5466,5,,,1,1,,5457,5,4,,1,10,,5464,5,4,,1,50,,5468,5,4,,1,5,,5463,5,,,1,4,,5461,5,4,,1,23,,5469,5,,,1,67,,5455,5,,,1,30,,5465,5,,,1,67,,5467,5,,,1,36,,5470,5,,,1,20,,5471,5,,,1,60,,5473,5,,,1,20,,5475,5,,,1,20,,5476,5,,,1,60,,5478,5,,,1,22,,5480,5,,,1,20,,5472,5,,,1,60,,5474,5,,,1,20,,5481,5,,,1,18,,5477,5,,,1,60,,5479,5,,,1,19,,5483,5,,,1,20,,5484,5,,,1,55,,5485,5,,,1,12,,5486,5,,,1,18,,5482,5,,,1,15,,5494,5,,,1,59,,5490,5,,,1,13,,5493,5,,,1,16,,5488,5,,,1,57,,5487,5,,,1,18,,5497,5,,,1,19,,5496,5,,,1,13,,5495,5,,,1,58,,5492,5,,,1,13,,5489,5,,,1,18,,5491,5,,,1,20,,5498,5,,,1,67,,5499,5,,,1,31,,5501,5,,,1,70,,5500,5,,,1,30,,5502,5,,,1,74,,5505,5,,,1
1200000301,'72',728,,5511,5,,,1,30,,5510,5,,,1,71,,5514,5,,,1,30,,5515,5,,,1,70,,5516,5,,,1,30,,5509,5,,,1,70,,5513,5,,,1,30,,5512,5,,,1,70,,5517,5,,,1,30,,5518,5,,,1,71,,5520,5,,,1,29,,5519,5,,,1,71,,5522,5,,,1,70,,5523,5,,,1,31,,5524,5,,,1,70,,5525,5,,,1,29,,5526,5,,,1,70,,5521,5,,,1,32,,5528,5,,,1,70,,5527,5,,,1,30,,5530,5,,,1,69,,5529,5,,,1,30,,5531,5,,,1,24,,5535,5,,,1
1200000301,'73',758,,5539,5,,,1,71,,5541,5,,,1,30,,5542,5,,,1,70,,5543,5,,,1,30,,5544,5,,,1,70,,5540,5,,,1,30,,5545,5,,,1,70,,5547,5,,,1,30,,5546,5,,,1,71,,5549,5,,,1,29,,5548,5,,,1,71,,5551,5,,,1,70,,5552,5,,,1,31,,5553,5,,,1,70,,5554,5,,,1,29,,5555,5,,,1,70,,5550,5,,,1,32,,5557,5,,,1,70,,5556,5,,,1,30,,5559,5,,,1,69,,5558,5,,,1,30,,5560,5,,,1,24,,5563,5,,,1
1200000401,'1',740,,7631,5,4,,1,19,,7632,5,4,,1,860,,7635,5,,,1,27,,7633,5,,,1
1200000401,'71',754,,5569,5,4,,1,56,,5570,5,4,,1,15,,5568,5,4,,1,790,,5572,5,,,1,31,,5571,5,,,1,67,,5575,5,,,1
