2301,'1',636,,471,34,,,2,70,,475,34,,,2,110,,476,34,,,2,39,,453,34,,,2,71,,457,34,,,2,29,,454,34,,,2,74,,458,34,,,2,30,,455,34,,,2,70,,459,34,,,2,76,,456,48,,,2,30,,460,48,,,2,70,,462,48,,,2,31,,461,48,,,2,70,,463,48,,,2,30,,472,48,,,2,76,,477,48,,,2,91,,473,48,,,2,99,,474,52,,,2,101,,466,48,,,2,26,,465,48,,,2,93,,467,48,,,2,89,,468,48,,,2,92,,469,48,,,2,114,,470,48,,,2
2301,'2',636,,496,34,,,2,70,,497,34,,,2,110,,502,34,,,2,39,,478,34,,,2,71,,482,34,,,2,29,,479,34,,,2,74,,483,34,,,2,30,,480,34,,,2,70,,484,34,,,2,76,,481,48,,,2,30,,485,48,,,2,70,,487,48,,,2,31,,486,48,,,2,70,,488,48,,,2,30,,498,48,,,2,76,,493,48,,,2,91,,499,48,,,2,24,,495,48,,,2,75,,500,48,,,2,101,,494,48,,,2,26,,501,48,,,2,93,,489,48,,,2,89,,490,48,,,2,92,,491,48,,,2,114,,492,48,,,2
2301,'6',728,,503,34,,,2,100,,504,34,,,2,101,,505,34,,,2,101,,506,34,,,2,100,,507,34,,,2,106,,508,48,,,2,103,,509,48,,,2,101,,510,48,,,2,101,,511,48,,,2,100,,512,48,,,2,100,,513,48,,,2,95,,514,48,,,2
2301,'8',828,,515,34,,,2,101,,516,34,,,2,101,,517,34,,,2,100,,518,34,,,2,106,,519,48,,,2,103,,520,48,,,2,101,,521,48,,,2,101,,522,48,,,2,100,,523,48,,,2,100,,524,48,,,2,95,,525,48,,,2
23100,'14',704,,1136,12,,,2
23101,'15',1544,,1137,58,,,2
23500,'12',755,,1140,22,,,2
23501,'13',1709,,1141,45,,,2
5002301,'1',1636,,1319,60,,,2,80,,1317,60,,,2,22,,1316,60,,,2,109,,1318,60,,,2
5002301,'2',1702,,1322,60,,,2,29,,1320,60,,,2,115,,1321,60,,,2
