3101,'71',616,,4611,41,0,8 1 14,2,30,,4613,41,0,8 1 14,2,79,,4610,67,0,8 1 14,2,24,,4612,67,0,8 1 14,2,95,,4614,67,0,8 1 14,2,56,,4618,41,0,8 1 14,2,54,,4619,67,0,8 1 14,2,85,,4615,67,0,8 1 14,2,87,,4616,67,0,8 1 14,2,96,,4617,67,0,8 1 14,2,87,,4620,67,0,8 1 14,2,45,,4621,67,0,8 1 14,2,86,,4622,67,0,8 1 14,2,88,,4623,67,0,8 1 14,2,86,,4624,67,0,8 1 14,2,42,,4627,67,0,8 1 14,2,56,,4625,67,0,8 1 14,2,35,,4628,67,0,8 1 14,2,65,,4631,67,0,8 1 14,2,26,,4629,67,0,8 1 14,2,76,,4626,67,0,8 1 14,2,28,,4630,67,0,8 1 14,2
3600,'1',627,,6120,30,,,2
3600,'13',901,,6121,30,,,2
3600,'71',626,,4702,30,,,2,179,,4703,30,,,2,50,,4705,30,,,2,166,,4706,30,,,2,100,,4707,30,,,2,100,,4708,30,,,2,102,,4704,30,,,2,99,,4709,30,,,2,100,,4710,30,,,2,300,,4711,30,,,2,98,,4714,30,,,2,92,,4715,30,,,2,96,,4716,30,,,2,104,,4712,30,,,2,98,,4713,30,,,2
3600,'72',739,,4717,30,,,2,101,,4718,30,,,2,100,,4719,30,,,2,100,,4720,30,,,2,101,,4721,30,,,2,107,,4722,30,,,2,101,,4723,30,,,2,101,,4724,30,,,2,101,,4725,30,,,2,98,,4726,30,,,2,93,,4727,30,,,2,93,,4728,30,,,2,97,,4729,30,,,2,113,,4730,30,,,2,96,,4731,30,,,2,99,,4732,30,,,2,92,,4733,30,,,2
3600,'73',840,,4734,30,,,2,100,,4735,30,,,2,100,,4736,30,,,2,101,,4737,30,,,2,107,,4738,30,,,2,101,,4739,30,,,2,101,,4740,30,,,2,101,,4741,30,,,2,98,,4742,30,,,2,93,,4743,30,,,2,93,,4744,30,,,2,97,,4745,30,,,2
3900,'71',655,,4838,25,0,14,2,69,,4840,25,0,14,2,79,,4839,25,0,14,2,52,,4837,25,0,14,2
31900,'13',844,,6301,42,4,,2,15,,6302,42,4,,2
35000,'13',858,,6306,1,0,38,2
35000,'71',858,,4951,1,,,2
39900,'13',856,,6318,12,4,,2
5003600,'71',701,,5042,30,,,2,24,,5041,30,4,,2
5003601,'71',1623,,5045,42,,,2,84,,5043,42,,,2,24,,5044,42,,,2
1200000201,'14',1628,,7317,3,,,1
2000003101,'72',725,,5659,41,0,8 1 14,2,101,,5660,67,0,8 1 14,2,101,,5661,67,0,8 1 14,2,100,,5662,67,0,8 1 14,2,100,,5663,67,0,8 1 14,2,100,,5664,67,0,8 1 14,2,100,,5665,67,0,8 1 14,2,199,,5666,67,0,8 1 14,2,102,,5667,67,0,8 1 14,2,102,,5668,67,0,8 1 14,2,98,,5669,67,0,8 1 14,2
2000003101,'73',826,,5671,41,0,8 1 14,2,100,,5672,67,0,8 1 14,2,101,,5673,67,0,8 1 14,2,100,,5674,67,0,8 1 14,2,100,,5675,67,0,8 1 14,2,100,,5676,67,0,8 1 14,2,199,,5677,67,0,8 1 14,2,102,,5678,67,0,8 1 14,2,102,,5679,67,0,8 1 14,2,98,,5680,67,0,8 1 14,2
