3101,'1',607,,6012,37,0,8 1 32,2,30,,6014,37,0,8 1 32,2,67,,6013,69,0,8 1 32,2,32,,6011,69,0,8 1 32,2,104,,6015,69,0,8 1 32,2,105,,6016,69,0,8 1 32,2,99,,6017,69,0,8 1 32,2,100,,6018,69,0,8 1 32,2,106,,6019,69,0,8 1 32,2,102,,6020,69,0,8 1 32,2,101,,6021,69,0,8 1 32,2,100,,6022,69,0,8 1 32,2,97,,6023,69,0,8 1 32,2,71,,6026,69,0,8 1 32,2,31,,6027,69,0,8 1 32,2,71,,6024,69,0,8 1 32,2,33,,6028,69,0,8 1 32,2,64,,6025,69,0,8 1 32,2,36,,6029,69,0,8 1 32,2
3800,'1',809,,6171,38,,,2,103,,6172,38,,,2,99,,6173,38,,,2,102,,6174,38,,,2,115,,6175,38,,,2,102,,6176,38,,,2,102,,6177,38,,,2,106,,6178,38,,,2,119,,6179,38,,,2,72,,6180,38,,,2,174,,6181,38,,,2,56,,6182,38,,,2,96,,6183,38,,,2,100,,6184,38,,,2,98,,6185,38,,,2
3800,'2',737,,6186,38,,,2,101,,6187,38,,,2,103,,6188,38,,,2,101,,6189,38,,,2,102,,6190,38,,,2,156,,6191,38,,,2,102,,6192,38,,,2,101,,6193,38,,,2,100,,6194,38,,,2,102,,6195,38,,,2,99,,6196,38,,,2,54,,6197,38,,,2,96,,6198,38,,,2,100,,6199,38,,,2,97,,6200,38,,,2,101,,6201,38,,,2
3800,'3',838,,6202,38,,,2,103,,6203,38,,,2,101,,6204,38,,,2,102,,6205,38,,,2,156,,6206,38,,,2,102,,6207,38,,,2,101,,6208,38,,,2,100,,6209,38,,,2,102,,6210,38,,,2,99,,6211,38,,,2,54,,6212,38,,,2,96,,6213,38,,,2
3800,'71',807,,4794,38,,,2,105,,4795,38,,,2,98,,4796,38,,,2,102,,4797,38,,,2,113,,4798,38,,,2,102,,4799,38,,,2,102,,4800,38,,,2,109,,4801,45,,,2,115,,4802,38,,,2,95,,4803,38,,,2,152,,4804,38,,,2,57,,4805,38,,,2,96,,4806,38,,,2,101,,4807,38,,,2,99,,4808,38,,,2
3800,'72',741,,4809,38,,,2,100,,4810,38,,,2,102,,4811,38,,,2,100,,4812,38,,,2,101,,4813,38,,,2,111,,4814,38,,,2,100,,4815,38,,,2,102,,4816,38,,,2,100,,4817,38,,,2,100,,4818,38,,,2,98,,4819,38,,,2,100,,4820,38,,,2,98,,4822,38,,,2,99,,4823,38,,,2,99,,4824,38,,,2,100,,4821,38,,,2
3800,'73',841,,4825,38,,,2,102,,4826,38,,,2,100,,4827,38,,,2,101,,4828,38,,,2,111,,4829,38,,,2,100,,4830,38,,,2,102,,4831,38,,,2,100,,4832,38,,,2,100,,4833,38,,,2,98,,4834,38,,,2,100,,4835,38,,,2,147,,4836,38,,,2
3900,'1',633,,6215,13,0,32,2,80,,6216,13,0,32,2,31,,6214,13,0,32,2
3900,'71',643,,4838,13,0,14,2,69,,4840,13,0,14,2,38,,4839,13,0,14,2,92,,4837,13,0,14,2
38000,'1',1651,,6312,9,0,38,2,87,,6310,9,0,38,2,86,,6311,9,0,38,2
38000,'71',1655,,4961,9,,,2,82,,4960,9,,,2,79,,4959,9,,,2
38100,'15',721,,6316,30,,,2
38100,'84',721,,4965,30,,,2
5003801,'1',1724,,6398,69,,,2,89,,6397,69,,,2
5003801,'71',1723,,5053,69,,,2,89,,5052,69,,,2
2000003101,'2',710,,7719,38,0,8 1 32,2,102,,7720,70,0,8 1 32,2,101,,7721,70,0,8 1 32,2,101,,7722,70,0,8 1 32,2,101,,7723,70,0,8 1 32,2,101,,7724,70,0,8 1 32,2,101,,7725,70,0,8 1 32,2,215,,7726,70,0,8 1 32,2,101,,7727,70,0,8 1 32,2,101,,7728,70,0,8 1 32,2,96,,7729,70,0,8 1 32,2
2000003101,'3',812,,7731,38,0,8 1 32,2,101,,7732,70,0,8 1 32,2,101,,7733,70,0,8 1 32,2,101,,7734,70,0,8 1 32,2,101,,7735,70,0,8 1 32,2,101,,7736,70,0,8 1 32,2,215,,7737,70,0,8 1 32,2,101,,7738,70,0,8 1 32,2,101,,7739,70,0,8 1 32,2,96,,7740,70,0,8 1 32,2
