3401,'1',634,,6039,17,,,2,67,,6040,17,,,2,51,,6041,17,,,2,794,,6042,17,,,2,89,,6043,17,,,2,98,,6044,17,,,2,26,,6045,17,,,2,86,,6046,17,,,2,68,,6047,17,,,2
3401,'14',1649,,6048,21,,,2
3401,'71',634,,4642,17,,,2,67,,4644,17,,,2,51,,4643,17,,,2,802,,4646,17,,,2,92,,4645,21,,,2,71,,4649,17,,,2,39,,4650,17,,,2,87,,4651,17,,,2,66,,4648,17,,,2
34500,'12',812,,6305,16,,,2
34500,'82',812,,4949,16,,,2
5003401,'1',1657,,6389,29,,,2
5003401,'71',1657,,5040,29,,,2
2000003401,'2',748,,7771,17,,,2,85,,7772,17,,,2,85,,7773,17,,,2,85,,7774,17,,,2,49,,7775,17,,,2,85,,7776,17,,,2,88,,7777,17,,,2,81,,7778,17,,,2,134,,7779,17,,,2,86,,7780,17,,,2,84,,7781,17,,,2,48,,7782,17,,,2,84,,7783,17,,,2,81,,7784,17,,,2,82,,7785,17,,,2
2000003401,'3',833,,7786,17,,,2,85,,7787,17,,,2,85,,7788,17,,,2,49,,7789,17,,,2,85,,7790,17,,,2,88,,7791,17,,,2,81,,7792,17,,,2,134,,7793,17,,,2,86,,7794,17,,,2,84,,7795,17,,,2,48,,7796,17,,,2,84,,7797,17,,,2,81,,7798,17,,,2,82,,7799,17,,,2
2000003401,'72',748,,5711,17,,,2,85,,5712,17,,,2,84,,5713,17,,,2,85,,5714,17,,,2,47,,5715,17,,,2,85,,5716,17,,,2,85,,5717,17,,,2,85,,5718,17,,,2,130,,5719,17,,,2,92,,5720,17,,,2,79,,5721,17,,,2,53,,5722,17,,,2,77,,5723,17,,,2,88,,5724,17,,,2,77,,5725,17,,,2
2000003401,'73',833,,5726,17,,,2,84,,5727,17,,,2,85,,5728,17,,,2,47,,5729,17,,,2,85,,5730,17,,,2,85,,5731,17,,,2,85,,5732,17,,,2,130,,5733,17,,,2,92,,5734,17,,,2,79,,5735,17,,,2,53,,5736,17,,,2,77,,5737,17,,,2,88,,5738,17,,,2,77,,5739,17,,,2
