2300,'1',554,,5924,16,,,2,194,,5919,16,,,2,79,,5927,16,,,2,76,,5904,16,,,2,36,,5906,16,,,2,70,,5905,16,,,2,30,,5907,16,,,2,70,,5908,16,,,2,30,,5909,16,,,2,77,,5912,16,,,2,30,,5910,16,,,2,70,,5913,16,,,2,30,,5911,16,,,2,71,,5914,16,,,2,33,,5915,16,,,2,72,,5917,16,,,2,118,,5918,16,,,2,77,,5916,16,,,2,24,,5925,16,,,2,73,,5920,16,,,2,30,,5926,16,,,2,73,,5921,16,,,2,102,,5922,16,,,2,95,,5923,16,,,2
2300,'2',632,,5930,16,,,2,100,,5931,16,,,2,101,,5932,16,,,2,102,,5933,16,,,2,102,,5934,16,,,2,102,,5935,16,,,2,101,,5936,16,,,2,108,,5937,16,,,2,100,,5938,16,,,2,100,,5939,16,,,2,101,,5940,16,,,2,88,,5941,16,,,2
2300,'3',732,,5942,16,,,2,101,,5943,16,,,2,102,,5944,16,,,2,102,,5945,16,,,2,102,,5946,16,,,2,101,,5947,16,,,2,108,,5948,16,,,2,100,,5949,16,,,2,100,,5950,16,,,2,101,,5951,16,,,2,88,,5952,16,,,2
2300,'71',554,,4520,16,,,2,189,,4525,16,,,2,84,,4529,16,0,14 1 15,2,73,,4507,16,,,2,36,,4510,16,,,2,70,,4508,16,,,2,31,,4511,16,,,2,70,,4509,16,,,2,30,,4512,16,,,2,78,,4515,16,,,2,30,,4513,16,,,2,70,,4516,16,,,2,30,,4514,16,,,2,72,,4517,16,,,2,33,,4518,16,,,2,70,,4528,16,,,2,116,,4530,16,,,2,75,,4519,16,,,2,28,,4526,16,,,2,73,,4521,16,,,2,30,,4527,16,,,2,75,,4522,16,,,2,100,,4523,16,,,2,97,,4524,16,,,2
2300,'72',634,,4531,16,,,2,101,,4532,16,,,2,101,,4533,16,,,2,101,,4534,16,,,2,101,,4535,16,,,2,100,,4536,16,,,2,101,,4537,16,,,2,108,,4538,16,,,2,100,,4539,16,,,2,100,,4540,16,,,2,100,,4541,16,,,2,102,,4542,16,,,2
2300,'73',735,,4543,16,,,2,101,,4544,16,,,2,101,,4545,16,,,2,101,,4546,16,,,2,100,,4547,16,,,2,101,,4548,16,,,2,108,,4549,16,,,2,100,,4550,16,,,2,100,,4551,16,,,2,100,,4552,16,,,2,102,,4553,16,,,2
23100,'15',712,,6293,28,,,2
23100,'84',712,,4931,28,,,2
23500,'12',759,,6295,39,,,2
23500,'82',759,,4935,39,,,2
23501,'83',1716,,4936,61,,,2
5002300,'1',619,,6378,16,,,2,25,,6379,16,,,2,69,,6380,16,,,2
5002300,'71',619,,5028,16,,,2,25,,5027,16,,,2,69,,5029,16,,,2
