2300,'1',609,,5924,46,,,2,196,,5919,46,,,2,40,,5927,46,,,2,73,,5904,46,,,2,36,,5906,46,,,2,70,,5905,46,,,2,30,,5907,46,,,2,70,,5908,46,,,2,30,,5909,46,,,2,70,,5912,32,,,2,30,,5910,32,,,2,70,,5913,32,,,2,30,,5911,32,,,2,71,,5914,32,,,2,33,,5915,32,,,2,73,,5917,32,,,2,119,,5918,32,,,2,77,,5916,32,,,2,24,,5925,32,,,2,71,,5920,32,,,2,30,,5926,32,,,2,73,,5921,32,,,2,102,,5922,32,,,2,95,,5923,32,,,2
2300,'13',844,,5928,10,0,14 1 15,2
2300,'2',647,,5930,46,,,2,100,,5931,46,,,2,101,,5932,46,,,2,102,,5933,46,,,2,102,,5934,46,,,2,102,,5935,46,,,2,101,,5936,46,,,2,101,,5937,32,,,2,100,,5938,32,,,2,100,,5939,32,,,2,101,,5940,32,,,2,88,,5941,32,,,2
2300,'3',747,,5942,46,,,2,101,,5943,46,,,2,102,,5944,46,,,2,102,,5945,46,,,2,102,,5946,46,,,2,101,,5947,46,,,2,101,,5948,32,,,2,100,,5949,32,,,2,100,,5950,32,,,2,101,,5951,32,,,2,88,,5952,32,,,2
2300,'71',609,,4520,46,,,2,191,,4525,46,,,2,45,,4529,46,0,14 1 15,2,70,,4507,46,,,2,36,,4510,46,,,2,70,,4508,46,,,2,31,,4511,46,,,2,70,,4509,46,,,2,30,,4512,46,,,2,71,,4515,32,,,2,30,,4513,32,,,2,70,,4516,32,,,2,30,,4514,32,,,2,72,,4517,32,,,2,33,,4518,32,,,2,71,,4528,32,,,2,117,,4530,32,,,2,75,,4519,32,,,2,28,,4526,32,,,2,71,,4521,32,,,2,30,,4527,32,,,2,75,,4522,32,,,2,100,,4523,32,,,2,97,,4524,32,,,2
2300,'72',649,,4531,46,,,2,101,,4532,46,,,2,101,,4533,46,,,2,101,,4534,46,,,2,101,,4535,46,,,2,100,,4536,46,,,2,101,,4537,46,,,2,101,,4538,32,,,2,100,,4539,32,,,2,100,,4540,32,,,2,100,,4541,32,,,2,102,,4542,32,,,2
2300,'73',750,,4543,46,,,2,101,,4544,46,,,2,101,,4545,46,,,2,101,,4546,46,,,2,100,,4547,46,,,2,101,,4548,46,,,2,101,,4549,32,,,2,100,,4550,32,,,2,100,,4551,32,,,2,100,,4552,32,,,2,102,,4553,32,,,2
2300,'87',844,,4554,10,0,14 1 15,2
22500,'12',806,,6290,13,,,2
22500,'82',806,,4927,13,,,2
23500,'12',816,,6295,69,,,2
23500,'82',816,,4935,69,,,2
5002300,'1',637,,6378,46,,,2,66,,6379,46,,,2,29,,6380,46,,,2
5002300,'71',637,,5028,46,,,2,66,,5027,46,,,2,29,,5029,46,,,2
