1100,'1',608,,5753,5,,,1,25,,5748,77,,,1,74,,5754,77,,,1,30,,5749,77,,,1,74,,5755,77,,,1,30,,5750,77,,,1,18,,5751,77,,,1,69,,5756,77,,,1,74,,5752,77,,,1,30,,5757,77,,,1,75,,5758,77,,,1,30,,5761,77,,,1,73,,5759,77,,,1,30,,5762,77,,,1,77,,5760,77,,,1,30,,5763,77,,,1,88,,5764,77,,,1,71,,5766,77,,,1,36,,5765,77,,,1,71,,5767,77,,,1,42,,5770,77,,,1,62,,5768,77,,,1,22,,5772,77,,,1,66,,5771,77,,,1,35,,5773,77,,,1,68,,5769,77,,,1,30,,5774,77,,,1,100,,5775,77,,,1,100,,5776,77,,,1,100,,5777,77,,,1,100,,5778,77,,,1
1100,'2',737,,5779,77,,,1,102,,5780,77,,,1,99,,5781,77,,,1,102,,5782,77,,,1,100,,5783,77,,,1,100,,5784,77,,,1,101,,5785,77,,,1,99,,5786,77,,,1,100,,5787,77,,,1,100,,5788,77,,,1,99,,5789,77,,,1,99,,5790,77,,,1,99,,5792,77,,,1,100,,5793,77,,,1,100,,5791,77,,,1,100,,5795,77,,,1,100,,5794,77,,,1
1100,'3',938,,5796,77,,,1,102,,5797,77,,,1,100,,5798,77,,,1,100,,5799,77,,,1,101,,5800,77,,,1,99,,5801,77,,,1,100,,5802,77,,,1,100,,5803,77,,,1,99,,5804,77,,,1,99,,5805,77,,,1
1100,'71',608,,4342,5,,,1,25,,4339,77,,,1,74,,4343,77,,,1,30,,4340,77,,,1,74,,4344,77,,,1,30,,4341,77,,,1,18,,4345,77,,,1,69,,4350,77,,,1,74,,4346,77,,,1,30,,4351,77,,,1,75,,4347,77,,,1,30,,4352,77,,,1,73,,4348,77,,,1,30,,4353,77,,,1,77,,4349,77,,,1,30,,4354,77,,,1,88,,4358,77,,,1,71,,4355,77,,,1,36,,4359,77,,,1,71,,4356,77,,,1,42,,4360,78,,,1,62,,4357,77,,,1,22,,4363,77,,,1,66,,4361,77,,,1,35,,4364,77,,,1,68,,4362,77,,,1,30,,4365,77,,,1,100,,4366,77,,,1,100,,4367,77,,,1,100,,4368,77,,,1,100,,4369,77,,,1
1100,'72',737,,4370,77,,,1,102,,4371,77,,,1,99,,4372,77,,,1,102,,4373,77,,,1,100,,4374,77,,,1,100,,4375,77,,,1,101,,4376,77,,,1,99,,4377,77,,,1,100,,4378,77,,,1,100,,4379,77,,,1,99,,4380,77,,,1,99,,4381,77,,,1,99,,4384,77,,,1,100,,4382,77,,,1,100,,4383,77,,,1,100,,4386,77,,,1,100,,4385,77,,,1
1100,'73',938,,4387,77,,,1,102,,4388,77,,,1,100,,4389,77,,,1,100,,4390,77,,,1,101,,4391,77,,,1,99,,4392,77,,,1,100,,4393,77,,,1,100,,4394,77,,,1,99,,4395,77,,,1,99,,4396,77,,,1
1501,'1',1215,,5834,10,0,41,2,103,,5835,10,0,41,2,95,,5836,10,0,41,2,36,,5839,10,0,41,2,92,,5837,27,,,2,81,,5840,27,,,2,21,,5842,27,,,2,77,,5838,27,0,41,2,28,,5841,27,,,2,78,,5844,10,0,41,2,33,,5845,10,0,41,2,142,,5846,10,0,41,2,112,,5843,10,0,41,2,41,,5847,10,0,41,2
1501,'71',653,,4438,27,0,41,2,64,,4436,27,0,41,2,33,,4439,27,0,41,2,164,,4437,10,0,41,2,115,,4440,10,0,41,2,116,,4441,10,0,41,2,70,,4442,10,0,41,2,117,,4444,10,0,41,2,115,,4445,10,0,41,2,94,,4443,27,0,41,2,86,,4446,27,0,41,2,16,,4448,27,0,41,2,71,,4450,27,0,41,2,35,,4449,27,0,41,2,77,,4447,10,0,41,2,76,,4451,10,0,41,2,105,,4452,10,0,41,2,105,,4453,10,0,41,2,42,,4454,10,0,41,2
1501,'88',1645,,4455,12,0,41,2
1601,'1',653,,5859,27,,,2,64,,5861,27,,,2,31,,5860,27,,,2,173,,5858,27,0,41,2,95,,5862,10,0,41,2,99,,5863,10,0,41,2
2000001501,'2',804,,7688,10,,,2,101,,7689,10,,,2,100,,7690,10,,,2,102,,7691,10,,,2,101,,7692,10,,,2,101,,7693,10,,,2,201,,7694,10,,,2,101,,7695,10,,,2,103,,7696,10,,,2,97,,7697,10,,,2,93,,7698,10,,,2
2000001501,'3',905,,7699,10,,,2,100,,7700,10,,,2,102,,7701,10,,,2,101,,7702,10,,,2,101,,7703,10,,,2,201,,7704,10,,,2,101,,7705,10,,,2,103,,7706,10,,,2,97,,7707,10,,,2,93,,7708,10,,,2
2000001501,'72',757,,5628,10,,,2,102,,5629,10,,,2,143,,5630,10,,,2,108,,5631,10,,,2,94,,5632,10,,,2,108,,5633,10,,,2,142,,5634,10,,,2,99,,5635,10,,,2,103,,5636,10,,,2,99,,5637,10,,,2,98,,5638,10,,,2
2000001501,'73',859,,5639,10,,,2,143,,5640,10,,,2,108,,5641,10,,,2,94,,5642,10,,,2,108,,5643,10,,,2,142,,5644,10,,,2,99,,5645,10,,,2,103,,5646,10,,,2,99,,5647,10,,,2,98,,5648,10,,,2
