1100,'1',617,,5753,22,,,1,25,,5748,94,,,1,75,,5754,94,,,1,30,,5749,94,,,1,74,,5755,94,,,1,30,,5750,94,,,1,58,,5751,94,,,1,29,,5756,94,,,1,74,,5752,94,,,1,30,,5757,94,,,1,75,,5758,94,,,1,30,,5761,94,,,1,74,,5759,94,,,1,30,,5762,94,,,1,77,,5760,94,,,1,30,,5763,94,,,1,88,,5764,94,,,1,71,,5766,94,,,1,36,,5765,94,,,1,73,,5767,94,,,1,81,,5770,94,,,1,21,,5768,94,,,1,21,,5772,94,,,1,66,,5771,94,,,1,34,,5773,94,,,1,68,,5769,94,,,1,30,,5774,94,,,1,100,,5775,94,,,1,100,,5776,94,,,1,99,,5777,94,,,1,100,,5778,94,,,1
1100,'2',747,,5779,94,,,1,102,,5780,94,,,1,99,,5781,94,,,1,102,,5782,94,,,1,100,,5783,94,,,1,100,,5784,94,,,1,102,,5785,94,,,1,99,,5786,94,,,1,100,,5787,94,,,1,99,,5788,94,,,1,99,,5789,94,,,1,99,,5790,94,,,1,98,,5792,94,,,1,100,,5793,94,,,1,100,,5791,94,,,1,100,,5795,94,,,1,100,,5794,94,,,1
1100,'3',948,,5796,94,,,1,102,,5797,94,,,1,100,,5798,94,,,1,100,,5799,94,,,1,102,,5800,94,,,1,99,,5801,94,,,1,100,,5802,94,,,1,99,,5803,94,,,1,99,,5804,94,,,1,99,,5805,94,,,1
1100,'71',617,,4342,22,,,1,25,,4339,94,,,1,75,,4343,94,,,1,30,,4340,94,,,1,74,,4344,94,,,1,30,,4341,94,,,1,58,,4345,94,,,1,29,,4350,94,,,1,74,,4346,94,,,1,30,,4351,94,,,1,75,,4347,94,,,1,30,,4352,94,,,1,74,,4348,94,,,1,30,,4353,94,,,1,77,,4349,94,,,1,30,,4354,94,,,1,88,,4358,94,,,1,71,,4355,94,,,1,36,,4359,94,,,1,73,,4356,94,,,1,81,,4360,95,,,1,21,,4357,94,,,1,21,,4363,94,,,1,66,,4361,94,,,1,34,,4364,94,,,1,68,,4362,94,,,1,30,,4365,94,,,1,100,,4366,94,,,1,100,,4367,94,,,1,99,,4368,94,,,1,100,,4369,94,,,1
1100,'72',747,,4370,94,,,1,102,,4371,94,,,1,99,,4372,94,,,1,102,,4373,94,,,1,100,,4374,94,,,1,100,,4375,94,,,1,102,,4376,94,,,1,99,,4377,94,,,1,100,,4378,94,,,1,99,,4379,94,,,1,99,,4380,94,,,1,99,,4381,94,,,1,98,,4384,94,,,1,100,,4382,94,,,1,100,,4383,94,,,1,100,,4386,94,,,1,100,,4385,94,,,1
1100,'73',948,,4387,94,,,1,102,,4388,94,,,1,100,,4389,94,,,1,100,,4390,94,,,1,102,,4391,94,,,1,99,,4392,94,,,1,100,,4393,94,,,1,99,,4394,94,,,1,99,,4395,94,,,1,99,,4396,94,,,1
1300,'1',645,,5808,36,,,2,85,,5806,36,,,2,84,,5807,36,,,2,793,,5809,36,,,2,107,,5811,36,,,2,14,,5810,36,,,2,72,,5813,36,,,2,32,,5812,36,,,2
1300,'16',857,,5815,36,,,2,43,,5814,31,,,2
1300,'71',643,,4398,36,,,2,70,,4400,36,,,2,20,,4399,36,,,2,83,,4401,36,,,2,41,,4397,36,,,2,751,,4402,36,,,2,97,,4405,36,,,2,13,,4403,36,,,2,40,,4406,36,,,2,66,,4404,36,,,2
1300,'87',900,,4407,31,,,2
1001101,'1',614,,6322,59,,,1,29,,6326,93,,,1,73,,6323,93,,,1,32,,6327,93,,,1,73,,6324,93,,,1,22,,6320,93,,,1,81,,6325,93,,,1,82,,6328,93,,,1,30,,6329,93,,,1,75,,6333,93,,,1,30,,6330,93,,,1,75,,6334,93,,,1,30,,6331,93,,,1,73,,6335,93,,,1,30,,6332,93,,,1,78,,6336,93,,,1,30,,6338,93,,,1,88,,6337,93,,,1,72,,6339,93,,,1,89,,6341,93,,,1,22,,6340,93,,,1,21,,6344,93,,,1,67,,6342,93,,,1,33,,6345,93,,,1,69,,6343,93,,,1,31,,6346,93,,,1,100,,6347,93,,,1,99,,6348,93,,,1,100,,6349,93,,,1
1001101,'2',745,,6351,59,,,1,99,,6352,93,,,1,103,,6353,93,,,1,101,,6354,93,,,1,99,,6355,93,,,1,100,,6359,93,,,1,100,,6360,93,,,1,101,,6358,93,,,1,100,,6356,93,,,1,99,,6357,93,,,1,102,,6361,93,,,1,97,,6362,93,,,1,100,,6363,93,,,1,99,,6364,93,,,1,100,,6365,93,,,1,100,,6366,93,,,1
1001101,'3',947,,6368,59,,,1,101,,6369,93,,,1,99,,6372,93,,,1,100,,6373,93,,,1,100,,6370,93,,,1,101,,6371,93,,,1,100,,6374,93,,,1,99,,6375,93,,,1,102,,6376,93,,,1,97,,6377,93,,,1
1001101,'71',614,,4969,59,,,1,29,,4973,93,,,1,73,,4970,93,,,1,32,,4974,93,,,1,73,,4971,93,,,1,22,,4976,93,,,1,81,,4972,93,,,1,82,,4978,93,,,1,30,,4975,93,,,1,75,,4979,93,,,1,30,,4982,93,,,1,75,,4980,93,,,1,30,,4983,93,,,1,73,,4981,93,,,1,30,,4984,93,,,1,78,,4986,93,,,1,30,,4985,93,,,1,88,,4987,93,,,1,72,,4989,93,,,1,89,,4988,93,,,1,22,,4990,93,,,1,21,,4993,93,,,1,67,,4991,93,,,1,33,,4994,93,,,1,69,,4992,93,,,1,31,,4995,93,,,1,100,,4996,93,,,1,99,,4997,93,,,1,100,,4998,93,,,1
1001101,'72',745,,5003,59,,,1,99,,5000,93,,,1,103,,5001,93,,,1,101,,5002,93,,,1,99,,5004,93,,,1,100,,5005,93,,,1,100,,5006,93,,,1,101,,5007,93,,,1,100,,5008,93,,,1,99,,5009,93,,,1,102,,5010,93,,,1,97,,5011,93,,,1,100,,5012,93,,,1,99,,5013,93,,,1,100,,5014,93,,,1,100,,5015,93,,,1
1001101,'73',947,,5017,59,,,1,101,,5018,93,,,1,99,,5019,93,,,1,100,,5020,93,,,1,100,,5021,93,,,1,101,,5022,93,,,1,100,,5023,93,,,1,99,,5024,93,,,1,102,,5025,93,,,1,97,,5026,93,,,1
