1500,'1',547,,5823,2,,,2,68,,5825,2,,,2,29,,5827,2,,,2,70,,5826,5,,,2,30,,5829,5,,,2,80,,5828,5,0,10 11,2,111,,5824,2,0,12 13,2,100,,5830,2,0,12 13,2,100,,5831,2,0,12 13,2,103,3,5832,1,0,12 13,2
1500,'71',547,,4416,2,,,2,68,,4417,2,,,2,29,,4421,2,,,2,72,3,4420,1,,,2,28,7,4418,1,,,2,80,,4422,2,0,10 11,2,113,3,4419,1,0,12 13,2,115,3,4423,1,0,12 13,2,156,3,4424,1,0,12 13,2,30,3,4425,1,0,12 13,2,117,3,4427,1,0,12 13,2,156,3,4428,1,,,2,96,5,4426,1,,,2,37,,4431,2,,,2,68,6,4430,1,,,2,100,2,4432,1,0,12 13,2,111,,4433,1,0,12 13,2,104,,4434,1,0,12 13,2
1501,'1',1235,,5834,39,4,,2,103,,5835,39,4,,2,95,,5836,39,4,,2,77,,5839,39,4,,2,92,,5837,56,,,2,45,,5840,56,,,2,60,,5842,56,,,2,34,,5838,56,4,,2,68,,5841,56,,,2,37,,5844,39,4,,2,73,,5845,39,4,,2,102,,5846,39,4,,2,112,,5843,39,4,,2,81,,5847,39,4,,2
1501,'71',713,,4438,57,4,,2,24,,4436,57,4,,2,74,,4439,57,4,,2,123,,4437,40,4,,2,115,,4440,40,4,,2,156,,4441,40,4,,2,30,,4442,40,4,,2,117,,4444,40,4,,2,156,,4445,40,4,,2,94,,4443,57,4,,2,49,,4446,57,4,,2,55,,4448,57,4,,2,29,,4450,57,4,,2,75,,4449,57,4,,2,36,,4447,40,4,,2,76,,4451,40,4,,2,105,,4452,40,4,,2,105,,4453,40,4,,2,82,,4454,40,4,,2
1501,'88',1708,,4455,42,4,,2
13100,'15',701,,6233,2,,,2
13100,'84',701,,4864,2,,,2
13101,'85',1605,,4865,79,4,,2
15600,'12',812,,6240,2,,,2
15600,'82',812,,4875,2,,,2
15801,'88',1654,,4878,30,4,,2
2000001500,'2',731,,7667,2,,,2,100,7,7668,1,,,2,100,6,7669,1,,,2,94,,7670,1,,,2,109,7,7671,1,,,2,101,7,7672,1,,,2,201,,7673,2,,,2,101,6,7674,1,,,2,95,,7675,1,,,2,106,3,7676,1,,,2,93,,7677,1,,,2
2000001500,'3',831,,7678,2,,,2,100,6,7679,1,,,2,94,,7680,1,,,2,109,7,7681,1,,,2,101,7,7682,1,,,2,201,,7683,2,,,2,101,6,7684,1,,,2,95,,7685,1,,,2,106,3,7686,1,,,2,93,,7687,1,,,2
2000001500,'72',724,,5607,2,,,2,101,8,5608,1,,,2,103,9,5609,1,,,2,100,6,5610,1,,,2,102,,5611,1,,,2,100,6,5612,1,,,2,190,,5613,2,,,2,99,4,5614,1,,,2,95,,5615,1,,,2,108,5,5616,1,,,2,98,5,5617,1,,,2
2000001500,'73',825,,5618,2,,,2,103,9,5619,1,,,2,100,6,5620,1,,,2,102,,5621,1,,,2,100,6,5622,1,,,2,190,,5623,2,,,2,99,4,5624,1,,,2,95,,5625,1,,,2,108,5,5626,1,,,2,98,5,5627,1,,,2
2000001501,'2',824,,7688,39,4,,2,101,,7689,39,4,,2,100,,7690,39,4,,2,102,,7691,39,4,,2,101,,7692,39,4,,2,102,,7693,39,4,,2,201,,7694,39,4,,2,101,,7695,39,4,,2,103,,7696,39,4,,2,96,,7697,39,4,,2,93,,7698,39,4,,2
2000001501,'3',925,,7699,39,4,,2,100,,7700,39,4,,2,102,,7701,39,4,,2,101,,7702,39,4,,2,102,,7703,39,4,,2,201,,7704,39,4,,2,101,,7705,39,4,,2,103,,7706,39,4,,2,96,,7707,39,4,,2,93,,7708,39,4,,2
2000001501,'72',817,,5628,40,4,,2,102,,5629,40,4,,2,103,,5630,40,4,,2,108,,5631,40,4,,2,94,,5632,40,4,,2,109,,5633,40,4,,2,182,,5634,40,4,,2,99,,5635,40,4,,2,103,,5636,40,4,,2,98,,5637,40,4,,2,98,,5638,40,4,,2
2000001501,'73',919,,5639,40,4,,2,103,,5640,40,4,,2,108,,5641,40,4,,2,94,,5642,40,4,,2,109,,5643,40,4,,2,182,,5644,40,4,,2,99,,5645,40,4,,2,103,,5646,40,4,,2,98,,5647,40,4,,2,98,,5648,40,4,,2
