3400,'1',606,,6032,5,,,2,114,,6033,7,,,2,39,,6031,5,,,2,792,,6037,5,,,2,104,,6034,7,,,2,68,,6035,7,,,2,92,,6036,7,,,2
3400,'13',833,,6038,7,0,24 1 15,2
3400,'71',606,,4634,5,,,2,114,,4635,7,,,2,37,,4636,5,,,2,76,,4633,7,0,24 1 15,2,718,,4638,5,,,2,91,,4639,7,,,2,82,,4640,7,,,2,89,,4641,7,,,2
13101,'85',1518,,4865,13,,,2
34500,'12',819,,6305,26,,,2
34500,'82',819,,4949,26,,,2
5003400,'1',629,,6388,5,,,2,22,,6387,5,,,2
5003400,'71',629,,5039,5,,,2,21,,5038,5,,,2
2000003400,'2',715,,7742,5,,,2,85,,7743,7,,,2,46,,7744,7,,,2,85,,7745,7,,,2,87,,7746,7,,,2,86,,7747,7,,,2,45,,7748,7,,,2,88,,7749,7,,,2,171,,7750,7,,,2,43,,7751,7,,,2,87,,7752,7,,,2,83,,7753,7,,,2,90,,7754,7,,,2,42,,7755,7,,,2,81,,7756,7,,,2
2000003400,'3',800,,7757,5,,,2,46,,7758,7,,,2,85,,7759,7,,,2,87,,7760,7,,,2,86,,7761,7,,,2,45,,7762,7,,,2,88,,7763,7,,,2,171,,7764,7,,,2,43,,7765,7,,,2,87,,7766,7,,,2,83,,7767,7,,,2,90,,7768,7,,,2,42,,7769,7,,,2,81,,7770,7,,,2
2000003400,'72',715,,5682,5,,,2,85,,5683,7,,,2,45,,5684,7,,,2,85,,5685,7,,,2,85,,5686,7,,,2,86,,5687,7,,,2,45,,5688,7,,,2,85,,5689,7,,,2,174,,5690,7,,,2,41,,5691,7,,,2,92,,5692,7,,,2,78,,5693,7,,,2,93,,5694,7,,,2,38,,5695,7,,,2,87,,5696,7,,,2
2000003400,'73',800,,5697,5,,,2,45,,5698,7,,,2,85,,5699,7,,,2,85,,5700,7,,,2,86,,5701,7,,,2,45,,5702,7,,,2,85,,5703,7,,,2,174,,5704,7,,,2,41,,5705,7,,,2,92,,5706,7,,,2,78,,5707,7,,,2,93,,5708,7,,,2,38,,5709,7,,,2,87,,5710,7,,,2
