1500,'1',600,,5823,24,,,2,28,,5825,24,,,2,29,,5827,24,,,2,70,,5826,27,,,2,30,,5829,27,,,2,81,,5828,27,0,10 11,2,110,,5824,24,0,12 13,2,100,,5830,24,0,12 13,2,100,,5831,24,0,12 13,2,103,,5832,23,0,12 13,2
1500,'16',837,,5833,12,0,10 11,2
1500,'71',600,,4416,25,,,2,28,,4417,25,,,2,29,,4421,25,,,2,72,,4420,24,,,2,28,,4418,24,,,2,81,,4422,25,0,10 11,2,112,,4419,24,0,12 13,2,155,,4423,24,0,12 13,2,116,,4424,24,0,12 13,2,30,,4425,24,0,12 13,2,157,,4427,24,0,12 13,2,116,,4428,24,,,2,96,,4426,24,,,2,37,,4431,25,,,2,68,,4430,24,,,2,100,,4432,24,0,12 13,2,111,,4433,24,0,12 13,2,104,,4434,24,0,12 13,2
1500,'87',837,,4435,14,0,10 11,2
13100,'15',715,,6233,25,,,2
13100,'84',715,,4864,25,,,2
15500,'12',829,,6239,14,,,2
15500,'82',829,,4874,14,,,2
2000001500,'2',744,,7667,24,,,2,100,,7668,23,,,2,100,,7669,23,,,2,94,,7670,23,,,2,109,,7671,23,,,2,101,,7672,23,,,2,201,,7673,24,,,2,101,,7674,23,,,2,95,,7675,23,,,2,106,,7676,23,,,2,93,,7677,23,,,2
2000001500,'3',844,,7678,24,,,2,100,,7679,23,,,2,94,,7680,23,,,2,109,,7681,23,,,2,101,,7682,23,,,2,201,,7683,24,,,2,101,,7684,23,,,2,95,,7685,23,,,2,106,,7686,23,,,2,93,,7687,23,,,2
2000001500,'72',737,,5607,25,,,2,101,,5608,24,,,2,103,,5609,24,,,2,100,,5610,24,,,2,102,,5611,24,,,2,100,,5612,24,,,2,190,,5613,25,,,2,99,,5614,24,,,2,95,,5615,24,,,2,108,,5616,24,,,2,98,,5617,24,,,2
2000001500,'73',838,,5618,25,,,2,103,,5619,24,,,2,100,,5620,24,,,2,102,,5621,24,,,2,100,,5622,24,,,2,190,,5623,25,,,2,99,,5624,24,,,2,95,,5625,24,,,2,108,,5626,24,,,2,98,,5627,24,,,2
