1100,'1',611,,5748,39,,,1,33,,5754,39,,,1,68,,5749,39,,,1,34,,5755,39,,,1,70,,5750,39,,,1,18,,5751,39,,,1,70,,5756,39,,,1,34,,5752,39,,,1,70,,5757,39,,,1,35,,5758,39,,,1,70,,5761,39,,,1,33,,5759,39,,,1,70,,5762,39,,,1,37,,5760,39,,,1,70,,5763,39,,,1,88,,5764,39,,,1,30,,5766,39,,,1,75,,5765,39,,,1,30,,5767,39,,,1,85,,5770,39,,,1,23,,5768,39,,,1,62,,5772,39,,,1,26,,5771,39,,,1,76,,5773,39,,,1,28,,5769,39,,,1,70,,5774,39,,,1,100,,5775,39,,,1,100,,5776,39,,,1,100,,5777,39,,,1,100,,5778,39,,,1
1100,'2',712,,5779,39,,,1,102,,5780,39,,,1,100,,5781,39,,,1,102,,5782,39,,,1,100,,5783,39,,,1,100,,5784,39,,,1,101,,5785,39,,,1,99,,5786,39,,,1,100,,5787,39,,,1,100,,5788,39,,,1,100,,5789,39,,,1,100,,5790,39,,,1,99,,5792,39,,,1,100,,5793,39,,,1,100,,5791,39,,,1,100,,5795,39,,,1,100,,5794,39,,,1
1100,'3',914,,5796,39,,,1,102,,5797,39,,,1,100,,5798,39,,,1,100,,5799,39,,,1,101,,5800,39,,,1,99,,5801,39,,,1,100,,5802,39,,,1,100,,5803,39,,,1,100,,5804,39,,,1,100,,5805,39,,,1
1100,'71',611,,4339,39,,,1,33,,4343,39,,,1,68,,4340,39,,,1,34,,4344,39,,,1,70,,4341,39,,,1,18,,4345,39,,,1,70,,4350,39,,,1,34,,4346,39,,,1,70,,4351,39,,,1,35,,4347,39,,,1,70,,4352,39,,,1,33,,4348,39,,,1,70,,4353,39,,,1,37,,4349,39,,,1,70,,4354,39,,,1,88,,4358,39,,,1,30,,4355,39,,,1,75,,4359,39,,,1,30,,4356,39,,,1,83,,4360,40,,,1,25,,4357,39,,,1,62,,4363,39,,,1,26,,4361,39,,,1,76,,4364,39,,,1,28,,4362,39,,,1,70,,4365,39,,,1,100,,4366,39,,,1,100,,4367,39,,,1,100,,4368,39,,,1,100,,4369,39,,,1
1100,'72',712,,4370,39,,,1,102,,4371,39,,,1,100,,4372,39,,,1,102,,4373,39,,,1,100,,4374,39,,,1,100,,4375,39,,,1,101,,4376,39,,,1,99,,4377,39,,,1,100,,4378,39,,,1,100,,4379,39,,,1,100,,4380,39,,,1,100,,4381,39,,,1,99,,4384,39,,,1,100,,4382,39,,,1,100,,4383,39,,,1,100,,4386,39,,,1,100,,4385,39,,,1
1100,'73',914,,4387,39,,,1,102,,4388,39,,,1,100,,4389,39,,,1,100,,4390,39,,,1,101,,4391,39,,,1,99,,4392,39,,,1,100,,4393,39,,,1,100,,4394,39,,,1,100,,4395,39,,,1,100,,4396,39,,,1
11101,'85',1556,,4851,71,,,2
11901,'88',1647,,4855,38,,,2
1200000401,'1',1507,,7634,18,,,1,30,,7636,18,,,1,205,,7635,60,,,1,60,,7633,60,,,1
1200000401,'71',1507,,5573,18,,,1,30,,5574,18,,,1,198,,5572,60,,,1,24,,5571,60,,,1,62,,5575,60,,,1
