2301,'1',1201,,5958,28,,,2,31,,5959,28,,,2,70,,5961,28,,,2,30,,5960,28,,,2,70,,5962,28,,,2,31,,5963,28,,,2,71,,5966,28,,,2,51,,5964,28,,,2,68,,5967,28,,,2,36,,5965,28,,,2,141,,5968,28,,,2,26,,5975,28,,,2,77,,5969,28,,,2,102,,5970,28,,,2,50,,5971,28,,,2,154,,5972,28,,,2
2301,'2',1218,,5985,28,,,2,101,,5986,28,,,2,101,,5987,28,,,2,100,,5988,28,,,2,100,,5989,28,,,2,101,,5990,28,,,2,97,,5991,28,,,2
2301,'3',1218,,5996,28,,,2,101,,5997,28,,,2,101,,5998,28,,,2,100,,5999,28,,,2,100,,6000,28,,,2,101,,6001,28,,,2,97,,6002,28,,,2
2301,'71',1159,,4558,28,,,2,70,,4562,28,,,2,71,,4564,28,,,2,30,,4563,28,,,2,70,,4565,28,,,2,30,,4566,28,,,2,74,,4576,28,,,2,42,,4567,28,,,2,108,,4568,32,,,2,103,,4570,28,,,2,71,,4575,28,,,2,75,,4571,28,,,2,100,,4572,28,,,2,52,,4573,28,,,2,154,,4574,28,,,2
2301,'72',1229,,4584,28,,,2,102,,4585,28,,,2,101,,4586,28,,,2,101,,4587,28,,,2,100,,4588,28,,,2,102,,4589,28,,,2,96,,4590,28,,,2
2301,'73',1229,,4595,28,,,2,102,,4596,28,,,2,101,,4597,28,,,2,101,,4598,28,,,2,100,,4599,28,,,2,102,,4600,28,,,2,96,,4601,28,,,2
23101,'85',1533,,4932,39,,,2
23501,'83',1659,,4936,25,,,2
5002301,'1',1708,,6382,38,,,2,24,,6381,38,,,2
5002301,'71',1622,,5032,38,,,2,86,,5031,38,,,2,24,,5030,38,,,2
