3400,'1',608,,6032,7,,,2,114,,6033,9,,,2,79,,6031,7,,,2,752,,6037,7,,,2,104,,6034,9,,,2,68,,6035,9,,,2,92,,6036,9,,,2
3400,'13',835,,6038,9,0,24 1 15,2
3400,'71',608,,4634,7,,,2,114,,4635,9,,,2,37,,4636,7,,,2,76,,4633,9,0,24 1 15,2,718,,4638,7,,,2,91,,4639,9,,,2,82,,4640,9,,,2,89,,4641,9,,,2
13100,'15',754,,6233,75,,,2
13100,'84',754,,4864,75,,,2
34501,'83',1633,,4950,31,,,2
5003400,'1',631,,6388,7,,,2,22,,6387,7,,,2
5003400,'71',631,,5039,7,,,2,21,,5038,7,,,2
2000003400,'2',717,,7742,7,,,2,85,,7743,9,,,2,46,,7744,9,,,2,85,,7745,9,,,2,87,,7746,9,,,2,86,,7747,9,,,2,45,,7748,9,,,2,88,,7749,9,,,2,171,,7750,9,,,2,43,,7751,9,,,2,87,,7752,9,,,2,83,,7753,9,,,2,90,,7754,9,,,2,42,,7755,9,,,2,81,,7756,9,,,2
2000003400,'3',802,,7757,7,,,2,46,,7758,9,,,2,85,,7759,9,,,2,87,,7760,9,,,2,86,,7761,9,,,2,45,,7762,9,,,2,88,,7763,9,,,2,171,,7764,9,,,2,43,,7765,9,,,2,87,,7766,9,,,2,83,,7767,9,,,2,90,,7768,9,,,2,42,,7769,9,,,2,81,,7770,9,,,2
2000003400,'72',717,,5682,7,,,2,85,,5683,9,,,2,45,,5684,9,,,2,85,,5685,9,,,2,85,,5686,9,,,2,86,,5687,9,,,2,45,,5688,9,,,2,85,,5689,9,,,2,174,,5690,9,,,2,41,,5691,9,,,2,92,,5692,9,,,2,78,,5693,9,,,2,93,,5694,9,,,2,38,,5695,9,,,2,87,,5696,9,,,2
2000003400,'73',802,,5697,7,,,2,45,,5698,9,,,2,85,,5699,9,,,2,85,,5700,9,,,2,86,,5701,9,,,2,45,,5702,9,,,2,85,,5703,9,,,2,174,,5704,9,,,2,41,,5705,9,,,2,92,,5706,9,,,2,78,,5707,9,,,2,93,,5708,9,,,2,38,,5709,9,,,2,87,,5710,9,,,2
