20001,'1',1458,,1064,20,4,,2,72,,1065,20,4,,2
20001,'3',1503,,1071,20,4,,2,28,,1072,20,4,,2
20001,'4',1458,,1078,20,4,,2,71,,1079,20,4,,2
20001,'6',635,,1082,20,4,,2,76,,1084,20,4,,2
5002300,'1',655,,1309,58,4,,2,69,,1311,58,4,,2,31,,1312,58,4,,2,70,,1310,58,4,,2
5002300,'2',650,,1315,58,4,,2,64,,1313,58,4,,2,34,,1314,58,4,,2
5002400,'1',724,,1325,34,4,,2,28,,1323,34,4,,2,71,,1324,34,4,,2
5002400,'2',717,,1327,34,4,,2,31,,1326,34,4,,2
5003400,'1',701,,1334,36,4,,2,17,,1333,36,4,,2
5003400,'3',655,,1336,36,4,,2,56,,1335,36,4,,2
5003400,'4',659,,1338,36,4,,2,57,,1337,36,4,,2
5003600,'1',718,,1343,36,4,,2,31,,1342,36,4,,2
5003600,'3',711,,1345,36,4,,2,29,,1344,36,4,,2
5003600,'4',716,,1347,36,4,,2,31,,1346,36,4,,2
5003700,'1',702,,1355,71,4,,2,16,,1356,64,4,,2,36,,1358,64,4,,2,71,,1359,64,4,,2,31,,1357,71,4,,2
5003700,'3',711,,1361,64,4,,2,34,,1360,64,4,,2
5003700,'4',716,,1362,64,4,,2,36,,1363,64,4,,2
1200000200,'1',604,,1429,31,4,,1,15,,1428,53,4,,1,16,,1431,53,4,,1,9,,1437,31,4,,1,9,,1432,53,4,,1,59,,1436,53,4,,1,17,,1430,53,4,,1,17,,1440,53,4,,1,57,,1427,53,4,,1,15,,1434,53,4,,1,15,,1442,53,4,,1,13,,1438,53,4,,1,13,,1435,53,4,,1,53,,1443,53,4,,1,16,,1433,53,4,,1,12,,1446,53,4,,1,17,,1439,53,4,,1,57,,1441,53,4,,1,14,,1447,53,4,,1,15,,1445,53,4,,1,15,,1449,53,4,,1,55,,1451,53,4,,1,15,,1444,53,4,,1,15,,1452,53,4,,1,15,,1453,53,4,,1,55,,1454,53,4,,1,15,,1455,53,4,,1,15,,1457,53,4,,1,16,,1448,53,4,,1,55,,1450,53,4,,1,15,,1460,53,4,,1,15,,1461,53,4,,1,14,,1463,53,4,,1,55,,1459,53,4,,1,15,,1464,53,4,,1,22,,1456,53,4,,1,52,,1458,53,4,,1,16,,1465,53,4,,1,14,,1466,53,4,,1,17,,1467,53,4,,1,52,,1468,53,4,,1,14,,1462,53,4,,1,15,,1471,53,4,,1,15,,1473,53,4,,1,9,,1476,40,4,,1,5,,1474,53,4,,1,55,,1477,53,4,,1,15,,1480,53,4,,1,16,,1481,53,4,,1,14,,1478,53,4,,1,54,,1479,53,4,,1,14,,1470,53,4,,1,15,,1469,53,4,,1,15,,1475,53,4,,1,54,,1472,53,4,,1,30,,1483,53,4,,1,70,,1487,53,4,,1,30,,1482,53,4,,1,70,,1489,53,4,,1,29,,1490,53,4,,1,70,,1485,53,4,,1,26,,1484,53,4,,1,73,,1488,53,4,,1,26,,1491,53,4,,1
1200000200,'21',702,,1492,31,4,,1,24,,1494,31,4,,1,88,,1493,22,4,,1
1200000200,'3',602,,1498,31,4,,1,15,,1496,53,4,,1,15,,1500,53,4,,1,16,,1502,53,4,,1,57,,1504,53,4,,1,16,,1506,53,4,,1,16,,1508,53,4,,1,17,,1495,53,4,,1,55,,1509,53,4,,1,15,,1499,53,4,,1,14,,1497,53,4,,1,14,,1501,53,4,,1,57,,1503,53,4,,1,18,,1505,53,4,,1,13,,1507,53,4,,1,74,,1510,53,4,,1,29,,1512,53,4,,1,70,,1514,53,4,,1,30,,1515,53,4,,1,70,,1516,53,4,,1,30,,1511,53,4,,1,71,,1513,53,4,,1,30,,1517,53,4,,1,68,,1519,53,4,,1,37,,1521,53,4,,1,52,,1522,53,4,,1,16,,1525,53,4,,1,14,,1527,53,4,,1,17,,1529,53,4,,1,52,,1531,53,4,,1,14,,1518,53,4,,1,15,,1532,53,4,,1,15,,1520,53,4,,1,14,,1533,53,4,,1,55,,1524,53,4,,1,15,,1523,53,4,,1,16,,1526,53,4,,1,14,,1528,53,4,,1,54,,1530,53,4,,1,29,,1535,53,4,,1,70,,1534,53,4,,1,30,,1537,53,4,,1,70,,1541,53,4,,1,30,,1536,53,4,,1,70,,1543,53,4,,1,28,,1544,53,4,,1,70,,1539,53,4,,1,27,,1538,53,4,,1,73,,1542,53,4,,1,26,,1545,53,4,,1
1200000200,'4',603,,1548,31,4,,1,15,,1547,53,4,,1,15,,1551,53,4,,1,16,,1550,53,4,,1,57,,1553,53,4,,1,16,,1556,53,4,,1,16,,1559,53,4,,1,17,,1546,53,4,,1,55,,1560,53,4,,1,15,,1549,53,4,,1,14,,1555,53,4,,1,15,,1558,53,4,,1,55,,1552,53,4,,1,18,,1554,53,4,,1,13,,1557,53,4,,1,17,,1561,40,4,,1,57,,1563,53,4,,1,14,,1567,40,4,,1,15,,1565,53,4,,1,15,,1570,40,4,,1,55,,1569,53,4,,1,15,,1573,40,4,,1,15,,1572,53,4,,1,15,,1562,40,4,,1,54,,1574,53,4,,1,16,,1568,40,4,,1,14,,1564,53,4,,1,16,,1571,40,4,,1,55,,1566,53,4,,1,15,,1578,40,4,,1,15,,1576,53,4,,1,14,,1579,40,4,,1,55,,1581,53,4,,1,15,,1575,40,4,,1,22,,1583,53,4,,1,52,,1585,53,4,,1,16,,1588,53,4,,1,14,,1590,53,4,,1,17,,1592,53,4,,1,52,,1593,53,4,,1,14,,1577,53,4,,1,15,,1580,53,4,,1,15,,1582,53,4,,1,14,,1594,53,4,,1,56,,1587,53,4,,1,15,,1584,53,4,,1,16,,1586,53,4,,1,14,,1589,53,4,,1,54,,1591,53,4,,1,14,,1600,53,4,,1,15,,1597,53,4,,1,69,,1595,53,4,,1,30,,1598,53,4,,1,70,,1599,53,4,,1,30,,1601,53,4,,1,70,,1605,53,4,,1,29,,1606,53,4,,1,70,,1602,53,4,,1,26,,1596,53,4,,1,73,,1604,53,4,,1,26,,1607,53,4,,1
1200000200,'6',742,,1610,53,4,,1,70,,1613,53,4,,1,30,,1614,53,4,,1,70,,1608,53,4,,1,30,,1609,53,4,,1,70,,1612,53,4,,1,30,,1611,53,4,,1,70,,1615,53,4,,1,30,,1616,53,4,,1,70,,1618,53,4,,1,30,,1617,53,4,,1,71,,1620,53,4,,1,30,,1621,53,4,,1,71,,1622,53,4,,1,30,,1623,53,4,,1,69,,1624,53,4,,1,30,,1619,53,4,,1,70,,1626,53,4,,1,30,,1625,53,4,,1,70,,1629,53,4,,1,30,,1628,53,4,,1,70,,1633,53,4,,1,27,,1631,53,4,,1,70,,1638,53,4,,1,30,,1636,53,4,,1,70,,1627,53,4,,1,30,,1639,53,4,,1,69,,1634,53,4,,1,30,,1632,53,4,,1,70,,1640,53,4,,1,29,,1630,53,4,,1,70,,1635,53,4,,1,30,,1637,53,4,,1
1200000200,'7',2010,,1641,53,4,,1,30,,1642,53,4,,1
1200000200,'9',742,,1643,53,4,,1,70,,1645,53,4,,1,30,,1646,53,4,,1,70,,1648,53,4,,1,30,,1649,53,4,,1,70,,1644,53,4,,1,30,,1650,53,4,,1,70,,1647,53,4,,1,30,,1651,53,4,,1,70,,1653,53,4,,1,30,,1652,53,4,,1,71,,1655,53,4,,1,30,,1656,53,4,,1,71,,1657,53,4,,1,30,,1658,53,4,,1,69,,1660,53,4,,1,30,,1654,53,4,,1,70,,1662,53,4,,1,30,,1661,53,4,,1,70,,1664,53,4,,1,30,,1663,53,4,,1,70,,1666,53,4,,1,27,,1667,53,4,,1,70,,1665,53,4,,1,30,,1659,53,4,,1
1200000300,'1',630,,1941,49,4,,1,19,,1943,49,4,,1,59,,1945,49,4,,1,11,,1947,49,4,,1,10,,1942,49,4,,1,16,,1950,49,4,,1,55,,1946,49,4,,1,15,,1952,49,4,,1,14,,1955,49,4,,1,15,,1944,49,4,,1,13,,1951,51,4,,1,53,,1956,51,4,,1,15,,1949,51,4,,1,15,,1954,51,4,,1,15,,1948,51,4,,1,60,,1953,51,4,,1,20,,1958,51,4,,1,20,,1960,51,4,,1,60,,1957,51,4,,1,20,,1962,51,4,,1,20,,1964,51,4,,1,62,,1966,51,4,,1,20,,1959,51,4,,1,20,,1961,51,4,,1,60,,1967,51,4,,1,16,,1963,51,4,,1,20,,1965,51,4,,1,62,,1969,51,4,,1,20,,1971,51,4,,1,18,,1973,51,4,,1,65,,1968,51,4,,1,31,,1976,53,4,,1,68,,1970,53,4,,1,29,,1972,53,4,,1,73,,1977,53,4,,1,28,,1975,53,4,,1,73,,1974,53,4,,1,21,,1979,51,4,,1,69,,1981,51,4,,1,21,,1978,51,4,,1,70,,1986,51,4,,1,32,,1980,51,4,,1,73,,1988,51,4,,1
1200000300,'3',628,,1991,49,4,,1,16,,1994,49,4,,1,14,,1996,49,4,,1,50,,2001,49,4,,1,10,,1992,49,4,,1,16,,2002,49,4,,1,14,,1998,49,4,,1,55,,2004,49,4,,1,15,,1997,49,4,,1,16,,1995,49,4,,1,20,,1993,51,4,,1,56,,2003,51,4,,1,26,,1999,51,4,,1,69,,2005,51,4,,1,30,,2006,51,4,,1,70,,2008,51,4,,1,30,,2000,51,4,,1,72,,2010,51,4,,1,30,,2007,51,4,,1,70,,2009,51,4,,1,26,,2011,51,4,,1,70,,2013,51,4,,1,32,,2015,51,4,,1,83,,2017,51,4,,1,31,,2012,53,4,,1,68,,2014,53,4,,1,29,,2016,53,4,,1,73,,2018,53,4,,1,28,,2019,53,4,,1,73,,2022,53,4,,1,21,,2023,51,4,,1,69,,2021,51,4,,1,21,,2020,51,4,,1,70,,2029,51,4,,1,32,,2024,51,4,,1,73,,2031,51,4,,1
1200000300,'4',630,,2034,49,4,,1,16,,2038,49,4,,1,54,,2040,49,4,,1,10,,2043,49,4,,1,10,,2036,49,4,,1,16,,2045,49,4,,1,14,,2042,49,4,,1,55,,2046,49,4,,1,15,,2041,49,4,,1,16,,2039,49,4,,1,21,,2037,51,4,,1,53,,2044,51,4,,1,26,,2035,51,4,,1,69,,2047,51,4,,1,30,,2048,51,4,,1,70,,2050,51,4,,1,30,,2052,51,4,,1,72,,2054,51,4,,1,30,,2049,51,4,,1,70,,2051,51,4,,1,26,,2053,51,4,,1,70,,2055,51,4,,1,32,,2057,51,4,,1,83,,2059,51,4,,1,31,,2060,53,4,,1,68,,2056,53,4,,1,29,,2058,53,4,,1,73,,2062,53,4,,1,28,,2061,53,4,,1,73,,2064,53,4,,1,21,,2065,51,4,,1,69,,2069,51,4,,1,21,,2063,51,4,,1,70,,2070,51,4,,1,32,,2066,51,4,,1,73,,2071,51,4,,1
1200000300,'6',659,,2077,51,4,,1,70,,2079,51,4,,1,30,,2084,51,4,,1,70,,2088,51,4,,1,72,,2082,51,4,,1,31,,2081,51,4,,1,69,,2086,51,4,,1,30,,2087,51,4,,1,71,,2078,51,4,,1,29,,2080,51,4,,1,71,,2085,51,4,,1,30,,2083,51,4,,1,69,,2089,51,4,,1,32,,2090,51,4,,1,71,,2092,51,4,,1,31,,2091,51,4,,1,69,,2094,51,4,,1,29,,2095,51,4,,1,70,,2096,51,4,,1,31,,2097,51,4,,1,68,,2098,51,4,,1,29,,2093,51,4,,1,70,,2100,51,4,,1,29,,2099,51,4,,1
1200000300,'9',729,,2108,51,4,,1,30,,2110,51,4,,1,70,,2113,51,4,,1,72,,2115,51,4,,1,31,,2109,51,4,,1,69,,2112,51,4,,1,30,,2114,51,4,,1,71,,2117,51,4,,1,29,,2118,51,4,,1,71,,2111,51,4,,1,30,,2119,51,4,,1,69,,2116,51,4,,1,32,,2120,51,4,,1,71,,2122,51,4,,1,31,,2121,51,4,,1,69,,2124,51,4,,1,29,,2125,51,4,,1,70,,2126,51,4,,1,31,,2127,51,4,,1,68,,2128,51,4,,1,29,,2123,51,4,,1,70,,2130,51,4,,1,29,,2129,51,4,,1
1200000400,'1',720,,2340,55,4,,1,18,,2341,55,4,,1,16,,2342,55,4,,1,56,,2339,55,4,,1
1200000400,'3',713,,2345,55,4,,1,16,,2343,55,4,,1,16,,2346,55,4,,1,56,,2344,55,4,,1
1200000400,'4',718,,2348,55,4,,1,18,,2349,55,4,,1,16,,2350,55,4,,1,56,,2347,55,4,,1
