3101,'1',608,,6012,39,0,8 1 32,2,30,,6014,39,0,8 1 32,2,68,,6013,71,0,8 1 32,2,32,,6011,71,0,8 1 32,2,103,,6015,71,0,8 1 32,2,105,,6016,71,0,8 1 32,2,99,,6017,71,0,8 1 32,2,100,,6018,71,0,8 1 32,2,106,,6019,71,0,8 1 32,2,102,,6020,71,0,8 1 32,2,101,,6021,71,0,8 1 32,2,100,,6022,71,0,8 1 32,2,97,,6023,71,0,8 1 32,2,71,,6026,71,0,8 1 32,2,31,,6027,71,0,8 1 32,2,71,,6024,71,0,8 1 32,2,33,,6028,71,0,8 1 32,2,64,,6025,71,0,8 1 32,2,36,,6029,71,0,8 1 32,2
3800,'1',810,,6171,40,,,2,103,,6172,40,,,2,99,,6173,40,,,2,102,,6174,40,,,2,115,,6175,40,,,2,102,,6176,40,,,2,102,,6177,40,,,2,106,,6178,40,,,2,119,,6179,40,,,2,72,,6180,40,,,2,174,,6181,40,,,2,96,,6182,40,,,2,56,,6183,40,,,2,100,,6184,40,,,2,98,,6185,40,,,2
3800,'2',738,,6186,40,,,2,101,,6187,40,,,2,103,,6188,40,,,2,101,,6189,40,,,2,102,,6190,40,,,2,156,,6191,40,,,2,102,,6192,40,,,2,101,,6193,40,,,2,100,,6194,40,,,2,102,,6195,40,,,2,99,,6196,40,,,2,54,,6197,40,,,2,96,,6198,40,,,2,100,,6199,40,,,2,97,,6200,40,,,2,101,,6201,40,,,2
3800,'3',839,,6202,40,,,2,103,,6203,40,,,2,101,,6204,40,,,2,102,,6205,40,,,2,156,,6206,40,,,2,102,,6207,40,,,2,101,,6208,40,,,2,100,,6209,40,,,2,102,,6210,40,,,2,99,,6211,40,,,2,54,,6212,40,,,2,96,,6213,40,,,2
3800,'71',808,,4794,40,,,2,105,,4795,40,,,2,98,,4796,40,,,2,102,,4797,40,,,2,113,,4798,40,,,2,102,,4799,40,,,2,102,,4800,40,,,2,109,,4801,47,,,2,115,,4802,40,,,2,95,,4803,40,,,2,152,,4804,40,,,2,57,,4805,40,,,2,96,,4806,40,,,2,101,,4807,40,,,2,99,,4808,40,,,2
3800,'72',742,,4809,40,,,2,100,,4810,40,,,2,102,,4811,40,,,2,100,,4812,40,,,2,101,,4813,40,,,2,111,,4814,40,,,2,100,,4815,40,,,2,102,,4816,40,,,2,100,,4817,40,,,2,100,,4818,40,,,2,98,,4819,40,,,2,100,,4820,40,,,2,98,,4822,40,,,2,99,,4823,40,,,2,99,,4824,40,,,2,100,,4821,40,,,2
3800,'73',842,,4825,40,,,2,102,,4826,40,,,2,100,,4827,40,,,2,101,,4828,40,,,2,111,,4829,40,,,2,100,,4830,40,,,2,102,,4831,40,,,2,100,,4832,40,,,2,100,,4833,40,,,2,98,,4834,40,,,2,100,,4835,40,,,2,147,,4836,40,,,2
3900,'1',636,,6215,23,0,32,2,80,,6216,23,0,32,2,31,,6214,23,0,32,2
31100,'15',744,,6300,49,,,2
31100,'84',744,,4945,49,,,2
35100,'15',728,,6307,36,,,2
35500,'12',818,,6308,36,,,2
38000,'1',1652,,6312,11,0,38,2,87,,6310,11,0,38,2,86,,6311,11,0,38,2
38000,'71',1656,,4961,11,,,2,82,,4960,11,,,2,79,,4959,11,,,2
38100,'15',731,,6316,41,,,2
38100,'84',731,,4965,41,,,2
38500,'12',823,,6317,28,,,2
38500,'82',823,,4967,28,,,2
5003801,'1',1725,,6398,71,,,2,89,,6397,71,,,2
5003801,'71',1724,,5053,71,,,2,89,,5052,71,,,2
2000003101,'2',711,,7719,40,0,8 1 32,2,102,,7720,72,0,8 1 32,2,101,,7721,72,0,8 1 32,2,101,,7722,72,0,8 1 32,2,101,,7723,72,0,8 1 32,2,101,,7724,72,0,8 1 32,2,101,,7725,72,0,8 1 32,2,215,,7726,72,0,8 1 32,2,101,,7727,72,0,8 1 32,2,101,,7728,72,0,8 1 32,2,96,,7729,72,0,8 1 32,2
2000003101,'3',813,,7731,40,0,8 1 32,2,101,,7732,72,0,8 1 32,2,101,,7733,72,0,8 1 32,2,101,,7734,72,0,8 1 32,2,101,,7735,72,0,8 1 32,2,101,,7736,72,0,8 1 32,2,215,,7737,72,0,8 1 32,2,101,,7738,72,0,8 1 32,2,101,,7739,72,0,8 1 32,2,96,,7740,72,0,8 1 32,2
