2300,'1',552,,5924,11,,,2,194,,5919,11,,,2,79,,5927,11,,,2,76,,5904,11,,,2,36,,5906,11,,,2,70,,5905,11,,,2,30,,5907,11,,,2,70,,5908,11,,,2,30,,5909,11,,,2,77,,5912,11,,,2,30,,5910,11,,,2,70,,5913,11,,,2,30,,5911,11,,,2,71,,5914,11,,,2,33,,5915,11,,,2,72,,5917,11,,,2,118,,5918,11,,,2,77,,5916,11,,,2,24,,5925,11,,,2,73,,5920,11,,,2,30,,5926,11,,,2,73,,5921,11,,,2,102,,5922,11,,,2,95,,5923,11,,,2
2300,'2',630,,5930,11,,,2,100,,5931,11,,,2,101,,5932,11,,,2,102,,5933,11,,,2,102,,5934,11,,,2,102,,5935,11,,,2,101,,5936,11,,,2,108,,5937,11,,,2,100,,5938,11,,,2,100,,5939,11,,,2,101,,5940,11,,,2,88,,5941,11,,,2
2300,'3',730,,5942,11,,,2,101,,5943,11,,,2,102,,5944,11,,,2,102,,5945,11,,,2,102,,5946,11,,,2,101,,5947,11,,,2,108,,5948,11,,,2,100,,5949,11,,,2,100,,5950,11,,,2,101,,5951,11,,,2,88,,5952,11,,,2
2300,'71',552,,4520,11,,,2,189,,4525,11,,,2,84,,4529,11,0,14 1 15,2,33,,4507,11,,,2,76,,4510,11,,,2,70,,4508,11,,,2,31,,4511,11,,,2,70,,4509,11,,,2,30,,4512,11,,,2,78,,4515,11,,,2,30,,4513,11,,,2,70,,4516,11,,,2,30,,4514,11,,,2,72,,4517,11,,,2,33,,4518,11,,,2,70,,4528,11,,,2,116,,4530,11,,,2,75,,4519,11,,,2,28,,4526,11,,,2,73,,4521,11,,,2,30,,4527,11,,,2,75,,4522,11,,,2,100,,4523,11,,,2,97,,4524,11,,,2
2300,'72',632,,4531,11,,,2,101,,4532,11,,,2,101,,4533,11,,,2,101,,4534,11,,,2,101,,4535,11,,,2,100,,4536,11,,,2,101,,4537,11,,,2,108,,4538,11,,,2,100,,4539,11,,,2,100,,4540,11,,,2,100,,4541,11,,,2,102,,4542,11,,,2
2300,'73',733,,4543,11,,,2,101,,4544,11,,,2,101,,4545,11,,,2,101,,4546,11,,,2,100,,4547,11,,,2,101,,4548,11,,,2,108,,4549,11,,,2,100,,4550,11,,,2,100,,4551,11,,,2,100,,4552,11,,,2,102,,4553,11,,,2
23100,'15',709,,6293,23,,,2
23100,'84',709,,4931,23,,,2
23101,'85',1549,,4932,70,,,2
23500,'12',757,,6295,34,,,2
23500,'82',757,,4935,34,,,2
23501,'83',1714,,4936,56,,,2
5002300,'1',617,,6378,11,,,2,25,,6379,11,,,2,69,,6380,11,,,2
5002300,'71',617,,5028,11,,,2,25,,5027,11,,,2,69,,5029,11,,,2
