3400,'1',610,,6032,12,,,2,114,,6033,14,,,2,79,,6031,12,,,2,752,,6037,12,,,2,104,,6034,14,,,2,68,,6035,14,,,2,92,,6036,14,,,2
3400,'13',837,,6038,14,0,24 1 15,2
3400,'71',610,,4634,12,,,2,114,,4635,14,,,2,77,,4636,12,,,2,36,,4633,14,0,24 1 15,2,677,,4637,3,,,2,41,,4638,12,,,2,91,,4639,14,,,2,82,,4640,14,,,2,89,,4641,14,,,2
3800,'71',1515,,4801,5,,,2
22101,'85',1512,,4924,5,,,2
22201,'85',1512,,4926,5,,,2
23101,'85',1512,,4932,5,,,2
23201,'85',1512,,4934,5,,,2
24101,'85',1511,,4938,5,,,2
24201,'85',1511,,4940,5,,,2
31101,'85',1514,,4946,5,,,2
32501,'83',1626,,4948,30,,,2
35101,'85',1514,,4954,5,,,2
38101,'85',1514,,4966,5,,,2
5003400,'1',633,,6388,12,,,2,22,,6387,12,,,2
5003400,'71',633,,5039,12,,,2,21,,5038,12,,,2
2000003400,'2',718,,7742,12,,,2,85,,7743,14,,,2,46,,7744,14,,,2,85,,7745,14,,,2,87,,7746,14,,,2,86,,7747,14,,,2,45,,7748,14,,,2,88,,7749,14,,,2,171,,7750,14,,,2,43,,7751,14,,,2,87,,7752,14,,,2,83,,7753,14,,,2,90,,7754,14,,,2,42,,7755,14,,,2,81,,7756,14,,,2
2000003400,'3',803,,7757,12,,,2,46,,7758,14,,,2,85,,7759,14,,,2,87,,7760,14,,,2,86,,7761,14,,,2,45,,7762,14,,,2,88,,7763,14,,,2,171,,7764,14,,,2,43,,7765,14,,,2,87,,7766,14,,,2,83,,7767,14,,,2,90,,7768,14,,,2,42,,7769,14,,,2,81,,7770,14,,,2
2000003400,'72',718,,5682,12,,,2,85,,5683,14,,,2,45,,5684,14,,,2,85,,5685,14,,,2,85,,5686,14,,,2,86,,5687,14,,,2,45,,5688,14,,,2,85,,5689,14,,,2,174,,5690,14,,,2,41,,5691,14,,,2,92,,5692,14,,,2,78,,5693,14,,,2,93,,5694,14,,,2,38,,5695,14,,,2,87,,5696,14,,,2
2000003400,'73',803,,5697,12,,,2,45,,5698,14,,,2,85,,5699,14,,,2,85,,5700,14,,,2,86,,5701,14,,,2,45,,5702,14,,,2,85,,5703,14,,,2,174,,5704,14,,,2,41,,5705,14,,,2,92,,5706,14,,,2,78,,5707,14,,,2,93,,5708,14,,,2,38,,5709,14,,,2,87,,5710,14,,,2
