1301,'71',648,,4409,13,,,2,82,,4410,13,,,2,73,,4408,13,,,2,807,,4413,13,,,2,15,,4411,13,,,2,80,,4414,13,,,2,30,,4412,13,,,2
11501,'83',1614,,4853,6,,,2
12501,'83',1609,,4857,6,,,2
12601,'83',1617,,4859,6,,,2
12701,'83',1608,,4861,6,,,2
13601,'83',1615,,4868,6,,,2
13801,'83',1610,,4871,6,,,2
15601,'83',1611,,4876,6,,,2
22501,'83',1617,,4928,6,,,2
23501,'83',1612,,4936,6,,,2
24501,'83',1613,,4942,6,,,2
24601,'83',1613,,4944,6,,,2
32501,'83',1609,,4948,6,,,2
34501,'83',1610,,4950,6,,,2
35501,'83',1614,,4956,6,,,2
37501,'83',1618,,4958,6,,,2
38501,'83',1617,,4968,6,,,2
