3400,'1',610,,6032,11,,,2,114,,6033,13,,,2,79,,6031,11,,,2,752,,6037,11,,,2,104,,6034,13,,,2,68,,6035,13,,,2,92,,6036,13,,,2
3400,'13',837,,6038,13,0,24 1 15,2
3400,'71',610,,4634,11,,,2,114,,4635,13,,,2,77,,4636,11,,,2,36,,4633,13,0,24 1 15,2,677,,4637,2,,,2,41,,4638,11,,,2,91,,4639,13,,,2,82,,4640,13,,,2,89,,4641,13,,,2
3800,'71',1514,,4801,4,,,2
22101,'85',1512,,4924,4,,,2
22201,'85',1512,,4926,4,,,2
23101,'85',1512,,4932,4,,,2
23201,'85',1512,,4934,4,,,2
24101,'85',1511,,4938,4,,,2
24201,'85',1511,,4940,4,,,2
31101,'85',1514,,4946,4,,,2
32501,'83',1626,,4948,29,,,2
35101,'85',1514,,4954,4,,,2
38101,'85',1514,,4966,4,,,2
5003400,'1',633,,6388,11,,,2,22,,6387,11,,,2
5003400,'71',633,,5039,11,,,2,21,,5038,11,,,2
2000003400,'2',718,,7742,11,,,2,85,,7743,13,,,2,46,,7744,13,,,2,85,,7745,13,,,2,87,,7746,13,,,2,86,,7747,13,,,2,45,,7748,13,,,2,88,,7749,13,,,2,171,,7750,13,,,2,43,,7751,13,,,2,87,,7752,13,,,2,83,,7753,13,,,2,90,,7754,13,,,2,42,,7755,13,,,2,81,,7756,13,,,2
2000003400,'3',803,,7757,11,,,2,46,,7758,13,,,2,85,,7759,13,,,2,87,,7760,13,,,2,86,,7761,13,,,2,45,,7762,13,,,2,88,,7763,13,,,2,171,,7764,13,,,2,43,,7765,13,,,2,87,,7766,13,,,2,83,,7767,13,,,2,90,,7768,13,,,2,42,,7769,13,,,2,81,,7770,13,,,2
2000003400,'72',718,,5682,11,,,2,85,,5683,13,,,2,45,,5684,13,,,2,85,,5685,13,,,2,85,,5686,13,,,2,86,,5687,13,,,2,45,,5688,13,,,2,85,,5689,13,,,2,174,,5690,13,,,2,41,,5691,13,,,2,92,,5692,13,,,2,78,,5693,13,,,2,93,,5694,13,,,2,38,,5695,13,,,2,87,,5696,13,,,2
2000003400,'73',803,,5697,11,,,2,45,,5698,13,,,2,85,,5699,13,,,2,85,,5700,13,,,2,86,,5701,13,,,2,45,,5702,13,,,2,85,,5703,13,,,2,174,,5704,13,,,2,41,,5705,13,,,2,92,,5706,13,,,2,78,,5707,13,,,2,93,,5708,13,,,2,38,,5709,13,,,2,87,,5710,13,,,2
