1100,'1',558,,5748,8,,,1,73,,5754,8,,,1,28,,5749,8,,,1,74,,5755,8,,,1,70,,5750,8,,,1,18,,5751,8,,,1,30,,5756,8,,,1,74,,5752,8,,,1,30,,5757,8,,,1,75,,5758,8,,,1,70,,5761,8,,,1,33,,5759,8,,,1,70,,5762,8,,,1,37,,5760,8,,,1,70,,5763,8,,,1,48,,5764,8,,,1,70,,5766,8,,,1,75,,5765,8,,,1,30,,5767,8,,,1,84,,5770,8,,,1,24,,5768,8,,,1,62,,5772,8,,,1,26,,5771,8,,,1,76,,5773,8,,,1,28,,5769,8,,,1,70,,5774,8,,,1,100,,5775,8,,,1,100,,5776,8,,,1,100,,5777,8,,,1,100,,5778,8,,,1
1100,'2',700,,5779,8,,,1,101,,5780,8,,,1,101,,5781,8,,,1,101,,5782,8,,,1,100,,5783,8,,,1,100,,5784,8,,,1,101,,5785,8,,,1,99,,5786,8,,,1,100,,5787,8,,,1,100,,5788,8,,,1,100,,5789,8,,,1,100,,5790,8,,,1,100,,5792,8,,,1,100,,5793,8,,,1,100,,5791,8,,,1,100,,5795,8,,,1,100,,5794,8,,,1
1100,'3',902,,5796,8,,,1,101,,5797,8,,,1,100,,5798,8,,,1,100,,5799,8,,,1,101,,5800,8,,,1,99,,5801,8,,,1,100,,5802,8,,,1,100,,5803,8,,,1,100,,5804,8,,,1,100,,5805,8,,,1
1100,'71',558,,4339,8,,,1,73,,4343,8,,,1,28,,4340,8,,,1,74,,4344,8,,,1,70,,4341,8,,,1,18,,4345,8,,,1,30,,4350,8,,,1,74,,4346,8,,,1,30,,4351,8,,,1,75,,4347,8,,,1,70,,4352,8,,,1,33,,4348,8,,,1,70,,4353,8,,,1,37,,4349,8,,,1,70,,4354,8,,,1,48,,4358,8,,,1,70,,4355,8,,,1,75,,4359,8,,,1,30,,4356,8,,,1,82,,4360,9,,,1,26,,4357,8,,,1,62,,4363,8,,,1,26,,4361,8,,,1,76,,4364,8,,,1,28,,4362,8,,,1,70,,4365,8,,,1,100,,4366,8,,,1,100,,4367,8,,,1,100,,4368,8,,,1,100,,4369,8,,,1
1100,'72',700,,4370,8,,,1,101,,4371,8,,,1,101,,4372,8,,,1,101,,4373,8,,,1,100,,4374,8,,,1,100,,4375,8,,,1,101,,4376,8,,,1,99,,4377,8,,,1,100,,4378,8,,,1,100,,4379,8,,,1,100,,4380,8,,,1,100,,4381,8,,,1,100,,4384,8,,,1,100,,4382,8,,,1,100,,4383,8,,,1,100,,4386,8,,,1,100,,4385,8,,,1
1100,'73',902,,4387,8,,,1,101,,4388,8,,,1,100,,4389,8,,,1,100,,4390,8,,,1,101,,4391,8,,,1,99,,4392,8,,,1,100,,4393,8,,,1,100,,4394,8,,,1,100,,4395,8,,,1,100,,4396,8,,,1
1500,'1',619,,5823,50,,,2,30,,5825,50,,,2,70,,5827,50,,,2,31,,5826,53,,,2,70,,5829,53,,,2
1500,'71',619,,4416,51,,,2,30,,4417,51,,,2,70,,4421,51,,,2,33,,4420,50,,,2,68,,4418,50,,,2,728,,4428,50,,,2,62,,4429,19,,,2,35,,4426,50,,,2,76,,4431,51,,,2,27,,4430,50,,,2
1600,'1',1542,,5851,34,,,2,68,,5854,19,,,2,33,,5850,37,,,2,77,,5852,37,,,2,25,,5855,37,,,2
11101,'85',1534,,4851,33,,,2
