2300,'1',553,,5924,12,,,2,194,,5919,12,,,2,79,,5927,12,,,2,76,,5904,12,,,2,36,,5906,12,,,2,70,,5905,12,,,2,30,,5907,12,,,2,70,,5908,12,,,2,30,,5909,12,,,2,77,,5912,12,,,2,30,,5910,12,,,2,70,,5913,12,,,2,30,,5911,12,,,2,71,,5914,12,,,2,33,,5915,12,,,2,72,,5917,12,,,2,118,,5918,12,,,2,77,,5916,12,,,2,24,,5925,12,,,2,73,,5920,12,,,2,30,,5926,12,,,2,73,,5921,12,,,2,102,,5922,12,,,2,95,,5923,12,,,2
2300,'2',630,,5930,12,,,2,100,,5931,12,,,2,101,,5932,12,,,2,102,,5933,12,,,2,102,,5934,12,,,2,102,,5935,12,,,2,101,,5936,12,,,2,108,,5937,12,,,2,100,,5938,12,,,2,100,,5939,12,,,2,101,,5940,12,,,2,88,,5941,12,,,2
2300,'3',730,,5942,12,,,2,101,,5943,12,,,2,102,,5944,12,,,2,102,,5945,12,,,2,102,,5946,12,,,2,101,,5947,12,,,2,108,,5948,12,,,2,100,,5949,12,,,2,100,,5950,12,,,2,101,,5951,12,,,2,88,,5952,12,,,2
2300,'71',553,,4520,12,,,2,189,,4525,12,,,2,84,,4529,12,0,14 1 15,2,33,,4507,12,,,2,76,,4510,12,,,2,70,,4508,12,,,2,31,,4511,12,,,2,70,,4509,12,,,2,30,,4512,12,,,2,78,,4515,12,,,2,30,,4513,12,,,2,70,,4516,12,,,2,30,,4514,12,,,2,72,,4517,12,,,2,33,,4518,12,,,2,70,,4528,12,,,2,116,,4530,12,,,2,75,,4519,12,,,2,28,,4526,12,,,2,73,,4521,12,,,2,30,,4527,12,,,2,75,,4522,12,,,2,100,,4523,12,,,2,97,,4524,12,,,2
2300,'72',632,,4531,12,,,2,101,,4532,12,,,2,101,,4533,12,,,2,101,,4534,12,,,2,101,,4535,12,,,2,100,,4536,12,,,2,101,,4537,12,,,2,108,,4538,12,,,2,100,,4539,12,,,2,100,,4540,12,,,2,100,,4541,12,,,2,102,,4542,12,,,2
2300,'73',733,,4543,12,,,2,101,,4544,12,,,2,101,,4545,12,,,2,101,,4546,12,,,2,100,,4547,12,,,2,101,,4548,12,,,2,108,,4549,12,,,2,100,,4550,12,,,2,100,,4551,12,,,2,100,,4552,12,,,2,102,,4553,12,,,2
23100,'15',710,,6293,24,,,2
23100,'84',710,,4931,24,,,2
23101,'85',1550,,4932,71,4,,2
23500,'12',758,,6295,35,,,2
23500,'82',758,,4935,35,,,2
23501,'83',1715,,4936,57,,,2
5002300,'1',617,,6378,12,,,2,25,,6379,12,,,2,69,,6380,12,,,2
5002300,'71',617,,5028,12,,,2,25,,5027,12,,,2,69,,5029,12,,,2
