905231701,'27',2317,,6491,87,4,,2,29,,6494,87,4,,2,70,,6489,87,4,,2,30,,6492,87,4,,2,70,,6490,87,4,,2,30,,6493,87,4,,2,70,,6495,87,4,,2
905231701,'28',2317,,6498,87,4,,2,29,,6501,87,4,,2,70,,6496,87,4,,2,30,,6499,87,4,,2,70,,6497,87,4,,2,30,,6500,87,4,,2,70,,6502,87,4,,2
905231701,'29',2317,,6505,87,4,,2,29,,6508,87,4,,2,70,,6503,87,4,,2,30,,6506,87,4,,2,70,,6504,87,4,,2,30,,6507,87,4,,2,70,,6509,87,4,,2
1200000101,'1',1625,,7148,91,,,1,32,,7149,91,,,1,71,,7150,91,,,1,30,,7151,91,,,1
1200000101,'71',1621,,5070,91,,,1,32,,5071,91,,,1,71,,5069,91,,,1,30,,5072,91,,,1
1200000301,'1',626,,7508,40,,,1,28,,7513,40,,,1,77,,7506,53,,,1,20,,7510,53,,,1,75,,7516,53,,,1,30,,7511,53,,,1,65,,7519,53,,,1,25,,7507,53,,,1,69,,7517,53,,,1,27,,7515,53,,,1,73,,7520,53,,,1,33,,7521,53,,,1,70,,7523,53,,,1,34,,7525,53,,,1,72,,7527,53,,,1,28,,7522,53,,,1,70,,7524,53,,,1,28,,7526,53,,,1,71,,7528,53,,,1,36,,7529,53,,,1,60,,7532,50,,,1,23,,7530,50,,,1,18,,7535,50,,,1,59,,7534,50,,,1,11,,7539,50,,,1,13,,7537,50,,,1,14,,7538,50,,,1,56,,7541,50,,,1,14,,7533,50,,,1,12,,7536,50,,,1,15,,7531,50,,,1,68,,7540,50,,,1,24,,7544,53,,,1,64,,7542,53,,,1,30,,7543,53,,,1,70,,7545,53,,,1,29,,7546,53,,,1,73,,7549,53,,,1,31,,7547,40,,,1,70,,7550,40,,,1,28,,7548,40,,,1,70,,7551,40,,,1,39,,7552,40,,,1
1200000301,'2',806,,7553,53,,,1,30,,7556,53,,,1,71,,7559,53,,,1,32,,7562,53,,,1,71,,7554,53,,,1,32,,7557,53,,,1,71,,7560,53,,,1,32,,7563,53,,,1,71,,7555,53,,,1,31,,7558,53,,,1,71,,7561,53,,,1,31,,7564,53,,,1,71,,7565,53,,,1,30,,7568,53,,,1,70,,7574,53,,,1,30,,7571,53,,,1,70,,7566,53,,,1,31,,7569,53,,,1,71,,7575,53,,,1,27,,7572,53,,,1,68,,7567,53,,,1,28,,7570,53,,,1,67,,7576,53,,,1,26,,7573,53,,,1,75,,7577,40,,,1,100,,7578,40,,,1,96,,7579,40,,,1,98,,7580,40,,,1,38,,7581,40,,,1,102,,7582,40,,,1
1200000301,'27',2240,,7584,43,,,1,70,,7587,43,,,1,30,,7589,43,,,1,83,,7585,43,,,1,28,,7588,43,,,1,70,,7583,43,,,1,30,,7586,43,,,1
1200000301,'28',2240,,7591,43,,,1,70,,7594,43,,,1,30,,7596,43,,,1,83,,7592,43,,,1,28,,7595,43,,,1,70,,7590,43,,,1,30,,7593,43,,,1
1200000301,'29',2240,,7598,43,,,1,70,,7601,43,,,1,30,,7603,43,,,1,83,,7599,43,,,1,28,,7602,43,,,1,70,,7597,43,,,1,30,,7600,43,,,1
1200000301,'3',836,,7604,53,,,1,71,,7606,53,,,1,32,,7612,53,,,1,71,,7609,53,,,1,32,,7605,53,,,1,71,,7607,53,,,1,32,,7613,53,,,1,71,,7610,53,,,1,31,,7614,53,,,1,71,,7608,53,,,1,31,,7616,53,,,1,71,,7611,53,,,1,30,,7615,53,,,1,70,,7618,53,,,1,30,,7617,53,,,1,70,,7621,53,,,1,31,,7623,53,,,1,71,,7619,53,,,1,27,,7627,53,,,1,68,,7622,53,,,1,28,,7624,53,,,1,67,,7620,53,,,1,26,,7628,53,,,1,75,,7625,40,,,1,121,,7626,40,,,1
1200000301,'71',626,,5456,40,,,1,28,,5460,40,,,1,78,,5454,53,,,1,20,,5458,53,,,1,77,,5466,53,,,1,28,,5463,53,,,1,66,,5469,53,,,1,26,,5455,53,,,1,69,,5465,53,,,1,27,,5467,53,,,1,76,,5470,53,,,1,20,,5471,53,,,1,60,,5473,53,,,1,20,,5475,53,,,1,24,,5476,53,,,1,60,,5478,53,,,1,21,,5480,53,,,1,19,,5472,53,,,1,60,,5474,53,,,1,20,,5481,53,,,1,18,,5477,53,,,1,60,,5479,53,,,1,20,,5483,53,,,1,25,,5484,53,,,1,53,,5485,50,,,1,16,,5486,50,,,1,23,,5482,50,,,1,18,,5494,50,,,1,59,,5490,50,,,1,11,,5493,50,,,1,13,,5488,50,,,1,14,,5487,50,,,1,56,,5497,50,,,1,16,,5496,50,,,1,10,,5495,50,,,1,17,,5492,50,,,1,51,,5489,50,,,1,15,,5491,50,,,1,22,,5498,53,,,1,67,,5499,53,,,1,30,,5501,53,,,1,70,,5500,53,,,1,29,,5502,53,,,1,73,,5505,53,,,1,30,,5503,40,,,1,70,,5506,40,,,1,28,,5504,40,,,1,70,,5507,40,,,1,39,,5508,40,,,1
1200000301,'72',807,,5511,53,,,1,30,,5510,53,,,1,71,,5514,53,,,1,30,,5515,53,,,1,71,,5516,53,,,1,31,,5509,53,,,1,72,,5513,53,,,1,30,,5512,53,,,1,70,,5517,53,,,1,30,,5518,53,,,1,71,,5520,53,,,1,31,,5519,53,,,1,71,,5522,53,,,1,30,,5523,53,,,1,71,,5524,53,,,1,30,,5525,53,,,1,69,,5526,53,,,1,31,,5521,53,,,1,72,,5528,53,,,1,29,,5527,53,,,1,67,,5530,53,,,1,28,,5529,53,,,1,69,,5531,53,,,1,24,,5535,53,,,1,78,,5532,40,,,1,100,,5533,40,,,1,96,,5534,40,,,1,99,,5536,40,,,1,38,,5537,40,,,1,102,,5538,40,,,1
1200000301,'73',837,,5539,53,,,1,71,,5541,53,,,1,30,,5542,53,,,1,71,,5543,53,,,1,31,,5544,53,,,1,72,,5540,53,,,1,30,,5545,53,,,1,70,,5547,53,,,1,30,,5546,53,,,1,71,,5549,53,,,1,31,,5548,53,,,1,71,,5551,53,,,1,30,,5552,53,,,1,71,,5553,53,,,1,30,,5554,53,,,1,69,,5555,53,,,1,31,,5550,53,,,1,72,,5557,53,,,1,29,,5556,53,,,1,67,,5559,53,,,1,28,,5558,53,,,1,69,,5560,53,,,1,24,,5563,53,,,1,78,,5561,40,,,1,121,,5562,40,,,1
2000002200,'1',607,,7709,9,0,18 19 20,2
2000002200,'71',607,,5649,9,0,18 19 20,2
