3400,'1',613,,6032,19,,,2,114,,6033,21,,,2,79,,6031,19,,,2,752,,6037,19,,,2,144,,6034,21,,,2,28,,6035,21,,,2,92,,6036,21,,,2
3400,'13',840,,6038,21,0,24 1 15,2
3400,'71',613,,4634,19,,,2,114,,4635,21,,,2,77,,4636,19,,,2,36,,4633,21,0,24 1 15,2,677,,4637,10,,,2,41,,4638,19,,,2,91,,4639,21,,,2,82,,4640,21,,,2,89,,4641,21,,,2
34501,'83',1638,,4950,38,,,2
5003400,'1',636,,6388,19,,,2,22,,6387,19,,,2
5003400,'71',636,,5039,19,,,2,21,,5038,19,,,2
2000003400,'2',721,,7742,19,,,2,85,,7743,21,,,2,46,,7744,21,,,2,85,,7745,21,,,2,87,,7746,21,,,2,86,,7747,21,,,2,45,,7748,21,,,2,88,,7749,21,,,2,171,,7750,21,,,2,43,,7751,21,,,2,87,,7752,21,,,2,83,,7753,21,,,2,90,,7754,21,,,2,42,,7755,21,,,2,81,,7756,21,,,2
2000003400,'3',806,,7757,19,,,2,46,,7758,21,,,2,85,,7759,21,,,2,87,,7760,21,,,2,86,,7761,21,,,2,45,,7762,21,,,2,88,,7763,21,,,2,171,,7764,21,,,2,43,,7765,21,,,2,87,,7766,21,,,2,83,,7767,21,,,2,90,,7768,21,,,2,42,,7769,21,,,2,81,,7770,21,,,2
2000003400,'72',721,,5682,19,,,2,85,,5683,21,,,2,45,,5684,21,,,2,85,,5685,21,,,2,85,,5686,21,,,2,86,,5687,21,,,2,45,,5688,21,,,2,85,,5689,21,,,2,174,,5690,21,,,2,41,,5691,21,,,2,92,,5692,21,,,2,78,,5693,21,,,2,93,,5694,21,,,2,38,,5695,21,,,2,87,,5696,21,,,2
2000003400,'73',806,,5697,19,,,2,45,,5698,21,,,2,85,,5699,21,,,2,85,,5700,21,,,2,86,,5701,21,,,2,45,,5702,21,,,2,85,,5703,21,,,2,174,,5704,21,,,2,41,,5705,21,,,2,92,,5706,21,,,2,78,,5707,21,,,2,93,,5708,21,,,2,38,,5709,21,,,2,87,,5710,21,,,2
