905231701,'27',2315,,6491,83,4,,2,29,,6494,83,4,,2,70,,6489,83,4,,2,30,,6492,83,4,,2,70,,6490,83,4,,2,30,,6493,83,4,,2,70,,6495,83,4,,2
905231701,'28',2315,,6498,83,4,,2,29,,6501,83,4,,2,70,,6496,83,4,,2,30,,6499,83,4,,2,70,,6497,83,4,,2,30,,6500,83,4,,2,70,,6502,83,4,,2
905231701,'29',2315,,6505,83,4,,2,29,,6508,83,4,,2,70,,6503,83,4,,2,30,,6506,83,4,,2,70,,6504,83,4,,2,30,,6507,83,4,,2,70,,6509,83,4,,2
1200000101,'1',1623,,7148,87,,,1,32,,7149,87,,,1,71,,7150,87,,,1,30,,7151,87,,,1
1200000101,'71',1619,,5070,87,,,1,32,,5071,87,,,1,71,,5069,87,,,1,30,,5072,87,,,1
1200000301,'1',624,,7508,36,,,1,28,,7513,36,,,1,77,,7506,49,,,1,20,,7510,49,,,1,75,,7516,49,,,1,30,,7511,49,,,1,65,,7519,49,,,1,25,,7507,49,,,1,69,,7517,49,,,1,27,,7515,49,,,1,73,,7520,49,,,1,33,,7521,49,,,1,70,,7523,49,,,1,34,,7525,49,,,1,72,,7527,49,,,1,28,,7522,49,,,1,70,,7524,49,,,1,28,,7526,49,,,1,71,,7528,49,,,1,36,,7529,49,,,1,60,,7532,46,,,1,23,,7530,46,,,1,18,,7535,46,,,1,59,,7534,46,,,1,11,,7539,46,,,1,13,,7537,46,,,1,14,,7538,46,,,1,56,,7541,46,,,1,14,,7533,46,,,1,12,,7536,46,,,1,15,,7531,46,,,1,68,,7540,46,,,1,24,,7544,49,,,1,64,,7542,49,,,1,30,,7543,49,,,1,70,,7545,49,,,1,29,,7546,49,,,1,73,,7549,49,,,1,31,,7547,36,,,1,70,,7550,36,,,1,28,,7548,36,,,1,70,,7551,36,,,1,39,,7552,36,,,1
1200000301,'2',804,,7553,49,,,1,30,,7556,49,,,1,71,,7559,49,,,1,32,,7562,49,,,1,71,,7554,49,,,1,32,,7557,49,,,1,71,,7560,49,,,1,32,,7563,49,,,1,71,,7555,49,,,1,31,,7558,49,,,1,71,,7561,49,,,1,31,,7564,49,,,1,71,,7565,49,,,1,30,,7568,49,,,1,70,,7574,49,,,1,30,,7571,49,,,1,70,,7566,49,,,1,31,,7569,49,,,1,71,,7575,49,,,1,27,,7572,49,,,1,68,,7567,49,,,1,28,,7570,49,,,1,67,,7576,49,,,1,26,,7573,49,,,1,75,,7577,36,,,1,100,,7578,36,,,1,96,,7579,36,,,1,98,,7580,36,,,1,38,,7581,36,,,1,102,,7582,36,,,1
1200000301,'27',2238,,7584,39,,,1,70,,7587,39,,,1,30,,7589,39,,,1,83,,7585,39,,,1,28,,7588,39,,,1,70,,7583,39,,,1,30,,7586,39,,,1
1200000301,'28',2238,,7591,39,,,1,70,,7594,39,,,1,30,,7596,39,,,1,83,,7592,39,,,1,28,,7595,39,,,1,70,,7590,39,,,1,30,,7593,39,,,1
1200000301,'29',2238,,7598,39,,,1,70,,7601,39,,,1,30,,7603,39,,,1,83,,7599,39,,,1,28,,7602,39,,,1,70,,7597,39,,,1,30,,7600,39,,,1
1200000301,'3',834,,7604,49,,,1,71,,7606,49,,,1,32,,7612,49,,,1,71,,7609,49,,,1,32,,7605,49,,,1,71,,7607,49,,,1,32,,7613,49,,,1,71,,7610,49,,,1,31,,7614,49,,,1,71,,7608,49,,,1,31,,7616,49,,,1,71,,7611,49,,,1,30,,7615,49,,,1,70,,7618,49,,,1,30,,7617,49,,,1,70,,7621,49,,,1,31,,7623,49,,,1,71,,7619,49,,,1,27,,7627,49,,,1,68,,7622,49,,,1,28,,7624,49,,,1,67,,7620,49,,,1,26,,7628,49,,,1,75,,7625,36,,,1,121,,7626,36,,,1
1200000301,'71',624,,5456,36,,,1,28,,5460,36,,,1,78,,5454,49,,,1,20,,5458,49,,,1,77,,5466,49,,,1,28,,5463,49,,,1,66,,5469,49,,,1,26,,5455,49,,,1,69,,5465,49,,,1,27,,5467,49,,,1,76,,5470,49,,,1,20,,5471,49,,,1,20,,5473,49,,,1,60,,5475,49,,,1,24,,5476,49,,,1,60,,5478,49,,,1,21,,5480,49,,,1,19,,5472,49,,,1,60,,5474,49,,,1,20,,5481,49,,,1,18,,5477,49,,,1,60,,5479,49,,,1,20,,5483,49,,,1,25,,5484,49,,,1,13,,5485,46,,,1,56,,5486,46,,,1,23,,5482,46,,,1,18,,5494,46,,,1,59,,5490,46,,,1,11,,5493,46,,,1,13,,5488,46,,,1,14,,5487,46,,,1,56,,5497,46,,,1,16,,5496,46,,,1,10,,5495,46,,,1,17,,5492,46,,,1,51,,5489,46,,,1,15,,5491,46,,,1,22,,5498,49,,,1,67,,5499,49,,,1,30,,5501,49,,,1,70,,5500,49,,,1,29,,5502,49,,,1,73,,5505,49,,,1,30,,5503,36,,,1,70,,5506,36,,,1,28,,5504,36,,,1,70,,5507,36,,,1,39,,5508,36,,,1
1200000301,'72',805,,5511,49,,,1,30,,5510,49,,,1,71,,5514,49,,,1,30,,5515,49,,,1,71,,5516,49,,,1,31,,5509,49,,,1,72,,5513,49,,,1,30,,5512,49,,,1,70,,5517,49,,,1,30,,5518,49,,,1,71,,5520,49,,,1,31,,5519,49,,,1,71,,5522,49,,,1,30,,5523,49,,,1,71,,5524,49,,,1,30,,5525,49,,,1,69,,5526,49,,,1,31,,5521,49,,,1,72,,5528,49,,,1,29,,5527,49,,,1,67,,5530,49,,,1,28,,5529,49,,,1,69,,5531,49,,,1,24,,5535,49,,,1,78,,5532,36,,,1,100,,5533,36,,,1,96,,5534,36,,,1,99,,5536,36,,,1,38,,5537,36,,,1,102,,5538,36,,,1
1200000301,'73',835,,5539,49,,,1,71,,5541,49,,,1,30,,5542,49,,,1,71,,5543,49,,,1,31,,5544,49,,,1,72,,5540,49,,,1,30,,5545,49,,,1,70,,5547,49,,,1,30,,5546,49,,,1,71,,5549,49,,,1,31,,5548,49,,,1,71,,5551,49,,,1,30,,5552,49,,,1,71,,5553,49,,,1,30,,5554,49,,,1,69,,5555,49,,,1,31,,5550,49,,,1,72,,5557,49,,,1,29,,5556,49,,,1,67,,5559,49,,,1,28,,5558,49,,,1,69,,5560,49,,,1,24,,5563,49,,,1,78,,5561,36,,,1,121,,5562,36,,,1
2000002200,'1',605,,7709,5,0,18 19 20,2
2000002200,'71',605,,5649,5,0,18 19 20,2
