905231701,'27',2314,,6491,80,4,,2,29,,6494,80,4,,2,70,,6489,80,4,,2,30,,6492,80,4,,2,70,,6490,80,4,,2,30,,6493,80,4,,2,70,,6495,80,4,,2
905231701,'28',2314,,6498,80,4,,2,29,,6501,80,4,,2,70,,6496,80,4,,2,30,,6499,80,4,,2,70,,6497,80,4,,2,30,,6500,80,4,,2,70,,6502,80,4,,2
905231701,'29',2314,,6505,80,4,,2,29,,6508,80,4,,2,70,,6503,80,4,,2,30,,6506,80,4,,2,70,,6504,80,4,,2,30,,6507,80,4,,2,70,,6509,80,4,,2
1200000101,'1',1621,,7148,84,,,1,32,,7149,84,,,1,71,,7150,84,,,1,30,,7151,84,,,1
1200000101,'71',1617,,5070,84,,,1,32,,5071,84,,,1,71,,5069,84,,,1,30,,5072,84,,,1
1200000301,'1',623,,7508,33,,,1,28,,7513,33,,,1,77,,7506,46,,,1,20,,7510,46,,,1,75,,7516,46,,,1,29,,7511,46,,,1,65,,7519,46,,,1,25,,7507,46,,,1,69,,7517,46,,,1,27,,7515,46,,,1,73,,7520,46,,,1,33,,7521,46,,,1,70,,7523,46,,,1,34,,7525,46,,,1,72,,7527,46,,,1,28,,7522,46,,,1,70,,7524,46,,,1,28,,7526,46,,,1,71,,7528,46,,,1,36,,7529,46,,,1,60,,7532,43,,,1,23,,7530,43,,,1,18,,7535,43,,,1,59,,7534,43,,,1,11,,7539,43,,,1,13,,7537,43,,,1,14,,7538,43,,,1,56,,7541,43,,,1,14,,7533,43,,,1,12,,7536,43,,,1,15,,7531,43,,,1,68,,7540,43,,,1,24,,7544,46,,,1,64,,7542,46,,,1,31,,7543,46,,,1,70,,7545,46,,,1,29,,7546,46,,,1,73,,7549,46,,,1,31,,7547,33,,,1,70,,7550,33,,,1,28,,7548,33,,,1,70,,7551,33,,,1,39,,7552,33,,,1
1200000301,'2',803,,7553,46,,,1,30,,7556,46,,,1,71,,7559,46,,,1,32,,7562,46,,,1,71,,7554,46,,,1,32,,7557,46,,,1,71,,7560,46,,,1,31,,7563,46,,,1,71,,7555,46,,,1,31,,7558,46,,,1,71,,7561,46,,,1,31,,7564,46,,,1,71,,7565,46,,,1,30,,7568,46,,,1,70,,7574,46,,,1,30,,7571,46,,,1,70,,7566,46,,,1,31,,7569,46,,,1,71,,7575,46,,,1,27,,7572,46,,,1,68,,7567,46,,,1,28,,7570,46,,,1,67,,7576,46,,,1,27,,7573,46,,,1,75,,7577,33,,,1,100,,7578,33,,,1,96,,7579,33,,,1,98,,7580,33,,,1,38,,7581,33,,,1,102,,7582,33,,,1
1200000301,'27',2237,,7584,36,,,1,70,,7587,36,,,1,30,,7589,36,,,1,83,,7585,36,,,1,28,,7588,36,,,1,70,,7583,36,,,1,30,,7586,36,,,1
1200000301,'28',2237,,7591,36,,,1,70,,7594,36,,,1,30,,7596,36,,,1,83,,7592,36,,,1,28,,7595,36,,,1,70,,7590,36,,,1,30,,7593,36,,,1
1200000301,'29',2237,,7598,36,,,1,70,,7601,36,,,1,30,,7603,36,,,1,83,,7599,36,,,1,28,,7602,36,,,1,70,,7597,36,,,1,30,,7600,36,,,1
1200000301,'3',833,,7604,46,,,1,71,,7606,46,,,1,32,,7612,46,,,1,71,,7609,46,,,1,32,,7605,46,,,1,71,,7607,46,,,1,31,,7613,46,,,1,71,,7610,46,,,1,31,,7614,46,,,1,71,,7608,46,,,1,31,,7616,46,,,1,71,,7611,46,,,1,30,,7615,46,,,1,70,,7618,46,,,1,30,,7617,46,,,1,70,,7621,46,,,1,31,,7623,46,,,1,71,,7619,46,,,1,27,,7627,46,,,1,68,,7622,46,,,1,28,,7624,46,,,1,67,,7620,46,,,1,27,,7628,46,,,1,75,,7625,33,,,1,121,,7626,33,,,1
1200000301,'71',623,,5456,33,,,1,28,,5460,33,,,1,78,,5454,46,,,1,20,,5458,46,,,1,77,,5466,46,,,1,27,,5463,46,,,1,66,,5469,46,,,1,26,,5455,46,,,1,69,,5465,46,,,1,27,,5467,46,,,1,76,,5470,46,,,1,20,,5471,46,,,1,20,,5473,46,,,1,60,,5475,46,,,1,24,,5476,46,,,1,60,,5478,46,,,1,21,,5480,46,,,1,19,,5472,46,,,1,60,,5474,46,,,1,20,,5481,46,,,1,18,,5477,46,,,1,20,,5479,46,,,1,60,,5483,46,,,1,25,,5484,46,,,1,13,,5485,43,,,1,56,,5486,43,,,1,23,,5482,43,,,1,18,,5494,43,,,1,59,,5490,43,,,1,11,,5493,43,,,1,13,,5488,43,,,1,14,,5487,43,,,1,56,,5497,43,,,1,16,,5496,43,,,1,10,,5495,43,,,1,17,,5492,43,,,1,51,,5489,43,,,1,15,,5491,43,,,1,22,,5498,46,,,1,67,,5499,46,,,1,31,,5501,46,,,1,70,,5500,46,,,1,29,,5502,46,,,1,73,,5505,46,,,1,30,,5503,33,,,1,70,,5506,33,,,1,28,,5504,33,,,1,70,,5507,33,,,1,39,,5508,33,,,1
1200000301,'72',804,,5511,46,,,1,30,,5510,46,,,1,71,,5514,46,,,1,30,,5515,46,,,1,71,,5516,46,,,1,31,,5509,46,,,1,72,,5513,46,,,1,30,,5512,46,,,1,70,,5517,46,,,1,30,,5518,46,,,1,71,,5520,46,,,1,30,,5519,46,,,1,71,,5522,46,,,1,30,,5523,46,,,1,71,,5524,46,,,1,30,,5525,46,,,1,69,,5526,46,,,1,31,,5521,46,,,1,72,,5528,46,,,1,29,,5527,46,,,1,68,,5530,46,,,1,28,,5529,46,,,1,69,,5531,46,,,1,24,,5535,46,,,1,78,,5532,33,,,1,100,,5533,33,,,1,96,,5534,33,,,1,99,,5536,33,,,1,38,,5537,33,,,1,102,,5538,33,,,1
1200000301,'73',834,,5539,46,,,1,71,,5541,46,,,1,30,,5542,46,,,1,71,,5543,46,,,1,31,,5544,46,,,1,72,,5540,46,,,1,30,,5545,46,,,1,70,,5547,46,,,1,30,,5546,46,,,1,71,,5549,46,,,1,30,,5548,46,,,1,71,,5551,46,,,1,30,,5552,46,,,1,71,,5553,46,,,1,30,,5554,46,,,1,69,,5555,46,,,1,31,,5550,46,,,1,72,,5557,46,,,1,29,,5556,46,,,1,68,,5559,46,,,1,28,,5558,46,,,1,69,,5560,46,,,1,24,,5563,46,,,1,78,,5561,33,,,1,121,,5562,33,,,1
2000002200,'1',604,,7709,2,0,18 19 20,2
2000002200,'71',604,,5649,2,0,18 19 20,2
