2301,'1',630,,5973,18,,,2,70,,5974,18,,,2,110,,5976,18,,,2,41,,5953,18,,,2,72,,5977,18,,,2,23,,5954,18,,,2,81,,5955,18,,,2,30,,5957,18,,,2,70,,5956,18,,,2,32,,5958,21,,,2,71,,5959,21,,,2,70,,5961,21,,,2,30,,5960,21,,,2,70,,5962,21,,,2,31,,5963,21,,,2,71,,5966,21,,,2,51,,5964,21,,,2,68,,5967,21,,,2,36,,5965,21,,,2,101,,5968,21,,,2,66,,5975,21,,,2,77,,5969,21,,,2,102,,5970,21,,,2,50,,5971,21,,,2,154,,5972,21,,,2
2301,'2',707,,5980,18,,,2,100,,5981,18,,,2,101,,5982,18,,,2,102,,5983,18,,,2,102,,5984,18,,,2,104,,5985,21,,,2,101,,5986,21,,,2,101,,5987,21,,,2,100,,5988,21,,,2,100,,5989,21,,,2,101,,5990,21,,,2,97,,5991,21,,,2
2301,'3',807,,5992,18,,,2,101,,5993,18,,,2,102,,5994,18,,,2,102,,5995,18,,,2,104,,5996,21,,,2,101,,5997,21,,,2,101,,5998,21,,,2,100,,5999,21,,,2,100,,6000,21,,,2,101,,6001,21,,,2,97,,6002,21,,,2
2301,'71',630,,4569,18,,,2,70,,4577,18,,,2,110,,4578,18,,,2,38,,4555,18,,,2,72,,4559,18,,,2,29,,4556,18,,,2,75,,4560,18,,,2,31,,4557,18,,,2,70,,4561,18,,,2,32,,4558,21,,,2,70,,4562,21,,,2,31,,4564,21,,,2,70,,4563,21,,,2,30,,4565,21,,,2,70,,4566,21,,,2,74,,4576,21,,,2,42,,4567,21,,,2,108,,4568,25,,,2,103,,4570,21,,,2,71,,4575,21,,,2,75,,4571,21,,,2,100,,4572,21,,,2,52,,4573,21,,,2,154,,4574,21,,,2
2301,'72',722,,4579,18,,,2,100,,4580,18,,,2,101,,4581,18,,,2,102,,4582,18,,,2,100,,4583,18,,,2,102,,4584,21,,,2,102,,4585,21,,,2,101,,4586,21,,,2,101,,4587,21,,,2,100,,4588,21,,,2,102,,4589,21,,,2,96,,4590,21,,,2
2301,'73',822,,4591,18,,,2,101,,4592,18,,,2,102,,4593,18,,,2,100,,4594,18,,,2,102,,4595,21,,,2,102,,4596,21,,,2,101,,4597,21,,,2,101,,4598,21,,,2,100,,4599,21,,,2,102,,4600,21,,,2,96,,4601,21,,,2
23101,'85',1530,,4932,32,,,2
23500,'12',746,,6295,6,,,2
23500,'82',746,,4935,6,,,2
23501,'83',1655,,4936,18,,,2
5002301,'1',1705,,6382,31,,,2,25,,6381,31,,,2
5002301,'71',1619,,5032,31,,,2,86,,5031,31,,,2,25,,5030,31,,,2
