3101,'1',604,,6012,32,0,8 1 32,2,30,,6014,32,0,8 1 32,2,67,,6013,64,0,8 1 32,2,32,,6011,64,0,8 1 32,2,104,,6015,64,0,8 1 32,2,105,,6016,64,0,8 1 32,2,99,,6017,64,0,8 1 32,2,100,,6018,64,0,8 1 32,2,106,,6019,64,0,8 1 32,2,102,,6020,64,0,8 1 32,2,101,,6021,64,0,8 1 32,2,100,,6022,64,0,8 1 32,2,97,,6023,64,0,8 1 32,2,71,,6026,64,0,8 1 32,2,31,,6027,64,0,8 1 32,2,71,,6024,64,0,8 1 32,2,33,,6028,64,0,8 1 32,2,64,,6025,64,0,8 1 32,2,36,,6029,64,0,8 1 32,2
3800,'1',806,,6171,33,,,2,103,,6172,33,,,2,99,,6173,33,,,2,102,,6174,33,,,2,115,,6175,33,,,2,102,,6176,33,,,2,102,,6177,33,,,2,106,,6178,33,,,2,119,,6179,33,,,2,72,,6180,33,,,2,174,,6181,33,,,2,56,,6182,33,,,2,96,,6183,33,,,2,100,,6184,33,,,2,98,,6185,33,,,2
3800,'2',734,,6186,33,,,2,101,,6187,33,,,2,103,,6188,33,,,2,101,,6189,33,,,2,102,,6190,33,,,2,116,,6191,33,,,2,102,,6192,33,,,2,141,,6193,33,,,2,100,,6194,33,,,2,102,,6195,33,,,2,99,,6196,33,,,2,54,,6197,33,,,2,96,,6198,33,,,2,100,,6199,33,,,2,97,,6200,33,,,2,101,,6201,33,,,2
3800,'3',835,,6202,33,,,2,103,,6203,33,,,2,101,,6204,33,,,2,102,,6205,33,,,2,116,,6206,33,,,2,102,,6207,33,,,2,141,,6208,33,,,2,100,,6209,33,,,2,102,,6210,33,,,2,99,,6211,33,,,2,54,,6212,33,,,2,96,,6213,33,,,2
3800,'71',804,,4794,33,,,2,105,,4795,33,,,2,98,,4796,33,,,2,102,,4797,33,,,2,113,,4798,33,,,2,102,,4799,33,,,2,102,,4800,33,,,2,109,,4801,40,,,2,115,,4802,33,,,2,95,,4803,33,,,2,112,,4804,33,,,2,97,,4805,33,,,2,96,,4806,33,,,2,101,,4807,33,,,2,99,,4808,33,,,2
3800,'72',738,,4809,33,,,2,100,,4810,33,,,2,102,,4811,33,,,2,100,,4812,33,,,2,101,,4813,33,,,2,111,,4814,33,,,2,100,,4815,33,,,2,102,,4816,33,,,2,100,,4817,33,,,2,100,,4818,33,,,2,98,,4819,33,,,2,100,,4820,33,,,2,98,,4822,33,,,2,99,,4823,33,,,2,99,,4824,33,,,2,100,,4821,33,,,2
3800,'73',838,,4825,33,,,2,102,,4826,33,,,2,100,,4827,33,,,2,101,,4828,33,,,2,111,,4829,33,,,2,100,,4830,33,,,2,102,,4831,33,,,2,100,,4832,33,,,2,100,,4833,33,,,2,98,,4834,33,,,2,100,,4835,33,,,2,107,,4836,33,,,2
31100,'15',738,,6300,39,,,2
31100,'84',738,,4945,39,,,2
38100,'15',718,,6316,25,,,2
38100,'84',718,,4965,25,,,2
38500,'12',809,,6317,11,,,2
38500,'82',809,,4967,11,,,2
5003801,'1',1721,,6398,64,,,2,89,,6397,64,,,2
5003801,'71',1720,,5053,64,,,2,89,,5052,64,,,2
2000003101,'2',707,,7719,33,0,8 1 32,2,102,,7720,65,0,8 1 32,2,101,,7721,65,0,8 1 32,2,101,,7722,65,0,8 1 32,2,101,,7723,65,0,8 1 32,2,101,,7724,65,0,8 1 32,2,101,,7725,65,0,8 1 32,2,215,,7726,65,0,8 1 32,2,101,,7727,65,0,8 1 32,2,101,,7728,65,0,8 1 32,2,96,,7729,65,0,8 1 32,2
2000003101,'3',809,,7731,33,0,8 1 32,2,101,,7732,65,0,8 1 32,2,101,,7733,65,0,8 1 32,2,101,,7734,65,0,8 1 32,2,101,,7735,65,0,8 1 32,2,101,,7736,65,0,8 1 32,2,215,,7737,65,0,8 1 32,2,101,,7738,65,0,8 1 32,2,101,,7739,65,0,8 1 32,2,96,,7740,65,0,8 1 32,2
