2300,'1',600,,5924,28,,,2,154,,5919,28,,,2,80,,5927,28,,,2,75,,5904,28,,,2,36,,5906,28,,,2,70,,5905,28,,,2,30,,5907,28,,,2,70,,5908,28,,,2,30,,5909,28,,,2
2300,'2',637,,5930,28,,,2,100,,5931,28,,,2,101,,5932,28,,,2,102,,5933,28,,,2,102,,5934,28,,,2,102,,5935,28,,,2,101,,5936,28,,,2
2300,'3',737,,5942,28,,,2,101,,5943,28,,,2,102,,5944,28,,,2,102,,5945,28,,,2,102,,5946,28,,,2,101,,5947,28,,,2
2300,'71',600,,4520,28,,,2,149,,4525,28,,,2,85,,4529,28,0,14 1 15,2,72,,4507,28,,,2,36,,4510,28,,,2,70,,4508,28,,,2,31,,4511,28,,,2,70,,4509,28,,,2,30,,4512,28,,,2
2300,'72',639,,4531,28,,,2,101,,4532,28,,,2,101,,4533,28,,,2,101,,4534,28,,,2,101,,4535,28,,,2,100,,4536,28,,,2,101,,4537,28,,,2
2300,'73',740,,4543,28,,,2,101,,4544,28,,,2,101,,4545,28,,,2,101,,4546,28,,,2,100,,4547,28,,,2,101,,4548,28,,,2
23100,'15',719,,6293,40,,,2
23100,'84',719,,4931,40,,,2
23500,'12',806,,6295,51,,,2
23500,'82',806,,4935,51,,,2
5002300,'1',626,,6378,28,,,2,25,,6379,28,,,2,69,,6380,28,,,2
5002300,'71',626,,5028,28,,,2,25,,5027,28,,,2,69,,5029,28,,,2
