2301,'1',626,,5973,12,,,2,30,,5974,12,,,2,150,,5976,12,,,2,41,,5953,12,,,2,72,,5977,12,,,2,23,,5954,12,,,2,81,,5955,12,,,2,30,,5957,12,,,2,70,,5956,12,,,2,30,,5958,12,,,2,71,,5959,12,,,2,30,,5961,12,,,2,70,,5960,12,,,2,30,,5962,12,,,2,71,,5963,12,,,2,31,,5966,12,,,2,91,,5964,12,,,2,67,,5967,12,,,2,35,,5965,12,,,2,102,,5968,12,,,2,67,,5975,12,,,2,37,,5969,12,,,2,102,,5970,12,,,2,90,,5971,12,,,2,154,,5972,12,,,2
2301,'14',1648,,5979,16,,,2
2301,'2',702,,5980,12,,,2,100,,5981,12,,,2,101,,5982,12,,,2,102,,5983,12,,,2,102,,5984,12,,,2,102,,5985,12,,,2,101,,5986,12,,,2,101,,5987,12,,,2,100,,5988,12,,,2,100,,5989,12,,,2,101,,5990,12,,,2,97,,5991,12,,,2
2301,'3',802,,5992,12,,,2,101,,5993,12,,,2,102,,5994,12,,,2,102,,5995,12,,,2,102,,5996,12,,,2,101,,5997,12,,,2,101,,5998,12,,,2,100,,5999,12,,,2,100,,6000,12,,,2,101,,6001,12,,,2,97,,6002,12,,,2
2301,'71',626,,4569,12,,,2,30,,4577,12,,,2,150,,4578,12,,,2,38,,4555,12,,,2,72,,4559,12,,,2,29,,4556,12,,,2,75,,4560,12,,,2,31,,4557,12,,,2,70,,4561,12,,,2,30,,4558,12,,,2,70,,4562,12,,,2,31,,4564,12,,,2,70,,4563,12,,,2,30,,4565,12,,,2,70,,4566,12,,,2,34,,4576,12,,,2,82,,4567,12,,,2,106,,4568,16,,,2,104,,4570,12,,,2,72,,4575,12,,,2,35,,4571,12,,,2,100,,4572,12,,,2,92,,4573,12,,,2,154,,4574,12,,,2
2301,'72',717,,4579,12,,,2,100,,4580,12,,,2,101,,4581,12,,,2,102,,4582,12,,,2,100,,4583,12,,,2,100,,4584,12,,,2,102,,4585,12,,,2,101,,4586,12,,,2,101,,4587,12,,,2,100,,4588,12,,,2,102,,4589,12,,,2,96,,4590,12,,,2
2301,'73',817,,4591,12,,,2,101,,4592,12,,,2,102,,4593,12,,,2,100,,4594,12,,,2,100,,4595,12,,,2,102,,4596,12,,,2,101,,4597,12,,,2,101,,4598,12,,,2,100,,4599,12,,,2,102,,4600,12,,,2,96,,4601,12,,,2
2301,'88',1644,,4602,16,,,2
22501,'83',1659,,4928,24,,,2
23501,'83',1647,,4936,9,,,2
5002301,'1',1658,,6382,22,,,2,65,,6381,22,,,2
5002301,'71',1612,,5032,22,,,2,46,,5031,22,,,2,65,,5030,22,,,2
