2300,'1',555,,5924,18,,,2,194,,5919,18,,,2,79,,5927,18,,,2,76,,5904,18,,,2,36,,5906,18,,,2,70,,5905,18,,,2,30,,5907,18,,,2,70,,5908,18,,,2,30,,5909,18,,,2,77,,5912,18,,,2,30,,5910,18,,,2,70,,5913,18,,,2,30,,5911,18,,,2,71,,5914,18,,,2,33,,5915,18,,,2,72,,5917,18,,,2,118,,5918,18,,,2,77,,5916,18,,,2,24,,5925,18,,,2,73,,5920,18,,,2,30,,5926,18,,,2,73,,5921,18,,,2,102,,5922,18,,,2,95,,5923,18,,,2
2300,'2',632,,5930,18,,,2,100,,5931,18,,,2,101,,5932,18,,,2,102,,5933,18,,,2,102,,5934,18,,,2,102,,5935,18,,,2,101,,5936,18,,,2,108,,5937,18,,,2,100,,5938,18,,,2,100,,5939,18,,,2,101,,5940,18,,,2,88,,5941,18,,,2
2300,'3',732,,5942,18,,,2,101,,5943,18,,,2,102,,5944,18,,,2,102,,5945,18,,,2,102,,5946,18,,,2,101,,5947,18,,,2,108,,5948,18,,,2,100,,5949,18,,,2,100,,5950,18,,,2,101,,5951,18,,,2,88,,5952,18,,,2
2300,'71',555,,4520,18,,,2,189,,4525,18,,,2,84,,4529,18,0,14 1 15,2,73,,4507,18,,,2,36,,4510,18,,,2,70,,4508,18,,,2,31,,4511,18,,,2,70,,4509,18,,,2,30,,4512,18,,,2,78,,4515,18,,,2,30,,4513,18,,,2,70,,4516,18,,,2,30,,4514,18,,,2,72,,4517,18,,,2,33,,4518,18,,,2,70,,4528,18,,,2,116,,4530,18,,,2,75,,4519,18,,,2,28,,4526,18,,,2,73,,4521,18,,,2,30,,4527,18,,,2,75,,4522,18,,,2,100,,4523,18,,,2,97,,4524,18,,,2
2300,'72',634,,4531,18,,,2,101,,4532,18,,,2,101,,4533,18,,,2,101,,4534,18,,,2,101,,4535,18,,,2,100,,4536,18,,,2,101,,4537,18,,,2,108,,4538,18,,,2,100,,4539,18,,,2,100,,4540,18,,,2,100,,4541,18,,,2,102,,4542,18,,,2
2300,'73',735,,4543,18,,,2,101,,4544,18,,,2,101,,4545,18,,,2,101,,4546,18,,,2,100,,4547,18,,,2,101,,4548,18,,,2,108,,4549,18,,,2,100,,4550,18,,,2,100,,4551,18,,,2,100,,4552,18,,,2,102,,4553,18,,,2
23100,'15',714,,6293,30,,,2
23100,'84',714,,4931,30,,,2
23500,'12',800,,6295,41,,,2
23500,'82',800,,4935,41,,,2
23501,'83',1717,,4936,63,,,2
5002300,'1',620,,6378,18,,,2,25,,6379,18,,,2,69,,6380,18,,,2
5002300,'71',620,,5028,18,,,2,25,,5027,18,,,2,69,,5029,18,,,2
