3401,'1',631,,6039,8,,,2,27,,6040,8,,,2,90,,6041,8,,,2,795,,6042,8,,,2,88,,6043,8,,,2,99,,6044,8,,,2,26,,6045,8,,,2,86,,6046,8,,,2,68,,6047,8,,,2
3401,'14',1645,,6048,12,,,2
3401,'71',631,,4642,8,,,2,27,,4644,8,,,2,90,,4643,8,,,2,803,,4646,8,,,2,91,,4645,12,,,2,72,,4649,8,,,2,39,,4650,8,,,2,87,,4651,8,,,2,66,,4648,8,,,2
34500,'12',806,,6305,7,,,2
34500,'82',806,,4949,7,,,2
5003401,'1',1653,,6389,20,,,2
5003401,'71',1653,,5040,20,,,2
2000003401,'2',745,,7771,8,,,2,85,,7772,8,,,2,85,,7773,8,,,2,85,,7774,8,,,2,49,,7775,8,,,2,85,,7776,8,,,2,88,,7777,8,,,2,81,,7778,8,,,2,134,,7779,8,,,2,86,,7780,8,,,2,84,,7781,8,,,2,48,,7782,8,,,2,84,,7783,8,,,2,81,,7784,8,,,2,82,,7785,8,,,2
2000003401,'3',830,,7786,8,,,2,85,,7787,8,,,2,85,,7788,8,,,2,49,,7789,8,,,2,85,,7790,8,,,2,88,,7791,8,,,2,81,,7792,8,,,2,134,,7793,8,,,2,86,,7794,8,,,2,84,,7795,8,,,2,48,,7796,8,,,2,84,,7797,8,,,2,81,,7798,8,,,2,82,,7799,8,,,2
2000003401,'72',745,,5711,8,,,2,85,,5712,8,,,2,84,,5713,8,,,2,45,,5714,8,,,2,87,,5715,8,,,2,85,,5716,8,,,2,85,,5717,8,,,2,85,,5718,8,,,2,130,,5719,8,,,2,92,,5720,8,,,2,79,,5721,8,,,2,53,,5722,8,,,2,77,,5723,8,,,2,88,,5724,8,,,2,37,,5725,8,,,2
2000003401,'73',830,,5726,8,,,2,84,,5727,8,,,2,45,,5728,8,,,2,87,,5729,8,,,2,85,,5730,8,,,2,85,,5731,8,,,2,85,,5732,8,,,2,130,,5733,8,,,2,92,,5734,8,,,2,79,,5735,8,,,2,53,,5736,8,,,2,77,,5737,8,,,2,88,,5738,8,,,2,37,,5739,8,,,2
