20000,'1',849,,1044,10,,,2,66,,1043,10,,,2,28,,1042,10,,,2,70,,1041,10,,,2
20000,'3',834,,1050,10,,,2,76,,1049,10,,,2
20000,'4',838,,1055,10,,,2,76,,1054,10,,,2
5002301,'1',1551,,1319,10,,,2,77,,1317,10,,,2,26,,1316,10,,,2,159,,1318,10,,,2
5002301,'2',1620,,1322,10,,,2,29,,1320,10,,,2,164,,1321,10,,,2
5002401,'1',1552,,1330,10,,,2,77,,1328,10,,,2,26,,1329,10,,,2
5002401,'2',1621,,1331,10,,,2,29,,1332,10,,,2
5003401,'1',1624,,1339,10,,,2
5003401,'3',1613,,1340,10,,,2
5003401,'4',1618,,1341,10,,,2
5003601,'1',1542,,1350,10,,,2,82,,1348,10,,,2,24,,1349,10,,,2
5003601,'3',1615,,1351,10,,,2,27,,1352,10,,,2
5003601,'4',1618,,1353,10,,,2,24,,1354,10,,,2
5003701,'1',1544,,1365,10,,,2,105,,1364,10,,,2,160,,1366,10,,,2
5003701,'3',1642,,1367,10,,,2
5003701,'4',1643,,1368,10,,,2,164,,1369,10,,,2
5003801,'1',1625,,1371,10,,,2,91,,1370,10,,,2
5003801,'3',1614,,1373,10,,,2,93,,1372,10,,,2
5003801,'4',1619,,1375,10,,,2,91,,1374,10,,,2
1200000201,'1',627,,1672,10,,,1,15,,1671,10,,,1,16,,1674,10,,,1,58,,1676,10,,,1,12,,1670,10,,,1,10,,1683,10,,,1,17,,1673,10,,,1,58,,1689,10,,,1,17,,1669,10,,,1,14,,1679,10,,,1,15,,1691,10,,,1,51,,1686,10,,,1,13,,1681,10,,,1,13,,1692,10,,,1,16,,1677,10,,,1,52,,1695,10,,,1,17,,1688,10,,,1,18,,1690,10,,,1,14,,1696,10,,,1,55,,1694,10,,,1,15,,1698,10,,,1,15,,1700,10,,,1,15,,1693,10,,,1,56,,1701,10,,,1,15,,1702,10,,,1,15,,1703,10,,,1,15,,1704,10,,,1,55,,1706,10,,,1,16,,1697,10,,,1,15,,1699,10,,,1,15,,1709,10,,,1,55,,1710,10,,,1,14,,1712,10,,,1,15,,1708,10,,,1,16,,1713,10,,,1,52,,1714,10,,,1,12,,1705,10,,,1,17,,1707,10,,,1,16,,1715,10,,,1,54,,1716,10,,,1,21,,1718,10,,,1,8,,1720,10,,,1,14,,1711,10,,,1,53,,1723,10,,,1,15,,1726,10,,,1,12,,1727,10,,,1,13,,1731,10,,,1,14,,1734,10,,,1,54,,1719,10,,,1,7,,1717,10,,,1,8,,1732,10,,,1,13,,1733,10,,,1,14,,1722,10,,,1,53,,1721,10,,,1,14,,1728,10,,,1,14,,1724,10,,,1,20,,1729,10,,,1,70,,1736,10,,,1,32,,1730,10,,,1,76,,1738,10,,,1,69,,1740,10,,,1,29,,1737,10,,,1,26,,1735,10,,,1,72,,1739,10,,,1,83,,1741,10,,,1
1200000201,'21',1545,,1745,10,,,1,14,,1746,10,,,1
1200000201,'3',624,,1751,10,,,1,15,,1749,10,,,1,15,,1753,10,,,1,57,,1756,10,,,1,17,,1759,10,,,1,16,,1762,10,,,1,56,,1764,10,,,1,17,,1748,10,,,1,14,,1766,10,,,1,15,,1752,10,,,1,54,,1750,10,,,1,14,,1754,10,,,1,17,,1757,10,,,1,18,,1760,10,,,1,53,,1763,10,,,1,34,,1767,10,,,1,69,,1769,10,,,1,30,,1771,10,,,1,71,,1772,10,,,1,30,,1773,10,,,1,70,,1768,10,,,1,31,,1770,10,,,1,70,,1774,10,,,1,28,,1776,10,,,1,65,,1781,10,,,1,12,,1778,10,,,1,13,,1779,10,,,1,16,,1783,10,,,1,14,,1785,10,,,1,61,,1787,10,,,1,8,,1789,10,,,1,14,,1775,10,,,1,15,,1790,10,,,1,55,,1777,10,,,1,14,,1792,10,,,1,15,,1782,10,,,1,15,,1780,10,,,1,55,,1784,10,,,1,14,,1786,10,,,1,14,,1788,10,,,1,68,,1795,10,,,1,29,,1794,10,,,1,20,,1791,10,,,1,70,,1797,10,,,1,32,,1793,10,,,1,77,,1799,10,,,1,28,,1801,10,,,1,69,,1798,10,,,1,27,,1796,10,,,1,72,,1800,10,,,1,83,,1802,10,,,1
1200000201,'4',625,,1806,10,,,1,15,,1805,10,,,1,15,,1810,10,,,1,58,,1809,10,,,1,18,,1813,10,,,1,16,,1818,10,,,1,56,,1822,10,,,1,16,,1804,10,,,1,15,,1824,10,,,1,15,,1807,10,,,1,54,,1816,10,,,1,14,,1821,10,,,1,15,,1811,10,,,1,18,,1814,10,,,1,52,,1819,10,,,1,17,,1825,10,0,5 6 7,1,18,,1827,10,,,1,14,,1831,10,0,5 6 7,1,55,,1829,10,,,1,15,,1834,10,0,5 6 7,1,15,,1833,10,,,1,15,,1837,10,0,5 6 7,1,56,,1836,10,,,1,15,,1826,10,0,5 6 7,1,14,,1838,10,,,1,16,,1832,10,0,5 6 7,1,54,,1828,10,,,1,16,,1835,10,0,5 6 7,1,15,,1830,10,,,1,15,,1842,10,0,5 6 7,1,55,,1840,10,,,1,14,,1843,10,,,1,15,,1845,10,,,1,16,,1839,10,,,1,51,,1851,10,,,1,11,,1847,10,,,1,14,,1849,10,,,1,17,,1853,10,,,1,55,,1855,10,,,1,20,,1857,10,,,1,9,,1858,10,,,1,14,,1841,10,,,1,13,,1844,10,,,1,55,,1846,10,,,1,13,,1861,10,,,1,15,,1852,10,,,1,15,,1848,10,,,1,54,,1850,10,,,1,7,,1859,10,,,1,8,,1854,10,,,1,14,,1856,10,,,1,14,,1866,10,,,1,53,,1865,10,,,1,28,,1862,10,,,1,20,,1860,10,,,1,70,,1867,10,,,1,32,,1863,10,,,1,77,,1869,10,,,1,69,,1871,10,,,1,29,,1868,10,,,1,26,,1864,10,,,1,72,,1870,10,,,1,83,,1872,10,,,1
1200000201,'6',651,,1875,10,,,1,70,,1873,10,,,1,30,,1876,10,,,1,71,,1882,10,,,1,30,,1887,10,,,1,72,,1880,10,,,1,31,,1879,10,,,1,68,,1885,10,,,1,30,,1886,10,,,1,71,,1874,10,,,1,29,,1877,10,,,1,72,,1883,10,,,1,30,,1881,10,,,1,69,,1888,10,,,1,32,,1889,10,,,1,71,,1891,10,,,1,31,,1890,10,,,1,69,,1893,10,,,1,29,,1894,10,,,1,72,,1895,10,,,1,31,,1896,10,,,1,68,,1897,10,,,1,29,,1892,10,,,1,68,,1899,10,,,1,28,,1898,10,,,1,80,,1907,10,,,1,69,,1905,10,,,1,30,,1900,10,,,1,28,,1908,10,,,1,69,,1903,10,,,1,30,,1902,10,,,1,70,,1909,10,,,1,29,,1901,10,,,1,73,,1904,10,,,1,80,,1906,10,,,1
1200000201,'7',2031,,1910,10,,,1,28,,1911,10,,,1
1200000201,'9',751,,1912,10,,,1,71,,1915,10,,,1,30,,1919,10,,,1,72,,1922,10,,,1,31,,1914,10,,,1,68,,1918,10,,,1,30,,1921,10,,,1,71,,1925,10,,,1,29,,1926,10,,,1,72,,1916,10,,,1,30,,1927,10,,,1,69,,1923,10,,,1,32,,1928,10,,,1,71,,1930,10,,,1,31,,1929,10,,,1,69,,1932,10,,,1,29,,1933,10,,,1,72,,1934,10,,,1,31,,1935,10,,,1,68,,1937,10,,,1,29,,1931,10,,,1,68,,1939,10,,,1,28,,1938,10,,,1,80,,1940,10,,,1,69,,1936,10,,,1
1200000301,'1',653,,2133,10,,,1,59,,2136,10,,,1,35,,2143,10,,,1,71,,2142,10,,,1,26,,2145,10,,,1,66,,2137,10,,,1,26,,2148,10,,,1,70,,2147,10,,,1,36,,2146,10,,,1,60,,2150,10,,,1,20,,2152,10,,,1,20,,2149,10,,,1,60,,2154,10,,,1,21,,2156,10,,,1,22,,2158,10,,,1,60,,2151,10,,,1,20,,2153,10,,,1,20,,2159,10,,,1,56,,2155,10,,,1,20,,2157,10,,,1,22,,2161,10,,,1,62,,2162,10,,,1,15,,2163,10,,,1,17,,2164,10,,,1,16,,2160,10,,,1,58,,2173,10,,,1,19,,2169,10,,,1,11,,2172,10,,,1,15,,2166,10,,,1,56,,2165,10,,,1,17,,2175,10,,,1,16,,2174,10,,,1,13,,2168,10,,,1,48,,2170,10,,,1,8,,2176,10,,,1,15,,2167,10,,,1,16,,2171,10,,,1,59,,2177,10,,,1,28,,2178,10,,,1,71,,2183,10,,,1,30,,2184,10,,,1,70,,2179,10,,,1,34,,2185,10,,,1
1200000301,'3',651,,2188,10,,,1,56,,2191,10,,,1,27,,2199,10,,,1,70,,2196,10,,,1,25,,2202,10,,,1,29,,2192,10,,,1,76,,2201,10,,,1,66,,2197,10,,,1,29,,2203,10,,,1,30,,2204,10,,,1,70,,2206,10,,,1,30,,2198,10,,,1,73,,2208,10,,,1,70,,2205,10,,,1,30,,2207,10,,,1,26,,2209,10,,,1,70,,2210,10,,,1,72,,2211,10,,,1,28,,2214,10,,,1,16,,2212,10,,,1,57,,2216,10,,,1,19,,2219,10,,,1,13,,2221,10,,,1,16,,2215,10,,,1,57,,2213,10,,,1,18,,2217,10,,,1,17,,2218,10,,,1,15,,2222,10,,,1,55,,2220,10,,,1,32,,2224,10,,,1,60,,2225,10,,,1,28,,2223,10,,,1,71,,2230,10,,,1,30,,2231,10,,,1,70,,2226,10,,,1,35,,2232,10,,,1
1200000301,'4',653,,2235,10,,,1,56,,2239,10,,,1,28,,2244,10,,,1,76,,2246,10,,,1,19,,2248,10,,,1,70,,2240,10,,,1,33,,2245,10,,,1,65,,2236,10,,,1,30,,2249,10,,,1,70,,2250,10,,,1,30,,2252,10,,,1,71,,2254,10,,,1,32,,2256,10,,,1,70,,2251,10,,,1,30,,2253,10,,,1,26,,2255,10,,,1,70,,2257,10,,,1,73,,2258,10,,,1,14,,2261,10,,,1,14,,2263,10,,,1,17,,2259,10,,,1,58,,2265,10,,,1,19,,2267,10,,,1,13,,2269,10,,,1,14,,2262,10,,,1,56,,2264,10,,,1,18,,2260,10,,,1,17,,2266,10,,,1,15,,2268,10,,,1,48,,2275,10,,,1,7,,2270,10,,,1,32,,2271,10,,,1,59,,2272,10,,,1,28,,2277,10,,,1,71,,2273,10,,,1,30,,2274,10,,,1,70,,2276,10,,,1,35,,2278,10,,,1
1200000301,'6',732,,2287,10,,,1,71,,2286,10,,,1,31,,2290,10,,,1,70,,2291,10,,,1,30,,2284,10,,,1,70,,2285,10,,,1,30,,2289,10,,,1,70,,2288,10,,,1,30,,2292,10,,,1,71,,2293,10,,,1,30,,2295,10,,,1,70,,2294,10,,,1,31,,2297,10,,,1,70,,2298,10,,,1,31,,2299,10,,,1,70,,2300,10,,,1,29,,2301,10,,,1,70,,2296,10,,,1,32,,2303,10,,,1,70,,2302,10,,,1,30,,2305,10,,,1,68,,2304,10,,,1,29,,2309,10,,,1,24,,2306,10,,,1
1200000301,'9',803,,2315,10,,,1,31,,2317,10,,,1,70,,2318,10,,,1,30,,2320,10,,,1,70,,2321,10,,,1,30,,2316,10,,,1,70,,2322,10,,,1,30,,2319,10,,,1,71,,2323,10,,,1,30,,2325,10,,,1,70,,2324,10,,,1,31,,2327,10,,,1,70,,2328,10,,,1,31,,2329,10,,,1,70,,2330,10,,,1,29,,2331,10,,,1,70,,2326,10,,,1,32,,2333,10,,,1,70,,2332,10,,,1,30,,2335,10,,,1,68,,2334,10,,,1,29,,2336,10,,,1,24,,2338,10,,,1
1200000401,'1',1631,,2355,10,,,1,28,,2354,10,,,1,63,,2358,10,,,1
1200000401,'3',1620,,2366,10,,,1,28,,2363,10,,,1,67,,2364,10,,,1
1200000401,'4',1624,,2373,10,,,1,29,,2375,10,,,1,64,,2376,10,,,1
