1500,'71',554,,4416,14,,,2,68,,4417,14,,,2,29,,4421,14,,,2,72,,4420,13,,,2,28,,4418,13,,,2,81,,4422,14,0,10 11,2,112,,4419,13,0,12 13,2,115,,4423,13,0,12 13,2,156,,4424,13,0,12 13,2,30,,4425,13,0,12 13,2,157,,4427,13,0,12 13,2,116,,4428,13,,,2,96,,4426,13,,,2,37,,4431,14,,,2,68,,4430,13,,,2,100,,4432,13,0,12 13,2,111,,4433,13,0,12 13,2,104,,4434,13,0,12 13,2
1500,'87',831,,4435,3,0,10 11,2
1501,'1',1225,,5834,26,0,41,2,103,,5835,26,0,41,2,95,,5836,26,0,41,2,77,,5839,26,0,41,2,52,,5837,43,,,2,84,,5840,43,,,2,21,,5842,43,,,2,74,,5838,43,0,41,2,28,,5841,43,,,2,77,,5844,26,0,41,2,73,,5845,26,0,41,2,102,,5846,26,0,41,2,112,,5843,26,0,41,2,81,,5847,26,0,41,2
13100,'15',709,,6233,14,,,2
13100,'84',709,,4864,14,,,2
15500,'12',822,,6239,3,,,2
15500,'82',822,,4874,3,,,2
2000001500,'72',731,,5607,14,,,2,101,,5608,13,,,2,103,,5609,13,,,2,100,,5610,13,,,2,102,,5611,13,,,2,100,,5612,13,,,2,190,,5613,14,,,2,99,,5614,13,,,2,95,,5615,13,,,2,108,,5616,13,,,2,98,,5617,13,,,2
2000001500,'73',832,,5618,14,,,2,103,,5619,13,,,2,100,,5620,13,,,2,102,,5621,13,,,2,100,,5622,13,,,2,190,,5623,14,,,2,99,,5624,13,,,2,95,,5625,13,,,2,108,,5626,13,,,2,98,,5627,13,,,2
2000001501,'2',814,,7688,26,,,2,101,,7689,26,,,2,100,,7690,26,,,2,102,,7691,26,,,2,101,,7692,26,,,2,102,,7693,26,,,2,201,,7694,26,,,2,101,,7695,26,,,2,103,,7696,26,,,2,96,,7697,26,,,2,93,,7698,26,,,2
2000001501,'3',915,,7699,26,,,2,100,,7700,26,,,2,102,,7701,26,,,2,101,,7702,26,,,2,102,,7703,26,,,2,201,,7704,26,,,2,101,,7705,26,,,2,103,,7706,26,,,2,96,,7707,26,,,2,93,,7708,26,,,2
