3401,'71',635,,4642,19,,,2,67,,4644,19,,,2,51,,4643,19,,,2,802,,4646,19,,,2,92,,4645,23,,,2,71,,4649,19,,,2,39,,4650,19,,,2,87,,4651,19,,,2,66,,4648,19,,,2
3701,'71',749,,4749,49,,,2
22100,'84',737,,4923,36,,,2
22200,'84',737,,4925,32,,,2
23100,'84',744,,4931,69,,,2
23200,'84',735,,4933,28,,,2
24100,'84',738,,4937,18,4,,2
24200,'84',736,,4939,20,4,,2
31100,'84',755,,4945,59,,,2
38100,'84',740,,4965,51,,,2
5003401,'71',1658,,5040,31,,,2
2000003401,'72',749,,5711,19,,,2,85,,5712,19,,,2,84,,5713,19,,,2,85,,5714,19,,,2,47,,5715,19,,,2,85,,5716,19,,,2,85,,5717,19,,,2,85,,5718,19,,,2,130,,5719,19,,,2,92,,5720,19,,,2,79,,5721,19,,,2,53,,5722,19,,,2,77,,5723,19,,,2,88,,5724,19,,,2,77,,5725,19,,,2
2000003401,'73',834,,5726,19,,,2,84,,5727,19,,,2,85,,5728,19,,,2,47,,5729,19,,,2,85,,5730,19,,,2,85,,5731,19,,,2,85,,5732,19,,,2,130,,5733,19,,,2,92,,5734,19,,,2,79,,5735,19,,,2,53,,5736,19,,,2,77,,5737,19,,,2,88,,5738,19,,,2,77,,5739,19,,,2
