2301,'1',630,,5973,17,,,2,70,,5974,17,,,2,110,,5976,17,,,2,41,,5953,17,,,2,72,,5977,17,,,2,23,,5954,17,,,2,81,,5955,17,,,2,30,,5957,17,,,2,70,,5956,17,,,2
2301,'2',707,,5980,17,,,2,100,,5981,17,,,2,101,,5982,17,,,2,102,,5983,17,,,2,102,,5984,17,,,2
2301,'3',807,,5992,17,,,2,101,,5993,17,,,2,102,,5994,17,,,2,102,,5995,17,,,2
2301,'71',630,,4569,17,,,2,70,,4577,17,,,2,110,,4578,17,,,2,38,,4555,17,,,2,72,,4559,17,,,2,29,,4556,17,,,2,75,,4560,17,,,2,31,,4557,17,,,2,70,,4561,17,,,2
2301,'72',722,,4579,17,,,2,100,,4580,17,,,2,101,,4581,17,,,2,102,,4582,17,,,2,100,,4583,17,,,2
2301,'73',822,,4591,17,,,2,101,,4592,17,,,2,102,,4593,17,,,2,100,,4594,17,,,2
22200,'15',714,,6289,3,,,2
22200,'84',714,,4925,3,,,2
22201,'85',1532,,4926,31,,,2
23101,'85',1530,,4932,31,,,2
23500,'12',745,,6295,5,,,2
23500,'82',745,,4935,5,,,2
