3401,'1',636,,6039,20,,,2,67,,6040,20,,,2,51,,6041,20,,,2,794,,6042,20,,,2,89,,6043,20,,,2,98,,6044,20,,,2,66,,6045,20,,,2,46,,6046,20,,,2,68,,6047,20,,,2
3401,'14',1651,,6048,24,,,2
3401,'71',636,,4642,20,,,2,67,,4644,20,,,2,51,,4643,20,,,2,802,,4646,20,,,2,92,,4645,24,,,2,71,,4649,20,,,2,39,,4650,20,,,2,87,,4651,20,,,2,66,,4648,20,,,2
3701,'1',750,,6124,50,,,2
3701,'71',750,,4749,50,,,2
22100,'15',738,,6288,37,,,2
22100,'84',738,,4923,37,,,2
22200,'15',738,,6289,33,,,2
22200,'84',738,,4925,33,,,2
23100,'15',745,,6293,70,,,2
23100,'84',745,,4931,70,,,2
23200,'84',736,,4933,29,,,2
24100,'15',739,,6296,19,4,,2
24100,'84',739,,4937,19,4,,2
24200,'15',737,,6297,21,4,,2
24200,'84',737,,4939,21,4,,2
31100,'15',756,,6300,60,,,2
31100,'84',756,,4945,60,,,2
35100,'15',738,,6307,48,,,2
38100,'15',742,,6316,52,,,2
38100,'84',741,,4965,52,,,2
5003401,'1',1659,,6389,32,,,2
5003401,'71',1659,,5040,32,,,2
2000003401,'2',749,,7771,20,,,2,85,,7772,20,,,2,85,,7773,20,,,2,85,,7774,20,,,2,49,,7775,20,,,2,85,,7776,20,,,2,88,,7777,20,,,2,81,,7778,20,,,2,134,,7779,20,,,2,86,,7780,20,,,2,84,,7781,20,,,2,48,,7782,20,,,2,84,,7783,20,,,2,81,,7784,20,,,2,82,,7785,20,,,2
2000003401,'3',834,,7786,20,,,2,85,,7787,20,,,2,85,,7788,20,,,2,49,,7789,20,,,2,85,,7790,20,,,2,88,,7791,20,,,2,81,,7792,20,,,2,134,,7793,20,,,2,86,,7794,20,,,2,84,,7795,20,,,2,48,,7796,20,,,2,84,,7797,20,,,2,81,,7798,20,,,2,82,,7799,20,,,2
2000003401,'72',749,,5711,20,,,2,85,,5712,20,,,2,84,,5713,20,,,2,85,,5714,20,,,2,47,,5715,20,,,2,85,,5716,20,,,2,85,,5717,20,,,2,85,,5718,20,,,2,130,,5719,20,,,2,92,,5720,20,,,2,79,,5721,20,,,2,53,,5722,20,,,2,77,,5723,20,,,2,88,,5724,20,,,2,77,,5725,20,,,2
2000003401,'73',834,,5726,20,,,2,84,,5727,20,,,2,85,,5728,20,,,2,47,,5729,20,,,2,85,,5730,20,,,2,85,,5731,20,,,2,85,,5732,20,,,2,130,,5733,20,,,2,92,,5734,20,,,2,79,,5735,20,,,2,53,,5736,20,,,2,77,,5737,20,,,2,88,,5738,20,,,2,77,,5739,20,,,2
