2301,'1',635,,5973,32,,,2,70,,5974,32,,,2,110,,5976,32,,,2,41,,5953,32,,,2,72,,5977,32,,,2,23,,5954,32,,,2,81,,5955,32,,,2,70,,5957,32,,,2,30,,5956,32,,,2,76,,5958,45,,,2,31,,5959,45,,,2,70,,5961,45,,,2,30,,5960,45,,,2,70,,5962,45,,,2,31,,5963,45,,,2,71,,5966,45,,,2,91,,5964,45,,,2,28,,5967,45,,,2,76,,5965,45,,,2,101,,5968,45,,,2,26,,5975,45,,,2,77,,5969,45,,,2,102,,5970,45,,,2,90,,5971,45,,,2,114,,5972,45,,,2
2301,'2',712,,5980,32,,,2,100,,5981,32,,,2,101,,5982,32,,,2,102,,5983,32,,,2,102,,5984,32,,,2,108,,5985,45,,,2,101,,5986,45,,,2,101,,5987,45,,,2,100,,5988,45,,,2,100,,5989,45,,,2,101,,5990,45,,,2,97,,5991,45,,,2
2301,'3',812,,5992,32,,,2,101,,5993,32,,,2,102,,5994,32,,,2,102,,5995,32,,,2,108,,5996,45,,,2,101,,5997,45,,,2,101,,5998,45,,,2,100,,5999,45,,,2,100,,6000,45,,,2,101,,6001,45,,,2,97,,6002,45,,,2
2301,'71',635,,4569,32,,,2,70,,4577,32,,,2,110,,4578,32,,,2,38,,4555,32,,,2,72,,4559,32,,,2,29,,4556,32,,,2,75,,4560,32,,,2,71,,4557,32,,,2,30,,4561,32,,,2,76,,4558,45,,,2,30,,4562,45,,,2,71,,4564,45,,,2,30,,4563,45,,,2,70,,4565,45,,,2,30,,4566,45,,,2,74,,4576,45,,,2,42,,4567,45,,,2,148,,4568,49,,,2,103,,4570,45,,,2,31,,4575,45,,,2,75,,4571,45,,,2,100,,4572,45,,,2,92,,4573,45,,,2,114,,4574,45,,,2
2301,'72',727,,4579,32,,,2,100,,4580,32,,,2,101,,4581,32,,,2,102,,4582,32,,,2,100,,4583,32,,,2,106,,4584,45,,,2,102,,4585,45,,,2,101,,4586,45,,,2,101,,4587,45,,,2,100,,4588,45,,,2,102,,4589,45,,,2,96,,4590,45,,,2
2301,'73',827,,4591,32,,,2,101,,4592,32,,,2,102,,4593,32,,,2,100,,4594,32,,,2,106,,4595,45,,,2,102,,4596,45,,,2,101,,4597,45,,,2,101,,4598,45,,,2,100,,4599,45,,,2,102,,4600,45,,,2,96,,4601,45,,,2
23100,'15',703,,6293,9,,,2
23100,'84',703,,4931,9,,,2
23101,'85',1542,,4932,56,,,2
23500,'12',751,,6295,20,,,2
23500,'82',751,,4935,20,,,2
23501,'83',1708,,4936,42,,,2
5002301,'1',1715,,6382,55,,,2,24,,6381,55,,,2
5002301,'71',1629,,5032,55,,,2,86,,5031,55,,,2,24,,5030,55,,,2
