3401,'1',640,,6039,29,,,2,67,,6040,29,,,2,97,,6041,30,,,2,748,,6042,29,,,2,90,,6043,29,,,2,97,,6044,29,,,2,66,,6045,29,,,2,46,,6046,29,,,2,68,,6047,29,,,2
3401,'14',1656,,6048,33,,,2
3401,'71',640,,4642,29,,,2,67,,4644,29,,,2,97,,4643,30,,,2,796,,4646,29,,,2,53,,4645,33,,,2,70,,4649,29,,,2,79,,4650,29,,,2,47,,4651,29,,,2,66,,4648,29,,,2
13100,'15',749,,6233,69,,,2
13100,'84',749,,4864,69,,,2
34501,'83',1629,,4950,25,,,2
5003401,'1',1704,,6389,41,,,2
5003401,'71',1704,,5040,41,,,2
2000003401,'2',753,,7771,29,,,2,85,,7772,29,,,2,85,,7773,29,,,2,85,,7774,29,,,2,49,,7775,29,,,2,85,,7776,29,,,2,88,,7777,29,,,2,81,,7778,29,,,2,134,,7779,29,,,2,86,,7780,29,,,2,84,,7781,29,,,2,88,,7782,29,,,2,44,,7783,29,,,2,81,,7784,29,,,2,82,,7785,29,,,2
2000003401,'3',838,,7786,29,,,2,85,,7787,29,,,2,85,,7788,29,,,2,49,,7789,29,,,2,85,,7790,29,,,2,88,,7791,29,,,2,81,,7792,29,,,2,134,,7793,29,,,2,86,,7794,29,,,2,84,,7795,29,,,2,88,,7796,29,,,2,44,,7797,29,,,2,81,,7798,29,,,2,82,,7799,29,,,2
2000003401,'72',753,,5711,29,,,2,85,,5712,29,,,2,84,,5713,29,,,2,85,,5714,29,,,2,47,,5715,29,,,2,85,,5716,29,,,2,85,,5717,29,,,2,85,,5718,29,,,2,130,,5719,29,,,2,92,,5720,29,,,2,79,,5721,29,,,2,93,,5722,29,,,2,37,,5723,29,,,2,88,,5724,29,,,2,77,,5725,29,,,2
2000003401,'73',838,,5726,29,,,2,84,,5727,29,,,2,85,,5728,29,,,2,47,,5729,29,,,2,85,,5730,29,,,2,85,,5731,29,,,2,85,,5732,29,,,2,130,,5733,29,,,2,92,,5734,29,,,2,79,,5735,29,,,2,93,,5736,29,,,2,37,,5737,29,,,2,88,,5738,29,,,2,77,,5739,29,,,2
