2300,'1',558,,5924,25,,,2,194,,5919,25,,,2,79,,5927,25,,,2,76,,5904,25,,,2,36,,5906,25,,,2,70,,5905,25,,,2,30,,5907,25,,,2,70,,5908,25,,,2,30,,5909,25,,,2
2300,'2',635,,5930,25,,,2,100,,5931,25,,,2,101,,5932,25,,,2,102,,5933,25,,,2,102,,5934,25,,,2,102,,5935,25,,,2,101,,5936,25,,,2
2300,'3',735,,5942,25,,,2,101,,5943,25,,,2,102,,5944,25,,,2,102,,5945,25,,,2,102,,5946,25,,,2,101,,5947,25,,,2
2300,'71',558,,4520,25,,,2,189,,4525,25,,,2,84,,4529,25,0,14 1 15,2,73,,4507,25,,,2,36,,4510,25,,,2,70,,4508,25,,,2,31,,4511,25,,,2,70,,4509,25,,,2,30,,4512,25,,,2
2300,'72',637,,4531,25,,,2,101,,4532,25,,,2,101,,4533,25,,,2,101,,4534,25,,,2,101,,4535,25,,,2,100,,4536,25,,,2,101,,4537,25,,,2
2300,'73',738,,4543,25,,,2,101,,4544,25,,,2,101,,4545,25,,,2,101,,4546,25,,,2,100,,4547,25,,,2,101,,4548,25,,,2
23100,'15',716,,6293,37,,,2
23100,'84',716,,4931,37,,,2
23500,'12',803,,6295,48,,,2
23500,'82',803,,4935,48,,,2
5002300,'1',623,,6378,25,,,2,25,,6379,25,,,2,69,,6380,25,,,2
5002300,'71',623,,5028,25,,,2,25,,5027,25,,,2,69,,5029,25,,,2
