3501,'1',541,,6049,4,,,2,94,,6050,6,,,2,82,,6051,6,,,2,98,,6052,6,,,2,44,,6053,6,,,2,79,,6054,6,,,2,85,,6055,6,,,2,85,,6056,6,,,2,46,,6057,6,,,2,85,,6058,6,,,2,85,,6059,6,,,2,85,,6060,6,,,2,45,,6061,6,,,2,98,,6062,6,,,2,84,,6064,6,,,2,82,,6065,6,,,2,82,,6066,6,,,2,44,,6067,6,,,2,74,,6063,6,,,2,39,,6068,6,,,2,66,,6069,6,,,2,31,,6070,6,,,2,67,,6071,6,,,2,38,,6072,6,,,2,70,,6073,6,,,2,28,,6074,6,,,2,65,,6075,6,,,2
3501,'2',702,,6076,6,,,2,30,,6077,6,,,2,70,,6078,6,,,2,30,,6079,6,,,2,69,,6080,6,,,2,33,,6081,6,,,2,86,,6082,6,,,2,85,,6083,6,,,2,47,,6084,6,,,2,87,,6085,6,,,2,89,,6086,6,,,2,85,,6088,6,,,2,46,,6089,6,,,2,85,,6090,6,,,2,85,,6091,6,,,2,84,,6092,6,,,2,43,,6087,6,,,2,82,,6093,6,,,2,78,,6094,6,,,2,85,,6095,6,,,2,30,,6096,6,,,2,28,,6097,6,,,2,68,,6098,6,,,2,30,,6099,6,,,2,70,,6100,6,,,2,28,,6101,6,,,2,65,,6102,6,,,2
3501,'3',832,,6103,6,,,2,69,,6104,6,,,2,33,,6105,6,,,2,86,,6106,6,,,2,85,,6107,6,,,2,47,,6108,6,,,2,87,,6109,6,,,2,89,,6110,6,,,2,85,,6111,6,,,2,46,,6112,6,,,2,85,,6114,6,,,2,85,,6115,6,,,2,84,,6116,6,,,2,43,,6117,6,,,2,82,,6118,6,,,2,78,,6119,6,,,2,85,,6113,6,,,2
3501,'71',544,,4652,4,,,2,96,,4653,6,,,2,70,,4654,6,,,2,110,,4658,6,,,2,80,,4655,6,,,2,40,,4656,6,,,2,97,,4659,6,,,2,102,,4660,6,,,2,98,,4657,6,,,2,101,,4662,6,,,2,102,,4661,6,,,2,113,,4663,6,,,2,73,,4664,6,,,2,76,,4665,6,,,2,34,,4666,6,,,2,104,,4667,6,,,2,90,,4670,6,,,2,92,,4671,6,,,2,98,,4672,6,,,2,108,,4668,6,,,2,93,,4669,6,,,2
3501,'72',655,,4673,6,,,2,100,,4674,6,,,2,101,,4675,6,,,2,100,,4676,6,,,2,100,,4677,6,,,2,101,,4678,6,,,2,146,,4679,6,,,2,102,,4680,6,,,2,101,,4681,6,,,2,100,,4682,6,,,2,52,,4683,6,,,2,97,,4684,6,,,2,96,,4685,6,,,2,150,,4686,6,,,2,58,,4687,6,,,2,98,,4688,6,,,2,98,,4689,6,,,2
3501,'73',856,,4690,6,,,2,100,,4691,6,,,2,100,,4692,6,,,2,101,,4693,6,,,2,146,,4694,6,,,2,102,,4695,6,,,2,101,,4696,6,,,2,100,,4697,6,,,2,52,,4698,6,,,2,97,,4699,6,,,2,96,,4700,6,,,2,103,,4701,6,,,2
35100,'15',702,,6307,3,,,2
35100,'84',707,,4953,3,,,2
35101,'85',1533,,4954,27,,,2
35500,'12',754,,6308,3,,,2
35500,'82',800,,4955,3,,,2
35501,'83',1646,,4956,37,,,2
