2200,'1',603,,5864,15,,,2,27,,5873,53,,,2,22,,5865,15,,,2,70,,5877,15,,,2,26,,5879,53,,,2,83,,5878,15,,,2,88,,5874,15,,,2,109,,5866,15,,,2,100,,5867,15,,,2,100,,5868,15,,,2,100,,5870,15,,,2,102,,5871,15,,,2,103,,5880,1,,,2,25,,5872,1,,,2,153,2,5869,1,,,2,29,,5875,1,,,2,100,2,5876,1,,,2
2200,'71',603,,4456,15,,,2,27,,4471,53,,,2,22,,4457,15,,,2,70,,4472,15,,,2,26,,4474,53,,,2,83,,4473,15,0,14 1 15,2,88,,4458,15,,,2,35,,4460,15,,,2,72,,4459,15,,,2,32,,4461,15,,,2,70,,4465,15,,,2,30,,4462,15,,,2,71,,4466,15,,,2,30,,4463,15,,,2,70,,4475,15,,,2,30,,4464,15,,,2,69,,4476,15,,,2,74,,4469,15,,,2,31,,4467,1,,,2,25,,4470,1,,,2,148,2,4468,1,,,2,34,5,4477,1,,,2,100,,4478,1,,,2
2201,'1',1533,,5900,45,4,,2,80,,5891,45,4,,2,96,,5888,45,4,,2,30,,5895,45,4,,2,70,,5889,45,4,,2,29,,5896,45,4,,2,67,,5901,45,4,,2,24,,5897,45,4,,2
2201,'14',1709,,5903,49,4,,2
2201,'71',1533,,4491,47,4,,2,25,,4493,47,4,,2,55,,4500,47,4,,2,91,,4501,51,4,,2,31,,4502,47,4,,2,74,,4492,47,4,,2,31,,4503,47,4,,2,65,,4505,47,4,,2,24,,4504,47,4,,2
2201,'88',1704,,4506,51,4,,2
21000,'1',1100,,6255,20,0,38,2,33,,6256,20,0,38,2,584,,6258,20,0,38,2,30,,6260,20,0,38,2,68,,6259,20,0,38,2,41,,6257,20,0,38,2,172,,6261,20,0,38,2
21000,'2',1235,,6262,20,0,38,2,71,,6263,20,0,38,2,31,,6264,20,0,38,2,71,,6265,20,0,38,2,496,,6266,20,0,38,2,53,,6267,20,0,38,2
21000,'3',1204,,6269,20,0,38,2,133,,6268,20,0,38,2,172,,6270,20,0,38,2,100,,6271,20,0,38,2
21000,'71',1103,,4899,18,,,2,36,,4900,18,,,2,205,,4902,18,,,2,79,,4901,18,,,2,277,,4903,18,,,2,18,,4907,18,,,2,29,,4905,18,,,2,67,,4904,18,,,2,42,,4906,18,,,2,172,,4908,18,,,2
21001,'1',544,,6272,9,,,2,69,,6273,9,,,2,16,,6274,9,,,2,22,,6275,9,,,2,1369,,6276,9,,,2
21001,'2',623,,6277,9,,,2,30,,6278,9,,,2,70,,6279,9,,,2,31,,6280,9,,,2,475,,6281,9,,,2,30,,6282,9,,,2,468,,6283,9,,,2
21001,'3',653,,6284,9,,,2,70,,6285,9,,,2,31,,6286,9,,,2,404,,6287,9,,,2
21001,'71',544,,4909,12,,,2,69,,4910,12,,,2,16,,4911,12,,,2,22,,4912,12,,,2,355,,4913,12,,,2,122,,4914,12,,,2,892,,4915,12,,,2
21001,'72',611,,4916,12,,,2,30,,4917,12,,,2,70,,4918,12,,,2,30,,4919,12,,,2
21001,'73',641,,4920,12,,,2,70,,4921,12,,,2,30,,4922,12,,,2
22100,'15',712,,6288,15,,,2
22100,'84',712,,4923,15,,,2
22101,'85',1548,,4924,43,4,,2
22500,'12',819,,6290,29,,,2
22500,'82',819,,4927,29,,,2
22501,'83',1657,,4928,21,,,2
22900,'13',847,,6291,15,,,2
22900,'87',847,,4929,15,,,2
22901,'14',1646,,6292,22,4,,2
22901,'88',1646,,4930,22,4,,2
2000002200,'1',644,,7709,62,0,18 19 20,2,90,,7711,34,0,18 19 20,2,100,,7713,34,0,18 19 20,2
2000002200,'71',644,,5649,62,0,18 19 20,2,90,,5651,34,0,18 19 20,2,100,,5653,34,0,18 19 20,2
