22101,'85',1517,,4924,12,,,2
22201,'85',1518,,4926,12,,,2
23101,'85',1517,,4932,12,,,2
23201,'85',1517,,4934,12,,,2
35501,'83',1639,,4956,31,,,2
5003700,'1',702,,6395,57,,,2,36,,6394,57,,,2
5003700,'71',642,,5046,64,,,2,59,,5047,57,,,2,34,,5048,57,,,2
5004200,'11',707,,6399,24,,,2
5004200,'81',706,,5054,24,,,2
905231701,'27',2255,,6491,46,4,,2,69,,6494,46,4,,2,30,,6489,46,4,,2,70,,6492,46,4,,2,30,,6490,46,4,,2,70,,6493,46,4,,2,30,,6495,46,4,,2
905231701,'28',2255,,6498,46,4,,2,69,,6501,46,4,,2,30,,6496,46,4,,2,70,,6499,46,4,,2,30,,6497,46,4,,2,70,,6500,46,4,,2,30,,6502,46,4,,2
905231701,'29',2255,,6505,46,4,,2,69,,6508,46,4,,2,30,,6503,46,4,,2,70,,6506,46,4,,2,30,,6504,46,4,,2,70,,6507,46,4,,2,30,,6509,46,4,,2
1200000101,'1',1556,,7148,50,,,1,72,,7149,50,,,1,31,,7150,50,,,1,71,,7151,50,,,1
1200000101,'71',1552,,5070,50,,,1,72,,5071,50,,,1,31,,5069,50,,,1,72,,5072,50,,,1
1200000200,'1',554,,7154,24,,,1,55,,7153,46,,,1,15,,7158,46,,,1,16,,7159,46,,,1,19,,7160,46,,,1,56,,7162,46,,,1,16,,7163,46,,,1,17,,7152,46,,,1,55,,7165,46,,,1,15,,7157,46,,,1,14,,7155,46,,,1,14,,7161,46,,,1,55,,7166,46,,,1,16,,7164,46,,,1,18,,7167,46,,,1,69,,7169,46,,,1,29,,7171,46,,,1,70,,7156,46,,,1,30,,7172,46,,,1,70,,7168,46,,,1,30,,7170,46,,,1,71,,7174,46,,,1,30,,7175,46,,,1,69,,7173,46,,,1,31,,7177,46,,,1,18,,7179,46,,,1,72,,7180,46,,,1,17,,7181,46,,,1,12,,7178,46,,,1,54,,7182,46,,,1,15,,7183,46,,,1,16,,7185,46,,,1,16,,7176,46,,,1,52,,7188,46,,,1,15,,7189,46,,,1,16,,7192,46,,,1,13,,7193,46,,,1,55,,7187,46,,,1,28,,7186,46,,,1,69,,7184,46,,,1,29,,7190,46,,,1,70,,7196,46,,,1,30,,7197,46,,,1,70,,7199,46,,,1,29,,7200,46,,,1,72,,7194,46,,,1,29,,7191,46,,,1,72,,7198,46,,,1,26,,7201,46,,,1,30,,7195,46,0,14,1
1200000200,'2',732,,7205,46,,,1,70,,7204,46,,,1,31,,7208,46,,,1,70,,7202,46,,,1,30,,7207,46,,,1,70,,7206,46,,,1,31,,7210,46,,,1,70,,7209,46,,,1,31,,7203,46,,,1,72,,7212,46,,,1,30,,7214,46,,,1,70,,7211,46,,,1,30,,7216,46,,,1,71,,7217,46,,,1,30,,7213,46,,,1,69,,7215,46,,,1,30,,7219,46,,,1,70,,7221,46,,,1,30,,7218,46,,,1,70,,7223,46,,,1,29,,7224,46,,,1,69,,7220,46,,,1,27,,7222,46,,,1,68,,7228,46,,,1,30,,7227,46,,,1,71,,7225,46,,,1,29,,7229,46,,,1,29,,7231,46,,,1,70,,7230,46,,,1,30,,7233,46,,,1,70,,7226,46,,,1,30,,7232,46,,,1,70,,7234,46,,,1
1200000200,'3',732,,7235,46,,,1,70,,7236,46,,,1,31,,7237,46,,,1,70,,7238,46,,,1,30,,7239,46,,,1,70,,7243,46,,,1,31,,7241,46,,,1,70,,7245,46,,,1,31,,7242,46,,,1,72,,7240,46,,,1,30,,7244,46,,,1,70,,7247,46,,,1,30,,7246,46,,,1,71,,7248,46,,,1,30,,7250,46,,,1,69,,7252,46,,,1,30,,7255,46,,,1,70,,7257,46,,,1,30,,7249,46,,,1,70,,7251,46,,,1,29,,7253,46,,,1,69,,7256,46,,,1,27,,7258,46,,,1,68,,7260,46,,,1,30,,7259,46,,,1,71,,7254,46,,,1,29,,7261,46,,,1
1200000200,'71',553,,5075,24,,,1,55,,5074,46,,,1,15,,5078,46,,,1,8,,5082,24,,,1,8,,5080,46,,,1,17,,5081,46,,,1,55,,5077,46,,,1,16,,5085,46,,,1,17,,5073,46,,,1,15,,5087,46,,,1,55,,5076,46,,,1,14,,5089,46,,,1,14,,5083,46,,,1,15,,5090,46,,,1,59,,5079,46,,,1,13,,5091,46,,,1,17,,5084,46,,,1,57,,5086,46,,,1,14,,5092,46,,,1,15,,5088,46,,,1,15,,5094,46,,,1,55,,5095,46,,,1,15,,5096,46,,,1,15,,5098,46,,,1,15,,5099,46,,,1,55,,5101,46,,,1,15,,5102,46,,,1,15,,5103,46,,,1,16,,5093,46,,,1,55,,5105,46,,,1,15,,5106,46,,,1,15,,5107,46,,,1,14,,5097,46,,,1,55,,5104,46,,,1,15,,5100,46,,,1,21,,5108,46,,,1,12,,5109,46,,,1,56,,5110,46,,,1,15,,5111,46,,,1,16,,5112,46,,,1,12,,5113,46,,,1,54,,5115,46,,,1,15,,5117,46,,,1,15,,5119,46,,,1,9,,5121,33,,,1,8,,5120,46,,,1,52,,5122,46,,,1,15,,5125,46,,,1,17,,5126,46,,,1,14,,5123,46,,,1,54,,5124,46,,,1,14,,5116,46,,,1,15,,5114,46,,,1,15,,5128,46,,,1,55,,5118,46,,,1,30,,5129,46,,,1,70,,5127,46,,,1,30,,5133,46,,,1,70,,5135,46,,,1,29,,5136,46,,,1,72,,5130,46,,,1,29,,5132,46,,,1,72,,5134,46,,,1,26,,5137,46,,,1,30,,5131,46,0,14,1
1200000200,'72',732,,5139,46,,,1,70,,5142,46,,,1,30,,5143,46,,,1,70,,5144,46,,,1,30,,5138,46,,,1,70,,5141,46,,,1,30,,5140,46,,,1,70,,5145,46,,,1,30,,5146,46,,,1,71,,5148,46,,,1,29,,5147,46,,,1,70,,5150,46,,,1,30,,5151,46,,,1,71,,5152,46,,,1,30,,5153,46,,,1,69,,5154,46,,,1,30,,5149,46,,,1,70,,5156,46,,,1,30,,5155,46,,,1,70,,5159,46,,,1,30,,5158,46,,,1,71,,5161,46,,,1,28,,5162,46,,,1,69,,5163,46,,,1,30,,5165,46,,,1,71,,5157,46,,,1,29,,5167,46,,,1,29,,5168,46,,,1,70,,5164,46,,,1,30,,5166,46,,,1,70,,5160,46,,,1,30,,5169,46,,,1,70,,5170,46,,,1
1200000200,'73',732,,5171,46,,,1,70,,5173,46,,,1,30,,5174,46,,,1,70,,5175,46,,,1,30,,5176,46,,,1,70,,5172,46,,,1,30,,5177,46,,,1,70,,5179,46,,,1,30,,5178,46,,,1,71,,5181,46,,,1,29,,5180,46,,,1,70,,5183,46,,,1,30,,5184,46,,,1,71,,5185,46,,,1,30,,5186,46,,,1,69,,5188,46,,,1,30,,5182,46,,,1,70,,5191,46,,,1,30,,5189,46,,,1,70,,5193,46,,,1,30,,5192,46,,,1,71,,5195,46,,,1,28,,5196,46,,,1,69,,5197,46,,,1,30,,5187,46,,,1,71,,5194,46,,,1,29,,5190,46,,,1
1200000200,'89',647,,5198,24,,,1,61,,5200,24,,,1,47,,5199,15,,,1
1200000400,'1',707,,7629,48,,,1,16,,7630,48,,,1
1200000400,'71',703,,5565,48,,,1,16,,5566,48,,,1,16,,5567,48,,,1,16,,5564,48,,,1
