1100,'1',607,,5753,4,,,1,25,,5748,76,,,1,74,,5754,76,,,1,30,,5749,76,,,1,74,,5755,76,,,1,30,,5750,76,,,1,18,,5751,76,,,1,69,,5756,76,,,1,74,,5752,76,,,1,30,,5757,76,,,1,75,,5758,76,,,1,30,,5761,76,,,1,73,,5759,76,,,1,30,,5762,76,,,1,77,,5760,76,,,1,30,,5763,76,,,1,88,,5764,76,,,1,71,,5766,76,,,1,36,,5765,76,,,1,71,,5767,76,,,1,42,,5770,76,,,1,62,,5768,76,,,1,22,,5772,76,,,1,66,,5771,76,,,1,35,,5773,76,,,1,68,,5769,76,,,1,30,,5774,76,,,1,100,,5775,76,,,1,100,,5776,76,,,1,100,,5777,76,,,1,100,,5778,76,,,1
1100,'2',736,,5779,76,,,1,102,,5780,76,,,1,99,,5781,76,,,1,102,,5782,76,,,1,100,,5783,76,,,1,100,,5784,76,,,1,101,,5785,76,,,1,99,,5786,76,,,1,100,,5787,76,,,1,100,,5788,76,,,1,99,,5789,76,,,1,99,,5790,76,,,1,99,,5792,76,,,1,100,,5793,76,,,1,100,,5791,76,,,1,100,,5795,76,,,1,100,,5794,76,,,1
1100,'3',937,,5796,76,,,1,102,,5797,76,,,1,100,,5798,76,,,1,100,,5799,76,,,1,101,,5800,76,,,1,99,,5801,76,,,1,100,,5802,76,,,1,100,,5803,76,,,1,99,,5804,76,,,1,99,,5805,76,,,1
1100,'71',607,,4342,4,,,1,25,,4339,76,,,1,74,,4343,76,,,1,30,,4340,76,,,1,74,,4344,76,,,1,30,,4341,76,,,1,18,,4345,76,,,1,69,,4350,76,,,1,74,,4346,76,,,1,30,,4351,76,,,1,75,,4347,76,,,1,30,,4352,76,,,1,73,,4348,76,,,1,30,,4353,76,,,1,77,,4349,76,,,1,30,,4354,76,,,1,88,,4358,76,,,1,71,,4355,76,,,1,36,,4359,76,,,1,71,,4356,76,,,1,42,,4360,77,,,1,62,,4357,76,,,1,22,,4363,76,,,1,66,,4361,76,,,1,35,,4364,76,,,1,68,,4362,76,,,1,30,,4365,76,,,1,100,,4366,76,,,1,100,,4367,76,,,1,100,,4368,76,,,1,100,,4369,76,,,1
1100,'72',736,,4370,76,,,1,102,,4371,76,,,1,99,,4372,76,,,1,102,,4373,76,,,1,100,,4374,76,,,1,100,,4375,76,,,1,101,,4376,76,,,1,99,,4377,76,,,1,100,,4378,76,,,1,100,,4379,76,,,1,99,,4380,76,,,1,99,,4381,76,,,1,99,,4384,76,,,1,100,,4382,76,,,1,100,,4383,76,,,1,100,,4386,76,,,1,100,,4385,76,,,1
1100,'73',937,,4387,76,,,1,102,,4388,76,,,1,100,,4389,76,,,1,100,,4390,76,,,1,101,,4391,76,,,1,99,,4392,76,,,1,100,,4393,76,,,1,100,,4394,76,,,1,99,,4395,76,,,1,99,,4396,76,,,1
1501,'1',1215,,5834,9,0,41,2,103,,5835,9,0,41,2,95,,5836,9,0,41,2,36,,5839,9,0,41,2,92,,5837,26,,,2,81,,5840,26,,,2,21,,5842,26,,,2,77,,5838,26,0,41,2,28,,5841,26,,,2,78,,5844,9,0,41,2,33,,5845,9,0,41,2,142,,5846,9,0,41,2,112,,5843,9,0,41,2,41,,5847,9,0,41,2
1501,'71',653,,4438,26,0,41,2,64,,4436,26,0,41,2,33,,4439,26,0,41,2,164,,4437,9,0,41,2,115,,4440,9,0,41,2,116,,4441,9,0,41,2,70,,4442,9,0,41,2,117,,4444,9,0,41,2,115,,4445,9,0,41,2,94,,4443,26,0,41,2,86,,4446,26,0,41,2,16,,4448,26,0,41,2,71,,4450,26,0,41,2,35,,4449,26,0,41,2,77,,4447,9,0,41,2,76,,4451,9,0,41,2,105,,4452,9,0,41,2,105,,4453,9,0,41,2,42,,4454,9,0,41,2
1501,'88',1645,,4455,11,0,41,2
1601,'1',653,,5859,26,,,2,64,,5861,26,,,2,31,,5860,26,,,2,173,,5858,26,0,41,2,95,,5862,9,0,41,2,99,,5863,9,0,41,2
2000001501,'2',804,,7688,9,,,2,101,,7689,9,,,2,100,,7690,9,,,2,102,,7691,9,,,2,101,,7692,9,,,2,101,,7693,9,,,2,201,,7694,9,,,2,101,,7695,9,,,2,103,,7696,9,,,2,97,,7697,9,,,2,93,,7698,9,,,2
2000001501,'3',905,,7699,9,,,2,100,,7700,9,,,2,102,,7701,9,,,2,101,,7702,9,,,2,101,,7703,9,,,2,201,,7704,9,,,2,101,,7705,9,,,2,103,,7706,9,,,2,97,,7707,9,,,2,93,,7708,9,,,2
2000001501,'72',757,,5628,9,,,2,102,,5629,9,,,2,143,,5630,9,,,2,108,,5631,9,,,2,94,,5632,9,,,2,108,,5633,9,,,2,142,,5634,9,,,2,99,,5635,9,,,2,103,,5636,9,,,2,99,,5637,9,,,2,98,,5638,9,,,2
2000001501,'73',859,,5639,9,,,2,143,,5640,9,,,2,108,,5641,9,,,2,94,,5642,9,,,2,108,,5643,9,,,2,142,,5644,9,,,2,99,,5645,9,,,2,103,,5646,9,,,2,99,,5647,9,,,2,98,,5648,9,,,2
