1300,'1',642,,5808,30,,,2,86,,5806,30,,,2,84,,5807,30,,,2,792,,5809,30,,,2,108,,5811,30,,,2,14,,5810,30,,,2,31,,5813,30,,,2,72,,5812,30,,,2
1300,'16',855,,5815,30,,,2,3,,5814,25,,,2
1300,'71',640,,4398,30,,,2,71,,4400,30,,,2,20,,4399,30,,,2,83,,4401,30,,,2,41,,4397,30,,,2,750,,4402,30,,,2,98,,4405,30,,,2,13,,4403,30,,,2,39,,4406,30,,,2,66,,4404,30,,,2
1300,'87',858,,4407,25,,,2
1500,'1',855,,5828,44,4,,2
1500,'16',854,,5833,29,4,,2
1500,'71',855,,4422,42,4,,2
1500,'87',854,,4435,31,4,,2
11900,'16',855,,6228,41,,,2
11900,'87',855,,4854,41,,,2
11901,'88',1622,,4855,1,,,2
12900,'16',850,,6232,22,,,2
12900,'87',850,,4862,22,,,2
12901,'88',1624,,4863,1,,,2
13900,'16',855,,6238,15,,,2
13900,'87',855,,4872,15,,,2
15800,'16',848,,6241,22,,,2
15800,'87',848,,4877,22,,,2
22500,'12',842,,6290,34,4,,2
22500,'82',842,,4927,34,4,,2
23500,'12',840,,6295,75,4,,2
23500,'82',840,,4935,75,4,,2
24500,'12',840,,6298,18,4,,2
24500,'82',840,,4941,18,4,,2
24600,'12',837,,6299,17,4,,2
24600,'82',837,,4943,17,4,,2
37500,'12',840,,6309,32,4,,2
37500,'82',840,,4957,32,4,,2
38500,'12',840,,6317,37,4,,2
38500,'82',840,,4967,37,4,,2
1001101,'1',606,,6326,23,,,1,33,,6323,23,,,1,70,,6327,23,,,1,33,,6324,23,,,1,64,,6320,23,,,1,41,,6325,23,,,1,83,,6328,23,,,1,70,,6329,23,,,1,35,,6333,23,,,1,70,,6330,23,,,1,35,,6334,23,,,1,70,,6331,23,,,1,33,,6335,23,,,1,70,,6332,23,,,1,37,,6336,23,,,1,70,,6338,23,,,1,88,,6337,23,,,1,31,,6339,23,,,1,84,,6341,23,,,1,26,,6340,23,,,1,63,,6344,23,,,1,27,,6342,23,,,1,74,,6345,23,,,1,29,,6343,23,,,1,71,,6346,23,,,1,100,,6347,23,,,1,99,,6348,23,,,1,100,,6349,23,,,1
1001101,'2',809,,6352,23,,,1,102,,6353,23,,,1,101,,6354,23,,,1,100,,6355,23,,,1,98,,6359,23,,,1,100,,6360,23,,,1,102,,6358,23,,,1,100,,6356,23,,,1,99,,6357,23,,,1,100,,6361,23,,,1,100,,6362,23,,,1,100,,6363,23,,,1,99,,6364,23,,,1,100,,6365,23,,,1,100,,6366,23,,,1
1001101,'3',1012,,6369,23,,,1,100,,6372,23,,,1,98,,6373,23,,,1,100,,6370,23,,,1,102,,6371,23,,,1,100,,6374,23,,,1,99,,6375,23,,,1,100,,6376,23,,,1,100,,6377,23,,,1
1001101,'71',606,,4973,23,,,1,33,,4970,23,,,1,70,,4974,23,,,1,33,,4971,23,,,1,64,,4976,23,,,1,41,,4972,23,,,1,83,,4978,23,,,1,70,,4975,23,,,1,35,,4979,23,,,1,70,,4982,23,,,1,35,,4980,23,,,1,70,,4983,23,,,1,33,,4981,23,,,1,70,,4984,23,,,1,37,,4986,23,,,1,70,,4985,23,,,1,88,,4987,23,,,1,31,,4989,23,,,1,84,,4988,23,,,1,26,,4990,23,,,1,63,,4993,23,,,1,27,,4991,23,,,1,74,,4994,23,,,1,29,,4992,23,,,1,71,,4995,23,,,1,100,,4996,23,,,1,99,,4997,23,,,1,100,,4998,23,,,1
1001101,'72',809,,5000,23,,,1,102,,5001,23,,,1,101,,5002,23,,,1,100,,5004,23,,,1,98,,5005,23,,,1,100,,5006,23,,,1,102,,5007,23,,,1,100,,5008,23,,,1,99,,5009,23,,,1,100,,5010,23,,,1,100,,5011,23,,,1,100,,5012,23,,,1,99,,5013,23,,,1,100,,5014,23,,,1,100,,5015,23,,,1
1001101,'73',1012,,5018,23,,,1,100,,5019,23,,,1,98,,5020,23,,,1,100,,5021,23,,,1,102,,5022,23,,,1,100,,5023,23,,,1,99,,5024,23,,,1,100,,5025,23,,,1,100,,5026,23,,,1
