24201,'85',1526,,4940,14,,,2
24601,'83',1649,,4944,8,,,2
905231701,'27',2305,,6491,60,4,,2,29,,6494,60,4,,2,70,,6489,60,4,,2,30,,6492,60,4,,2,70,,6490,60,4,,2,30,,6493,60,4,,2,70,,6495,60,4,,2
905231701,'28',2305,,6498,60,4,,2,29,,6501,60,4,,2,70,,6496,60,4,,2,30,,6499,60,4,,2,70,,6497,60,4,,2,30,,6500,60,4,,2,70,,6502,60,4,,2
905231701,'29',2305,,6505,60,4,,2,29,,6508,60,4,,2,70,,6503,60,4,,2,30,,6506,60,4,,2,70,,6504,60,4,,2,30,,6507,60,4,,2,70,,6509,60,4,,2
1200000101,'1',1611,,7148,64,,,1,32,,7149,64,,,1,71,,7150,64,,,1,30,,7151,64,,,1
1200000101,'71',1607,,5070,64,,,1,32,,5071,64,,,1,71,,5069,64,,,1,30,,5072,64,,,1
1200000301,'1',614,,7508,13,,,1,28,,7513,13,,,1,77,,7506,26,,,1,20,,7510,26,,,1,75,,7516,26,,,1,29,,7511,26,,,1,65,,7519,26,,,1,25,,7507,26,,,1,69,,7517,26,,,1,27,,7515,26,,,1,73,,7520,26,,,1,33,,7521,26,,,1,70,,7523,26,,,1,33,,7525,26,,,1,72,,7527,26,,,1,29,,7522,26,,,1,70,,7524,26,,,1,28,,7526,26,,,1,70,,7528,26,,,1,36,,7529,26,,,1,60,,7532,23,,,1,23,,7530,23,,,1,18,,7535,23,,,1,59,,7534,23,,,1,11,,7539,23,,,1,13,,7537,23,,,1,14,,7538,23,,,1,16,,7541,23,,,1,54,,7533,23,,,1,12,,7536,23,,,1,15,,7531,23,,,1,69,,7540,23,,,1,24,,7544,26,,,1,24,,7542,26,,,1,71,,7543,26,,,1,30,,7545,26,,,1,69,,7546,26,,,1,33,,7549,26,,,1,71,,7547,13,,,1,30,,7550,13,,,1,68,,7548,13,,,1,30,,7551,13,,,1,79,,7552,13,,,1
1200000301,'2',754,,7553,26,,,1,70,,7556,26,,,1,31,,7559,26,,,1,72,,7562,26,,,1,31,,7554,26,,,1,72,,7557,26,,,1,71,,7560,26,,,1,31,,7563,26,,,1,71,,7555,26,,,1,31,,7558,26,,,1,71,,7561,26,,,1,31,,7564,26,,,1,71,,7565,26,,,1,30,,7568,26,,,1,70,,7574,26,,,1,30,,7571,26,,,1,70,,7566,26,,,1,31,,7569,26,,,1,71,,7575,26,,,1,27,,7572,26,,,1,68,,7567,26,,,1,28,,7570,26,,,1,27,,7576,26,,,1,67,,7573,26,,,1,75,,7577,13,,,1,100,,7578,13,,,1,56,,7579,13,,,1,98,,7580,13,,,1,78,,7581,13,,,1,102,,7582,13,,,1
1200000301,'27',2228,,7584,16,,,1,30,,7587,16,,,1,70,,7589,16,,,1,83,,7585,16,,,1,28,,7588,16,,,1,70,,7583,16,,,1,30,,7586,16,,,1
1200000301,'28',2228,,7591,16,,,1,30,,7594,16,,,1,70,,7596,16,,,1,83,,7592,16,,,1,28,,7595,16,,,1,70,,7590,16,,,1,30,,7593,16,,,1
1200000301,'29',2228,,7598,16,,,1,30,,7601,16,,,1,70,,7603,16,,,1,83,,7599,16,,,1,28,,7602,16,,,1,70,,7597,16,,,1,30,,7600,16,,,1
1200000301,'3',824,,7604,26,,,1,31,,7606,26,,,1,72,,7612,26,,,1,31,,7609,26,,,1,72,,7605,26,,,1,71,,7607,26,,,1,31,,7613,26,,,1,71,,7610,26,,,1,31,,7614,26,,,1,71,,7608,26,,,1,31,,7616,26,,,1,71,,7611,26,,,1,30,,7615,26,,,1,70,,7618,26,,,1,30,,7617,26,,,1,70,,7621,26,,,1,31,,7623,26,,,1,71,,7619,26,,,1,27,,7627,26,,,1,68,,7622,26,,,1,28,,7624,26,,,1,27,,7620,26,,,1,67,,7628,26,,,1,75,,7625,13,,,1,121,,7626,13,,,1
1200000301,'71',614,,5456,13,,,1,28,,5460,13,,,1,78,,5454,26,,,1,20,,5458,26,,,1,77,,5466,26,,,1,27,,5463,26,,,1,66,,5469,26,,,1,26,,5455,26,,,1,69,,5465,26,,,1,27,,5467,26,,,1,76,,5470,26,,,1,20,,5471,26,,,1,20,,5473,26,,,1,60,,5475,26,,,1,23,,5476,26,,,1,20,,5478,26,,,1,62,,5480,26,,,1,19,,5472,26,,,1,20,,5474,26,,,1,60,,5481,26,,,1,18,,5477,26,,,1,20,,5479,26,,,1,59,,5483,26,,,1,25,,5484,26,,,1,13,,5485,23,,,1,56,,5486,23,,,1,23,,5482,23,,,1,18,,5494,23,,,1,59,,5490,23,,,1,11,,5493,23,,,1,13,,5488,23,,,1,14,,5487,23,,,1,16,,5497,23,,,1,56,,5496,23,,,1,10,,5495,23,,,1,17,,5492,23,,,1,11,,5489,23,,,1,56,,5491,23,,,1,22,,5498,26,,,1,27,,5499,26,,,1,71,,5501,26,,,1,30,,5500,26,,,1,69,,5502,26,,,1,33,,5505,26,,,1,70,,5503,13,,,1,30,,5506,13,,,1,68,,5504,13,,,1,30,,5507,13,,,1,79,,5508,13,,,1
1200000301,'72',755,,5511,26,,,1,70,,5510,26,,,1,31,,5514,26,,,1,70,,5515,26,,,1,31,,5516,26,,,1,71,,5509,26,,,1,72,,5513,26,,,1,30,,5512,26,,,1,70,,5517,26,,,1,30,,5518,26,,,1,71,,5520,26,,,1,30,,5519,26,,,1,71,,5522,26,,,1,30,,5523,26,,,1,71,,5524,26,,,1,30,,5525,26,,,1,69,,5526,26,,,1,31,,5521,26,,,1,72,,5528,26,,,1,29,,5527,26,,,1,68,,5530,26,,,1,28,,5529,26,,,1,29,,5531,26,,,1,64,,5535,26,,,1,78,,5532,13,,,1,100,,5533,13,,,1,56,,5534,13,,,1,99,,5536,13,,,1,78,,5537,13,,,1,102,,5538,13,,,1
1200000301,'73',825,,5539,26,,,1,31,,5541,26,,,1,70,,5542,26,,,1,31,,5543,26,,,1,71,,5544,26,,,1,72,,5540,26,,,1,30,,5545,26,,,1,70,,5547,26,,,1,30,,5546,26,,,1,71,,5549,26,,,1,30,,5548,26,,,1,71,,5551,26,,,1,30,,5552,26,,,1,71,,5553,26,,,1,30,,5554,26,,,1,69,,5555,26,,,1,31,,5550,26,,,1,72,,5557,26,,,1,29,,5556,26,,,1,68,,5559,26,,,1,28,,5558,26,,,1,29,,5560,26,,,1,64,,5563,26,,,1,78,,5561,13,,,1,121,,5562,13,,,1
