1100,'1',610,,5748,36,,,1,33,,5754,36,,,1,68,,5749,36,,,1,34,,5755,36,,,1,70,,5750,36,,,1,18,,5751,36,,,1,70,,5756,36,,,1,34,,5752,36,,,1,70,,5757,36,,,1,35,,5758,36,,,1,70,,5761,36,,,1,33,,5759,36,,,1,70,,5762,36,,,1,37,,5760,36,,,1,70,,5763,36,,,1,88,,5764,36,,,1,30,,5766,36,,,1,75,,5765,36,,,1,30,,5767,36,,,1,85,,5770,36,,,1,23,,5768,36,,,1,62,,5772,36,,,1,26,,5771,36,,,1,76,,5773,36,,,1,28,,5769,36,,,1,70,,5774,36,,,1,100,,5775,36,,,1,100,,5776,36,,,1,100,,5777,36,,,1,100,,5778,36,,,1
1100,'2',711,,5779,36,,,1,102,,5780,36,,,1,100,,5781,36,,,1,102,,5782,36,,,1,100,,5783,36,,,1,100,,5784,36,,,1,101,,5785,36,,,1,99,,5786,36,,,1,100,,5787,36,,,1,100,,5788,36,,,1,100,,5789,36,,,1,100,,5790,36,,,1,99,,5792,36,,,1,100,,5793,36,,,1,100,,5791,36,,,1,100,,5795,36,,,1,100,,5794,36,,,1
1100,'3',913,,5796,36,,,1,102,,5797,36,,,1,100,,5798,36,,,1,100,,5799,36,,,1,101,,5800,36,,,1,99,,5801,36,,,1,100,,5802,36,,,1,100,,5803,36,,,1,100,,5804,36,,,1,100,,5805,36,,,1
1100,'71',610,,4339,36,,,1,33,,4343,36,,,1,68,,4340,36,,,1,34,,4344,36,,,1,70,,4341,36,,,1,18,,4345,36,,,1,70,,4350,36,,,1,34,,4346,36,,,1,70,,4351,36,,,1,35,,4347,36,,,1,70,,4352,36,,,1,33,,4348,36,,,1,70,,4353,36,,,1,37,,4349,36,,,1,70,,4354,36,,,1,88,,4358,36,,,1,30,,4355,36,,,1,75,,4359,36,,,1,30,,4356,36,,,1,83,,4360,37,,,1,25,,4357,36,,,1,62,,4363,36,,,1,26,,4361,36,,,1,76,,4364,36,,,1,28,,4362,36,,,1,70,,4365,36,,,1,100,,4366,36,,,1,100,,4367,36,,,1,100,,4368,36,,,1,100,,4369,36,,,1
1100,'72',711,,4370,36,,,1,102,,4371,36,,,1,100,,4372,36,,,1,102,,4373,36,,,1,100,,4374,36,,,1,100,,4375,36,,,1,101,,4376,36,,,1,99,,4377,36,,,1,100,,4378,36,,,1,100,,4379,36,,,1,100,,4380,36,,,1,100,,4381,36,,,1,99,,4384,36,,,1,100,,4382,36,,,1,100,,4383,36,,,1,100,,4386,36,,,1,100,,4385,36,,,1
1100,'73',913,,4387,36,,,1,102,,4388,36,,,1,100,,4389,36,,,1,100,,4390,36,,,1,101,,4391,36,,,1,99,,4392,36,,,1,100,,4393,36,,,1,100,,4394,36,,,1,100,,4395,36,,,1,100,,4396,36,,,1
11101,'85',1555,,4851,68,,,2
11901,'88',1645,,4855,35,,,2
1200000401,'1',1506,,7634,15,,,1,30,,7636,15,,,1,205,,7635,57,,,1,60,,7633,57,,,1
1200000401,'71',1506,,5573,15,,,1,30,,5574,15,,,1,198,,5572,57,,,1,24,,5571,57,,,1,62,,5575,57,,,1
