2301,'1',626,,5973,11,,,2,30,,5974,11,,,2,150,,5976,11,,,2,41,,5953,11,,,2,72,,5977,11,,,2,23,,5954,11,,,2,81,,5955,11,,,2,30,,5957,11,,,2,70,,5956,11,,,2,30,,5958,11,,,2,71,,5959,11,,,2,30,,5961,11,,,2,70,,5960,11,,,2,30,,5962,11,,,2,71,,5963,11,,,2,31,,5966,11,,,2,91,,5964,11,,,2,67,,5967,11,,,2,35,,5965,11,,,2,102,,5968,11,,,2,67,,5975,11,,,2,37,,5969,11,,,2,102,,5970,11,,,2,90,,5971,11,,,2,154,,5972,11,,,2
2301,'14',1648,,5979,15,,,2
2301,'2',702,,5980,11,,,2,100,,5981,11,,,2,101,,5982,11,,,2,102,,5983,11,,,2,102,,5984,11,,,2,102,,5985,11,,,2,101,,5986,11,,,2,101,,5987,11,,,2,100,,5988,11,,,2,100,,5989,11,,,2,101,,5990,11,,,2,97,,5991,11,,,2
2301,'3',802,,5992,11,,,2,101,,5993,11,,,2,102,,5994,11,,,2,102,,5995,11,,,2,102,,5996,11,,,2,101,,5997,11,,,2,101,,5998,11,,,2,100,,5999,11,,,2,100,,6000,11,,,2,101,,6001,11,,,2,97,,6002,11,,,2
2301,'71',626,,4569,11,,,2,30,,4577,11,,,2,150,,4578,11,,,2,38,,4555,11,,,2,72,,4559,11,,,2,29,,4556,11,,,2,75,,4560,11,,,2,31,,4557,11,,,2,70,,4561,11,,,2,30,,4558,11,,,2,70,,4562,11,,,2,31,,4564,11,,,2,70,,4563,11,,,2,30,,4565,11,,,2,70,,4566,11,,,2,34,,4576,11,,,2,82,,4567,11,,,2,106,,4568,15,,,2,104,,4570,11,,,2,72,,4575,11,,,2,35,,4571,11,,,2,100,,4572,11,,,2,92,,4573,11,,,2,154,,4574,11,,,2
2301,'72',717,,4579,11,,,2,100,,4580,11,,,2,101,,4581,11,,,2,102,,4582,11,,,2,100,,4583,11,,,2,100,,4584,11,,,2,102,,4585,11,,,2,101,,4586,11,,,2,101,,4587,11,,,2,100,,4588,11,,,2,102,,4589,11,,,2,96,,4590,11,,,2
2301,'73',817,,4591,11,,,2,101,,4592,11,,,2,102,,4593,11,,,2,100,,4594,11,,,2,100,,4595,11,,,2,102,,4596,11,,,2,101,,4597,11,,,2,101,,4598,11,,,2,100,,4599,11,,,2,102,,4600,11,,,2,96,,4601,11,,,2
2301,'88',1644,,4602,15,,,2
22501,'83',1658,,4928,23,,,2
23501,'83',1647,,4936,8,,,2
5002301,'1',1658,,6382,21,,,2,65,,6381,21,,,2
5002301,'71',1612,,5032,21,,,2,46,,5031,21,,,2,65,,5030,21,,,2
