3900,'1',628,2,6215,1,0,32,2,80,51,6216,1,0,32,2,31,10,6214,1,0,32,2
3900,'71',637,3,4838,1,0,14,2,69,50,4840,1,0,14,2,38,19,4839,1,0,14,2,92,35,4837,1,0,14,2
3901,'1',1643,,6219,27,0,9,2,87,,6217,27,0,9,2,87,,6218,27,0,9,2
3901,'71',1647,,4843,24,,,2,82,,4842,24,,,2,80,,4841,24,,,2
37500,'12',809,7,6309,1,,,2
37500,'82',809,7,4957,1,,,2
37501,'83',1656,,4958,28,,,2
38001,'1',626,,6314,20,4,,2,31,,6315,20,4,,2
38001,'71',634,,4963,25,4,,2,22,,4964,25,4,,2
38101,'85',1542,,4966,44,,,2
5003700,'71',619,,5046,28,,,2
5003701,'1',1742,,6396,50,,,2
5003701,'71',1638,,5050,50,,,2,106,,5049,50,,,2
5003701,'81',1857,,5051,50,,,2
5003801,'1',1712,,6398,47,,,2,89,,6397,47,,,2
5003801,'71',1711,,5053,47,,,2,89,,5052,47,,,2
