2201,'1',629,,5883,6,,,2,28,,5892,6,0,23,2,70,,5884,6,,,2,25,,5898,6,,,2,68,,5899,6,,,2,26,,5893,6,,,2,108,,5894,6,,,2,150,,5885,6,,,2,101,,5886,6,,,2,101,,5887,6,,,2,100,,5890,6,,,2,103,,5900,6,,,2,40,,5891,6,,,2,96,,5888,6,,,2,70,,5895,6,,,2,31,,5889,6,,,2,70,,5896,6,,,2,27,,5901,6,,,2,64,,5897,6,,,2
2201,'14',1645,,5903,10,,,2
2201,'71',628,,4480,6,,,2,28,,4494,6,0,23,2,70,,4481,6,0,23,2,25,,4496,6,,,2,68,,4498,6,,,2,26,,4495,6,,,2,66,,4497,6,,,2,42,,4482,6,,,2,77,,4484,6,,,2,72,,4483,6,,,2,30,,4485,6,,,2,70,,4489,6,,,2,31,,4486,6,,,2,70,,4490,6,,,2,30,,4487,6,,,2,70,,4499,6,,,2,30,,4488,6,,,2,75,,4491,6,,,2,25,,4493,6,,,2,15,,4500,6,,,2,91,,4501,10,,,2,71,,4502,6,,,2,35,,4492,6,,,2,72,,4503,6,,,2,25,,4505,6,,,2,64,,4504,6,,,2
2201,'88',1639,,4506,10,,,2
2301,'1',623,,5973,6,,,2,30,,5974,6,,,2,150,,5976,6,,,2,41,,5953,6,,,2,72,,5977,6,,,2,23,,5954,6,,,2,81,,5955,6,,,2,30,,5957,6,,,2,70,,5956,6,,,2,30,,5958,6,,,2,71,,5959,6,,,2,30,,5961,6,,,2,70,,5960,6,,,2,30,,5962,6,,,2,71,,5963,6,,,2,31,,5966,6,,,2,91,,5964,6,,,2,66,,5967,6,,,2,35,,5965,6,,,2,103,,5968,6,,,2,67,,5975,6,,,2,37,,5969,6,,,2,102,,5970,6,,,2,90,,5971,6,,,2,114,,5972,6,,,2
2301,'14',1644,,5979,10,,,2
2301,'2',659,,5980,6,,,2,100,,5981,6,,,2,141,,5982,6,,,2,102,,5983,6,,,2,102,,5984,6,,,2,102,,5985,6,,,2,101,,5986,6,,,2,101,,5987,6,,,2,100,,5988,6,,,2,100,,5989,6,,,2,101,,5990,6,,,2,97,,5991,6,,,2
2301,'3',759,,5992,6,,,2,141,,5993,6,,,2,102,,5994,6,,,2,102,,5995,6,,,2,102,,5996,6,,,2,101,,5997,6,,,2,101,,5998,6,,,2,100,,5999,6,,,2,100,,6000,6,,,2,101,,6001,6,,,2,97,,6002,6,,,2
2301,'71',623,,4569,6,,,2,30,,4577,6,,,2,150,,4578,6,,,2,38,,4555,6,,,2,72,,4559,6,,,2,29,,4556,6,,,2,75,,4560,6,,,2,31,,4557,6,,,2,70,,4561,6,,,2,30,,4558,6,,,2,70,,4562,6,,,2,31,,4564,6,,,2,70,,4563,6,,,2,30,,4565,6,,,2,70,,4566,6,,,2,34,,4576,6,,,2,82,,4567,6,,,2,105,,4568,10,,,2,105,,4570,6,,,2,72,,4575,6,,,2,35,,4571,6,,,2,100,,4572,6,,,2,92,,4573,6,,,2,114,,4574,6,,,2
2301,'72',714,,4579,6,,,2,100,,4580,6,,,2,101,,4581,6,,,2,102,,4582,6,,,2,100,,4583,6,,,2,100,,4584,6,,,2,102,,4585,6,,,2,101,,4586,6,,,2,101,,4587,6,,,2,100,,4588,6,,,2,102,,4589,6,,,2,96,,4590,6,,,2
2301,'73',814,,4591,6,,,2,101,,4592,6,,,2,102,,4593,6,,,2,100,,4594,6,,,2,100,,4595,6,,,2,102,,4596,6,,,2,101,,4597,6,,,2,101,,4598,6,,,2,100,,4599,6,,,2,102,,4600,6,,,2,96,,4601,6,,,2
2301,'88',1640,,4602,10,,,2
22101,'85',1525,,4924,19,,,2
22201,'85',1525,,4926,18,,,2
22500,'12',758,,6290,3,,,2
22500,'82',758,,4927,3,,,2
23101,'85',1524,,4932,19,,,2
23201,'85',1524,,4934,19,,,2
5002301,'1',1653,,6382,16,,,2,65,,6381,16,,,2
5002301,'71',1607,,5032,16,,,2,46,,5031,16,,,2,65,,5030,16,,,2
5002401,'1',1654,,6385,16,,,2,65,,6386,16,,,2
5002401,'71',1608,,5037,16,,,2,46,,5035,16,,,2,65,,5036,16,,,2
5004301,'11',1648,,6402,11,,,2,95,,6403,11,,,2,89,,6404,11,,,2
5004301,'81',1648,,5057,11,,,2,95,,5059,11,,,2,89,,5058,11,,,2
905231701,'27',2301,,6491,53,4,,2,29,,6494,53,4,,2,70,,6489,53,4,,2,30,,6492,53,4,,2,70,,6490,53,4,,2,30,,6493,53,4,,2,70,,6495,53,4,,2
905231701,'28',2301,,6498,53,4,,2,29,,6501,53,4,,2,70,,6496,53,4,,2,30,,6499,53,4,,2,70,,6497,53,4,,2,30,,6500,53,4,,2,70,,6502,53,4,,2
905231701,'29',2301,,6505,53,4,,2,29,,6508,53,4,,2,70,,6503,53,4,,2,30,,6506,53,4,,2,70,,6504,53,4,,2,30,,6507,53,4,,2,70,,6509,53,4,,2
1200000101,'1',1604,,7148,57,,,1,32,,7149,57,,,1,71,,7150,57,,,1,31,,7151,57,,,1
1200000101,'71',1600,,5070,57,,,1,32,,5071,57,,,1,71,,5069,57,,,1,31,,5072,57,,,1
1200000301,'1',610,,7508,6,,,1,28,,7513,6,,,1,75,,7506,19,,,1,20,,7510,19,,,1,75,,7516,19,,,1,29,,7511,19,,,1,65,,7519,19,,,1,25,,7507,19,,,1,29,,7517,19,,,1,67,,7515,19,,,1,33,,7520,19,,,1,73,,7521,19,,,1,30,,7523,19,,,1,73,,7525,19,,,1,72,,7527,19,,,1,29,,7522,19,,,1,70,,7524,19,,,1,28,,7526,19,,,1,70,,7528,19,,,1,35,,7529,19,,,1,20,,7532,16,,,1,62,,7530,16,,,1,18,,7535,16,,,1,19,,7534,16,,,1,51,,7539,16,,,1,14,,7537,16,,,1,14,,7538,16,,,1,16,,7541,16,,,1,54,,7533,16,,,1,12,,7536,16,,,1,15,,7531,16,,,1,69,,7540,16,,,1,25,,7544,19,,,1,24,,7542,19,,,1,71,,7543,19,,,1,30,,7545,19,,,1,70,,7546,19,,,1,33,,7549,19,,,1,72,,7547,6,,,1,30,,7550,6,,,1,68,,7548,6,,,1,30,,7551,6,,,1,79,,7552,6,,,1
1200000301,'2',749,,7553,19,,,1,70,,7556,19,,,1,31,,7559,19,,,1,71,,7562,19,,,1,31,,7554,19,,,1,72,,7557,19,,,1,31,,7560,19,,,1,71,,7563,19,,,1,31,,7555,19,,,1,71,,7558,19,,,1,31,,7561,19,,,1,71,,7564,19,,,1,71,,7565,19,,,1,30,,7568,19,,,1,70,,7574,19,,,1,30,,7571,19,,,1,70,,7566,19,,,1,31,,7569,19,,,1,71,,7575,19,,,1,27,,7572,19,,,1,28,,7567,19,,,1,69,,7570,19,,,1,27,,7576,19,,,1,67,,7573,19,,,1,35,,7577,6,,,1,100,,7578,6,,,1,96,,7579,6,,,1,99,,7580,6,,,1,78,,7581,6,,,1,102,,7582,6,,,1
1200000301,'27',2224,,7584,9,,,1,30,,7587,9,,,1,70,,7589,9,,,1,83,,7585,9,,,1,28,,7588,9,,,1,70,,7583,9,,,1,30,,7586,9,,,1
1200000301,'28',2224,,7591,9,,,1,30,,7594,9,,,1,70,,7596,9,,,1,83,,7592,9,,,1,28,,7595,9,,,1,70,,7590,9,,,1,30,,7593,9,,,1
1200000301,'29',2224,,7598,9,,,1,30,,7601,9,,,1,70,,7603,9,,,1,83,,7599,9,,,1,28,,7602,9,,,1,70,,7597,9,,,1,30,,7600,9,,,1
1200000301,'3',819,,7604,19,,,1,31,,7606,19,,,1,71,,7612,19,,,1,31,,7609,19,,,1,72,,7605,19,,,1,31,,7607,19,,,1,71,,7613,19,,,1,31,,7610,19,,,1,71,,7614,19,,,1,31,,7608,19,,,1,71,,7616,19,,,1,71,,7611,19,,,1,30,,7615,19,,,1,70,,7618,19,,,1,30,,7617,19,,,1,70,,7621,19,,,1,31,,7623,19,,,1,71,,7619,19,,,1,27,,7627,19,,,1,28,,7622,19,,,1,69,,7624,19,,,1,27,,7620,19,,,1,67,,7628,19,,,1,35,,7625,6,,,1,161,,7626,6,,,1
1200000301,'71',610,,5456,6,,,1,28,,5460,6,,,1,76,,5454,19,,,1,20,,5458,19,,,1,77,,5466,19,,,1,27,,5463,19,,,1,66,,5469,19,,,1,26,,5455,19,,,1,29,,5465,19,,,1,67,,5467,19,,,1,76,,5470,19,,,1,20,,5471,19,,,1,20,,5473,19,,,1,60,,5475,19,,,1,23,,5476,19,,,1,20,,5478,19,,,1,62,,5480,19,,,1,19,,5472,19,,,1,20,,5474,19,,,1,60,,5481,19,,,1,18,,5477,19,,,1,20,,5479,19,,,1,59,,5483,19,,,1,25,,5484,19,,,1,12,,5485,16,,,1,16,,5486,16,,,1,62,,5482,16,,,1,18,,5494,16,,,1,19,,5490,16,,,1,51,,5493,16,,,1,14,,5488,16,,,1,14,,5487,16,,,1,16,,5497,16,,,1,56,,5496,16,,,1,10,,5495,16,,,1,17,,5492,16,,,1,11,,5489,16,,,1,56,,5491,16,,,1,23,,5498,19,,,1,27,,5499,19,,,1,71,,5501,19,,,1,30,,5500,19,,,1,70,,5502,19,,,1,33,,5505,19,,,1,71,,5503,6,,,1,30,,5506,6,,,1,68,,5504,6,,,1,30,,5507,6,,,1,79,,5508,6,,,1
1200000301,'72',750,,5511,19,,,1,70,,5510,19,,,1,31,,5514,19,,,1,70,,5515,19,,,1,31,,5516,19,,,1,71,,5509,19,,,1,31,,5513,19,,,1,70,,5512,19,,,1,30,,5517,19,,,1,70,,5518,19,,,1,31,,5520,19,,,1,70,,5519,19,,,1,31,,5522,19,,,1,70,,5523,19,,,1,31,,5524,19,,,1,70,,5525,19,,,1,29,,5526,19,,,1,71,,5521,19,,,1,32,,5528,19,,,1,69,,5527,19,,,1,28,,5530,19,,,1,69,,5529,19,,,1,29,,5531,19,,,1,64,,5535,19,,,1,38,,5532,6,,,1,100,,5533,6,,,1,96,,5534,6,,,1,99,,5536,6,,,1,78,,5537,6,,,1,102,,5538,6,,,1
1200000301,'73',820,,5539,19,,,1,31,,5541,19,,,1,70,,5542,19,,,1,31,,5543,19,,,1,71,,5544,19,,,1,31,,5540,19,,,1,70,,5545,19,,,1,30,,5547,19,,,1,70,,5546,19,,,1,31,,5549,19,,,1,70,,5548,19,,,1,31,,5551,19,,,1,70,,5552,19,,,1,31,,5553,19,,,1,70,,5554,19,,,1,29,,5555,19,,,1,71,,5550,19,,,1,32,,5557,19,,,1,69,,5556,19,,,1,28,,5559,19,,,1,69,,5558,19,,,1,29,,5560,19,,,1,64,,5563,19,,,1,38,,5561,6,,,1,161,,5562,6,,,1
