2301,'1',634,,5973,29,,,2,70,,5974,29,,,2,110,,5976,29,,,2,41,,5953,29,,,2,72,,5977,29,,,2,23,,5954,29,,,2,81,,5955,29,,,2,70,,5957,29,,,2,30,,5956,29,,,2,76,,5958,42,,,2,31,,5959,42,,,2,70,,5961,42,,,2,30,,5960,42,,,2,70,,5962,42,,,2,31,,5963,42,,,2,71,,5966,42,,,2,91,,5964,42,,,2,28,,5967,42,,,2,76,,5965,42,,,2,101,,5968,42,,,2,26,,5975,42,,,2,77,,5969,42,,,2,102,,5970,42,,,2,90,,5971,42,,,2,114,,5972,42,,,2
2301,'2',711,,5980,29,,,2,100,,5981,29,,,2,101,,5982,29,,,2,102,,5983,29,,,2,102,,5984,29,,,2,108,,5985,42,,,2,101,,5986,42,,,2,101,,5987,42,,,2,100,,5988,42,,,2,100,,5989,42,,,2,101,,5990,42,,,2,97,,5991,42,,,2
2301,'3',811,,5992,29,,,2,101,,5993,29,,,2,102,,5994,29,,,2,102,,5995,29,,,2,108,,5996,42,,,2,101,,5997,42,,,2,101,,5998,42,,,2,100,,5999,42,,,2,100,,6000,42,,,2,101,,6001,42,,,2,97,,6002,42,,,2
2301,'71',634,,4569,29,,,2,70,,4577,29,,,2,110,,4578,29,,,2,38,,4555,29,,,2,72,,4559,29,,,2,29,,4556,29,,,2,75,,4560,29,,,2,31,,4557,29,,,2,70,,4561,29,,,2,76,,4558,42,,,2,30,,4562,42,,,2,71,,4564,42,,,2,30,,4563,42,,,2,70,,4565,42,,,2,30,,4566,42,,,2,74,,4576,42,,,2,42,,4567,42,,,2,148,,4568,46,,,2,103,,4570,42,,,2,31,,4575,42,,,2,75,,4571,42,,,2,100,,4572,42,,,2,92,,4573,42,,,2,114,,4574,42,,,2
2301,'72',726,,4579,29,,,2,100,,4580,29,,,2,101,,4581,29,,,2,102,,4582,29,,,2,100,,4583,29,,,2,106,,4584,42,,,2,102,,4585,42,,,2,101,,4586,42,,,2,101,,4587,42,,,2,100,,4588,42,,,2,102,,4589,42,,,2,96,,4590,42,,,2
2301,'73',826,,4591,29,,,2,101,,4592,29,,,2,102,,4593,29,,,2,100,,4594,29,,,2,106,,4595,42,,,2,102,,4596,42,,,2,101,,4597,42,,,2,101,,4598,42,,,2,100,,4599,42,,,2,102,,4600,42,,,2,96,,4601,42,,,2
23100,'15',702,,6293,6,,,2
23100,'84',702,,4931,6,,,2
23101,'85',1540,,4932,53,,,2
23500,'12',750,,6295,17,,,2
23500,'82',750,,4935,17,,,2
23501,'83',1706,,4936,39,,,2
5002301,'1',1714,,6382,52,,,2,24,,6381,52,,,2
5002301,'71',1628,,5032,52,,,2,86,,5031,52,,,2,24,,5030,52,,,2
