1300,'1',644,,5808,33,,,2,85,,5806,33,,,2,84,,5807,33,,,2,792,,5809,33,,,2,108,,5811,33,,,2,14,,5810,33,,,2,32,,5813,33,,,2,72,,5812,33,,,2
1300,'16',856,,5815,33,,,2,3,,5814,28,,,2
1300,'71',642,,4398,33,,,2,70,,4400,33,,,2,20,,4399,33,,,2,83,,4401,33,,,2,41,,4397,33,,,2,750,,4402,33,,,2,98,,4405,33,,,2,13,,4403,33,,,2,40,,4406,33,,,2,66,,4404,33,,,2
1300,'87',859,,4407,28,,,2
11100,'15',735,,6226,52,,,2
11100,'86',735,,4850,52,,,2
22500,'12',843,,6290,37,4,,2
22500,'82',843,,4927,37,4,,2
23500,'12',841,,6295,78,4,,2
23500,'82',841,,4935,78,4,,2
24500,'12',841,,6298,21,4,,2
24500,'82',841,,4941,21,4,,2
24600,'12',838,,6299,20,4,,2
24600,'82',838,,4943,20,4,,2
37500,'12',841,,6309,35,4,,2
37500,'82',841,,4957,35,4,,2
38500,'12',841,,6317,40,4,,2
38500,'82',841,,4967,40,4,,2
