1100,'1',559,,5748,10,,,1,73,,5754,10,,,1,68,,5749,10,,,1,34,,5755,10,,,1,70,,5750,10,,,1,18,,5751,10,,,1,30,,5756,10,,,1,74,,5752,10,,,1,30,,5757,10,,,1,75,,5758,10,,,1,70,,5761,10,,,1,33,,5759,10,,,1,70,,5762,10,,,1,37,,5760,10,,,1,70,,5763,10,,,1,48,,5764,10,,,1,70,,5766,10,,,1,75,,5765,10,,,1,30,,5767,10,,,1,84,,5770,10,,,1,24,,5768,10,,,1,62,,5772,10,,,1,26,,5771,10,,,1,76,,5773,10,,,1,28,,5769,10,,,1,70,,5774,10,,,1,100,,5775,10,,,1,100,,5776,10,,,1,100,,5777,10,,,1,100,,5778,10,,,1
1100,'2',701,,5779,10,,,1,101,,5780,10,,,1,101,,5781,10,,,1,101,,5782,10,,,1,100,,5783,10,,,1,100,,5784,10,,,1,101,,5785,10,,,1,99,,5786,10,,,1,100,,5787,10,,,1,100,,5788,10,,,1,100,,5789,10,,,1,100,,5790,10,,,1,100,,5792,10,,,1,100,,5793,10,,,1,100,,5791,10,,,1,100,,5795,10,,,1,100,,5794,10,,,1
1100,'3',903,,5796,10,,,1,101,,5797,10,,,1,100,,5798,10,,,1,100,,5799,10,,,1,101,,5800,10,,,1,99,,5801,10,,,1,100,,5802,10,,,1,100,,5803,10,,,1,100,,5804,10,,,1,100,,5805,10,,,1
1100,'71',559,,4339,10,,,1,73,,4343,10,,,1,68,,4340,10,,,1,34,,4344,10,,,1,70,,4341,10,,,1,18,,4345,10,,,1,30,,4350,10,,,1,74,,4346,10,,,1,30,,4351,10,,,1,75,,4347,10,,,1,70,,4352,10,,,1,33,,4348,10,,,1,70,,4353,10,,,1,37,,4349,10,,,1,70,,4354,10,,,1,48,,4358,10,,,1,70,,4355,10,,,1,75,,4359,10,,,1,30,,4356,10,,,1,82,,4360,11,,,1,26,,4357,10,,,1,62,,4363,10,,,1,26,,4361,10,,,1,76,,4364,10,,,1,28,,4362,10,,,1,70,,4365,10,,,1,100,,4366,10,,,1,100,,4367,10,,,1,100,,4368,10,,,1,100,,4369,10,,,1
1100,'72',701,,4370,10,,,1,101,,4371,10,,,1,101,,4372,10,,,1,101,,4373,10,,,1,100,,4374,10,,,1,100,,4375,10,,,1,101,,4376,10,,,1,99,,4377,10,,,1,100,,4378,10,,,1,100,,4379,10,,,1,100,,4380,10,,,1,100,,4381,10,,,1,100,,4384,10,,,1,100,,4382,10,,,1,100,,4383,10,,,1,100,,4386,10,,,1,100,,4385,10,,,1
1100,'73',903,,4387,10,,,1,101,,4388,10,,,1,100,,4389,10,,,1,100,,4390,10,,,1,101,,4391,10,,,1,99,,4392,10,,,1,100,,4393,10,,,1,100,,4394,10,,,1,100,,4395,10,,,1,100,,4396,10,,,1
1300,'1',649,,5808,42,,,2,86,,5806,42,,,2,84,,5807,42,,,2,793,,5809,42,,,2,107,,5811,42,,,2,14,,5810,42,,,2,71,,5813,42,,,2,32,,5812,42,,,2
1300,'16',902,,5815,42,,,2,3,,5814,37,,,2
1300,'71',647,,4398,42,,,2,71,,4400,42,,,2,20,,4399,42,,,2,83,,4401,42,,,2,81,,4397,42,,,2,711,,4402,42,,,2,97,,4405,42,,,2,13,,4403,42,,,2,79,,4406,42,,,2,26,,4404,42,,,2
1300,'87',905,,4407,37,,,2
