2301,'1',636,,5973,33,,,2,70,,5974,33,,,2,110,,5976,33,,,2,41,,5953,33,,,2,72,,5977,33,,,2,23,,5954,33,,,2,81,,5955,33,,,2,70,,5957,33,,,2,30,,5956,33,,,2,76,,5958,46,,,2,31,,5959,46,,,2,70,,5961,46,,,2,30,,5960,46,,,2,70,,5962,46,,,2,31,,5963,46,,,2,71,,5966,46,,,2,91,,5964,46,,,2,28,,5967,46,,,2,76,,5965,46,,,2,101,,5968,46,,,2,26,,5975,46,,,2,77,,5969,46,,,2,102,,5970,46,,,2,90,,5971,46,,,2,114,,5972,46,,,2
2301,'2',713,,5980,33,,,2,100,,5981,33,,,2,101,,5982,33,,,2,102,,5983,33,,,2,102,,5984,33,,,2,108,,5985,46,,,2,101,,5986,46,,,2,101,,5987,46,,,2,100,,5988,46,,,2,100,,5989,46,,,2,101,,5990,46,,,2,97,,5991,46,,,2
2301,'3',813,,5992,33,,,2,101,,5993,33,,,2,102,,5994,33,,,2,102,,5995,33,,,2,108,,5996,46,,,2,101,,5997,46,,,2,101,,5998,46,,,2,100,,5999,46,,,2,100,,6000,46,,,2,101,,6001,46,,,2,97,,6002,46,,,2
2301,'71',636,,4569,33,,,2,70,,4577,33,,,2,110,,4578,33,,,2,38,,4555,33,,,2,72,,4559,33,,,2,29,,4556,33,,,2,75,,4560,33,,,2,71,,4557,33,,,2,30,,4561,33,,,2,76,,4558,46,,,2,30,,4562,46,,,2,71,,4564,46,,,2,30,,4563,46,,,2,70,,4565,46,,,2,30,,4566,46,,,2,74,,4576,46,,,2,42,,4567,46,,,2,148,,4568,50,,,2,103,,4570,46,,,2,31,,4575,46,,,2,75,,4571,46,,,2,100,,4572,46,,,2,92,,4573,46,,,2,114,,4574,46,,,2
2301,'72',728,,4579,33,,,2,100,,4580,33,,,2,101,,4581,33,,,2,102,,4582,33,,,2,100,,4583,33,,,2,106,,4584,46,,,2,102,,4585,46,,,2,101,,4586,46,,,2,101,,4587,46,,,2,100,,4588,46,,,2,102,,4589,46,,,2,96,,4590,46,,,2
2301,'73',828,,4591,33,,,2,101,,4592,33,,,2,102,,4593,33,,,2,100,,4594,33,,,2,106,,4595,46,,,2,102,,4596,46,,,2,101,,4597,46,,,2,101,,4598,46,,,2,100,,4599,46,,,2,102,,4600,46,,,2,96,,4601,46,,,2
23100,'15',704,,6293,10,,,2
23100,'84',704,,4931,10,,,2
23101,'85',1543,,4932,57,,,2
23500,'12',752,,6295,21,,,2
23500,'82',752,,4935,21,,,2
23501,'83',1708,,4936,43,,,2
5002301,'1',1716,,6382,56,,,2,24,,6381,56,,,2
5002301,'71',1630,,5032,56,,,2,86,,5031,56,,,2,24,,5030,56,,,2
