13500,'12',840,,6234,19,,,2
13500,'82',840,,4866,19,,,2
13600,'12',839,,6235,17,,,2
13600,'82',839,,4867,17,,,2
13800,'12',840,,6237,22,,,2
13800,'82',840,,4870,22,,,2
15500,'12',840,,6239,28,,,2
15500,'82',840,,4874,28,,,2
15600,'12',839,,6240,29,,,2
15600,'82',839,,4875,29,,,2
22500,'12',844,,6290,39,4,,2
22500,'82',844,,4927,39,4,,2
23500,'12',842,,6295,80,4,,2
23500,'82',842,,4935,80,4,,2
24500,'12',842,,6298,23,4,,2
24500,'82',842,,4941,23,4,,2
24600,'12',839,,6299,22,4,,2
24600,'82',839,,4943,22,4,,2
32500,'12',839,,6304,59,,,2
32500,'82',839,,4947,59,,,2
34500,'12',840,,6305,47,,,2
34500,'82',840,,4949,47,,,2
35500,'12',843,,6308,68,,,2
35500,'82',843,,4955,60,,,2
37500,'12',842,,6309,37,4,,2
37500,'82',842,,4957,37,4,,2
38500,'12',842,,6317,42,4,,2
38500,'82',842,,4967,42,4,,2
