1200000201,'1',545,,7270,8,,,1,60,,7272,8,,,1,17,,7274,8,,,1,19,,7262,38,,,1,62,,7279,8,,,1,18,,7265,50,,,1,16,,7264,50,,,1,21,,7269,50,,,1,61,,7271,50,,,1,19,,7273,50,,,1,20,,7276,50,,,1,55,,7277,50,,,1,16,,7263,50,,,1,12,,7280,50,,,1,14,,7268,50,,,1,51,,7266,50,,,1,12,,7275,50,,,1,12,,7281,50,,,1,14,,7278,50,,,1,57,,7282,50,,,1,31,,7284,50,,,1,69,,7286,50,,,1,30,,7267,50,,,1,73,,7287,50,,,1,29,,7283,50,,,1,70,,7285,50,,,1,31,,7289,50,,,1,71,,7290,50,,,1,30,,7288,50,,,1,82,,7292,50,,,1,26,,7294,50,,,1,57,,7297,50,,,1,16,,7295,50,,,1,17,,7296,50,,,1,11,,7293,50,,,1,10,,7298,50,,,1,52,,7299,50,,,1,14,,7301,50,,,1,13,,7291,50,,,1,9,,7304,50,,,1,13,,7305,50,,,1,53,,7308,50,,,1,12,,7309,50,,,1,13,,7303,50,,,1,24,,7302,50,,,1,66,,7300,50,,,1,19,,7310,50,,,1,68,,7311,50,,,1,32,,7306,50,,,1,75,,7313,50,,,1,26,,7315,50,,,1,71,,7312,50,,,1,26,,7307,50,,,1,71,,7314,50,,,1,46,,7316,50,,,1
1200000201,'14',1718,,7317,44,,,1
1200000201,'2',643,,7323,8,,,1,68,,7321,38,,,1,39,,7318,50,,,1,70,,7326,50,,,1,31,,7324,50,,,1,72,,7322,50,,,1,32,,7328,50,,,1,71,,7319,50,,,1,31,,7327,50,,,1,72,,7325,50,,,1,72,,7330,50,,,1,30,,7329,50,,,1,71,,7320,50,,,1,32,,7332,50,,,1,71,,7334,50,,,1,30,,7331,50,,,1,70,,7336,50,,,1,31,,7337,50,,,1,70,,7333,50,,,1,30,,7335,50,,,1,71,,7339,50,,,1,31,,7341,50,,,1,68,,7338,50,,,1,25,,7343,50,,,1,28,,7344,50,,,1,65,,7340,50,,,1,25,,7342,50,,,1,67,,7348,50,,,1,29,,7347,50,,,1,71,,7345,50,,,1,27,,7349,50,,,1,68,,7351,50,,,1,29,,7350,50,,,1,70,,7353,50,,,1,29,,7346,50,,,1,68,,7352,50,,,1,49,,7354,50,,,1
1200000201,'27',2255,,7355,43,,,1,70,,7358,43,,,1,28,,7356,43,,,1,83,,7359,43,,,1,68,,7361,43,,,1,30,,7357,43,,,1,70,,7360,43,,,1
1200000201,'28',2254,,7362,43,,,1,70,,7365,43,,,1,29,,7363,43,,,1,82,,7366,43,,,1,68,,7368,43,,,1,30,,7364,43,,,1,70,,7367,43,,,1
1200000201,'29',2254,,7369,43,,,1,70,,7372,43,,,1,29,,7370,43,,,1,82,,7373,43,,,1,68,,7375,43,,,1,30,,7371,43,,,1,70,,7374,43,,,1
1200000201,'3',643,,7376,8,,,1,68,,7378,8,,,1,32,,7380,8,,,1,70,,7382,8,,,1,38,,7377,50,,,1,72,,7379,50,,,1,32,,7381,50,,,1,70,,7383,50,,,1,32,,7384,50,,,1,72,,7388,50,,,1,72,,7386,50,,,1,30,,7390,50,,,1,71,,7387,50,,,1,32,,7385,50,,,1,71,,7389,50,,,1,30,,7392,50,,,1,70,,7391,50,,,1,31,,7393,50,,,1,70,,7395,50,,,1,30,,7397,50,,,1,71,,7400,50,,,1,31,,7402,50,,,1,68,,7394,50,,,1,25,,7396,50,,,1,28,,7398,50,,,1,65,,7401,50,,,1,25,,7403,50,,,1,67,,7405,50,,,1,29,,7404,50,,,1,71,,7399,50,,,1,27,,7406,50,,,1
1200000201,'71',545,,5210,8,,,1,60,,5212,8,,,1,17,,5215,8,,,1,19,,5201,38,,,1,62,,5220,8,,,1,13,,5205,50,,,1,17,,5204,50,,,1,21,,5208,50,,,1,50,,5214,50,,,1,14,,5203,50,,,1,13,,5213,50,,,1,19,,5207,50,,,1,57,,5218,50,,,1,15,,5202,50,,,1,14,,5221,50,,,1,13,,5206,50,,,1,52,,5223,50,,,1,12,,5216,50,,,1,12,,5224,50,,,1,15,,5209,50,,,1,12,,5225,50,,,1,57,,5217,50,,,1,19,,5219,50,,,1,14,,5226,50,,,1,15,,5222,50,,,1,55,,5228,50,,,1,15,,5229,50,,,1,15,,5230,50,,,1,58,,5232,50,,,1,15,,5233,50,,,1,15,,5235,50,,,1,14,,5236,50,,,1,15,,5237,50,,,1,56,,5227,50,,,1,15,,5239,50,,,1,15,,5240,50,,,1,56,,5241,50,,,1,14,,5231,50,,,1,16,,5238,50,,,1,19,,5234,50,,,1,69,,5242,50,,,1,20,,5243,50,,,1,16,,5244,50,,,1,54,,5245,50,,,1,6,,5253,38,,,1,14,,5246,50,,,1,9,,5247,50,,,1,10,,5249,50,,,1,11,,5251,50,,,1,55,,5254,50,,,1,13,,5255,50,,,1,9,,5256,50,,,1,13,,5259,50,,,1,57,,5260,50,,,1,9,,5257,50,,,1,12,,5258,50,,,1,13,,5250,50,,,1,12,,5248,50,,,1,54,,5261,50,,,1,14,,5252,50,,,1,20,,5262,50,,,1,69,,5263,50,,,1,32,,5265,50,,,1,75,,5267,50,,,1,26,,5269,50,,,1,71,,5264,50,,,1,26,,5266,50,,,1,71,,5268,50,,,1,46,,5270,50,,,1
1200000201,'72',643,,5275,8,,,1,70,,5281,8,,,1,21,,5272,50,,,1,71,,5271,50,,,1,30,,5273,50,,,1,72,,5279,50,,,1,32,,5284,50,,,1,72,,5277,50,,,1,31,,5276,50,,,1,69,,5282,50,,,1,30,,5283,50,,,1,71,,5285,50,,,1,30,,5274,50,,,1,71,,5280,50,,,1,30,,5278,50,,,1,70,,5286,50,,,1,32,,5287,50,,,1,69,,5289,50,,,1,33,,5288,50,,,1,70,,5291,50,,,1,29,,5292,50,,,1,72,,5293,50,,,1,31,,5294,50,,,1,66,,5295,50,,,1,28,,5290,50,,,1,69,,5297,50,,,1,25,,5296,50,,,1,79,,5300,50,,,1,29,,5302,50,,,1,71,,5298,50,,,1,27,,5304,50,,,1,68,,5305,50,,,1,29,,5301,50,,,1,70,,5303,50,,,1,29,,5299,50,,,1,68,,5306,50,,,1,49,,5307,50,,,1
1200000201,'73',643,,5309,8,,,1,70,,5313,8,,,1,30,,5316,8,,,1,70,,5319,8,,,1,22,,5308,50,,,1,72,,5311,50,,,1,32,,5315,50,,,1,72,,5318,50,,,1,31,,5310,50,,,1,69,,5314,50,,,1,30,,5317,50,,,1,71,,5320,50,,,1,30,,5321,50,,,1,71,,5312,50,,,1,30,,5322,50,,,1,70,,5324,50,,,1,32,,5323,50,,,1,69,,5326,50,,,1,33,,5325,50,,,1,70,,5328,50,,,1,29,,5329,50,,,1,72,,5330,50,,,1,31,,5331,50,,,1,66,,5333,50,,,1,28,,5327,50,,,1,69,,5336,50,,,1,25,,5334,50,,,1,79,,5338,50,,,1,29,,5332,50,,,1,71,,5337,50,,,1,27,,5335,50,,,1
1200000201,'81',726,,5339,38,,,1,16,,5340,38,,,1,860,,5341,50,,,1
1200000201,'89',1646,,5345,50,,,1,54,,5346,50,,,1
