3400,'1',617,,6032,29,,,2,114,,6033,31,,,2,79,,6031,29,,,2,794,,6037,29,,,2,102,,6034,31,,,2,28,,6035,31,,,2,92,,6036,31,,,2
3400,'13',846,,6038,31,0,24 1 15,2
3400,'71',617,,4634,29,,,2,114,,4635,31,,,2,77,,4636,29,,,2,38,,4633,31,0,24 1 15,2,676,,4637,20,,,2,82,,4638,29,,,2,49,,4639,31,,,2,82,,4640,31,,,2,89,,4641,31,,,2
32501,'83',1635,,4948,45,,,2
34501,'83',1644,,4950,48,,,2
35101,'85',1525,,4954,20,,,2
5003400,'1',641,,6388,29,,,2,62,,6387,29,,,2
5003400,'71',641,,5039,29,,,2,61,,5038,29,,,2
2000003400,'2',725,,7742,29,,,2,85,,7743,31,,,2,46,,7744,31,,,2,85,,7745,31,,,2,87,,7746,31,,,2,86,,7747,31,,,2,45,,7748,31,,,2,88,,7749,31,,,2,171,,7750,31,,,2,83,,7751,31,,,2,47,,7752,31,,,2,83,,7753,31,,,2,90,,7754,31,,,2,82,,7755,31,,,2,41,,7756,31,,,2
2000003400,'3',810,,7757,29,,,2,46,,7758,31,,,2,85,,7759,31,,,2,87,,7760,31,,,2,86,,7761,31,,,2,45,,7762,31,,,2,88,,7763,31,,,2,171,,7764,31,,,2,83,,7765,31,,,2,47,,7766,31,,,2,83,,7767,31,,,2,90,,7768,31,,,2,82,,7769,31,,,2,41,,7770,31,,,2
2000003400,'72',725,,5682,29,,,2,85,,5683,31,,,2,45,,5684,31,,,2,85,,5685,31,,,2,85,,5686,31,,,2,86,,5687,31,,,2,45,,5688,31,,,2,85,,5689,31,,,2,174,,5690,31,,,2,41,,5691,31,,,2,92,,5692,31,,,2,78,,5693,31,,,2,93,,5694,31,,,2,38,,5695,31,,,2,87,,5696,31,,,2
2000003400,'73',810,,5697,29,,,2,45,,5698,31,,,2,85,,5699,31,,,2,85,,5700,31,,,2,86,,5701,31,,,2,45,,5702,31,,,2,85,,5703,31,,,2,174,,5704,31,,,2,41,,5705,31,,,2,92,,5706,31,,,2,78,,5707,31,,,2,93,,5708,31,,,2,38,,5709,31,,,2,87,,5710,31,,,2
