3701,'1',558,,822,37,0,9,2,186,,826,44,,,2,102,,823,44,0,9,2,102,,824,44,0,9,2,97,,825,44,0,9,2,102,,827,44,0,9,2,112,,828,44,0,9,2,142,,829,44,0,9,2,104,,830,44,0,9,2,112,,831,44,0,9,2,115,,832,44,0,9,2,95,,833,44,0,9,2,103,,834,44,0,9,2,100,,835,44,0,9,2,97,,836,44,0,9,2,100,,837,44,0,9,2,100,,838,44,0,9,2,25,,839,44,0,9,2
3701,'3',558,,840,37,0,9,2,75,,841,44,0,9,2,111,,842,44,0,9,2,102,,843,44,0,9,2,102,,844,44,0,9,2,97,,845,44,0,9,2,102,,846,44,0,9,2,112,,847,44,0,9,2,142,,848,44,0,9,2,104,,849,44,0,9,2,112,,850,44,0,9,2,115,,851,44,0,9,2,95,,852,44,0,9,2,103,,853,44,0,9,2,100,,854,44,0,9,2,97,,855,44,0,9,2,100,,856,44,0,9,2,100,,857,44,0,9,2,25,,858,44,0,9,2
3701,'4',558,,859,37,0,9,2,75,,860,44,0,9,2,111,,861,44,0,9,2,102,,862,44,0,9,2,102,,863,44,0,9,2,97,,864,44,0,9,2,102,,865,44,0,9,2,112,,866,44,0,9,2,142,,867,44,0,9,2,104,,868,44,0,9,2,112,,869,44,0,9,2,115,,870,44,0,9,2,95,,871,44,0,9,2,103,,872,44,0,9,2,100,,873,44,0,9,2,97,,874,44,0,9,2,100,,875,44,0,9,2,100,,876,44,0,9,2,25,,877,44,0,9,2
3701,'6',716,,878,44,0,9,2,100,,879,44,0,9,2,102,,880,44,0,9,2,100,,881,44,0,9,2,100,,882,44,0,9,2,112,,883,44,0,9,2,100,,884,44,0,9,2,100,,885,44,0,9,2,102,,886,44,0,9,2,100,,887,44,0,9,2,98,,889,44,0,9,2,100,,890,44,0,9,2,105,,888,44,0,9,2,92,,891,44,0,9,2,100,,892,44,0,9,2,101,,893,44,0,9,2,98,,894,44,0,9,2,25,,895,44,0,9,2
3701,'8',816,,896,44,0,9,2,102,,897,44,0,9,2,100,,898,44,0,9,2,100,,899,44,0,9,2,112,,900,44,0,9,2,100,,901,44,0,9,2,100,,902,44,0,9,2,102,,903,44,0,9,2,100,,904,44,0,9,2,98,,907,44,0,9,2,100,,905,44,0,9,2,105,,906,44,0,9,2
3800,'1',814,,908,45,,,2,103,,909,45,,,2,97,,910,45,,,2,102,,911,45,,,2,112,,912,45,,,2,102,,913,45,,,2,102,,914,45,,,2,111,,915,52,,,2,114,,916,45,,,2,93,,917,45,,,2,151,,918,45,,,2,101,,919,45,,,2,56,,920,45,,,2,101,,921,45,,,2,96,,922,45,,,2
3800,'3',814,,923,45,,,2,103,,924,45,,,2,97,,925,45,,,2,102,,926,45,,,2,112,,927,45,,,2,102,,928,45,,,2,102,,929,45,,,2,111,,930,45,,,2,114,,931,45,,,2,93,,932,45,,,2,151,,933,45,,,2,101,,934,45,,,2,56,,935,45,,,2,101,,936,45,,,2,96,,937,45,,,2
3800,'4',814,,938,45,,,2,103,,939,45,,,2,97,,940,45,,,2,102,,941,45,,,2,112,,942,45,,,2,102,,943,45,,,2,102,,944,45,,,2,111,,945,45,,,2,114,,946,45,,,2,93,,947,45,,,2,151,,948,45,,,2,101,,949,45,,,2,56,,950,45,,,2,101,,951,45,,,2,96,,952,45,,,2
3800,'6',746,,953,45,,,2,100,,954,45,,,2,102,,955,45,,,2,100,,956,45,,,2,101,,957,45,,,2,151,,958,45,,,2,100,,959,45,,,2,102,,960,45,,,2,100,,961,45,,,2,100,,962,45,,,2,98,,963,45,,,2,100,,964,45,,,2,57,,965,45,,,2,100,,966,45,,,2,99,,967,45,,,2,100,,968,45,,,2
3800,'8',846,,969,45,,,2,102,,970,45,,,2,100,,971,45,,,2,101,,972,45,,,2,151,,973,45,,,2,100,,974,45,,,2,102,,975,45,,,2,100,,976,45,,,2,100,,977,45,,,2,98,,980,45,,,2,100,,978,45,,,2,103,,979,45,,,2
24100,'14',740,,1142,13,4,,2
24200,'14',739,,1144,15,4,,2
31100,'14',750,,1150,54,,,2
38100,'14',748,,1182,46,,,2
5003700,'1',640,,1355,55,,,2,13,,1356,48,,,2,74,,1358,48,,,2,31,,1359,48,,,2,74,,1357,55,,,2
5003700,'3',653,,1361,48,,,2,74,,1360,48,,,2
5003700,'4',653,,1362,48,,,2,74,,1363,48,,,2
5003701,'1',1652,,1365,79,,,2,102,,1364,79,,,2,150,,1366,79,,,2
5003701,'3',1746,,1367,79,,,2
5003701,'4',1747,,1368,79,,,2,154,,1369,79,,,2
5003801,'1',1728,,1371,78,,,2,84,,1370,78,,,2
5003801,'3',1714,,1373,78,,,2,89,,1372,78,,,2
5003801,'4',1721,,1375,78,,,2,83,,1374,78,,,2
