1100,'1',612,,5748,40,,,1,33,,5754,40,,,1,68,,5749,40,,,1,34,,5755,40,,,1,70,,5750,40,,,1,18,,5751,40,,,1,70,,5756,40,,,1,34,,5752,40,,,1,70,,5757,40,,,1,35,,5758,40,,,1,70,,5761,40,,,1,33,,5759,40,,,1,70,,5762,40,,,1,37,,5760,40,,,1,70,,5763,40,,,1,88,,5764,40,,,1,30,,5766,40,,,1,75,,5765,40,,,1,30,,5767,40,,,1,85,,5770,40,,,1,23,,5768,40,,,1,62,,5772,40,,,1,26,,5771,40,,,1,76,,5773,40,,,1,28,,5769,40,,,1,70,,5774,40,,,1,100,,5775,40,,,1,100,,5776,40,,,1,100,,5777,40,,,1,100,,5778,40,,,1
1100,'2',713,,5779,40,,,1,102,,5780,40,,,1,100,,5781,40,,,1,102,,5782,40,,,1,100,,5783,40,,,1,100,,5784,40,,,1,101,,5785,40,,,1,99,,5786,40,,,1,100,,5787,40,,,1,100,,5788,40,,,1,100,,5789,40,,,1,100,,5790,40,,,1,99,,5792,40,,,1,100,,5793,40,,,1,100,,5791,40,,,1,100,,5795,40,,,1,100,,5794,40,,,1
1100,'3',915,,5796,40,,,1,102,,5797,40,,,1,100,,5798,40,,,1,100,,5799,40,,,1,101,,5800,40,,,1,99,,5801,40,,,1,100,,5802,40,,,1,100,,5803,40,,,1,100,,5804,40,,,1,100,,5805,40,,,1
1100,'71',612,,4339,40,,,1,33,,4343,40,,,1,68,,4340,40,,,1,34,,4344,40,,,1,70,,4341,40,,,1,18,,4345,40,,,1,70,,4350,40,,,1,34,,4346,40,,,1,70,,4351,40,,,1,35,,4347,40,,,1,70,,4352,40,,,1,33,,4348,40,,,1,70,,4353,40,,,1,37,,4349,40,,,1,70,,4354,40,,,1,88,,4358,40,,,1,30,,4355,40,,,1,75,,4359,40,,,1,30,,4356,40,,,1,82,,4360,41,,,1,26,,4357,40,,,1,62,,4363,40,,,1,26,,4361,40,,,1,76,,4364,40,,,1,28,,4362,40,,,1,70,,4365,40,,,1,100,,4366,40,,,1,100,,4367,40,,,1,100,,4368,40,,,1,100,,4369,40,,,1
1100,'72',713,,4370,40,,,1,102,,4371,40,,,1,100,,4372,40,,,1,102,,4373,40,,,1,100,,4374,40,,,1,100,,4375,40,,,1,101,,4376,40,,,1,99,,4377,40,,,1,100,,4378,40,,,1,100,,4379,40,,,1,100,,4380,40,,,1,100,,4381,40,,,1,99,,4384,40,,,1,100,,4382,40,,,1,100,,4383,40,,,1,100,,4386,40,,,1,100,,4385,40,,,1
1100,'73',915,,4387,40,,,1,102,,4388,40,,,1,100,,4389,40,,,1,100,,4390,40,,,1,101,,4391,40,,,1,99,,4392,40,,,1,100,,4393,40,,,1,100,,4394,40,,,1,100,,4395,40,,,1,100,,4396,40,,,1
11101,'85',1557,,4851,72,4,,2
11901,'88',1648,,4855,39,4,,2
1200000401,'1',1508,,7634,19,4,,1,30,,7636,19,4,,1,205,,7635,61,4,,1,60,,7633,61,4,,1
1200000401,'71',1508,,5573,19,4,,1,30,,5574,19,4,,1,198,,5572,61,4,,1,64,,5571,61,4,,1,22,,5575,61,4,,1
