1300,'1',646,,5808,39,,,2,86,,5806,39,,,2,84,,5807,39,,,2,793,,5809,39,,,2,107,,5811,39,,,2,14,,5810,39,,,2,71,,5813,39,,,2,32,,5812,39,,,2
1300,'16',859,,5815,39,,,2,43,,5814,34,,,2
1300,'71',644,,4398,39,,,2,71,,4400,39,,,2,20,,4399,39,,,2,83,,4401,39,,,2,41,,4397,39,,,2,751,,4402,39,,,2,97,,4405,39,,,2,13,,4403,39,,,2,39,,4406,39,,,2,66,,4404,39,,,2
1300,'87',902,,4407,34,,,2
1501,'1',1523,,5837,4,,,2,77,,5840,4,,,2,21,,5842,4,,,2,81,,5838,4,0,41,2,30,,5841,4,,,2
1501,'71',636,,4438,4,0,41,2,23,,4436,4,0,41,2,73,,4439,4,0,41,2,791,,4443,4,0,41,2,82,,4446,4,0,41,2,16,,4448,4,0,41,2,35,,4450,4,0,41,2,77,,4449,4,0,41,2
1601,'1',636,,5859,4,,,2,23,,5861,4,,,2,71,,5860,4,,,2,174,,5858,4,0,41,2
905231701,'27',2222,,6491,4,4,,2,30,,6494,4,4,,2,70,,6489,4,4,,2,30,,6492,4,4,,2,70,,6490,4,4,,2,30,,6493,4,4,,2,70,,6495,4,4,,2
905231701,'28',2222,,6498,4,4,,2,30,,6501,4,4,,2,70,,6496,4,4,,2,30,,6499,4,4,,2,70,,6497,4,4,,2,30,,6500,4,4,,2,70,,6502,4,4,,2
905231701,'29',2222,,6505,4,4,,2,30,,6508,4,4,,2,70,,6503,4,4,,2,30,,6506,4,4,,2,70,,6504,4,4,,2,30,,6507,4,4,,2,70,,6509,4,4,,2
1200000200,'1',534,,7153,4,,,1,14,,7158,4,,,1,55,,7159,4,,,1,15,,7160,4,,,1,15,,7162,4,,,1,14,,7163,4,,,1,57,,7152,4,,,1,15,,7165,4,,,1,15,,7157,4,,,1,15,,7155,4,,,1,54,,7161,4,,,1,15,,7166,4,,,1,18,,7164,4,,,1,21,,7167,4,,,1,70,,7169,4,,,1,29,,7171,4,,,1,70,,7156,4,,,1,30,,7172,4,,,1,69,,7168,4,,,1,29,,7170,4,,,1,72,,7174,4,,,1,30,,7175,4,,,1,69,,7173,4,,,1,30,,7177,4,,,1,58,,7179,4,,,1,30,,7180,4,,,1,15,,7181,4,,,1,52,,7178,4,,,1,13,,7182,4,,,1,13,,7183,4,,,1,14,,7185,4,,,1,55,,7176,4,,,1,15,,7188,4,,,1,16,,7189,4,,,1,17,,7192,4,,,1,57,,7193,4,,,1,16,,7187,4,,,1,30,,7186,4,,,1,70,,7184,4,,,1,30,,7190,4,,,1,70,,7196,4,,,1,30,,7197,4,,,1,70,,7199,4,,,1,30,,7200,4,,,1,72,,7194,4,,,1,72,,7191,4,,,1,32,,7198,4,,,1,27,,7201,4,,,1,70,,7195,4,0,14,1
1200000200,'2',656,,7205,4,,,1,70,,7204,4,,,1,30,,7208,4,,,1,70,,7202,4,,,1,30,,7207,4,,,1,70,,7206,4,,,1,30,,7210,4,,,1,70,,7209,4,,,1,30,,7203,4,,,1,70,,7212,4,,,1,30,,7214,4,,,1,69,,7211,4,,,1,30,,7216,4,,,1,70,,7217,4,,,1,31,,7213,4,,,1,70,,7215,4,,,1,30,,7219,4,,,1,70,,7221,4,,,1,30,,7218,4,,,1,70,,7223,4,,,1,30,,7224,4,,,1,71,,7220,4,,,1,30,,7222,4,,,1,69,,7228,4,,,1,30,,7227,4,,,1,71,,7225,4,,,1,30,,7229,4,,,1,69,,7231,4,,,1,30,,7230,4,,,1,70,,7233,4,,,1,30,,7226,4,,,1,70,,7232,4,,,1,30,,7234,4,,,1
1200000200,'3',656,,7235,4,,,1,70,,7236,4,,,1,30,,7237,4,,,1,70,,7238,4,,,1,30,,7239,4,,,1,70,,7243,4,,,1,30,,7241,4,,,1,70,,7245,4,,,1,30,,7242,4,,,1,70,,7240,4,,,1,30,,7244,4,,,1,69,,7247,4,,,1,30,,7246,4,,,1,70,,7248,4,,,1,31,,7250,4,,,1,70,,7252,4,,,1,30,,7255,4,,,1,70,,7257,4,,,1,30,,7249,4,,,1,70,,7251,4,,,1,30,,7253,4,,,1,71,,7256,4,,,1,30,,7258,4,,,1,69,,7260,4,,,1,30,,7259,4,,,1,71,,7254,4,,,1,30,,7261,4,,,1
1200000200,'71',534,,5074,4,,,1,14,,5078,4,,,1,55,,5080,4,,,1,15,,5081,4,,,1,15,,5077,4,,,1,14,,5085,4,,,1,57,,5073,4,,,1,15,,5087,4,,,1,15,,5076,4,,,1,15,,5089,4,,,1,54,,5083,4,,,1,15,,5090,4,,,1,18,,5079,4,,,1,16,,5091,4,,,1,57,,5084,4,,,1,18,,5086,4,,,1,14,,5092,4,,,1,15,,5088,4,,,1,55,,5094,4,,,1,15,,5095,4,,,1,15,,5096,4,,,1,15,,5098,4,,,1,55,,5099,4,,,1,14,,5101,4,,,1,15,,5102,4,,,1,14,,5103,4,,,1,57,,5093,4,,,1,15,,5105,4,,,1,15,,5106,4,,,1,15,,5107,4,,,1,54,,5097,4,,,1,15,,5104,4,,,1,15,,5100,4,,,1,61,,5108,4,,,1,12,,5109,4,,,1,15,,5110,4,,,1,15,,5111,4,,,1,15,,5112,4,,,1,52,,5113,4,,,1,13,,5115,4,,,1,13,,5117,4,,,1,13,,5119,4,,,1,56,,5120,4,,,1,15,,5122,4,,,1,16,,5125,4,,,1,17,,5126,4,,,1,57,,5123,4,,,1,16,,5124,4,,,1,15,,5116,4,,,1,15,,5114,4,,,1,55,,5128,4,,,1,15,,5118,4,,,1,30,,5129,4,,,1,70,,5127,4,,,1,30,,5133,4,,,1,70,,5135,4,,,1,30,,5136,4,,,1,72,,5130,4,,,1,72,,5132,4,,,1,32,,5134,4,,,1,27,,5137,4,,,1,70,,5131,4,0,14,1
1200000200,'72',657,,5139,4,,,1,70,,5142,4,,,1,30,,5143,4,,,1,69,,5144,4,,,1,30,,5138,4,,,1,70,,5141,4,,,1,30,,5140,4,,,1,70,,5145,4,,,1,30,,5146,4,,,1,71,,5148,4,,,1,29,,5147,4,,,1,70,,5150,4,,,1,29,,5151,4,,,1,71,,5152,4,,,1,30,,5153,4,,,1,70,,5154,4,,,1,30,,5149,4,,,1,70,,5156,4,,,1,30,,5155,4,,,1,70,,5159,4,,,1,30,,5158,4,,,1,71,,5161,4,,,1,29,,5162,4,,,1,70,,5163,4,,,1,30,,5165,4,,,1,71,,5157,4,,,1,29,,5167,4,,,1,70,,5168,4,,,1,30,,5164,4,,,1,70,,5166,4,,,1,30,,5160,4,,,1,70,,5169,4,,,1,30,,5170,4,,,1
1200000200,'73',657,,5171,4,,,1,70,,5173,4,,,1,30,,5174,4,,,1,69,,5175,4,,,1,30,,5176,4,,,1,70,,5172,4,,,1,30,,5177,4,,,1,70,,5179,4,,,1,30,,5178,4,,,1,71,,5181,4,,,1,29,,5180,4,,,1,70,,5183,4,,,1,29,,5184,4,,,1,71,,5185,4,,,1,30,,5186,4,,,1,70,,5188,4,,,1,30,,5182,4,,,1,70,,5191,4,,,1,30,,5189,4,,,1,70,,5193,4,,,1,30,,5192,4,,,1,71,,5195,4,,,1,29,,5196,4,,,1,70,,5197,4,,,1,30,,5187,4,,,1,71,,5194,4,,,1,29,,5190,4,,,1
