2200,'1',603,,5864,16,,,2,27,,5873,54,,,2,22,,5865,16,,,2,70,,5877,16,,,2,26,,5879,54,,,2,83,,5878,16,,,2,88,,5874,16,,,2,109,,5866,16,,,2,100,,5867,16,,,2,100,,5868,16,,,2,100,,5870,16,,,2,102,,5871,16,,,2,103,,5880,2,,,2,25,,5872,2,,,2,153,,5869,2,,,2,29,,5875,2,,,2,100,,5876,2,,,2
2200,'71',603,,4456,16,,,2,27,,4471,54,,,2,22,,4457,16,,,2,70,,4472,16,,,2,26,,4474,54,,,2,83,,4473,16,0,14 1 15,2,88,,4458,16,,,2,35,,4460,16,,,2,72,,4459,16,,,2,32,,4461,16,,,2,70,,4465,16,,,2,30,,4462,16,,,2,71,,4466,16,,,2,30,,4463,16,,,2,70,,4475,16,,,2,30,,4464,16,,,2,69,,4476,16,,,2,74,,4469,16,,,2,31,,4467,2,,,2,25,,4470,2,,,2,148,,4468,2,,,2,34,,4477,2,,,2,100,,4478,2,,,2
2400,'1',639,,6004,22,,,2,163,,6003,22,,,2
2400,'71',639,,4604,22,,,2,163,,4603,22,,,2
6500,'1',642,,6220,43,,,2,59,,6221,43,,,2,30,,6222,43,,,2
6500,'71',642,,4845,43,,,2,59,,4846,43,,,2,30,,4844,43,,,2
22100,'15',712,,6288,16,,,2
22100,'84',712,,4923,16,,,2
22501,'83',1657,,4928,22,,,2
23501,'83',1646,,4936,7,,,2
5002400,'1',702,,6384,22,,,2,28,,6383,22,,,2
5002400,'71',702,,5034,22,,,2,28,,5033,22,,,2
1200000100,'1',556,,7140,37,0,14,1,64,,7141,37,,,1,30,,7142,37,,,1,59,,7143,37,,,1,30,,7146,37,0,16 1 17,1,71,,7144,37,,,1
1200000100,'71',556,,5060,37,0,14,1,64,,5061,37,,,1,30,,5062,37,,,1,59,,5063,37,,,1,30,,5066,37,0,16 1 17,1,71,,5064,37,,,1
1200000300,'1',618,,7407,37,,,1,16,,7410,37,,,1,14,,7412,37,,,1,10,,7415,37,,,1,49,,7409,37,,,1,16,,7417,37,,,1,14,,7413,37,,,1,15,,7418,37,,,1,56,,7420,37,,,1,16,,7408,37,,,1,15,,7411,37,,,1,15,,7416,37,,,1,70,,7414,37,,,1,32,,7419,37,,,1,73,,7421,37,,,1,30,,7423,37,,,1,70,,7425,37,,,1,72,,7427,37,,,1,30,,7422,37,,,1,70,,7424,37,,,1,28,,7426,37,,,1,30,,7428,37,,,1,69,,7429,37,,,1,74,,7430,37,,,1,31,,7433,39,,,1,67,,7434,39,,,1,28,,7435,39,,,1,72,,7432,39,,,1,31,,7431,39,,,1,73,,7436,39,,,1,24,,7439,37,,,1,27,,7437,37,,,1,61,,7441,37,,,1,30,,7442,37,,,1,72,,7440,37,,,1,33,,7447,37,,,1,66,,7438,37,,,1,27,,7443,37,,,1,70,,7444,37,,,1,30,,7448,37,,,1,66,,7445,37,,,1,30,,7449,37,,,1,68,,7446,37,,,1
1200000300,'2',656,,7450,37,,,1,70,,7453,37,,,1,30,,7456,37,,,1,71,,7459,37,,,1,30,,7451,37,,,1,71,,7454,37,,,1,30,,7457,37,,,1,71,,7460,37,,,1,71,,7452,37,,,1,30,,7455,37,,,1,71,,7458,37,,,1,30,,7461,37,,,1,71,,7462,37,,,1,30,,7466,37,,,1,70,,7472,37,,,1,30,,7469,37,,,1,70,,7463,37,,,1,30,,7467,37,,,1,69,,7473,37,,,1,30,,7470,37,,,1,70,,7464,37,,,1,30,,7468,37,,,1,69,,7474,37,,,1,30,,7471,37,,,1,19,,7465,37,,,1,94,,7475,37,,,1,100,,7476,37,,,1,96,,7477,37,,,1,99,,7478,37,,,1,177,,7479,37,,,1
1200000300,'3',726,,7480,37,,,1,30,,7482,37,,,1,71,,7488,37,,,1,30,,7485,37,,,1,71,,7481,37,,,1,30,,7483,37,,,1,71,,7489,37,,,1,71,,7486,37,,,1,30,,7490,37,,,1,71,,7484,37,,,1,30,,7492,37,,,1,71,,7487,37,,,1,30,,7491,37,,,1,70,,7494,37,,,1,30,,7493,37,,,1,70,,7498,37,,,1,30,,7501,37,,,1,69,,7495,37,,,1,30,,7504,37,,,1,70,,7499,37,,,1,30,,7502,37,,,1,69,,7496,37,,,1,30,,7505,37,,,1,19,,7500,37,,,1,94,,7497,37,,,1,157,,7503,37,,,1
1200000300,'71',618,,5347,37,,,1,16,,5350,37,,,1,14,,5352,37,,,1,10,,5354,37,,,1,49,,5349,37,,,1,10,,5356,37,,,1,10,,5359,37,,,1,10,,5353,37,,,1,15,,5361,37,,,1,56,,5363,37,,,1,16,,5348,37,,,1,15,,5351,37,,,1,15,,5357,37,,,1,55,,5360,37,,,1,15,,5358,37,,,1,15,,5355,37,,,1,20,,5362,37,,,1,60,,5364,37,,,1,20,,5366,37,,,1,20,,5368,37,,,1,60,,5369,37,,,1,20,,5371,37,,,1,62,,5373,37,,,1,20,,5365,37,,,1,20,,5367,37,,,1,60,,5374,37,,,1,18,,5370,37,,,1,20,,5372,37,,,1,19,,5376,37,,,1,60,,5378,37,,,1,19,,5380,37,,,1,65,,5375,37,,,1,31,,5383,39,,,1,67,,5377,39,,,1,29,,5379,39,,,1,73,,5384,39,,,1,29,,5382,39,,,1,73,,5381,39,,,1,21,,5385,37,,,1,30,,5386,37,,,1,61,,5388,37,,,1,30,,5390,37,,,1,72,,5391,37,,,1,33,,5395,37,,,1,66,,5389,37,,,1,27,,5387,37,,,1,70,,5392,37,,,1,30,,5396,37,,,1,66,,5393,37,,,1,30,,5397,37,,,1,68,,5394,37,,,1
1200000300,'72',644,,5398,37,,,1,70,,5399,37,,,1,30,,5404,37,,,1,70,,5408,37,,,1,32,,5402,37,,,1,71,,5401,37,,,1,28,,5406,37,,,1,70,,5407,37,,,1,31,,5409,37,,,1,69,,5400,37,,,1,31,,5405,37,,,1,70,,5403,37,,,1,29,,5410,37,,,1,72,,5411,37,,,1,29,,5413,37,,,1,73,,5412,37,,,1,29,,5415,37,,,1,69,,5416,37,,,1,30,,5417,37,,,1,71,,5418,37,,,1,29,,5419,37,,,1,69,,5414,37,,,1,31,,5421,37,,,1,69,,5420,37,,,1,33,,5422,37,,,1,94,,5423,37,,,1,100,,5424,37,,,1,96,,5425,37,,,1,99,,5426,37,,,1,177,,5427,37,,,1
1200000300,'73',714,,5428,37,,,1,30,,5430,37,,,1,70,,5433,37,,,1,32,,5435,37,,,1,71,,5429,37,,,1,28,,5432,37,,,1,70,,5434,37,,,1,31,,5436,37,,,1,69,,5437,37,,,1,31,,5431,37,,,1,70,,5438,37,,,1,29,,5440,37,,,1,72,,5439,37,,,1,29,,5442,37,,,1,73,,5441,37,,,1,29,,5444,37,,,1,69,,5445,37,,,1,30,,5446,37,,,1,71,,5447,37,,,1,29,,5448,37,,,1,69,,5443,37,,,1,31,,5450,37,,,1,69,,5449,37,,,1,33,,5451,37,,,1,94,,5452,37,,,1,157,,5453,37,,,1
2000002200,'1',644,,7709,63,0,18 19 20,2,90,,7711,35,0,18 19 20,2,100,,7713,35,0,18 19 20,2
2000002200,'71',644,,5649,63,0,18 19 20,2,90,,5651,35,0,18 19 20,2,100,,5653,35,0,18 19 20,2
2000002201,'1',1625,,7714,67,,,2,83,,7715,67,,,2,48,,7716,67,,,2,84,,7717,67,,,2
2000002201,'71',1625,,5654,67,,,2,83,,5655,67,,,2,44,,5656,67,,,2,88,,5657,67,,,2
