2301,'1',1203,,5958,33,,,2,31,,5959,33,,,2,70,,5961,33,,,2,30,,5960,33,,,2,70,,5962,33,,,2,31,,5963,33,,,2,71,,5966,33,,,2,51,,5964,33,,,2,68,,5967,33,,,2,76,,5965,33,,,2,101,,5968,33,,,2,26,,5975,33,,,2,77,,5969,33,,,2,102,,5970,33,,,2,50,,5971,33,,,2,154,,5972,33,,,2
2301,'2',1220,,5985,33,,,2,101,,5986,33,,,2,101,,5987,33,,,2,100,,5988,33,,,2,100,,5989,33,,,2,101,,5990,33,,,2,97,,5991,33,,,2
2301,'3',1220,,5996,33,,,2,101,,5997,33,,,2,101,,5998,33,,,2,100,,5999,33,,,2,100,,6000,33,,,2,101,,6001,33,,,2,97,,6002,33,,,2
2301,'71',1201,,4558,33,,,2,30,,4562,33,,,2,71,,4564,33,,,2,30,,4563,33,,,2,70,,4565,33,,,2,30,,4566,33,,,2,74,,4576,33,,,2,42,,4567,33,,,2,108,,4568,37,,,2,103,,4570,33,,,2,71,,4575,33,,,2,75,,4571,33,,,2,100,,4572,33,,,2,52,,4573,33,,,2,154,,4574,33,,,2
2301,'72',1231,,4584,33,,,2,102,,4585,33,,,2,101,,4586,33,,,2,101,,4587,33,,,2,100,,4588,33,,,2,102,,4589,33,,,2,96,,4590,33,,,2
2301,'73',1231,,4595,33,,,2,102,,4596,33,,,2,101,,4597,33,,,2,101,,4598,33,,,2,100,,4599,33,,,2,102,,4600,33,,,2,96,,4601,33,,,2
23101,'85',1536,,4932,44,,,2
23501,'83',1702,,4936,30,,,2
5002301,'1',1710,,6382,43,,,2,24,,6381,43,,,2
5002301,'71',1624,,5032,43,,,2,86,,5031,43,,,2,24,,5030,43,,,2
