3101,'1',613,,6012,46,0,8 1 32,2,31,,6014,46,0,8 1 32,2,68,,6013,78,0,8 1 32,2,32,,6011,78,0,8 1 32,2,102,,6015,78,0,8 1 32,2,105,,6016,78,0,8 1 32,2,99,,6017,78,0,8 1 32,2,100,,6018,78,0,8 1 32,2,106,,6019,78,0,8 1 32,2,102,,6020,78,0,8 1 32,2,101,,6021,78,0,8 1 32,2,141,,6022,78,0,8 1 32,2,57,,6023,78,0,8 1 32,2,71,,6026,78,0,8 1 32,2,30,,6027,78,0,8 1 32,2,71,,6024,78,0,8 1 32,2,73,,6028,78,0,8 1 32,2,24,,6025,78,0,8 1 32,2,76,,6029,78,0,8 1 32,2
3701,'1',558,,6122,39,0,9,2,82,,6123,46,0,9,2,105,,6124,46,,,2,102,,6125,46,0,9,2,104,,6126,46,0,9,2,97,,6127,46,0,9,2,102,,6128,46,0,9,2,155,,6129,46,0,9,2,102,,6130,46,0,9,2,102,,6131,46,0,9,2,115,,6132,46,0,9,2,181,,6133,46,0,9,2,32,,6134,46,0,9,2,100,,6135,46,0,9,2,96,,6136,46,0,9,2,96,,6137,46,0,9,2,100,,6138,46,0,9,2,100,,6139,46,0,9,2,25,,6140,46,0,9,2
3701,'2',713,,6141,46,0,9,2,100,,6142,46,0,9,2,102,,6143,46,0,9,2,102,,6144,46,0,9,2,102,,6145,46,0,9,2,116,,6146,46,0,9,2,103,,6147,46,0,9,2,100,,6148,46,0,9,2,101,,6149,46,0,9,2,100,,6150,46,0,9,2,101,,6151,46,0,9,2,95,,6152,46,0,9,2,97,,6153,46,0,9,2,96,,6154,46,0,9,2,100,,6155,46,0,9,2,101,,6156,46,0,9,2,98,,6157,46,0,9,2,25,,6158,46,0,9,2
3701,'3',813,,6159,46,0,9,2,102,,6160,46,0,9,2,102,,6161,46,0,9,2,102,,6162,46,0,9,2,116,,6163,46,0,9,2,103,,6164,46,0,9,2,100,,6165,46,0,9,2,101,,6166,46,0,9,2,100,,6167,46,0,9,2,101,,6168,46,0,9,2,95,,6169,46,0,9,2,97,,6170,46,0,9,2
3701,'71',557,,4746,39,0,9,2,188,,4749,46,,,2,102,,4748,46,0,9,2,102,,4747,46,0,9,2,98,,4750,46,0,9,2,102,,4751,46,0,9,2,153,,4752,46,0,9,2,102,,4753,46,0,9,2,102,,4754,46,0,9,2,116,,4755,46,0,9,2,112,,4756,46,0,9,2,100,,4757,46,0,9,2,100,,4758,46,0,9,2,97,,4759,46,0,9,2,97,,4760,46,0,9,2,101,,4761,46,0,9,2,102,,4762,46,0,9,2,25,,4763,46,0,9,2
3701,'72',717,,4764,46,0,9,2,100,,4765,46,0,9,2,102,,4766,46,0,9,2,100,,4767,46,0,9,2,100,,4768,46,0,9,2,112,,4769,46,0,9,2,100,,4770,46,0,9,2,100,,4771,46,0,9,2,102,,4772,46,0,9,2,100,,4773,46,0,9,2,98,,4774,46,0,9,2,100,,4775,46,0,9,2,100,,4776,46,0,9,2,97,,4779,46,0,9,2,100,,4780,46,0,9,2,101,,4781,46,0,9,2,98,,4777,46,0,9,2,25,,4778,46,0,9,2
3701,'73',817,,4782,46,0,9,2,102,,4783,46,0,9,2,100,,4784,46,0,9,2,100,,4785,46,0,9,2,112,,4786,46,0,9,2,100,,4787,46,0,9,2,100,,4788,46,0,9,2,102,,4789,46,0,9,2,100,,4790,46,0,9,2,98,,4791,46,0,9,2,100,,4792,46,0,9,2,109,,4793,46,0,9,2
3800,'1',816,,6171,47,,,2,102,,6172,47,,,2,99,,6173,47,,,2,102,,6174,47,,,2,115,,6175,47,,,2,102,,6176,47,,,2,102,,6177,47,,,2,107,,6178,47,,,2,159,,6179,47,,,2,31,,6180,47,,,2,174,,6181,47,,,2,96,,6182,47,,,2,96,,6183,47,,,2,100,,6184,47,,,2,58,,6185,47,,,2
3800,'2',743,,6186,47,,,2,101,,6187,47,,,2,103,,6188,47,,,2,101,,6189,47,,,2,102,,6190,47,,,2,156,,6191,47,,,2,102,,6192,47,,,2,101,,6193,47,,,2,100,,6194,47,,,2,102,,6195,47,,,2,99,,6196,47,,,2,94,,6197,47,,,2,96,,6198,47,,,2,100,,6199,47,,,2,57,,6200,47,,,2,101,,6201,47,,,2
3800,'3',844,,6202,47,,,2,103,,6203,47,,,2,101,,6204,47,,,2,102,,6205,47,,,2,156,,6206,47,,,2,102,,6207,47,,,2,101,,6208,47,,,2,100,,6209,47,,,2,102,,6210,47,,,2,99,,6211,47,,,2,94,,6212,47,,,2,96,,6213,47,,,2
3800,'71',813,,4794,47,,,2,105,,4795,47,,,2,98,,4796,47,,,2,102,,4797,47,,,2,113,,4798,47,,,2,102,,4799,47,,,2,102,,4800,47,,,2,109,,4801,54,,,2,115,,4802,47,,,2,95,,4803,47,,,2,152,,4804,47,,,2,97,,4805,47,,,2,56,,4806,47,,,2,141,,4807,47,,,2,59,,4808,47,,,2
3800,'72',747,,4809,47,,,2,100,,4810,47,,,2,102,,4811,47,,,2,100,,4812,47,,,2,101,,4813,47,,,2,151,,4814,47,,,2,100,,4815,47,,,2,102,,4816,47,,,2,100,,4817,47,,,2,100,,4818,47,,,2,98,,4819,47,,,2,100,,4820,47,,,2,58,,4822,47,,,2,99,,4823,47,,,2,99,,4824,47,,,2,100,,4821,47,,,2
3800,'73',847,,4825,47,,,2,102,,4826,47,,,2,100,,4827,47,,,2,101,,4828,47,,,2,151,,4829,47,,,2,100,,4830,47,,,2,102,,4831,47,,,2,100,,4832,47,,,2,100,,4833,47,,,2,98,,4834,47,,,2,100,,4835,47,,,2,107,,4836,47,,,2
3900,'1',648,,6215,30,0,32,2,80,,6216,30,0,32,2,31,,6214,30,0,32,2
24100,'15',736,,6296,15,4,,2
24100,'84',736,,4937,15,4,,2
24200,'15',734,,6297,17,4,,2
24200,'84',734,,4939,17,4,,2
31100,'15',752,,6300,56,,,2
31100,'84',752,,4945,56,,,2
35100,'15',734,,6307,43,,,2
35500,'12',822,,6308,43,,,2
38100,'15',738,,6316,48,,,2
38100,'84',737,,4965,48,,,2
5003700,'1',653,,6395,50,,,2,76,,6394,50,,,2
5003700,'71',636,,5046,57,,,2,19,,5047,50,,,2,74,,5048,50,,,2
5003701,'1',1756,,6396,79,,,2
5003701,'71',1652,,5050,79,,,2,106,,5049,79,,,2
5003701,'81',1911,,5051,79,,,2
5003801,'1',1731,,6398,78,,,2,88,,6397,78,,,2
5003801,'71',1729,,5053,78,,,2,89,,5052,78,,,2
2000003101,'2',716,,7719,47,0,8 1 32,2,102,,7720,79,0,8 1 32,2,101,,7721,79,0,8 1 32,2,101,,7722,79,0,8 1 32,2,101,,7723,79,0,8 1 32,2,101,,7724,79,0,8 1 32,2,101,,7725,79,0,8 1 32,2,215,,7726,79,0,8 1 32,2,101,,7727,79,0,8 1 32,2,101,,7728,79,0,8 1 32,2,96,,7729,79,0,8 1 32,2
2000003101,'3',818,,7731,47,0,8 1 32,2,101,,7732,79,0,8 1 32,2,101,,7733,79,0,8 1 32,2,101,,7734,79,0,8 1 32,2,101,,7735,79,0,8 1 32,2,101,,7736,79,0,8 1 32,2,215,,7737,79,0,8 1 32,2,101,,7738,79,0,8 1 32,2,101,,7739,79,0,8 1 32,2,96,,7740,79,0,8 1 32,2
