3701,'1',553,,6122,30,0,9,2,81,,6123,37,0,9,2,105,,6124,37,,,2,103,,6125,37,0,9,2,104,,6126,37,0,9,2,97,,6127,37,0,9,2,102,,6128,37,0,9,2,155,,6129,37,0,9,2,102,,6130,37,0,9,2,102,,6131,37,0,9,2,114,,6132,37,0,9,2,182,,6133,37,0,9,2,32,,6134,37,0,9,2,100,,6135,37,0,9,2,96,,6136,37,0,9,2,96,,6137,37,0,9,2,100,,6138,37,0,9,2,100,,6139,37,0,9,2,25,,6140,37,0,9,2
3701,'2',708,,6141,37,0,9,2,100,,6142,37,0,9,2,102,,6143,37,0,9,2,102,,6144,37,0,9,2,102,,6145,37,0,9,2,116,,6146,37,0,9,2,103,,6147,37,0,9,2,100,,6148,37,0,9,2,101,,6149,37,0,9,2,100,,6150,37,0,9,2,101,,6151,37,0,9,2,95,,6152,37,0,9,2,97,,6153,37,0,9,2,96,,6154,37,0,9,2,100,,6155,37,0,9,2,101,,6156,37,0,9,2,98,,6157,37,0,9,2,25,,6158,37,0,9,2
3701,'3',808,,6159,37,0,9,2,102,,6160,37,0,9,2,102,,6161,37,0,9,2,102,,6162,37,0,9,2,116,,6163,37,0,9,2,103,,6164,37,0,9,2,100,,6165,37,0,9,2,101,,6166,37,0,9,2,100,,6167,37,0,9,2,101,,6168,37,0,9,2,95,,6169,37,0,9,2,97,,6170,37,0,9,2
3701,'71',552,,4746,30,0,9,2,187,,4749,37,,,2,103,,4748,37,0,9,2,102,,4747,37,0,9,2,98,,4750,37,0,9,2,102,,4751,37,0,9,2,113,,4752,37,0,9,2,102,,4753,37,0,9,2,142,,4754,37,0,9,2,115,,4755,37,0,9,2,113,,4756,37,0,9,2,100,,4757,37,0,9,2,100,,4758,37,0,9,2,97,,4759,37,0,9,2,97,,4760,37,0,9,2,101,,4761,37,0,9,2,102,,4762,37,0,9,2,25,,4763,37,0,9,2
3701,'72',712,,4764,37,0,9,2,100,,4765,37,0,9,2,102,,4766,37,0,9,2,100,,4767,37,0,9,2,100,,4768,37,0,9,2,112,,4769,37,0,9,2,100,,4770,37,0,9,2,100,,4771,37,0,9,2,102,,4772,37,0,9,2,100,,4773,37,0,9,2,98,,4774,37,0,9,2,100,,4775,37,0,9,2,100,,4776,37,0,9,2,97,,4779,37,0,9,2,100,,4780,37,0,9,2,101,,4781,37,0,9,2,98,,4777,37,0,9,2,25,,4778,37,0,9,2
3701,'73',812,,4782,37,0,9,2,102,,4783,37,0,9,2,100,,4784,37,0,9,2,100,,4785,37,0,9,2,112,,4786,37,0,9,2,100,,4787,37,0,9,2,100,,4788,37,0,9,2,102,,4789,37,0,9,2,100,,4790,37,0,9,2,98,,4791,37,0,9,2,100,,4792,37,0,9,2,109,,4793,37,0,9,2
37500,'12',822,,6309,21,,,2
37500,'82',822,,4957,21,,,2
5003700,'1',646,,6395,41,,,2,76,,6394,41,,,2
5003700,'71',630,,5046,48,,,2,18,,5047,41,,,2,74,,5048,41,,,2
5003701,'1',1752,,6396,70,,,2
5003701,'71',1648,,5050,70,,,2,106,,5049,70,,,2
5003701,'81',1907,,5051,70,,,2
