905231701,'27',2310,,6491,70,4,,2,29,,6494,70,4,,2,70,,6489,70,4,,2,30,,6492,70,4,,2,70,,6490,70,4,,2,30,,6493,70,4,,2,70,,6495,70,4,,2
905231701,'28',2310,,6498,70,4,,2,29,,6501,70,4,,2,70,,6496,70,4,,2,30,,6499,70,4,,2,70,,6497,70,4,,2,30,,6500,70,4,,2,70,,6502,70,4,,2
905231701,'29',2310,,6505,70,4,,2,29,,6508,70,4,,2,70,,6503,70,4,,2,30,,6506,70,4,,2,70,,6504,70,4,,2,30,,6507,70,4,,2,70,,6509,70,4,,2
1200000101,'1',1617,,7148,74,,,1,32,,7149,74,,,1,71,,7150,74,,,1,30,,7151,74,,,1
1200000101,'71',1613,,5070,74,,,1,32,,5071,74,,,1,71,,5069,74,,,1,30,,5072,74,,,1
1200000301,'1',619,,7508,23,,,1,28,,7513,23,,,1,77,,7506,36,,,1,20,,7510,36,,,1,75,,7516,36,,,1,29,,7511,36,,,1,65,,7519,36,,,1,25,,7507,36,,,1,69,,7517,36,,,1,27,,7515,36,,,1,73,,7520,36,,,1,33,,7521,36,,,1,70,,7523,36,,,1,34,,7525,36,,,1,72,,7527,36,,,1,28,,7522,36,,,1,70,,7524,36,,,1,28,,7526,36,,,1,71,,7528,36,,,1,36,,7529,36,,,1,60,,7532,33,,,1,23,,7530,33,,,1,18,,7535,33,,,1,59,,7534,33,,,1,11,,7539,33,,,1,13,,7537,33,,,1,14,,7538,33,,,1,56,,7541,33,,,1,14,,7533,33,,,1,12,,7536,33,,,1,15,,7531,33,,,1,68,,7540,33,,,1,24,,7544,36,,,1,64,,7542,36,,,1,31,,7543,36,,,1,70,,7545,36,,,1,29,,7546,36,,,1,73,,7549,36,,,1,31,,7547,23,,,1,70,,7550,23,,,1,28,,7548,23,,,1,70,,7551,23,,,1,39,,7552,23,,,1
1200000301,'2',759,,7553,36,,,1,70,,7556,36,,,1,71,,7559,36,,,1,32,,7562,36,,,1,71,,7554,36,,,1,32,,7557,36,,,1,71,,7560,36,,,1,31,,7563,36,,,1,71,,7555,36,,,1,31,,7558,36,,,1,71,,7561,36,,,1,31,,7564,36,,,1,71,,7565,36,,,1,30,,7568,36,,,1,70,,7574,36,,,1,30,,7571,36,,,1,70,,7566,36,,,1,31,,7569,36,,,1,71,,7575,36,,,1,27,,7572,36,,,1,68,,7567,36,,,1,28,,7570,36,,,1,67,,7576,36,,,1,27,,7573,36,,,1,75,,7577,23,,,1,100,,7578,23,,,1,96,,7579,23,,,1,98,,7580,23,,,1,38,,7581,23,,,1,102,,7582,23,,,1
1200000301,'27',2233,,7584,26,,,1,70,,7587,26,,,1,30,,7589,26,,,1,83,,7585,26,,,1,28,,7588,26,,,1,70,,7583,26,,,1,30,,7586,26,,,1
1200000301,'28',2233,,7591,26,,,1,70,,7594,26,,,1,30,,7596,26,,,1,83,,7592,26,,,1,28,,7595,26,,,1,70,,7590,26,,,1,30,,7593,26,,,1
1200000301,'29',2233,,7598,26,,,1,70,,7601,26,,,1,30,,7603,26,,,1,83,,7599,26,,,1,28,,7602,26,,,1,70,,7597,26,,,1,30,,7600,26,,,1
1200000301,'3',829,,7604,36,,,1,71,,7606,36,,,1,32,,7612,36,,,1,71,,7609,36,,,1,32,,7605,36,,,1,71,,7607,36,,,1,31,,7613,36,,,1,71,,7610,36,,,1,31,,7614,36,,,1,71,,7608,36,,,1,31,,7616,36,,,1,71,,7611,36,,,1,30,,7615,36,,,1,70,,7618,36,,,1,30,,7617,36,,,1,70,,7621,36,,,1,31,,7623,36,,,1,71,,7619,36,,,1,27,,7627,36,,,1,68,,7622,36,,,1,28,,7624,36,,,1,67,,7620,36,,,1,27,,7628,36,,,1,75,,7625,23,,,1,121,,7626,23,,,1
1200000301,'71',619,,5456,23,,,1,28,,5460,23,,,1,78,,5454,36,,,1,20,,5458,36,,,1,77,,5466,36,,,1,27,,5463,36,,,1,66,,5469,36,,,1,26,,5455,36,,,1,69,,5465,36,,,1,27,,5467,36,,,1,76,,5470,36,,,1,20,,5471,36,,,1,20,,5473,36,,,1,60,,5475,36,,,1,24,,5476,36,,,1,20,,5478,36,,,1,61,,5480,36,,,1,19,,5472,36,,,1,20,,5474,36,,,1,60,,5481,36,,,1,18,,5477,36,,,1,20,,5479,36,,,1,60,,5483,36,,,1,25,,5484,36,,,1,13,,5485,33,,,1,56,,5486,33,,,1,23,,5482,33,,,1,18,,5494,33,,,1,59,,5490,33,,,1,11,,5493,33,,,1,13,,5488,33,,,1,14,,5487,33,,,1,56,,5497,33,,,1,16,,5496,33,,,1,10,,5495,33,,,1,17,,5492,33,,,1,11,,5489,33,,,1,55,,5491,33,,,1,22,,5498,36,,,1,67,,5499,36,,,1,31,,5501,36,,,1,70,,5500,36,,,1,29,,5502,36,,,1,73,,5505,36,,,1,30,,5503,23,,,1,70,,5506,23,,,1,28,,5504,23,,,1,70,,5507,23,,,1,39,,5508,23,,,1
1200000301,'72',800,,5511,36,,,1,30,,5510,36,,,1,71,,5514,36,,,1,30,,5515,36,,,1,71,,5516,36,,,1,31,,5509,36,,,1,72,,5513,36,,,1,30,,5512,36,,,1,70,,5517,36,,,1,30,,5518,36,,,1,71,,5520,36,,,1,30,,5519,36,,,1,71,,5522,36,,,1,30,,5523,36,,,1,71,,5524,36,,,1,30,,5525,36,,,1,69,,5526,36,,,1,31,,5521,36,,,1,72,,5528,36,,,1,29,,5527,36,,,1,68,,5530,36,,,1,28,,5529,36,,,1,69,,5531,36,,,1,24,,5535,36,,,1,78,,5532,23,,,1,100,,5533,23,,,1,96,,5534,23,,,1,99,,5536,23,,,1,38,,5537,23,,,1,102,,5538,23,,,1
1200000301,'73',830,,5539,36,,,1,71,,5541,36,,,1,30,,5542,36,,,1,71,,5543,36,,,1,31,,5544,36,,,1,72,,5540,36,,,1,30,,5545,36,,,1,70,,5547,36,,,1,30,,5546,36,,,1,71,,5549,36,,,1,30,,5548,36,,,1,71,,5551,36,,,1,30,,5552,36,,,1,71,,5553,36,,,1,30,,5554,36,,,1,69,,5555,36,,,1,31,,5550,36,,,1,72,,5557,36,,,1,29,,5556,36,,,1,68,,5559,36,,,1,28,,5558,36,,,1,69,,5560,36,,,1,24,,5563,36,,,1,78,,5561,23,,,1,121,,5562,23,,,1
