3501,'1',545,,6049,12,,,2,94,,6050,14,,,2,82,,6051,14,,,2,98,,6052,14,,,2,84,,6053,14,,,2,39,,6054,14,,,2,85,,6055,14,,,2,85,,6056,14,,,2,46,,6057,14,,,2,85,,6058,14,,,2,85,,6059,14,,,2,85,,6060,14,,,2,45,,6061,14,,,2,98,,6062,14,,,2,84,,6064,14,,,2,82,,6065,14,,,2,82,,6066,14,,,2,44,,6067,14,,,2,74,,6063,14,,,2,79,,6068,14,,,2,26,,6069,14,,,2,31,,6070,14,,,2,67,,6071,14,,,2,78,,6072,14,,,2,30,,6073,14,,,2,68,,6074,14,,,2,25,,6075,14,,,2
3501,'2',706,,6076,14,,,2,30,,6077,14,,,2,70,,6078,14,,,2,30,,6079,14,,,2,69,,6080,14,,,2,33,,6081,14,,,2,86,,6082,14,,,2,85,,6083,14,,,2,47,,6084,14,,,2,87,,6085,14,,,2,89,,6086,14,,,2,85,,6088,14,,,2,86,,6089,14,,,2,45,,6090,14,,,2,85,,6091,14,,,2,84,,6092,14,,,2,83,,6087,14,,,2,42,,6093,14,,,2,78,,6094,14,,,2,85,,6095,14,,,2,30,,6096,14,,,2,68,,6097,14,,,2,28,,6098,14,,,2,70,,6099,14,,,2,30,,6100,14,,,2,28,,6101,14,,,2,65,,6102,14,,,2
3501,'3',836,,6103,14,,,2,69,,6104,14,,,2,33,,6105,14,,,2,86,,6106,14,,,2,85,,6107,14,,,2,47,,6108,14,,,2,87,,6109,14,,,2,89,,6110,14,,,2,85,,6111,14,,,2,86,,6112,14,,,2,45,,6114,14,,,2,85,,6115,14,,,2,84,,6116,14,,,2,83,,6117,14,,,2,42,,6118,14,,,2,78,,6119,14,,,2,85,,6113,14,,,2
3501,'71',548,,4652,12,,,2,96,,4653,14,,,2,70,,4654,14,,,2,110,,4658,14,,,2,80,,4655,14,,,2,40,,4656,14,,,2,97,,4659,14,,,2,102,,4660,14,,,2,98,,4657,14,,,2,101,,4662,14,,,2,102,,4661,14,,,2,113,,4663,14,,,2,73,,4664,14,,,2,76,,4665,14,,,2,34,,4666,14,,,2,104,,4667,14,,,2,90,,4670,14,,,2,92,,4671,14,,,2,98,,4672,14,,,2,108,,4668,14,,,2,93,,4669,14,,,2
3501,'72',659,,4673,14,,,2,100,,4674,14,,,2,141,,4675,14,,,2,100,,4676,14,,,2,100,,4677,14,,,2,101,,4678,14,,,2,106,,4679,14,,,2,102,,4680,14,,,2,101,,4681,14,,,2,100,,4682,14,,,2,92,,4683,14,,,2,57,,4684,14,,,2,96,,4685,14,,,2,150,,4686,14,,,2,98,,4687,14,,,2,98,,4688,14,,,2,58,,4689,14,,,2
3501,'73',900,,4690,14,,,2,100,,4691,14,,,2,100,,4692,14,,,2,101,,4693,14,,,2,106,,4694,14,,,2,102,,4695,14,,,2,101,,4696,14,,,2,100,,4697,14,,,2,92,,4698,14,,,2,57,,4699,14,,,2,96,,4700,14,,,2,103,,4701,14,,,2
35100,'15',710,,6307,11,,,2
35100,'84',712,,4953,11,,,2
35101,'85',1538,,4954,35,,,2
35500,'12',801,,6308,11,,,2
35500,'82',805,,4955,11,,,2
35501,'83',1651,,4956,45,,,2
5003601,'1',1646,,6393,14,,,2,64,,6392,14,,,2
