3501,'1',547,,6049,15,,,2,94,,6050,17,,,2,82,,6051,17,,,2,98,,6052,17,,,2,84,,6053,17,,,2,39,,6054,17,,,2,85,,6055,17,,,2,85,,6056,17,,,2,86,,6057,17,,,2,45,,6058,17,,,2,85,,6059,17,,,2,85,,6060,17,,,2,85,,6061,17,,,2,58,,6062,17,,,2,84,,6064,17,,,2,82,,6065,17,,,2,82,,6066,17,,,2,44,,6067,17,,,2,74,,6063,17,,,2,79,,6068,17,,,2,26,,6069,17,,,2,71,,6070,17,,,2,27,,6071,17,,,2,78,,6072,17,,,2,30,,6073,17,,,2,68,,6074,17,,,2,25,,6075,17,,,2
3501,'2',708,,6076,17,,,2,30,,6077,17,,,2,70,,6078,17,,,2,30,,6079,17,,,2,69,,6080,17,,,2,33,,6081,17,,,2,86,,6082,17,,,2,85,,6083,17,,,2,47,,6084,17,,,2,87,,6085,17,,,2,89,,6086,17,,,2,85,,6088,17,,,2,86,,6089,17,,,2,45,,6090,17,,,2,85,,6091,17,,,2,84,,6092,17,,,2,83,,6087,17,,,2,42,,6093,17,,,2,78,,6094,17,,,2,85,,6095,17,,,2,30,,6096,17,,,2,68,,6097,17,,,2,28,,6098,17,,,2,70,,6099,17,,,2,30,,6100,17,,,2,68,,6101,17,,,2,25,,6102,17,,,2
3501,'3',838,,6103,17,,,2,69,,6104,17,,,2,33,,6105,17,,,2,86,,6106,17,,,2,85,,6107,17,,,2,47,,6108,17,,,2,87,,6109,17,,,2,89,,6110,17,,,2,85,,6111,17,,,2,86,,6112,17,,,2,45,,6114,17,,,2,85,,6115,17,,,2,84,,6116,17,,,2,83,,6117,17,,,2,42,,6118,17,,,2,78,,6119,17,,,2,85,,6113,17,,,2
3501,'71',550,,4652,15,,,2,96,,4653,17,,,2,70,,4654,17,,,2,110,,4658,17,,,2,80,,4655,17,,,2,40,,4656,17,,,2,97,,4659,17,,,2,102,,4660,17,,,2,98,,4657,17,,,2,101,,4662,17,,,2,102,,4661,17,,,2,113,,4663,17,,,2,73,,4664,17,,,2,76,,4665,17,,,2,34,,4666,17,,,2,104,,4667,17,,,2,90,,4670,17,,,2,92,,4671,17,,,2,98,,4672,17,,,2,108,,4668,17,,,2,93,,4669,17,,,2
3501,'72',701,,4673,17,,,2,100,,4674,17,,,2,101,,4675,17,,,2,100,,4676,17,,,2,100,,4677,17,,,2,101,,4678,17,,,2,106,,4679,17,,,2,102,,4680,17,,,2,101,,4681,17,,,2,100,,4682,17,,,2,92,,4683,17,,,2,97,,4684,17,,,2,56,,4685,17,,,2,150,,4686,17,,,2,98,,4687,17,,,2,98,,4688,17,,,2,98,,4689,17,,,2
3501,'73',902,,4690,17,,,2,100,,4691,17,,,2,100,,4692,17,,,2,101,,4693,17,,,2,106,,4694,17,,,2,102,,4695,17,,,2,101,,4696,17,,,2,100,,4697,17,,,2,92,,4698,17,,,2,97,,4699,17,,,2,56,,4700,17,,,2,143,,4701,17,,,2
35100,'15',713,,6307,14,,,2
35100,'84',714,,4953,14,,,2
35101,'85',1540,,4954,38,,,2
35500,'12',803,,6308,14,,,2
35500,'82',807,,4955,14,,,2
35501,'83',1653,,4956,48,,,2
5003601,'1',1648,,6393,17,,,2,64,,6392,17,,,2
