2200,'1',555,,5864,5,,,2,67,,5873,43,,,2,22,,5865,5,,,2,70,,5877,5,,,2,27,,5879,43,,,2,83,,5878,5,,,2,89,,5874,5,,,2,109,,5866,5,,,2,100,,5867,5,,,2,100,,5868,5,,,2,100,,5870,5,,,2,102,,5871,5,,,2
2200,'71',555,,4456,5,,,2,67,,4471,43,,,2,22,,4457,5,,,2,70,,4472,5,,,2,27,,4474,43,,,2,83,,4473,5,0,14 1 15,2,89,,4458,5,,,2,35,,4460,5,,,2,72,,4459,5,,,2,32,,4461,5,,,2,70,,4465,5,,,2,30,,4462,5,,,2,71,,4466,5,,,2,30,,4463,5,,,2,70,,4475,5,,,2,30,,4464,5,,,2,69,,4476,5,,,2,34,,4469,5,,,2
2201,'1',1526,,5900,35,,,2,80,,5891,35,,,2,96,,5888,35,,,2,30,,5895,35,,,2,70,,5889,35,,,2,29,,5896,35,,,2,27,,5901,35,,,2,64,,5897,35,,,2
2201,'14',1702,,5903,39,,,2
2201,'71',1526,,4491,37,,,2,25,,4493,37,,,2,55,,4500,37,,,2,51,,4501,41,,,2,71,,4502,37,,,2,74,,4492,37,,,2,31,,4503,37,,,2,25,,4505,37,,,2,64,,4504,37,,,2
2201,'88',1657,,4506,41,,,2
22100,'15',704,,6288,5,,,2
22100,'84',704,,4923,5,,,2
22101,'85',1540,,4924,33,,,2
22500,'12',811,,6290,19,,,2
22500,'82',811,,4927,19,,,2
22501,'83',1650,,4928,11,,,2
22900,'13',840,,6291,5,,,2
22900,'87',840,,4929,5,,,2
22901,'14',1639,,6292,12,,,2
22901,'88',1639,,4930,12,,,2
