2301,'1',631,,5973,22,,,2,70,,5974,22,,,2,110,,5976,22,,,2,41,,5953,22,,,2,72,,5977,22,,,2,23,,5954,22,,,2,81,,5955,22,,,2,30,,5957,22,,,2,70,,5956,22,,,2,73,,5958,25,,,2,31,,5959,25,,,2,70,,5961,25,,,2,30,,5960,25,,,2,70,,5962,25,,,2,31,,5963,25,,,2,71,,5966,25,,,2,51,,5964,25,,,2,68,,5967,25,,,2,36,,5965,25,,,2,141,,5968,25,,,2,26,,5975,25,,,2,77,,5969,25,,,2,102,,5970,25,,,2,50,,5971,25,,,2,154,,5972,25,,,2
2301,'2',708,,5980,22,,,2,100,,5981,22,,,2,101,,5982,22,,,2,102,,5983,22,,,2,102,,5984,22,,,2,105,,5985,25,,,2,101,,5986,25,,,2,101,,5987,25,,,2,100,,5988,25,,,2,100,,5989,25,,,2,101,,5990,25,,,2,97,,5991,25,,,2
2301,'3',808,,5992,22,,,2,101,,5993,22,,,2,102,,5994,22,,,2,102,,5995,22,,,2,105,,5996,25,,,2,101,,5997,25,,,2,101,,5998,25,,,2,100,,5999,25,,,2,100,,6000,25,,,2,101,,6001,25,,,2,97,,6002,25,,,2
2301,'71',631,,4569,22,,,2,70,,4577,22,,,2,110,,4578,22,,,2,38,,4555,22,,,2,72,,4559,22,,,2,29,,4556,22,,,2,75,,4560,22,,,2,31,,4557,22,,,2,70,,4561,22,,,2,33,,4558,25,,,2,70,,4562,25,,,2,71,,4564,25,,,2,30,,4563,25,,,2,70,,4565,25,,,2,30,,4566,25,,,2,74,,4576,25,,,2,42,,4567,25,,,2,108,,4568,29,,,2,103,,4570,25,,,2,71,,4575,25,,,2,75,,4571,25,,,2,100,,4572,25,,,2,52,,4573,25,,,2,154,,4574,25,,,2
2301,'72',723,,4579,22,,,2,100,,4580,22,,,2,101,,4581,22,,,2,102,,4582,22,,,2,100,,4583,22,,,2,103,,4584,25,,,2,102,,4585,25,,,2,101,,4586,25,,,2,101,,4587,25,,,2,100,,4588,25,,,2,102,,4589,25,,,2,96,,4590,25,,,2
2301,'73',823,,4591,22,,,2,101,,4592,22,,,2,102,,4593,22,,,2,100,,4594,22,,,2,103,,4595,25,,,2,102,,4596,25,,,2,101,,4597,25,,,2,101,,4598,25,,,2,100,,4599,25,,,2,102,,4600,25,,,2,96,,4601,25,,,2
23101,'85',1532,,4932,36,,,2
23500,'12',747,,6295,10,,,2
23500,'82',747,,4935,10,,,2
23501,'83',1658,,4936,22,,,2
5002301,'1',1707,,6382,35,,,2,25,,6381,35,,,2
5002301,'71',1621,,5032,35,,,2,86,,5031,35,,,2,25,,5030,35,,,2
