1500,'71',553,,4416,13,,,2,68,,4417,13,,,2,29,,4421,13,,,2,72,,4420,12,,,2,28,,4418,12,,,2,81,,4422,13,0,10 11,2,112,,4419,12,0,12 13,2,115,,4423,12,0,12 13,2,156,,4424,12,0,12 13,2,30,,4425,12,0,12 13,2,157,,4427,12,0,12 13,2,116,,4428,12,,,2,96,,4426,12,,,2,37,,4431,13,,,2,68,,4430,12,,,2,100,,4432,12,0,12 13,2,111,,4433,12,0,12 13,2,104,,4434,12,0,12 13,2
1500,'87',830,,4435,2,0,10 11,2
1501,'1',1225,,5834,25,0,41,2,103,,5835,25,0,41,2,95,,5836,25,0,41,2,77,,5839,25,0,41,2,52,,5837,42,,,2,83,,5840,42,,,2,21,,5842,42,,,2,75,,5838,42,0,41,2,28,,5841,42,,,2,77,,5844,25,0,41,2,73,,5845,25,0,41,2,102,,5846,25,0,41,2,112,,5843,25,0,41,2,81,,5847,25,0,41,2
13100,'15',708,,6233,13,,,2
13100,'84',708,,4864,13,,,2
15500,'12',821,,6239,2,,,2
15500,'82',821,,4874,2,,,2
2000001500,'72',730,,5607,13,,,2,101,,5608,12,,,2,103,,5609,12,,,2,100,,5610,12,,,2,102,,5611,12,,,2,100,,5612,12,,,2,190,,5613,13,,,2,99,,5614,12,,,2,95,,5615,12,,,2,108,,5616,12,,,2,98,,5617,12,,,2
2000001500,'73',831,,5618,13,,,2,103,,5619,12,,,2,100,,5620,12,,,2,102,,5621,12,,,2,100,,5622,12,,,2,190,,5623,13,,,2,99,,5624,12,,,2,95,,5625,12,,,2,108,,5626,12,,,2,98,,5627,12,,,2
2000001501,'2',814,,7688,25,,,2,101,,7689,25,,,2,100,,7690,25,,,2,102,,7691,25,,,2,101,,7692,25,,,2,102,,7693,25,,,2,201,,7694,25,,,2,101,,7695,25,,,2,103,,7696,25,,,2,96,,7697,25,,,2,93,,7698,25,,,2
2000001501,'3',915,,7699,25,,,2,100,,7700,25,,,2,102,,7701,25,,,2,101,,7702,25,,,2,102,,7703,25,,,2,201,,7704,25,,,2,101,,7705,25,,,2,103,,7706,25,,,2,96,,7707,25,,,2,93,,7708,25,,,2
