1501,'1',1220,,5834,16,0,41,2,103,,5835,16,0,41,2,95,,5836,16,0,41,2,36,,5839,16,0,41,2,92,,5837,33,,,2,82,,5840,33,,,2,21,,5842,33,,,2,76,,5838,33,0,41,2,28,,5841,33,,,2,78,,5844,16,0,41,2,73,,5845,16,0,41,2,102,,5846,16,0,41,2,112,,5843,16,0,41,2,41,,5847,16,0,41,2
1501,'71',658,,4438,33,0,41,2,64,,4436,33,0,41,2,33,,4439,33,0,41,2,164,,4437,16,0,41,2,115,,4440,16,0,41,2,116,,4441,16,0,41,2,70,,4442,16,0,41,2,117,,4444,16,0,41,2,115,,4445,16,0,41,2,94,,4443,33,0,41,2,87,,4446,33,0,41,2,16,,4448,33,0,41,2,70,,4450,33,0,41,2,35,,4449,33,0,41,2,77,,4447,16,0,41,2,76,,4451,16,0,41,2,105,,4452,16,0,41,2,105,,4453,16,0,41,2,42,,4454,16,0,41,2
1501,'88',1651,,4455,18,0,41,2
1601,'1',658,,5859,33,,,2,64,,5861,33,,,2,32,,5860,33,,,2,172,,5858,33,0,41,2,95,,5862,16,0,41,2,99,,5863,16,0,41,2
13101,'85',1549,,4865,55,,,2
15601,'83',1629,,4876,20,,,2
15801,'88',1643,,4878,18,,,2
2000001501,'2',809,,7688,16,,,2,101,,7689,16,,,2,100,,7690,16,,,2,102,,7691,16,,,2,101,,7692,16,,,2,101,,7693,16,,,2,201,,7694,16,,,2,101,,7695,16,,,2,103,,7696,16,,,2,97,,7697,16,,,2,93,,7698,16,,,2
2000001501,'3',910,,7699,16,,,2,100,,7700,16,,,2,102,,7701,16,,,2,101,,7702,16,,,2,101,,7703,16,,,2,201,,7704,16,,,2,101,,7705,16,,,2,103,,7706,16,,,2,97,,7707,16,,,2,93,,7708,16,,,2
2000001501,'72',802,,5628,16,,,2,102,,5629,16,,,2,103,,5630,16,,,2,108,,5631,16,,,2,94,,5632,16,,,2,108,,5633,16,,,2,142,,5634,16,,,2,99,,5635,16,,,2,143,,5636,16,,,2,99,,5637,16,,,2,58,,5638,16,,,2
2000001501,'73',904,,5639,16,,,2,103,,5640,16,,,2,108,,5641,16,,,2,94,,5642,16,,,2,108,,5643,16,,,2,142,,5644,16,,,2,99,,5645,16,,,2,143,,5646,16,,,2,99,,5647,16,,,2,58,,5648,16,,,2
