1100,'1',609,,5753,7,,,1,25,,5748,79,,,1,74,,5754,79,,,1,30,,5749,79,,,1,74,,5755,79,,,1,30,,5750,79,,,1,58,,5751,79,,,1,29,,5756,79,,,1,74,,5752,79,,,1,30,,5757,79,,,1,75,,5758,79,,,1,30,,5761,79,,,1,73,,5759,79,,,1,30,,5762,79,,,1,77,,5760,79,,,1,30,,5763,79,,,1,88,,5764,79,,,1,71,,5766,79,,,1,36,,5765,79,,,1,71,,5767,79,,,1,42,,5770,79,,,1,62,,5768,79,,,1,22,,5772,79,,,1,66,,5771,79,,,1,35,,5773,79,,,1,68,,5769,79,,,1,30,,5774,79,,,1,100,,5775,79,,,1,100,,5776,79,,,1,99,,5777,79,,,1,100,,5778,79,,,1
1100,'2',738,,5779,79,,,1,102,,5780,79,,,1,99,,5781,79,,,1,102,,5782,79,,,1,100,,5783,79,,,1,100,,5784,79,,,1,101,,5785,79,,,1,99,,5786,79,,,1,100,,5787,79,,,1,100,,5788,79,,,1,99,,5789,79,,,1,99,,5790,79,,,1,99,,5792,79,,,1,100,,5793,79,,,1,100,,5791,79,,,1,100,,5795,79,,,1,100,,5794,79,,,1
1100,'3',939,,5796,79,,,1,102,,5797,79,,,1,100,,5798,79,,,1,100,,5799,79,,,1,101,,5800,79,,,1,99,,5801,79,,,1,100,,5802,79,,,1,100,,5803,79,,,1,99,,5804,79,,,1,99,,5805,79,,,1
1100,'71',609,,4342,7,,,1,25,,4339,79,,,1,74,,4343,79,,,1,30,,4340,79,,,1,74,,4344,79,,,1,30,,4341,79,,,1,58,,4345,79,,,1,29,,4350,79,,,1,74,,4346,79,,,1,30,,4351,79,,,1,75,,4347,79,,,1,30,,4352,79,,,1,73,,4348,79,,,1,30,,4353,79,,,1,77,,4349,79,,,1,30,,4354,79,,,1,88,,4358,79,,,1,71,,4355,79,,,1,36,,4359,79,,,1,71,,4356,79,,,1,42,,4360,80,,,1,62,,4357,79,,,1,22,,4363,79,,,1,66,,4361,79,,,1,35,,4364,79,,,1,68,,4362,79,,,1,30,,4365,79,,,1,100,,4366,79,,,1,100,,4367,79,,,1,99,,4368,79,,,1,100,,4369,79,,,1
1100,'72',738,,4370,79,,,1,102,,4371,79,,,1,99,,4372,79,,,1,102,,4373,79,,,1,100,,4374,79,,,1,100,,4375,79,,,1,101,,4376,79,,,1,99,,4377,79,,,1,100,,4378,79,,,1,100,,4379,79,,,1,99,,4380,79,,,1,99,,4381,79,,,1,99,,4384,79,,,1,100,,4382,79,,,1,100,,4383,79,,,1,100,,4386,79,,,1,100,,4385,79,,,1
1100,'73',939,,4387,79,,,1,102,,4388,79,,,1,100,,4389,79,,,1,100,,4390,79,,,1,101,,4391,79,,,1,99,,4392,79,,,1,100,,4393,79,,,1,100,,4394,79,,,1,99,,4395,79,,,1,99,,4396,79,,,1
1301,'1',647,,5816,29,,,2,77,,5818,29,,,2,94,,5817,29,,,2,812,,5819,29,,,2,13,,5820,29,,,2,76,,5822,29,,,2,30,,5821,29,,,2
1301,'71',659,,4409,29,,,2,83,,4410,29,,,2,73,,4408,29,,,2,812,,4413,29,,,2,14,,4411,29,,,2,75,,4414,29,,,2,30,,4412,29,,,2
1301,'88',1642,,4415,15,,,2
1500,'1',608,,5823,34,,,2,28,,5825,34,,,2,69,,5827,34,,,2,30,,5826,37,,,2,71,,5829,37,,,2,41,,5828,37,0,10 11,2,109,,5824,34,0,12 13,2,100,,5830,34,0,12 13,2,100,,5831,34,0,12 13,2,103,,5832,33,0,12 13,2
1500,'16',846,,5833,22,0,10 11,2
1500,'71',608,,4416,35,,,2,28,,4417,35,,,2,69,,4421,35,,,2,32,,4420,34,,,2,69,,4418,34,,,2,41,,4422,35,0,10 11,2,111,,4419,34,0,12 13,2,155,,4423,34,0,12 13,2,116,,4424,34,0,12 13,2,30,,4425,34,0,12 13,2,157,,4427,34,0,12 13,2,117,,4428,34,,,2,20,,4429,3,,,2,77,,4426,34,,,2,77,,4431,35,,,2,27,,4430,34,,,2,99,,4432,34,0,12 13,2,111,,4433,34,0,12 13,2,104,,4434,34,0,12 13,2
1500,'87',846,,4435,24,0,10 11,2
1600,'1',1355,,5848,18,0,12 13,2,96,,5849,18,0,12 13,2,76,,5851,18,,,2,26,,5854,3,,,2,75,,5850,21,,,2,79,,5852,21,,,2,25,,5855,21,,,2,99,,5853,21,0,12 13,2,102,,5856,18,0,12 13,2,111,,5857,18,0,12 13,2
13100,'15',728,,6233,40,,,2
13100,'84',728,,4864,40,,,2
20001,'1',550,,6248,2,0,14,2,60,,6249,2,0,14,2,812,,6250,2,,,2,32,,6251,2,,,2
20001,'2',621,,6252,2,,,2,18,,6253,2,0,14,2,10,,6254,2,,,2
20001,'71',550,,4888,7,0,14,2,60,,4889,7,0,14,2,7,,4890,7,0,14,2,8,,4891,7,0,14,2,801,,4892,7,,,2,29,,4893,7,,,2,76,,4894,7,0,14,2,308,,4895,7,0,14,2
20001,'72',613,,4896,7,,,2,20,,4897,7,0,14,2,16,,4898,7,,,2
21001,'1',530,,6272,2,,,2,27,,6273,2,,,2,55,,6274,2,,,2,13,,6275,2,,,2,1381,,6276,2,,,2
21001,'2',607,,6277,2,,,2,30,,6278,2,,,2,70,,6279,2,,,2,31,,6280,2,,,2,475,,6281,2,,,2,30,,6282,2,,,2,468,,6283,2,,,2
21001,'3',637,,6284,2,,,2,70,,6285,2,,,2,31,,6286,2,,,2,404,,6287,2,,,2
21001,'71',530,,4909,7,,,2,27,,4910,7,,,2,55,,4911,7,,,2,13,,4912,7,,,2,325,,4913,7,,,2,162,,4914,7,,,2,894,,4915,7,,,2
21001,'72',556,,4916,7,,,2,69,,4917,7,,,2,30,,4918,7,,,2,70,,4919,7,,,2
21001,'73',625,,4920,7,,,2,30,,4921,7,,,2,70,,4922,7,,,2
35001,'71',1542,,4952,7,,,2
38001,'1',526,,6313,2,,,2,79,,6314,2,,,2,28,,6315,2,,,2
38001,'71',525,,4962,7,,,2,88,,4963,7,,,2,19,,4964,7,,,2
1200000101,'1',1527,,7148,23,,,1,31,,7149,23,,,1,70,,7150,23,,,1,73,,7151,23,,,1
1200000101,'71',1527,,5070,23,,,1,31,,5071,23,,,1,70,,5069,23,,,1,75,,5072,23,,,1
2000001500,'2',751,,7667,34,,,2,101,,7668,33,,,2,100,,7669,33,,,2,94,,7670,33,,,2,109,,7671,33,,,2,101,,7672,33,,,2,201,,7673,34,,,2,101,,7674,33,,,2,95,,7675,33,,,2,105,,7676,33,,,2,93,,7677,33,,,2
2000001500,'3',852,,7678,34,,,2,100,,7679,33,,,2,94,,7680,33,,,2,109,,7681,33,,,2,101,,7682,33,,,2,201,,7683,34,,,2,101,,7684,33,,,2,95,,7685,33,,,2,105,,7686,33,,,2,93,,7687,33,,,2
2000001500,'72',744,,5607,35,,,2,102,,5608,34,,,2,103,,5609,34,,,2,100,,5610,34,,,2,102,,5611,34,,,2,100,,5612,34,,,2,190,,5613,35,,,2,99,,5614,34,,,2,95,,5615,34,,,2,107,,5616,34,,,2,98,,5617,34,,,2
2000001500,'73',846,,5618,35,,,2,103,,5619,34,,,2,100,,5620,34,,,2,102,,5621,34,,,2,100,,5622,34,,,2,190,,5623,35,,,2,99,,5624,34,,,2,95,,5625,34,,,2,107,,5626,34,,,2,98,,5627,34,,,2
