3101,'1',632,,6013,16,0,8 1 32,2,72,,6011,16,0,8 1 32,2,104,,6015,16,0,8 1 32,2,105,,6016,16,0,8 1 32,2,99,,6017,16,0,8 1 32,2,100,,6018,16,0,8 1 32,2,106,,6019,16,0,8 1 32,2,102,,6020,16,0,8 1 32,2,101,,6021,16,0,8 1 32,2,100,,6022,16,0,8 1 32,2,97,,6023,16,0,8 1 32,2,31,,6026,16,0,8 1 32,2,71,,6027,16,0,8 1 32,2,31,,6024,16,0,8 1 32,2,73,,6028,16,0,8 1 32,2,24,,6025,16,0,8 1 32,2,76,,6029,16,0,8 1 32,2,290,,6030,16,0,8,2
3701,'1',542,,6122,9,0,9,2,81,,6123,16,0,9,2,103,,6124,16,,,2,105,,6125,16,0,9,2,104,,6126,16,0,9,2,97,,6127,16,0,9,2,102,,6128,16,0,9,2,115,,6129,16,0,9,2,102,,6130,16,0,9,2,102,,6131,16,0,9,2,154,,6132,16,0,9,2,142,,6133,16,0,9,2,72,,6134,16,0,9,2,101,,6135,16,0,9,2,96,,6136,16,0,9,2,96,,6137,16,0,9,2,100,,6138,16,0,9,2,100,,6139,16,0,9,2,28,,6140,16,0,9,2
3701,'2',658,,6141,16,0,9,2,100,,6142,16,0,9,2,142,,6143,16,0,9,2,102,,6144,16,0,9,2,102,,6145,16,0,9,2,116,,6146,16,0,9,2,103,,6147,16,0,9,2,100,,6148,16,0,9,2,101,,6149,16,0,9,2,100,,6150,16,0,9,2,101,,6151,16,0,9,2,95,,6152,16,0,9,2,97,,6153,16,0,9,2,96,,6154,16,0,9,2,100,,6155,16,0,9,2,101,,6156,16,0,9,2,98,,6157,16,0,9,2,28,,6158,16,0,9,2
3701,'3',758,,6159,16,0,9,2,142,,6160,16,0,9,2,102,,6161,16,0,9,2,102,,6162,16,0,9,2,116,,6163,16,0,9,2,103,,6164,16,0,9,2,100,,6165,16,0,9,2,101,,6166,16,0,9,2,100,,6167,16,0,9,2,101,,6168,16,0,9,2,95,,6169,16,0,9,2,97,,6170,16,0,9,2
3701,'71',541,,4746,9,0,9,2,185,,4749,16,,,2,105,,4748,16,0,9,2,102,,4747,16,0,9,2,98,,4750,16,0,9,2,102,,4751,16,0,9,2,113,,4752,16,0,9,2,102,,4753,16,0,9,2,102,,4754,16,0,9,2,155,,4755,16,0,9,2,113,,4756,16,0,9,2,100,,4757,16,0,9,2,101,,4758,16,0,9,2,97,,4759,16,0,9,2,97,,4760,16,0,9,2,101,,4761,16,0,9,2,102,,4762,16,0,9,2,28,,4763,16,0,9,2
3701,'72',702,,4764,16,0,9,2,100,,4765,16,0,9,2,102,,4766,16,0,9,2,100,,4767,16,0,9,2,100,,4768,16,0,9,2,112,,4769,16,0,9,2,100,,4770,16,0,9,2,100,,4771,16,0,9,2,102,,4772,16,0,9,2,100,,4773,16,0,9,2,98,,4774,16,0,9,2,100,,4775,16,0,9,2,100,,4776,16,0,9,2,97,,4779,16,0,9,2,100,,4780,16,0,9,2,101,,4781,16,0,9,2,98,,4777,16,0,9,2,28,,4778,16,0,9,2
3701,'73',802,,4782,16,0,9,2,102,,4783,16,0,9,2,100,,4784,16,0,9,2,100,,4785,16,0,9,2,112,,4786,16,0,9,2,100,,4787,16,0,9,2,100,,4788,16,0,9,2,102,,4789,16,0,9,2,100,,4790,16,0,9,2,98,,4791,16,0,9,2,100,,4792,16,0,9,2,109,,4793,16,0,9,2
3901,'1',1640,,6219,24,0,9,2,87,,6217,24,0,9,2,87,,6218,24,0,9,2
3901,'71',1644,,4843,21,,,2,82,,4842,21,,,2,80,,4841,21,,,2
31101,'85',1529,,4946,25,,,2
38001,'1',622,,6314,17,,,2,31,,6315,17,,,2
38001,'71',630,,4963,22,,,2,22,,4964,22,,,2
38101,'85',1535,,4966,32,,,2
38501,'83',1658,,4968,26,,,2
5003700,'1',634,,6395,16,,,2,76,,6394,16,,,2
5003700,'71',612,,5046,16,,,2,24,,5047,16,,,2,74,,5048,16,,,2
5003701,'1',1735,,6396,38,,,2
5003701,'71',1631,,5050,38,,,2,106,,5049,38,,,2
5003701,'81',1850,,5051,38,,,2
2000003101,'2',740,,7720,16,0,8 1 32,2,101,,7721,16,0,8 1 32,2,101,,7722,16,0,8 1 32,2,101,,7723,16,0,8 1 32,2,101,,7724,16,0,8 1 32,2,101,,7725,16,0,8 1 32,2,255,,7726,16,0,8 1 32,2,101,,7727,16,0,8 1 32,2,101,,7728,16,0,8 1 32,2,56,,7729,16,0,8 1 32,2,90,,7730,16,0,8,2
2000003101,'3',841,,7732,16,0,8 1 32,2,101,,7733,16,0,8 1 32,2,101,,7734,16,0,8 1 32,2,101,,7735,16,0,8 1 32,2,101,,7736,16,0,8 1 32,2,255,,7737,16,0,8 1 32,2,101,,7738,16,0,8 1 32,2,101,,7739,16,0,8 1 32,2,56,,7740,16,0,8 1 32,2,90,,7741,16,0,8,2
