905231701,'27',2314,,6491,81,4,,2,29,,6494,81,4,,2,70,,6489,81,4,,2,30,,6492,81,4,,2,70,,6490,81,4,,2,30,,6493,81,4,,2,70,,6495,81,4,,2
905231701,'28',2314,,6498,81,4,,2,29,,6501,81,4,,2,70,,6496,81,4,,2,30,,6499,81,4,,2,70,,6497,81,4,,2,30,,6500,81,4,,2,70,,6502,81,4,,2
905231701,'29',2314,,6505,81,4,,2,29,,6508,81,4,,2,70,,6503,81,4,,2,30,,6506,81,4,,2,70,,6504,81,4,,2,30,,6507,81,4,,2,70,,6509,81,4,,2
1200000101,'1',1622,,7148,85,,,1,32,,7149,85,,,1,71,,7150,85,,,1,29,,7151,85,,,1
1200000101,'71',1618,,5070,85,,,1,32,,5071,85,,,1,71,,5069,85,,,1,29,,5072,85,,,1
1200000301,'1',623,,7508,34,,,1,28,,7513,34,,,1,77,,7506,47,,,1,20,,7510,47,,,1,75,,7516,47,,,1,29,,7511,47,,,1,65,,7519,47,,,1,25,,7507,47,,,1,69,,7517,47,,,1,27,,7515,47,,,1,73,,7520,47,,,1,33,,7521,47,,,1,70,,7523,47,,,1,34,,7525,47,,,1,72,,7527,47,,,1,28,,7522,47,,,1,70,,7524,47,,,1,28,,7526,47,,,1,72,,7528,47,,,1,36,,7529,47,,,1,60,,7532,44,,,1,23,,7530,44,,,1,18,,7535,44,,,1,59,,7534,44,,,1,11,,7539,44,,,1,12,,7537,44,,,1,14,,7538,44,,,1,56,,7541,44,,,1,14,,7533,44,,,1,12,,7536,44,,,1,15,,7531,44,,,1,68,,7540,44,,,1,24,,7544,47,,,1,64,,7542,47,,,1,31,,7543,47,,,1,70,,7545,47,,,1,29,,7546,47,,,1,73,,7549,47,,,1,31,,7547,34,,,1,70,,7550,34,,,1,28,,7548,34,,,1,70,,7551,34,,,1,39,,7552,34,,,1
1200000301,'2',803,,7553,47,,,1,30,,7556,47,,,1,71,,7559,47,,,1,32,,7562,47,,,1,71,,7554,47,,,1,32,,7557,47,,,1,71,,7560,47,,,1,31,,7563,47,,,1,71,,7555,47,,,1,31,,7558,47,,,1,71,,7561,47,,,1,31,,7564,47,,,1,71,,7565,47,,,1,30,,7568,47,,,1,70,,7574,47,,,1,30,,7571,47,,,1,70,,7566,47,,,1,31,,7569,47,,,1,71,,7575,47,,,1,27,,7572,47,,,1,68,,7567,47,,,1,28,,7570,47,,,1,67,,7576,47,,,1,27,,7573,47,,,1,75,,7577,34,,,1,100,,7578,34,,,1,96,,7579,34,,,1,98,,7580,34,,,1,38,,7581,34,,,1,102,,7582,34,,,1
1200000301,'27',2237,,7584,37,,,1,70,,7587,37,,,1,30,,7589,37,,,1,83,,7585,37,,,1,28,,7588,37,,,1,70,,7583,37,,,1,30,,7586,37,,,1
1200000301,'28',2237,,7591,37,,,1,70,,7594,37,,,1,30,,7596,37,,,1,83,,7592,37,,,1,28,,7595,37,,,1,70,,7590,37,,,1,30,,7593,37,,,1
1200000301,'29',2237,,7598,37,,,1,70,,7601,37,,,1,30,,7603,37,,,1,83,,7599,37,,,1,28,,7602,37,,,1,70,,7597,37,,,1,30,,7600,37,,,1
1200000301,'3',833,,7604,47,,,1,71,,7606,47,,,1,32,,7612,47,,,1,71,,7609,47,,,1,32,,7605,47,,,1,71,,7607,47,,,1,31,,7613,47,,,1,71,,7610,47,,,1,31,,7614,47,,,1,71,,7608,47,,,1,31,,7616,47,,,1,71,,7611,47,,,1,30,,7615,47,,,1,70,,7618,47,,,1,30,,7617,47,,,1,70,,7621,47,,,1,31,,7623,47,,,1,71,,7619,47,,,1,27,,7627,47,,,1,68,,7622,47,,,1,28,,7624,47,,,1,67,,7620,47,,,1,27,,7628,47,,,1,75,,7625,34,,,1,121,,7626,34,,,1
1200000301,'71',623,,5456,34,,,1,28,,5460,34,,,1,78,,5454,47,,,1,20,,5458,47,,,1,77,,5466,47,,,1,27,,5463,47,,,1,66,,5469,47,,,1,26,,5455,47,,,1,69,,5465,47,,,1,27,,5467,47,,,1,76,,5470,47,,,1,20,,5471,47,,,1,20,,5473,47,,,1,60,,5475,47,,,1,24,,5476,47,,,1,60,,5478,47,,,1,21,,5480,47,,,1,19,,5472,47,,,1,60,,5474,47,,,1,20,,5481,47,,,1,18,,5477,47,,,1,61,,5479,47,,,1,20,,5483,47,,,1,25,,5484,47,,,1,13,,5485,44,,,1,56,,5486,44,,,1,23,,5482,44,,,1,18,,5494,44,,,1,59,,5490,44,,,1,11,,5493,44,,,1,12,,5488,44,,,1,14,,5487,44,,,1,56,,5497,44,,,1,16,,5496,44,,,1,10,,5495,44,,,1,17,,5492,44,,,1,51,,5489,44,,,1,15,,5491,44,,,1,22,,5498,47,,,1,67,,5499,47,,,1,31,,5501,47,,,1,70,,5500,47,,,1,29,,5502,47,,,1,73,,5505,47,,,1,30,,5503,34,,,1,70,,5506,34,,,1,28,,5504,34,,,1,70,,5507,34,,,1,39,,5508,34,,,1
1200000301,'72',804,,5511,47,,,1,30,,5510,47,,,1,71,,5514,47,,,1,30,,5515,47,,,1,71,,5516,47,,,1,31,,5509,47,,,1,72,,5513,47,,,1,30,,5512,47,,,1,70,,5517,47,,,1,30,,5518,47,,,1,71,,5520,47,,,1,30,,5519,47,,,1,71,,5522,47,,,1,30,,5523,47,,,1,71,,5524,47,,,1,30,,5525,47,,,1,69,,5526,47,,,1,31,,5521,47,,,1,72,,5528,47,,,1,29,,5527,47,,,1,68,,5530,47,,,1,28,,5529,47,,,1,69,,5531,47,,,1,24,,5535,47,,,1,78,,5532,34,,,1,100,,5533,34,,,1,96,,5534,34,,,1,99,,5536,34,,,1,38,,5537,34,,,1,102,,5538,34,,,1
1200000301,'73',834,,5539,47,,,1,71,,5541,47,,,1,30,,5542,47,,,1,71,,5543,47,,,1,31,,5544,47,,,1,72,,5540,47,,,1,30,,5545,47,,,1,70,,5547,47,,,1,30,,5546,47,,,1,71,,5549,47,,,1,30,,5548,47,,,1,71,,5551,47,,,1,30,,5552,47,,,1,71,,5553,47,,,1,30,,5554,47,,,1,69,,5555,47,,,1,31,,5550,47,,,1,72,,5557,47,,,1,29,,5556,47,,,1,68,,5559,47,,,1,28,,5558,47,,,1,69,,5560,47,,,1,24,,5563,47,,,1,78,,5561,34,,,1,121,,5562,34,,,1
2000002200,'1',604,,7709,3,0,18 19 20,2
2000002200,'71',604,,5649,3,0,18 19 20,2
