3401,'1',633,,6039,13,,,2,67,,6040,13,,,2,50,,6041,13,,,2,795,,6042,13,,,2,88,,6043,13,,,2,99,,6044,13,,,2,26,,6045,13,,,2,86,,6046,13,,,2,68,,6047,13,,,2
3401,'14',1647,,6048,17,,,2
3401,'71',633,,4642,13,,,2,67,,4644,13,,,2,50,,4643,13,,,2,803,,4646,13,,,2,91,,4645,17,,,2,72,,4649,13,,,2,39,,4650,13,,,2,87,,4651,13,,,2,66,,4648,13,,,2
34500,'12',810,,6305,12,,,2
34500,'82',810,,4949,12,,,2
5003401,'1',1655,,6389,25,,,2
5003401,'71',1655,,5040,25,,,2
2000003401,'2',747,,7771,13,,,2,85,,7772,13,,,2,85,,7773,13,,,2,85,,7774,13,,,2,49,,7775,13,,,2,85,,7776,13,,,2,88,,7777,13,,,2,81,,7778,13,,,2,134,,7779,13,,,2,86,,7780,13,,,2,84,,7781,13,,,2,48,,7782,13,,,2,84,,7783,13,,,2,81,,7784,13,,,2,82,,7785,13,,,2
2000003401,'3',832,,7786,13,,,2,85,,7787,13,,,2,85,,7788,13,,,2,49,,7789,13,,,2,85,,7790,13,,,2,88,,7791,13,,,2,81,,7792,13,,,2,134,,7793,13,,,2,86,,7794,13,,,2,84,,7795,13,,,2,48,,7796,13,,,2,84,,7797,13,,,2,81,,7798,13,,,2,82,,7799,13,,,2
2000003401,'72',747,,5711,13,,,2,85,,5712,13,,,2,84,,5713,13,,,2,85,,5714,13,,,2,47,,5715,13,,,2,85,,5716,13,,,2,85,,5717,13,,,2,85,,5718,13,,,2,130,,5719,13,,,2,92,,5720,13,,,2,79,,5721,13,,,2,53,,5722,13,,,2,77,,5723,13,,,2,88,,5724,13,,,2,37,,5725,13,,,2
2000003401,'73',832,,5726,13,,,2,84,,5727,13,,,2,85,,5728,13,,,2,47,,5729,13,,,2,85,,5730,13,,,2,85,,5731,13,,,2,85,,5732,13,,,2,130,,5733,13,,,2,92,,5734,13,,,2,79,,5735,13,,,2,53,,5736,13,,,2,77,,5737,13,,,2,88,,5738,13,,,2,37,,5739,13,,,2
