3101,'71',650,,4610,5,,,2,64,,4612,5,,,2,95,,4614,5,,,2,110,,4619,5,,,2,85,,4615,5,,,2,47,,4616,5,,,2,96,,4617,5,,,2,87,,4620,5,,,2,85,,4621,5,,,2,86,,4622,5,,,2,48,,4623,5,,,2,86,,4624,5,,,2,80,,4627,5,,,2,16,,4625,5,,,2,78,,4628,5,,,2,25,,4631,5,,,2,66,,4629,5,,,2,36,,4626,5,,,2,68,,4630,5,,,2,251,,4632,5,0,8,2
3501,'71',544,,4652,3,,,2,96,,4653,5,,,2,70,,4654,5,,,2,110,,4658,5,,,2,80,,4655,5,,,2,40,,4656,5,,,2,97,,4659,5,,,2,102,,4660,5,,,2,98,,4657,5,,,2,101,,4662,5,,,2,102,,4661,5,,,2,113,,4663,5,,,2,73,,4664,5,,,2,76,,4665,5,,,2,34,,4666,5,,,2,104,,4667,5,,,2,90,,4670,5,,,2,92,,4671,5,,,2,98,,4672,5,,,2,108,,4668,5,,,2,93,,4669,5,,,2
3501,'72',655,,4673,5,,,2,100,,4674,5,,,2,101,,4675,5,,,2,100,,4676,5,,,2,100,,4677,5,,,2,101,,4678,5,,,2,146,,4679,5,,,2,102,,4680,5,,,2,101,,4681,5,,,2,100,,4682,5,,,2,52,,4683,5,,,2,97,,4684,5,,,2,96,,4685,5,,,2,150,,4686,5,,,2,58,,4687,5,,,2,98,,4688,5,,,2,98,,4689,5,,,2
3501,'73',856,,4690,5,,,2,100,,4691,5,,,2,100,,4692,5,,,2,101,,4693,5,,,2,146,,4694,5,,,2,102,,4695,5,,,2,101,,4696,5,,,2,100,,4697,5,,,2,52,,4698,5,,,2,97,,4699,5,,,2,96,,4700,5,,,2,103,,4701,5,,,2
22901,'88',1627,,4930,2,,,2
35100,'84',706,,4953,2,,,2
35101,'85',1532,,4954,26,,,2
35500,'82',759,,4955,2,,,2
35501,'83',1645,,4956,36,,,2
2000003101,'72',750,,5660,5,,,2,101,,5661,5,,,2,100,,5662,5,,,2,100,,5663,5,,,2,100,,5664,5,,,2,100,,5665,5,,,2,199,,5666,5,,,2,102,,5667,5,,,2,102,,5668,5,,,2,98,,5669,5,,,2,98,,5670,5,0,8,2
2000003101,'73',850,,5672,5,,,2,101,,5673,5,,,2,100,,5674,5,,,2,100,,5675,5,,,2,100,,5676,5,,,2,199,,5677,5,,,2,102,,5678,5,,,2,102,,5679,5,,,2,98,,5680,5,,,2,98,,5681,5,0,8,2
