3501,'1',555,,6049,30,,,2,97,,6050,32,,,2,84,,6051,32,,,2,97,,6052,32,,,2,82,,6053,32,,,2,39,,6054,32,,,2,85,,6055,32,,,2,85,,6056,32,,,2,86,,6057,32,,,2,45,,6058,32,,,2,85,,6059,32,,,2,85,,6060,32,,,2,85,,6061,32,,,2,99,,6062,32,,,2,44,,6064,32,,,2,81,,6065,32,,,2,82,,6066,32,,,2,43,,6067,32,,,2,74,,6063,32,,,2,78,,6068,32,,,2,26,,6069,32,,,2,71,,6070,32,,,2,27,,6071,32,,,2,78,,6072,32,,,2,30,,6073,32,,,2,68,,6074,32,,,2,25,,6075,32,,,2
3501,'2',717,,6076,32,,,2,30,,6077,32,,,2,70,,6078,32,,,2,30,,6079,32,,,2,71,,6080,32,,,2,33,,6081,32,,,2,87,,6082,32,,,2,85,,6083,32,,,2,87,,6084,32,,,2,47,,6085,32,,,2,89,,6086,32,,,2,85,,6088,32,,,2,86,,6089,32,,,2,85,,6090,32,,,2,45,,6091,32,,,2,82,,6092,32,,,2,83,,6087,32,,,2,40,,6093,32,,,2,78,,6094,32,,,2,85,,6095,32,,,2,30,,6096,32,,,2,68,,6097,32,,,2,28,,6098,32,,,2,70,,6099,32,,,2,30,,6100,32,,,2,68,,6101,32,,,2,25,,6102,32,,,2
3501,'3',847,,6103,32,,,2,71,,6104,32,,,2,33,,6105,32,,,2,87,,6106,32,,,2,85,,6107,32,,,2,87,,6108,32,,,2,47,,6109,32,,,2,89,,6110,32,,,2,85,,6111,32,,,2,86,,6112,32,,,2,85,,6114,32,,,2,45,,6115,32,,,2,82,,6116,32,,,2,83,,6117,32,,,2,40,,6118,32,,,2,78,,6119,32,,,2,85,,6113,32,,,2
3501,'71',558,,4652,30,,,2,96,,4653,32,,,2,71,,4654,32,,,2,110,,4658,32,,,2,79,,4655,32,,,2,40,,4656,32,,,2,97,,4659,32,,,2,102,,4660,32,,,2,98,,4657,32,,,2,101,,4662,32,,,2,102,,4661,32,,,2,153,,4663,32,,,2,33,,4664,32,,,2,76,,4665,32,,,2,34,,4666,32,,,2,104,,4667,32,,,2,90,,4670,32,,,2,92,,4671,32,,,2,98,,4672,32,,,2,108,,4668,32,,,2,93,,4669,32,,,2
3501,'72',709,,4673,32,,,2,100,,4674,32,,,2,101,,4675,32,,,2,100,,4676,32,,,2,100,,4677,32,,,2,101,,4678,32,,,2,106,,4679,32,,,2,102,,4680,32,,,2,101,,4681,32,,,2,100,,4682,32,,,2,92,,4683,32,,,2,97,,4684,32,,,2,95,,4685,32,,,2,110,,4686,32,,,2,98,,4687,32,,,2,98,,4688,32,,,2,98,,4689,32,,,2
3501,'73',910,,4690,32,,,2,100,,4691,32,,,2,100,,4692,32,,,2,101,,4693,32,,,2,106,,4694,32,,,2,102,,4695,32,,,2,101,,4696,32,,,2,100,,4697,32,,,2,92,,4698,32,,,2,97,,4699,32,,,2,95,,4700,32,,,2,103,,4701,32,,,2
35100,'84',724,,4953,31,,,2
35101,'85',1550,,4954,55,4,,2
35500,'82',817,,4955,31,,,2
35501,'83',1702,,4956,65,4,,2
