2301,'1',1201,,5958,27,,,2,31,,5959,27,,,2,70,,5961,27,,,2,30,,5960,27,,,2,70,,5962,27,,,2,31,,5963,27,,,2,71,,5966,27,,,2,51,,5964,27,,,2,68,,5967,27,,,2,36,,5965,27,,,2,141,,5968,27,,,2,26,,5975,27,,,2,77,,5969,27,,,2,102,,5970,27,,,2,50,,5971,27,,,2,154,,5972,27,,,2
2301,'2',1218,,5985,27,,,2,101,,5986,27,,,2,101,,5987,27,,,2,100,,5988,27,,,2,100,,5989,27,,,2,101,,5990,27,,,2,97,,5991,27,,,2
2301,'3',1218,,5996,27,,,2,101,,5997,27,,,2,101,,5998,27,,,2,100,,5999,27,,,2,100,,6000,27,,,2,101,,6001,27,,,2,97,,6002,27,,,2
2301,'71',1159,,4558,27,,,2,70,,4562,27,,,2,71,,4564,27,,,2,30,,4563,27,,,2,70,,4565,27,,,2,30,,4566,27,,,2,74,,4576,27,,,2,42,,4567,27,,,2,108,,4568,31,,,2,103,,4570,27,,,2,71,,4575,27,,,2,75,,4571,27,,,2,100,,4572,27,,,2,52,,4573,27,,,2,154,,4574,27,,,2
2301,'72',1229,,4584,27,,,2,102,,4585,27,,,2,101,,4586,27,,,2,101,,4587,27,,,2,100,,4588,27,,,2,102,,4589,27,,,2,96,,4590,27,,,2
2301,'73',1229,,4595,27,,,2,102,,4596,27,,,2,101,,4597,27,,,2,101,,4598,27,,,2,100,,4599,27,,,2,102,,4600,27,,,2,96,,4601,27,,,2
23101,'85',1533,,4932,38,,,2
23501,'83',1659,,4936,24,,,2
5002301,'1',1708,,6382,37,,,2,24,,6381,37,,,2
5002301,'71',1622,,5032,37,,,2,86,,5031,37,,,2,24,,5030,37,,,2
