3101,'1',628,,6013,8,0,8 1 32,2,72,,6011,8,0,8 1 32,2,104,,6015,8,0,8 1 32,2,105,,6016,8,0,8 1 32,2,99,,6017,8,0,8 1 32,2,100,,6018,8,0,8 1 32,2,106,,6019,8,0,8 1 32,2,102,,6020,8,0,8 1 32,2,101,,6021,8,0,8 1 32,2,100,,6022,8,0,8 1 32,2,97,,6023,8,0,8 1 32,2,31,,6026,8,0,8 1 32,2,71,,6027,8,0,8 1 32,2,31,,6024,8,0,8 1 32,2,73,,6028,8,0,8 1 32,2,24,,6025,8,0,8 1 32,2,76,,6029,8,0,8 1 32,2,290,,6030,8,0,8,2
3701,'1',538,,6122,1,0,9,2,81,,6123,8,0,9,2,103,,6124,8,,,2,105,,6125,8,0,9,2,104,,6126,8,0,9,2,97,,6127,8,0,9,2,102,,6128,8,0,9,2,115,,6129,8,0,9,2,102,,6130,8,0,9,2,102,,6131,8,0,9,2,154,,6132,8,0,9,2,142,,6133,8,0,9,2,72,,6134,8,0,9,2,101,,6135,8,0,9,2,96,,6136,8,0,9,2,96,,6137,8,0,9,2,100,,6138,8,0,9,2,100,,6139,8,0,9,2,28,,6140,8,0,9,2
3701,'2',653,,6141,8,0,9,2,100,,6142,8,0,9,2,102,,6143,8,0,9,2,102,,6144,8,0,9,2,102,,6145,8,0,9,2,156,,6146,8,0,9,2,103,,6147,8,0,9,2,100,,6148,8,0,9,2,101,,6149,8,0,9,2,100,,6150,8,0,9,2,101,,6151,8,0,9,2,95,,6152,8,0,9,2,97,,6153,8,0,9,2,96,,6154,8,0,9,2,100,,6155,8,0,9,2,101,,6156,8,0,9,2,98,,6157,8,0,9,2,28,,6158,8,0,9,2
3701,'3',753,,6159,8,0,9,2,102,,6160,8,0,9,2,102,,6161,8,0,9,2,102,,6162,8,0,9,2,156,,6163,8,0,9,2,103,,6164,8,0,9,2,100,,6165,8,0,9,2,101,,6166,8,0,9,2,100,,6167,8,0,9,2,101,,6168,8,0,9,2,95,,6169,8,0,9,2,97,,6170,8,0,9,2
3701,'71',537,,4746,1,0,9,2,185,,4749,8,,,2,105,,4748,8,0,9,2,102,,4747,8,0,9,2,98,,4750,8,0,9,2,102,,4751,8,0,9,2,113,,4752,8,0,9,2,102,,4753,8,0,9,2,102,,4754,8,0,9,2,155,,4755,8,0,9,2,113,,4756,8,0,9,2,100,,4757,8,0,9,2,101,,4758,8,0,9,2,97,,4759,8,0,9,2,97,,4760,8,0,9,2,101,,4761,8,0,9,2,102,,4762,8,0,9,2,28,,4763,8,0,9,2
3701,'72',657,,4764,8,0,9,2,100,,4765,8,0,9,2,102,,4766,8,0,9,2,100,,4767,8,0,9,2,100,,4768,8,0,9,2,152,,4769,8,0,9,2,100,,4770,8,0,9,2,100,,4771,8,0,9,2,102,,4772,8,0,9,2,100,,4773,8,0,9,2,98,,4774,8,0,9,2,100,,4775,8,0,9,2,100,,4776,8,0,9,2,97,,4779,8,0,9,2,100,,4780,8,0,9,2,101,,4781,8,0,9,2,98,,4777,8,0,9,2,28,,4778,8,0,9,2
3701,'73',757,,4782,8,0,9,2,102,,4783,8,0,9,2,100,,4784,8,0,9,2,100,,4785,8,0,9,2,152,,4786,8,0,9,2,100,,4787,8,0,9,2,100,,4788,8,0,9,2,102,,4789,8,0,9,2,100,,4790,8,0,9,2,98,,4791,8,0,9,2,100,,4792,8,0,9,2,109,,4793,8,0,9,2
3901,'1',1629,,6219,8,0,9,2,87,,6217,8,0,9,2,87,,6218,8,0,9,2
31101,'85',1522,,4946,15,,,2
38001,'1',538,,6313,9,4,,2,80,,6314,9,,,2,31,,6315,9,,,2
38001,'71',537,,4962,14,4,,2,89,,4963,14,,,2,22,,4964,14,,,2
38101,'85',1522,,4966,15,,,2
38501,'83',1643,,4968,9,,,2
5003700,'1',629,,6395,8,,,2,76,,6394,8,,,2
5003700,'71',608,,5046,8,,,2,23,,5047,8,,,2,74,,5048,8,,,2
5003701,'1',1727,,6396,28,,,2
5003701,'71',1622,,5050,28,,,2,107,,5049,28,,,2
5003701,'81',1842,,5051,28,,,2
2000003101,'2',736,,7720,8,0,8 1 32,2,101,,7721,8,0,8 1 32,2,101,,7722,8,0,8 1 32,2,101,,7723,8,0,8 1 32,2,101,,7724,8,0,8 1 32,2,101,,7725,8,0,8 1 32,2,215,,7726,8,0,8 1 32,2,101,,7727,8,0,8 1 32,2,101,,7728,8,0,8 1 32,2,96,,7729,8,0,8 1 32,2,90,,7730,8,0,8,2
2000003101,'3',837,,7732,8,0,8 1 32,2,101,,7733,8,0,8 1 32,2,101,,7734,8,0,8 1 32,2,101,,7735,8,0,8 1 32,2,101,,7736,8,0,8 1 32,2,215,,7737,8,0,8 1 32,2,101,,7738,8,0,8 1 32,2,101,,7739,8,0,8 1 32,2,96,,7740,8,0,8 1 32,2,90,,7741,8,0,8,2
