3600,'1',613,,750,6,,,2,136,,751,6,,,2,94,,752,6,,,2,162,,753,6,,,2,101,,754,6,,,2,100,,755,6,,,2,102,,756,6,,,2,100,,757,6,,,2,100,,758,6,,,2,305,,759,6,,,2,90,,760,6,,,2,53,,761,6,,,2,97,,762,6,,,2,104,,763,6,,,2,93,,764,6,,,2
3600,'3',613,,765,6,,,2,136,,766,6,,,2,256,,767,6,,,2,101,,768,6,,,2,100,,770,6,,,2,102,,769,6,,,2,100,,771,6,,,2,100,,772,6,,,2,305,,773,6,,,2,90,,774,6,,,2,53,,775,6,,,2,97,,776,6,,,2,104,,777,6,,,2,93,,778,6,,,2
3600,'4',613,,779,6,,,2,136,,783,6,,,2,256,,782,6,,,2,101,,780,6,,,2,100,,781,6,,,2,102,,784,6,,,2,100,,785,6,,,2,100,,786,6,,,2,305,,787,6,,,2,90,,790,6,,,2,53,,791,6,,,2,97,,792,6,,,2,104,,788,6,,,2,93,,789,6,,,2
3600,'6',725,,793,6,,,2,100,,794,6,,,2,101,,795,6,,,2,100,,796,6,,,2,105,,797,6,,,2,100,,798,6,,,2,100,,799,6,,,2,102,,800,6,,,2,101,,801,6,,,2,99,,802,6,,,2,97,,807,6,,,2,97,,808,6,,,2,91,,809,6,,,2,109,,803,6,,,2,99,,804,6,,,2,97,,805,6,,,2,93,,806,6,,,2
3600,'8',825,,810,6,,,2,101,,811,6,,,2,100,,812,6,,,2,105,,813,6,,,2,100,,814,6,,,2,100,,815,6,,,2,102,,816,6,,,2,101,,817,6,,,2,99,,818,6,,,2,97,,819,6,,,2,97,,820,6,,,2,91,,821,6,,,2
5003600,'1',645,,1343,6,,,2,68,,1342,6,,,2
5003600,'3',645,,1345,6,,,2,68,,1344,6,,,2
5003600,'4',645,,1347,6,,,2,68,,1346,6,,,2
5003601,'1',1608,,1350,20,,,2,45,,1348,20,,,2,62,,1349,20,,,2
5003601,'3',1641,,1351,20,,,2,67,,1352,20,,,2
5003601,'4',1646,,1353,20,,,2,62,,1354,20,,,2
