13800,'12',834,,6237,14,,,2
13800,'82',834,,4870,14,,,2
34500,'12',832,,6305,39,,,2
34500,'82',832,,4949,39,,,2
35500,'12',836,,6308,60,,,2
35500,'82',836,,4955,52,,,2
1200000100,'1',649,,7141,67,,,1,71,,7142,67,,,1,21,,7143,67,,,1,69,,7146,67,0,16 1 17,1,30,,7144,67,,,1
1200000100,'71',646,,5061,67,,,1,71,,5062,67,,,1,21,,5063,67,,,1,69,,5066,67,0,16 1 17,1,30,,5064,67,,,1
1200000201,'1',625,,7262,22,,,1,80,,7265,34,,,1,15,,7264,34,,,1,20,,7269,34,,,1,61,,7271,34,,,1,20,,7273,34,,,1,20,,7276,34,,,1,15,,7277,34,,,1,56,,7263,34,,,1,13,,7280,34,,,1,14,,7268,34,,,1,11,,7266,34,,,1,52,,7275,34,,,1,12,,7281,34,,,1,14,,7278,34,,,1,17,,7282,34,,,1,70,,7284,34,,,1,29,,7286,34,,,1,70,,7267,34,,,1,33,,7287,34,,,1,69,,7283,34,,,1,30,,7285,34,,,1,71,,7289,34,,,1,31,,7290,34,,,1,70,,7288,34,,,1,39,,7292,34,,,1,67,,7294,34,,,1,18,,7297,34,,,1,17,,7295,34,,,1,57,,7296,34,,,1,12,,7293,34,,,1,10,,7298,34,,,1,12,,7299,34,,,1,54,,7301,34,,,1,13,,7291,34,,,1,9,,7304,34,,,1,13,,7305,34,,,1,13,,7308,34,,,1,52,,7309,34,,,1,13,,7303,34,,,1,24,,7302,34,,,1,66,,7300,34,,,1,19,,7310,34,,,1,28,,7311,34,,,1,72,,7306,34,,,1,75,,7313,34,,,1,28,,7315,34,,,1,71,,7312,34,,,1,27,,7307,34,,,1,31,,7314,34,,,1,86,,7316,34,,,1
1200000201,'14',1701,,7317,28,,,1
1200000201,'2',656,,7321,22,,,1,79,,7318,34,,,1,70,,7326,34,,,1,31,,7324,34,,,1,72,,7322,34,,,1,31,,7328,34,,,1,71,,7319,34,,,1,31,,7327,34,,,1,72,,7325,34,,,1,32,,7330,34,,,1,70,,7329,34,,,1,31,,7320,34,,,1,72,,7332,34,,,1,31,,7334,34,,,1,70,,7331,34,,,1,30,,7336,34,,,1,71,,7337,34,,,1,30,,7333,34,,,1,69,,7335,34,,,1,31,,7339,34,,,1,72,,7341,34,,,1,28,,7338,34,,,1,66,,7343,34,,,1,28,,7344,34,,,1,65,,7340,34,,,1,25,,7342,34,,,1,67,,7348,34,,,1,29,,7347,34,,,1,71,,7345,34,,,1,27,,7349,34,,,1,28,,7351,34,,,1,70,,7350,34,,,1,30,,7353,34,,,1,70,,7346,34,,,1,29,,7352,34,,,1,89,,7354,34,,,1
1200000201,'27',2241,,7355,27,,,1,70,,7358,27,,,1,29,,7356,27,,,1,83,,7359,27,,,1,28,,7361,27,,,1,70,,7357,27,,,1,30,,7360,27,,,1
1200000201,'28',2240,,7362,27,,,1,70,,7365,27,,,1,30,,7363,27,,,1,83,,7366,27,,,1,28,,7368,27,,,1,70,,7364,27,,,1,30,,7367,27,,,1
1200000201,'29',2240,,7369,27,,,1,70,,7372,27,,,1,30,,7370,27,,,1,83,,7373,27,,,1,28,,7375,27,,,1,70,,7371,27,,,1,30,,7374,27,,,1
1200000201,'3',836,,7377,34,,,1,72,,7379,34,,,1,31,,7381,34,,,1,70,,7383,34,,,1,32,,7384,34,,,1,72,,7388,34,,,1,32,,7386,34,,,1,70,,7390,34,,,1,31,,7387,34,,,1,72,,7385,34,,,1,31,,7389,34,,,1,70,,7392,34,,,1,30,,7391,34,,,1,71,,7393,34,,,1,30,,7395,34,,,1,69,,7397,34,,,1,31,,7400,34,,,1,72,,7402,34,,,1,28,,7394,34,,,1,66,,7396,34,,,1,28,,7398,34,,,1,65,,7401,34,,,1,25,,7403,34,,,1,67,,7405,34,,,1,29,,7404,34,,,1,71,,7399,34,,,1,27,,7406,34,,,1
1200000201,'71',625,,5201,22,,,1,75,,5205,34,,,1,15,,5204,34,,,1,20,,5208,34,,,1,10,,5214,34,,,1,14,,5203,34,,,1,55,,5213,34,,,1,19,,5207,34,,,1,17,,5218,34,,,1,55,,5202,34,,,1,14,,5221,34,,,1,14,,5206,34,,,1,12,,5223,34,,,1,12,,5216,34,,,1,52,,5224,34,,,1,15,,5209,34,,,1,12,,5225,34,,,1,17,,5217,34,,,1,58,,5219,34,,,1,14,,5226,34,,,1,15,,5222,34,,,1,15,,5228,34,,,1,55,,5229,34,,,1,15,,5230,34,,,1,17,,5232,34,,,1,15,,5233,34,,,1,55,,5235,34,,,1,15,,5236,34,,,1,15,,5237,34,,,1,16,,5227,34,,,1,55,,5239,34,,,1,15,,5240,34,,,1,15,,5241,34,,,1,14,,5231,34,,,1,56,,5238,34,,,1,18,,5234,34,,,1,27,,5242,34,,,1,60,,5243,34,,,1,18,,5244,34,,,1,15,,5245,34,,,1,6,,5253,22,,,1,54,,5246,34,,,1,9,,5247,34,,,1,12,,5249,34,,,1,11,,5251,34,,,1,15,,5254,34,,,1,53,,5255,34,,,1,9,,5256,34,,,1,13,,5259,34,,,1,17,,5260,34,,,1,9,,5257,34,,,1,52,,5258,34,,,1,13,,5250,34,,,1,12,,5248,34,,,1,14,,5261,34,,,1,54,,5252,34,,,1,20,,5262,34,,,1,29,,5263,34,,,1,72,,5265,34,,,1,75,,5267,34,,,1,28,,5269,34,,,1,31,,5264,34,,,1,67,,5266,34,,,1,31,,5268,34,,,1,86,,5270,34,,,1
1200000201,'72',719,,5272,34,,,1,31,,5271,34,,,1,70,,5273,34,,,1,32,,5279,34,,,1,71,,5284,34,,,1,32,,5277,34,,,1,71,,5276,34,,,1,29,,5282,34,,,1,70,,5283,34,,,1,31,,5285,34,,,1,70,,5274,34,,,1,31,,5280,34,,,1,70,,5278,34,,,1,30,,5286,34,,,1,72,,5287,34,,,1,29,,5289,34,,,1,73,,5288,34,,,1,69,,5291,34,,,1,29,,5292,34,,,1,73,,5293,34,,,1,31,,5294,34,,,1,67,,5295,34,,,1,28,,5290,34,,,1,29,,5297,34,,,1,65,,5296,34,,,1,79,,5300,34,,,1,29,,5302,34,,,1,71,,5298,34,,,1,27,,5304,34,,,1,28,,5305,34,,,1,70,,5301,34,,,1,30,,5303,34,,,1,69,,5299,34,,,1,29,,5306,34,,,1,90,,5307,34,,,1
1200000201,'73',820,,5308,34,,,1,32,,5311,34,,,1,71,,5315,34,,,1,32,,5318,34,,,1,71,,5310,34,,,1,29,,5314,34,,,1,70,,5317,34,,,1,31,,5320,34,,,1,70,,5321,34,,,1,31,,5312,34,,,1,70,,5322,34,,,1,30,,5324,34,,,1,72,,5323,34,,,1,29,,5326,34,,,1,73,,5325,34,,,1,69,,5328,34,,,1,29,,5329,34,,,1,73,,5330,34,,,1,31,,5331,34,,,1,67,,5333,34,,,1,28,,5327,34,,,1,29,,5336,34,,,1,65,,5334,34,,,1,79,,5338,34,,,1,29,,5332,34,,,1,71,,5337,34,,,1,27,,5335,34,,,1
1200000201,'81',708,,5339,22,,,1,15,,5340,22,,,1,820,,5341,34,,,1
1200000201,'89',1626,,5345,34,,,1,15,,5346,34,,,1
1200000401,'1',1722,,7635,34,,,1,21,,7633,34,,,1
1200000401,'71',1714,,5572,34,,,1,26,,5571,34,,,1,62,,5575,34,,,1
