2300,'1',611,,5924,49,,,2,196,,5919,49,,,2,40,,5927,49,,,2,73,,5904,49,,,2,36,,5906,49,,,2,70,,5905,49,,,2,30,,5907,49,,,2,70,,5908,49,,,2,30,,5909,49,,,2,70,,5912,35,,,2,30,,5910,35,,,2,70,,5913,35,,,2,30,,5911,35,,,2,71,,5914,35,,,2,73,,5915,35,,,2,33,,5917,35,,,2,119,,5918,35,,,2,77,,5916,35,,,2,24,,5925,35,,,2,71,,5920,35,,,2,30,,5926,35,,,2,73,,5921,35,,,2,102,,5922,35,,,2,95,,5923,35,,,2
2300,'13',846,,5928,13,0,14 1 15,2
2300,'2',649,,5930,49,,,2,100,,5931,49,,,2,101,,5932,49,,,2,102,,5933,49,,,2,102,,5934,49,,,2,102,,5935,49,,,2,101,,5936,49,,,2,101,,5937,35,,,2,100,,5938,35,,,2,100,,5939,35,,,2,101,,5940,35,,,2,88,,5941,35,,,2
2300,'3',749,,5942,49,,,2,101,,5943,49,,,2,102,,5944,49,,,2,102,,5945,49,,,2,102,,5946,49,,,2,101,,5947,49,,,2,101,,5948,35,,,2,100,,5949,35,,,2,100,,5950,35,,,2,101,,5951,35,,,2,88,,5952,35,,,2
2300,'71',611,,4520,49,,,2,191,,4525,49,,,2,45,,4529,49,0,14 1 15,2,70,,4507,49,,,2,36,,4510,49,,,2,70,,4508,49,,,2,31,,4511,49,,,2,70,,4509,49,,,2,30,,4512,49,,,2,71,,4515,35,,,2,30,,4513,35,,,2,70,,4516,35,,,2,30,,4514,35,,,2,72,,4517,35,,,2,73,,4518,35,,,2,31,,4528,35,,,2,117,,4530,35,,,2,75,,4519,35,,,2,28,,4526,35,,,2,71,,4521,35,,,2,30,,4527,35,,,2,75,,4522,35,,,2,100,,4523,35,,,2,97,,4524,35,,,2
2300,'72',651,,4531,49,,,2,101,,4532,49,,,2,101,,4533,49,,,2,101,,4534,49,,,2,101,,4535,49,,,2,100,,4536,49,,,2,101,,4537,49,,,2,101,,4538,35,,,2,100,,4539,35,,,2,100,,4540,35,,,2,100,,4541,35,,,2,102,,4542,35,,,2
2300,'73',752,,4543,49,,,2,101,,4544,49,,,2,101,,4545,49,,,2,101,,4546,49,,,2,100,,4547,49,,,2,101,,4548,49,,,2,101,,4549,35,,,2,100,,4550,35,,,2,100,,4551,35,,,2,100,,4552,35,,,2,102,,4553,35,,,2
2300,'87',846,,4554,13,0,14 1 15,2
22100,'15',719,,6288,22,,,2
22100,'84',719,,4923,22,,,2
22501,'83',1705,,4928,32,,,2
23100,'15',729,,6293,56,,,2
23100,'84',729,,4931,56,,,2
5002300,'1',639,,6378,49,,,2,66,,6379,49,,,2,30,,6380,49,,,2
5002300,'71',639,,5028,49,,,2,66,,5027,49,,,2,30,,5029,49,,,2
5002400,'1',705,,6384,25,,,2,28,,6383,25,,,2
5002400,'71',705,,5034,25,,,2,28,,5033,25,,,2
5004300,'11',658,,6400,2,,,2,160,,6401,2,,,2
5004300,'81',658,,5055,2,,,2,160,,5056,2,,,2
1200000100,'1',558,,7140,40,0,14,1,64,,7141,40,,,1,30,,7142,40,,,1,60,,7143,40,,,1,30,,7146,40,0,16 1 17,1,70,,7144,40,,,1
1200000100,'71',558,,5060,40,0,14,1,64,,5061,40,,,1,30,,5062,40,,,1,60,,5063,40,,,1,30,,5066,40,0,16 1 17,1,70,,5064,40,,,1
1200000300,'1',620,,7407,40,,,1,16,,7410,40,,,1,14,,7412,40,,,1,50,,7415,40,,,1,10,,7409,40,,,1,16,,7417,40,,,1,14,,7413,40,,,1,15,,7418,40,,,1,55,,7420,40,,,1,16,,7408,40,,,1,15,,7411,40,,,1,15,,7416,40,,,1,70,,7414,40,,,1,32,,7419,40,,,1,73,,7421,40,,,1,70,,7423,40,,,1,30,,7425,40,,,1,72,,7427,40,,,1,30,,7422,40,,,1,70,,7424,40,,,1,28,,7426,40,,,1,70,,7428,40,,,1,29,,7429,40,,,1,74,,7430,40,,,1,31,,7433,42,,,1,67,,7434,42,,,1,28,,7435,42,,,1,72,,7432,42,,,1,31,,7431,42,,,1,73,,7436,42,,,1,24,,7439,40,,,1,27,,7437,40,,,1,61,,7441,40,,,1,30,,7442,40,,,1,72,,7440,40,,,1,33,,7447,40,,,1,66,,7438,40,,,1,27,,7443,40,,,1,70,,7444,40,,,1,30,,7448,40,,,1,66,,7445,40,,,1,30,,7449,40,,,1,68,,7446,40,,,1
1200000300,'2',658,,7450,40,,,1,70,,7453,40,,,1,30,,7456,40,,,1,71,,7459,40,,,1,30,,7451,40,,,1,71,,7454,40,,,1,70,,7457,40,,,1,31,,7460,40,,,1,71,,7452,40,,,1,30,,7455,40,,,1,71,,7458,40,,,1,30,,7461,40,,,1,71,,7462,40,,,1,30,,7466,40,,,1,70,,7472,40,,,1,30,,7469,40,,,1,70,,7463,40,,,1,30,,7467,40,,,1,69,,7473,40,,,1,30,,7470,40,,,1,70,,7464,40,,,1,30,,7468,40,,,1,69,,7474,40,,,1,30,,7471,40,,,1,19,,7465,40,,,1,94,,7475,40,,,1,100,,7476,40,,,1,96,,7477,40,,,1,99,,7478,40,,,1,177,,7479,40,,,1
1200000300,'3',728,,7480,40,,,1,30,,7482,40,,,1,71,,7488,40,,,1,30,,7485,40,,,1,71,,7481,40,,,1,70,,7483,40,,,1,31,,7489,40,,,1,71,,7486,40,,,1,30,,7490,40,,,1,71,,7484,40,,,1,30,,7492,40,,,1,71,,7487,40,,,1,30,,7491,40,,,1,70,,7494,40,,,1,30,,7493,40,,,1,70,,7498,40,,,1,30,,7501,40,,,1,69,,7495,40,,,1,30,,7504,40,,,1,70,,7499,40,,,1,30,,7502,40,,,1,69,,7496,40,,,1,30,,7505,40,,,1,19,,7500,40,,,1,94,,7497,40,,,1,157,,7503,40,,,1
1200000300,'71',620,,5347,40,,,1,16,,5350,40,,,1,14,,5352,40,,,1,50,,5354,40,,,1,10,,5349,40,,,1,10,,5356,40,,,1,10,,5359,40,,,1,10,,5353,40,,,1,15,,5361,40,,,1,55,,5363,40,,,1,16,,5348,40,,,1,15,,5351,40,,,1,15,,5357,40,,,1,55,,5360,40,,,1,15,,5358,40,,,1,15,,5355,40,,,1,60,,5362,40,,,1,20,,5364,40,,,1,20,,5366,40,,,1,60,,5368,40,,,1,20,,5369,40,,,1,20,,5371,40,,,1,62,,5373,40,,,1,20,,5365,40,,,1,20,,5367,40,,,1,60,,5374,40,,,1,18,,5370,40,,,1,20,,5372,40,,,1,59,,5376,40,,,1,20,,5378,40,,,1,19,,5380,40,,,1,65,,5375,40,,,1,31,,5383,42,,,1,67,,5377,42,,,1,29,,5379,42,,,1,73,,5384,42,,,1,29,,5382,42,,,1,73,,5381,42,,,1,21,,5385,40,,,1,30,,5386,40,,,1,61,,5388,40,,,1,30,,5390,40,,,1,72,,5391,40,,,1,33,,5395,40,,,1,66,,5389,40,,,1,27,,5387,40,,,1,70,,5392,40,,,1,30,,5396,40,,,1,66,,5393,40,,,1,30,,5397,40,,,1,68,,5394,40,,,1
1200000300,'72',646,,5398,40,,,1,70,,5399,40,,,1,30,,5404,40,,,1,70,,5408,40,,,1,32,,5402,40,,,1,71,,5401,40,,,1,28,,5406,40,,,1,70,,5407,40,,,1,31,,5409,40,,,1,69,,5400,40,,,1,31,,5405,40,,,1,70,,5403,40,,,1,29,,5410,40,,,1,72,,5411,40,,,1,29,,5413,40,,,1,73,,5412,40,,,1,29,,5415,40,,,1,69,,5416,40,,,1,30,,5417,40,,,1,71,,5418,40,,,1,29,,5419,40,,,1,69,,5414,40,,,1,31,,5421,40,,,1,69,,5420,40,,,1,33,,5422,40,,,1,94,,5423,40,,,1,100,,5424,40,,,1,96,,5425,40,,,1,99,,5426,40,,,1,177,,5427,40,,,1
1200000300,'73',716,,5428,40,,,1,30,,5430,40,,,1,70,,5433,40,,,1,32,,5435,40,,,1,71,,5429,40,,,1,28,,5432,40,,,1,70,,5434,40,,,1,31,,5436,40,,,1,69,,5437,40,,,1,31,,5431,40,,,1,70,,5438,40,,,1,29,,5440,40,,,1,72,,5439,40,,,1,29,,5442,40,,,1,73,,5441,40,,,1,29,,5444,40,,,1,69,,5445,40,,,1,30,,5446,40,,,1,71,,5447,40,,,1,29,,5448,40,,,1,69,,5443,40,,,1,31,,5450,40,,,1,69,,5449,40,,,1,33,,5451,40,,,1,94,,5452,40,,,1,157,,5453,40,,,1
