1501,'1',1526,,5837,7,,,2,77,,5840,7,,,2,21,,5842,7,,,2,81,,5838,7,0,41,2,30,,5841,7,,,2
1501,'71',639,,4438,7,0,41,2,63,,4436,7,0,41,2,33,,4439,7,0,41,2,791,,4443,7,0,41,2,82,,4446,7,0,41,2,16,,4448,7,0,41,2,35,,4450,7,0,41,2,77,,4449,7,0,41,2
1601,'1',639,,5859,7,,,2,63,,5861,7,,,2,31,,5860,7,,,2,174,,5858,7,0,41,2
11100,'15',728,,6226,43,,,2
11100,'86',728,,4850,43,,,2
1001101,'1',609,,6322,54,,,1,29,,6326,88,,,1,73,,6323,88,,,1,32,,6327,88,,,1,73,,6324,88,,,1,22,,6320,88,,,1,81,,6325,88,,,1,82,,6328,88,,,1,30,,6329,88,,,1,75,,6333,88,,,1,30,,6330,88,,,1,75,,6334,88,,,1,30,,6331,88,,,1,73,,6335,88,,,1,30,,6332,88,,,1,78,,6336,88,,,1,30,,6338,88,,,1,88,,6337,88,,,1,72,,6339,88,,,1,89,,6341,88,,,1,22,,6340,88,,,1,21,,6344,88,,,1,67,,6342,88,,,1,33,,6345,88,,,1,69,,6343,88,,,1,31,,6346,88,,,1,100,,6347,88,,,1,99,,6348,88,,,1,100,,6349,88,,,1
1001101,'2',741,,6351,54,,,1,99,,6352,88,,,1,103,,6353,88,,,1,101,,6354,88,,,1,99,,6355,88,,,1,100,,6359,88,,,1,100,,6360,88,,,1,101,,6358,88,,,1,100,,6356,88,,,1,99,,6357,88,,,1,102,,6361,88,,,1,97,,6362,88,,,1,100,,6363,88,,,1,99,,6364,88,,,1,100,,6365,88,,,1,100,,6366,88,,,1
1001101,'3',943,,6368,54,,,1,101,,6369,88,,,1,99,,6372,88,,,1,100,,6373,88,,,1,100,,6370,88,,,1,101,,6371,88,,,1,100,,6374,88,,,1,99,,6375,88,,,1,102,,6376,88,,,1,97,,6377,88,,,1
1001101,'71',609,,4969,54,,,1,29,,4973,88,,,1,73,,4970,88,,,1,32,,4974,88,,,1,73,,4971,88,,,1,22,,4976,88,,,1,81,,4972,88,,,1,82,,4978,88,,,1,30,,4975,88,,,1,75,,4979,88,,,1,30,,4982,88,,,1,75,,4980,88,,,1,30,,4983,88,,,1,73,,4981,88,,,1,30,,4984,88,,,1,78,,4986,88,,,1,30,,4985,88,,,1,88,,4987,88,,,1,72,,4989,88,,,1,89,,4988,88,,,1,22,,4990,88,,,1,21,,4993,88,,,1,67,,4991,88,,,1,33,,4994,88,,,1,69,,4992,88,,,1,31,,4995,88,,,1,100,,4996,88,,,1,99,,4997,88,,,1,100,,4998,88,,,1
1001101,'72',741,,5003,54,,,1,99,,5000,88,,,1,103,,5001,88,,,1,101,,5002,88,,,1,99,,5004,88,,,1,100,,5005,88,,,1,100,,5006,88,,,1,101,,5007,88,,,1,100,,5008,88,,,1,99,,5009,88,,,1,102,,5010,88,,,1,97,,5011,88,,,1,100,,5012,88,,,1,99,,5013,88,,,1,100,,5014,88,,,1,100,,5015,88,,,1
1001101,'73',943,,5017,54,,,1,101,,5018,88,,,1,99,,5019,88,,,1,100,,5020,88,,,1,100,,5021,88,,,1,101,,5022,88,,,1,100,,5023,88,,,1,99,,5024,88,,,1,102,,5025,88,,,1,97,,5026,88,,,1
