11100,'15',704,,6226,1,,,2
11100,'86',704,,4850,1,,,2
11900,'16',833,,6228,1,,,2
11900,'87',833,24,4854,1,,,2
1001101,'1',556,,6322,21,,,1,69,,6326,55,,,1,32,,6323,55,,,1,72,,6327,55,,,1,73,,6324,55,,,1,23,,6320,55,,,1,81,,6325,55,,,1,42,,6328,55,,,1,70,,6329,55,,,1,35,,6333,55,,,1,70,,6330,55,,,1,35,,6334,55,,,1,70,,6331,55,,,1,73,,6335,55,,,1,30,,6332,55,,,1,78,,6336,55,,,1,30,,6338,55,,,1,88,,6337,55,,,1,32,,6339,55,,,1,87,,6341,55,,,1,63,,6340,55,,,1,22,,6344,55,,,1,27,,6342,55,,,1,73,,6345,55,,,1,69,,6343,55,,,1,31,,6346,55,,,1,100,,6347,55,,,1,99,,6348,55,,,1,100,,6349,55,,,1
1001101,'2',728,,6351,21,,,1,99,,6352,55,,,1,102,,6353,55,,,1,101,,6354,55,,,1,100,,6355,55,,,1,99,,6359,55,,,1,100,,6360,55,,,1,101,,6358,55,,,1,101,,6356,55,,,1,99,,6357,55,,,1,101,,6361,55,,,1,98,,6362,55,,,1,100,,6363,55,,,1,99,,6364,55,,,1,100,,6365,55,,,1,100,,6366,55,,,1
1001101,'3',929,,6368,21,,,1,101,,6369,55,,,1,100,,6372,55,,,1,99,,6373,55,,,1,100,,6370,55,,,1,101,,6371,55,,,1,101,,6374,55,,,1,99,,6375,55,,,1,101,,6376,55,,,1,98,,6377,55,,,1
1001101,'71',556,,4969,21,,,1,69,,4973,55,,,1,32,,4970,55,,,1,72,,4974,55,,,1,73,,4971,55,,,1,23,,4976,55,,,1,81,,4972,55,,,1,42,,4978,55,,,1,70,,4975,55,,,1,35,,4979,55,,,1,70,,4982,55,,,1,35,,4980,55,,,1,70,,4983,55,,,1,73,,4981,55,,,1,30,,4984,55,,,1,78,,4986,55,,,1,30,,4985,55,,,1,88,,4987,55,,,1,32,,4989,55,,,1,87,,4988,55,,,1,63,,4990,55,,,1,22,,4993,55,,,1,27,,4991,55,,,1,73,,4994,55,,,1,69,,4992,55,,,1,31,,4995,55,,,1,100,,4996,55,,,1,99,,4997,55,,,1,100,,4998,55,,,1
1001101,'72',728,,5003,21,,,1,99,,5000,55,,,1,102,,5001,55,,,1,101,,5002,55,,,1,100,,5004,55,,,1,99,,5005,55,,,1,100,,5006,55,,,1,101,,5007,55,,,1,101,,5008,55,,,1,99,,5009,55,,,1,101,,5010,55,,,1,98,,5011,55,,,1,100,,5012,55,,,1,99,,5013,55,,,1,100,,5014,55,,,1,100,,5015,55,,,1
1001101,'73',929,,5017,21,,,1,101,,5018,55,,,1,100,,5019,55,,,1,99,,5020,55,,,1,100,,5021,55,,,1,101,,5022,55,,,1,101,,5023,55,,,1,99,,5024,55,,,1,101,,5025,55,,,1,98,,5026,55,,,1
1200000400,'1',628,,7629,1,,,1,15,,7630,1,,,1
1200000400,'71',628,,5565,1,,,1,15,,5566,1,,,1,15,,5567,1,,,1,56,5,5564,1,,,1
