3101,'1',630,,6013,12,0,8 1 32,2,72,,6011,12,0,8 1 32,2,104,,6015,12,0,8 1 32,2,105,,6016,12,0,8 1 32,2,99,,6017,12,0,8 1 32,2,100,,6018,12,0,8 1 32,2,106,,6019,12,0,8 1 32,2,102,,6020,12,0,8 1 32,2,101,,6021,12,0,8 1 32,2,100,,6022,12,0,8 1 32,2,97,,6023,12,0,8 1 32,2,31,,6026,12,0,8 1 32,2,71,,6027,12,0,8 1 32,2,31,,6024,12,0,8 1 32,2,73,,6028,12,0,8 1 32,2,24,,6025,12,0,8 1 32,2,76,,6029,12,0,8 1 32,2,290,,6030,12,0,8,2
3701,'1',540,,6122,5,0,9,2,81,,6123,12,0,9,2,103,,6124,12,,,2,105,,6125,12,0,9,2,104,,6126,12,0,9,2,97,,6127,12,0,9,2,102,,6128,12,0,9,2,115,,6129,12,0,9,2,102,,6130,12,0,9,2,102,,6131,12,0,9,2,154,,6132,12,0,9,2,142,,6133,12,0,9,2,72,,6134,12,0,9,2,101,,6135,12,0,9,2,96,,6136,12,0,9,2,96,,6137,12,0,9,2,100,,6138,12,0,9,2,100,,6139,12,0,9,2,28,,6140,12,0,9,2
3701,'2',655,,6141,12,0,9,2,100,,6142,12,0,9,2,102,,6143,12,0,9,2,102,,6144,12,0,9,2,142,,6145,12,0,9,2,116,,6146,12,0,9,2,103,,6147,12,0,9,2,100,,6148,12,0,9,2,101,,6149,12,0,9,2,100,,6150,12,0,9,2,101,,6151,12,0,9,2,95,,6152,12,0,9,2,97,,6153,12,0,9,2,96,,6154,12,0,9,2,100,,6155,12,0,9,2,101,,6156,12,0,9,2,98,,6157,12,0,9,2,28,,6158,12,0,9,2
3701,'3',755,,6159,12,0,9,2,102,,6160,12,0,9,2,102,,6161,12,0,9,2,142,,6162,12,0,9,2,116,,6163,12,0,9,2,103,,6164,12,0,9,2,100,,6165,12,0,9,2,101,,6166,12,0,9,2,100,,6167,12,0,9,2,101,,6168,12,0,9,2,95,,6169,12,0,9,2,97,,6170,12,0,9,2
3701,'71',539,,4746,5,0,9,2,185,,4749,12,,,2,105,,4748,12,0,9,2,102,,4747,12,0,9,2,98,,4750,12,0,9,2,102,,4751,12,0,9,2,113,,4752,12,0,9,2,102,,4753,12,0,9,2,102,,4754,12,0,9,2,155,,4755,12,0,9,2,113,,4756,12,0,9,2,100,,4757,12,0,9,2,101,,4758,12,0,9,2,97,,4759,12,0,9,2,97,,4760,12,0,9,2,101,,4761,12,0,9,2,102,,4762,12,0,9,2,28,,4763,12,0,9,2
3701,'72',659,,4764,12,0,9,2,100,,4765,12,0,9,2,142,,4766,12,0,9,2,100,,4767,12,0,9,2,100,,4768,12,0,9,2,112,,4769,12,0,9,2,100,,4770,12,0,9,2,100,,4771,12,0,9,2,102,,4772,12,0,9,2,100,,4773,12,0,9,2,98,,4774,12,0,9,2,100,,4775,12,0,9,2,100,,4776,12,0,9,2,97,,4779,12,0,9,2,100,,4780,12,0,9,2,101,,4781,12,0,9,2,98,,4777,12,0,9,2,28,,4778,12,0,9,2
3701,'73',759,,4782,12,0,9,2,142,,4783,12,0,9,2,100,,4784,12,0,9,2,100,,4785,12,0,9,2,112,,4786,12,0,9,2,100,,4787,12,0,9,2,100,,4788,12,0,9,2,102,,4789,12,0,9,2,100,,4790,12,0,9,2,98,,4791,12,0,9,2,100,,4792,12,0,9,2,109,,4793,12,0,9,2
3901,'1',1638,,6219,20,0,9,2,87,,6217,20,0,9,2,87,,6218,20,0,9,2
3901,'71',1642,,4843,17,,,2,82,,4842,17,,,2,80,,4841,17,,,2
38001,'1',620,,6314,13,,,2,31,,6315,13,,,2
38001,'71',628,,4963,18,,,2,22,,4964,18,,,2
38101,'85',1533,,4966,28,,,2
5003700,'1',631,,6395,12,,,2,76,,6394,12,,,2
5003700,'71',610,,5046,12,,,2,23,,5047,12,,,2,74,,5048,12,,,2
2000003101,'2',738,,7720,12,0,8 1 32,2,101,,7721,12,0,8 1 32,2,101,,7722,12,0,8 1 32,2,101,,7723,12,0,8 1 32,2,101,,7724,12,0,8 1 32,2,101,,7725,12,0,8 1 32,2,215,,7726,12,0,8 1 32,2,101,,7727,12,0,8 1 32,2,141,,7728,12,0,8 1 32,2,56,,7729,12,0,8 1 32,2,90,,7730,12,0,8,2
2000003101,'3',839,,7732,12,0,8 1 32,2,101,,7733,12,0,8 1 32,2,101,,7734,12,0,8 1 32,2,101,,7735,12,0,8 1 32,2,101,,7736,12,0,8 1 32,2,215,,7737,12,0,8 1 32,2,101,,7738,12,0,8 1 32,2,141,,7739,12,0,8 1 32,2,56,,7740,12,0,8 1 32,2,90,,7741,12,0,8,2
