1301,'1',630,,5816,6,,,2,77,,5818,6,,,2,93,,5817,6,,,2,805,,5819,6,,,2,17,,5820,6,,,2,80,,5822,6,,,2,30,,5821,6,,,2
1301,'71',645,,4409,6,,,2,82,,4410,6,,,2,73,,4408,6,,,2,805,,4413,6,,,2,17,,4411,6,,,2,80,,4414,6,,,2,30,,4412,6,,,2
1500,'1',619,,5823,51,,,2,30,,5825,51,,,2,70,,5827,51,,,2,31,,5826,54,,,2,70,,5829,54,,,2
1500,'71',619,,4416,52,,,2,30,,4417,52,,,2,70,,4421,52,,,2,33,,4420,51,,,2,68,,4418,51,,,2,728,,4428,51,,,2,62,,4429,20,,,2,35,,4426,51,,,2,76,,4431,52,,,2,27,,4430,51,,,2
1600,'1',1542,,5851,35,,,2,68,,5854,20,,,2,33,,5850,38,,,2,77,,5852,38,,,2,25,,5855,38,,,2
1200000201,'1',550,,7270,15,,,1,60,,7272,15,,,1,17,,7274,15,,,1,19,,7262,45,,,1,62,,7279,15,,,1,18,,7265,57,,,1,17,,7264,57,,,1,61,,7269,57,,,1,20,,7271,57,,,1,19,,7273,57,,,1,60,,7276,57,,,1,15,,7277,57,,,1,16,,7263,57,,,1,12,,7280,57,,,1,54,,7268,57,,,1,11,,7266,57,,,1,12,,7275,57,,,1,12,,7281,57,,,1,14,,7278,57,,,1,57,,7282,57,,,1,31,,7284,57,,,1,69,,7286,57,,,1,30,,7267,57,,,1,73,,7287,57,,,1,29,,7283,57,,,1,70,,7285,57,,,1,31,,7289,57,,,1,72,,7290,57,,,1,30,,7288,57,,,1,82,,7292,57,,,1,26,,7294,57,,,1,56,,7297,57,,,1,16,,7295,57,,,1,17,,7296,57,,,1,11,,7293,57,,,1,10,,7298,57,,,1,52,,7299,57,,,1,14,,7301,57,,,1,13,,7291,57,,,1,9,,7304,57,,,1,53,,7305,57,,,1,13,,7308,57,,,1,12,,7309,57,,,1,13,,7303,57,,,1,64,,7302,57,,,1,26,,7300,57,,,1,19,,7310,57,,,1,68,,7311,57,,,1,32,,7306,57,,,1,75,,7313,57,,,1,26,,7315,57,,,1,71,,7312,57,,,1,26,,7307,57,,,1,71,,7314,57,,,1,86,,7316,57,,,1
1200000201,'14',1723,,7317,51,,,1
1200000201,'2',648,,7323,15,,,1,68,,7321,45,,,1,39,,7318,57,,,1,70,,7326,57,,,1,31,,7324,57,,,1,72,,7322,57,,,1,72,,7328,57,,,1,31,,7319,57,,,1,71,,7327,57,,,1,32,,7325,57,,,1,72,,7330,57,,,1,31,,7329,57,,,1,71,,7320,57,,,1,32,,7332,57,,,1,71,,7334,57,,,1,30,,7331,57,,,1,70,,7336,57,,,1,31,,7337,57,,,1,70,,7333,57,,,1,30,,7335,57,,,1,71,,7339,57,,,1,31,,7341,57,,,1,67,,7338,57,,,1,25,,7343,57,,,1,68,,7344,57,,,1,25,,7340,57,,,1,25,,7342,57,,,1,67,,7348,57,,,1,29,,7347,57,,,1,71,,7345,57,,,1,27,,7349,57,,,1,68,,7351,57,,,1,29,,7350,57,,,1,70,,7353,57,,,1,29,,7346,57,,,1,68,,7352,57,,,1,89,,7354,57,,,1
1200000201,'27',2300,,7355,50,,,1,30,,7358,50,,,1,28,,7356,50,,,1,83,,7359,50,,,1,68,,7361,50,,,1,30,,7357,50,,,1,70,,7360,50,,,1
1200000201,'28',2259,,7362,50,,,1,70,,7365,50,,,1,29,,7363,50,,,1,82,,7366,50,,,1,68,,7368,50,,,1,30,,7364,50,,,1,70,,7367,50,,,1
1200000201,'29',2259,,7369,50,,,1,70,,7372,50,,,1,29,,7370,50,,,1,82,,7373,50,,,1,68,,7375,50,,,1,30,,7371,50,,,1,70,,7374,50,,,1
1200000201,'3',648,,7376,15,,,1,68,,7378,15,,,1,32,,7380,15,,,1,70,,7382,15,,,1,38,,7377,57,,,1,72,,7379,57,,,1,72,,7381,57,,,1,30,,7383,57,,,1,72,,7384,57,,,1,32,,7388,57,,,1,72,,7386,57,,,1,31,,7390,57,,,1,71,,7387,57,,,1,32,,7385,57,,,1,71,,7389,57,,,1,30,,7392,57,,,1,70,,7391,57,,,1,31,,7393,57,,,1,70,,7395,57,,,1,30,,7397,57,,,1,71,,7400,57,,,1,31,,7402,57,,,1,67,,7394,57,,,1,25,,7396,57,,,1,68,,7398,57,,,1,25,,7401,57,,,1,25,,7403,57,,,1,67,,7405,57,,,1,29,,7404,57,,,1,71,,7399,57,,,1,27,,7406,57,,,1
1200000201,'71',550,,5210,15,,,1,60,,5212,15,,,1,17,,5215,15,,,1,19,,5201,45,,,1,62,,5220,15,,,1,13,,5205,57,,,1,18,,5204,57,,,1,61,,5208,57,,,1,9,,5214,57,,,1,14,,5203,57,,,1,13,,5213,57,,,1,19,,5207,57,,,1,57,,5218,57,,,1,15,,5202,57,,,1,14,,5221,57,,,1,13,,5206,57,,,1,52,,5223,57,,,1,12,,5216,57,,,1,12,,5224,57,,,1,15,,5209,57,,,1,12,,5225,57,,,1,57,,5217,57,,,1,19,,5219,57,,,1,14,,5226,57,,,1,55,,5222,57,,,1,15,,5228,57,,,1,15,,5229,57,,,1,15,,5230,57,,,1,58,,5232,57,,,1,15,,5233,57,,,1,15,,5235,57,,,1,14,,5236,57,,,1,55,,5237,57,,,1,16,,5227,57,,,1,15,,5239,57,,,1,15,,5240,57,,,1,57,,5241,57,,,1,14,,5231,57,,,1,16,,5238,57,,,1,19,,5234,57,,,1,69,,5242,57,,,1,20,,5243,57,,,1,56,,5244,57,,,1,13,,5245,57,,,1,6,,5253,45,,,1,14,,5246,57,,,1,9,,5247,57,,,1,10,,5249,57,,,1,51,,5251,57,,,1,15,,5254,57,,,1,13,,5255,57,,,1,9,,5256,57,,,1,13,,5259,57,,,1,57,,5260,57,,,1,9,,5257,57,,,1,12,,5258,57,,,1,13,,5250,57,,,1,12,,5248,57,,,1,54,,5261,57,,,1,14,,5252,57,,,1,20,,5262,57,,,1,69,,5263,57,,,1,32,,5265,57,,,1,75,,5267,57,,,1,26,,5269,57,,,1,71,,5264,57,,,1,26,,5266,57,,,1,71,,5268,57,,,1,86,,5270,57,,,1
1200000201,'72',648,,5275,15,,,1,70,,5281,15,,,1,21,,5272,57,,,1,71,,5271,57,,,1,30,,5273,57,,,1,72,,5279,57,,,1,32,,5284,57,,,1,72,,5277,57,,,1,31,,5276,57,,,1,69,,5282,57,,,1,30,,5283,57,,,1,71,,5285,57,,,1,31,,5274,57,,,1,71,,5280,57,,,1,30,,5278,57,,,1,70,,5286,57,,,1,32,,5287,57,,,1,69,,5289,57,,,1,33,,5288,57,,,1,70,,5291,57,,,1,29,,5292,57,,,1,72,,5293,57,,,1,31,,5294,57,,,1,65,,5295,57,,,1,28,,5290,57,,,1,69,,5297,57,,,1,25,,5296,57,,,1,79,,5300,57,,,1,29,,5302,57,,,1,71,,5298,57,,,1,27,,5304,57,,,1,68,,5305,57,,,1,29,,5301,57,,,1,70,,5303,57,,,1,29,,5299,57,,,1,68,,5306,57,,,1,89,,5307,57,,,1
1200000201,'73',648,,5309,15,,,1,70,,5313,15,,,1,30,,5316,15,,,1,70,,5319,15,,,1,22,,5308,57,,,1,72,,5311,57,,,1,32,,5315,57,,,1,72,,5318,57,,,1,31,,5310,57,,,1,69,,5314,57,,,1,30,,5317,57,,,1,71,,5320,57,,,1,31,,5321,57,,,1,71,,5312,57,,,1,30,,5322,57,,,1,70,,5324,57,,,1,32,,5323,57,,,1,69,,5326,57,,,1,33,,5325,57,,,1,70,,5328,57,,,1,29,,5329,57,,,1,72,,5330,57,,,1,31,,5331,57,,,1,65,,5333,57,,,1,28,,5327,57,,,1,69,,5336,57,,,1,25,,5334,57,,,1,79,,5338,57,,,1,29,,5332,57,,,1,71,,5337,57,,,1,27,,5335,57,,,1
1200000201,'81',731,,5339,45,,,1,17,,5340,45,,,1,860,,5341,57,,,1
1200000201,'89',1652,,5345,57,,,1,53,,5346,57,,,1
