2301,'1',632,,5973,24,,,2,70,,5974,24,,,2,110,,5976,24,,,2,41,,5953,24,,,2,72,,5977,24,,,2,23,,5954,24,,,2,81,,5955,24,,,2,30,,5957,24,,,2,70,,5956,24,,,2
2301,'2',709,,5980,24,,,2,100,,5981,24,,,2,101,,5982,24,,,2,102,,5983,24,,,2,102,,5984,24,,,2
2301,'3',809,,5992,24,,,2,101,,5993,24,,,2,102,,5994,24,,,2,102,,5995,24,,,2
2301,'71',632,,4569,24,,,2,70,,4577,24,,,2,110,,4578,24,,,2,38,,4555,24,,,2,72,,4559,24,,,2,29,,4556,24,,,2,75,,4560,24,,,2,31,,4557,24,,,2,70,,4561,24,,,2
2301,'72',724,,4579,24,,,2,100,,4580,24,,,2,101,,4581,24,,,2,102,,4582,24,,,2,100,,4583,24,,,2
2301,'73',824,,4591,24,,,2,101,,4592,24,,,2,102,,4593,24,,,2,100,,4594,24,,,2
23100,'15',700,,6293,1,,,2
23100,'84',700,,4931,1,,,2
23500,'12',748,,6295,12,,,2
23500,'82',748,,4935,12,,,2
