11100,'15',724,,6226,39,,,2
11100,'86',724,,4850,39,,,2
1001101,'1',605,,6322,46,,,1,29,,6326,80,,,1,73,,6323,80,,,1,32,,6327,80,,,1,73,,6324,80,,,1,22,,6320,80,,,1,81,,6325,80,,,1,42,,6328,80,,,1,70,,6329,80,,,1,75,,6333,80,,,1,30,,6330,80,,,1,75,,6334,80,,,1,30,,6331,80,,,1,73,,6335,80,,,1,30,,6332,80,,,1,78,,6336,80,,,1,30,,6338,80,,,1,88,,6337,80,,,1,72,,6339,80,,,1,49,,6341,80,,,1,62,,6340,80,,,1,21,,6344,80,,,1,67,,6342,80,,,1,33,,6345,80,,,1,69,,6343,80,,,1,31,,6346,80,,,1,100,,6347,80,,,1,99,,6348,80,,,1,100,,6349,80,,,1
1001101,'2',737,,6351,46,,,1,99,,6352,80,,,1,103,,6353,80,,,1,101,,6354,80,,,1,99,,6355,80,,,1,100,,6359,80,,,1,100,,6360,80,,,1,101,,6358,80,,,1,100,,6356,80,,,1,99,,6357,80,,,1,102,,6361,80,,,1,97,,6362,80,,,1,100,,6363,80,,,1,99,,6364,80,,,1,100,,6365,80,,,1,100,,6366,80,,,1
1001101,'3',939,,6368,46,,,1,101,,6369,80,,,1,99,,6372,80,,,1,100,,6373,80,,,1,100,,6370,80,,,1,101,,6371,80,,,1,100,,6374,80,,,1,99,,6375,80,,,1,102,,6376,80,,,1,97,,6377,80,,,1
1001101,'71',605,,4969,46,,,1,29,,4973,80,,,1,73,,4970,80,,,1,32,,4974,80,,,1,73,,4971,80,,,1,22,,4976,80,,,1,81,,4972,80,,,1,42,,4978,80,,,1,70,,4975,80,,,1,75,,4979,80,,,1,30,,4982,80,,,1,75,,4980,80,,,1,30,,4983,80,,,1,73,,4981,80,,,1,30,,4984,80,,,1,78,,4986,80,,,1,30,,4985,80,,,1,88,,4987,80,,,1,72,,4989,80,,,1,49,,4988,80,,,1,62,,4990,80,,,1,21,,4993,80,,,1,67,,4991,80,,,1,33,,4994,80,,,1,69,,4992,80,,,1,31,,4995,80,,,1,100,,4996,80,,,1,99,,4997,80,,,1,100,,4998,80,,,1
1001101,'72',737,,5003,46,,,1,99,,5000,80,,,1,103,,5001,80,,,1,101,,5002,80,,,1,99,,5004,80,,,1,100,,5005,80,,,1,100,,5006,80,,,1,101,,5007,80,,,1,100,,5008,80,,,1,99,,5009,80,,,1,102,,5010,80,,,1,97,,5011,80,,,1,100,,5012,80,,,1,99,,5013,80,,,1,100,,5014,80,,,1,100,,5015,80,,,1
1001101,'73',939,,5017,46,,,1,101,,5018,80,,,1,99,,5019,80,,,1,100,,5020,80,,,1,100,,5021,80,,,1,101,,5022,80,,,1,100,,5023,80,,,1,99,,5024,80,,,1,102,,5025,80,,,1,97,,5026,80,,,1
1200000201,'1',547,,7270,12,,,1,60,,7272,12,,,1,17,,7274,12,,,1,19,,7262,42,,,1,62,,7279,12,,,1,18,,7265,54,,,1,16,,7264,54,,,1,61,,7269,54,,,1,21,,7271,54,,,1,19,,7273,54,,,1,60,,7276,54,,,1,15,,7277,54,,,1,16,,7263,54,,,1,12,,7280,54,,,1,14,,7268,54,,,1,51,,7266,54,,,1,12,,7275,54,,,1,12,,7281,54,,,1,14,,7278,54,,,1,57,,7282,54,,,1,31,,7284,54,,,1,69,,7286,54,,,1,30,,7267,54,,,1,73,,7287,54,,,1,29,,7283,54,,,1,70,,7285,54,,,1,31,,7289,54,,,1,71,,7290,54,,,1,30,,7288,54,,,1,82,,7292,54,,,1,26,,7294,54,,,1,57,,7297,54,,,1,16,,7295,54,,,1,17,,7296,54,,,1,11,,7293,54,,,1,10,,7298,54,,,1,52,,7299,54,,,1,14,,7301,54,,,1,13,,7291,54,,,1,9,,7304,54,,,1,13,,7305,54,,,1,53,,7308,54,,,1,12,,7309,54,,,1,13,,7303,54,,,1,24,,7302,54,,,1,66,,7300,54,,,1,19,,7310,54,,,1,68,,7311,54,,,1,32,,7306,54,,,1,75,,7313,54,,,1,26,,7315,54,,,1,71,,7312,54,,,1,26,,7307,54,,,1,71,,7314,54,,,1,46,,7316,54,,,1
1200000201,'14',1720,,7317,48,,,1
1200000201,'2',645,,7323,12,,,1,68,,7321,42,,,1,39,,7318,54,,,1,70,,7326,54,,,1,31,,7324,54,,,1,72,,7322,54,,,1,32,,7328,54,,,1,71,,7319,54,,,1,31,,7327,54,,,1,72,,7325,54,,,1,72,,7330,54,,,1,30,,7329,54,,,1,71,,7320,54,,,1,32,,7332,54,,,1,71,,7334,54,,,1,30,,7331,54,,,1,70,,7336,54,,,1,31,,7337,54,,,1,70,,7333,54,,,1,30,,7335,54,,,1,71,,7339,54,,,1,31,,7341,54,,,1,68,,7338,54,,,1,25,,7343,54,,,1,68,,7344,54,,,1,25,,7340,54,,,1,25,,7342,54,,,1,67,,7348,54,,,1,29,,7347,54,,,1,71,,7345,54,,,1,27,,7349,54,,,1,68,,7351,54,,,1,29,,7350,54,,,1,70,,7353,54,,,1,29,,7346,54,,,1,68,,7352,54,,,1,49,,7354,54,,,1
1200000201,'27',2257,,7355,47,,,1,70,,7358,47,,,1,28,,7356,47,,,1,83,,7359,47,,,1,68,,7361,47,,,1,30,,7357,47,,,1,70,,7360,47,,,1
1200000201,'28',2256,,7362,47,,,1,70,,7365,47,,,1,29,,7363,47,,,1,82,,7366,47,,,1,68,,7368,47,,,1,30,,7364,47,,,1,70,,7367,47,,,1
1200000201,'29',2256,,7369,47,,,1,70,,7372,47,,,1,29,,7370,47,,,1,82,,7373,47,,,1,68,,7375,47,,,1,30,,7371,47,,,1,70,,7374,47,,,1
1200000201,'3',645,,7376,12,,,1,68,,7378,12,,,1,32,,7380,12,,,1,70,,7382,12,,,1,38,,7377,54,,,1,72,,7379,54,,,1,32,,7381,54,,,1,70,,7383,54,,,1,32,,7384,54,,,1,72,,7388,54,,,1,72,,7386,54,,,1,30,,7390,54,,,1,71,,7387,54,,,1,32,,7385,54,,,1,71,,7389,54,,,1,30,,7392,54,,,1,70,,7391,54,,,1,31,,7393,54,,,1,70,,7395,54,,,1,30,,7397,54,,,1,71,,7400,54,,,1,31,,7402,54,,,1,68,,7394,54,,,1,25,,7396,54,,,1,68,,7398,54,,,1,25,,7401,54,,,1,25,,7403,54,,,1,67,,7405,54,,,1,29,,7404,54,,,1,71,,7399,54,,,1,27,,7406,54,,,1
1200000201,'71',547,,5210,12,,,1,60,,5212,12,,,1,17,,5215,12,,,1,19,,5201,42,,,1,62,,5220,12,,,1,13,,5205,54,,,1,17,,5204,54,,,1,21,,5208,54,,,1,50,,5214,54,,,1,14,,5203,54,,,1,13,,5213,54,,,1,19,,5207,54,,,1,57,,5218,54,,,1,15,,5202,54,,,1,14,,5221,54,,,1,13,,5206,54,,,1,52,,5223,54,,,1,12,,5216,54,,,1,12,,5224,54,,,1,15,,5209,54,,,1,12,,5225,54,,,1,57,,5217,54,,,1,19,,5219,54,,,1,14,,5226,54,,,1,15,,5222,54,,,1,55,,5228,54,,,1,15,,5229,54,,,1,15,,5230,54,,,1,58,,5232,54,,,1,15,,5233,54,,,1,15,,5235,54,,,1,14,,5236,54,,,1,55,,5237,54,,,1,16,,5227,54,,,1,15,,5239,54,,,1,15,,5240,54,,,1,56,,5241,54,,,1,14,,5231,54,,,1,16,,5238,54,,,1,19,,5234,54,,,1,69,,5242,54,,,1,20,,5243,54,,,1,16,,5244,54,,,1,54,,5245,54,,,1,6,,5253,42,,,1,14,,5246,54,,,1,9,,5247,54,,,1,10,,5249,54,,,1,51,,5251,54,,,1,15,,5254,54,,,1,13,,5255,54,,,1,9,,5256,54,,,1,13,,5259,54,,,1,57,,5260,54,,,1,9,,5257,54,,,1,12,,5258,54,,,1,13,,5250,54,,,1,12,,5248,54,,,1,54,,5261,54,,,1,14,,5252,54,,,1,20,,5262,54,,,1,69,,5263,54,,,1,32,,5265,54,,,1,75,,5267,54,,,1,26,,5269,54,,,1,71,,5264,54,,,1,26,,5266,54,,,1,71,,5268,54,,,1,46,,5270,54,,,1
1200000201,'72',645,,5275,12,,,1,70,,5281,12,,,1,21,,5272,54,,,1,71,,5271,54,,,1,30,,5273,54,,,1,72,,5279,54,,,1,32,,5284,54,,,1,72,,5277,54,,,1,31,,5276,54,,,1,69,,5282,54,,,1,30,,5283,54,,,1,71,,5285,54,,,1,30,,5274,54,,,1,71,,5280,54,,,1,30,,5278,54,,,1,70,,5286,54,,,1,32,,5287,54,,,1,69,,5289,54,,,1,33,,5288,54,,,1,70,,5291,54,,,1,29,,5292,54,,,1,72,,5293,54,,,1,31,,5294,54,,,1,66,,5295,54,,,1,28,,5290,54,,,1,69,,5297,54,,,1,25,,5296,54,,,1,79,,5300,54,,,1,29,,5302,54,,,1,71,,5298,54,,,1,27,,5304,54,,,1,68,,5305,54,,,1,29,,5301,54,,,1,70,,5303,54,,,1,29,,5299,54,,,1,68,,5306,54,,,1,49,,5307,54,,,1
1200000201,'73',645,,5309,12,,,1,70,,5313,12,,,1,30,,5316,12,,,1,70,,5319,12,,,1,22,,5308,54,,,1,72,,5311,54,,,1,32,,5315,54,,,1,72,,5318,54,,,1,31,,5310,54,,,1,69,,5314,54,,,1,30,,5317,54,,,1,71,,5320,54,,,1,30,,5321,54,,,1,71,,5312,54,,,1,30,,5322,54,,,1,70,,5324,54,,,1,32,,5323,54,,,1,69,,5326,54,,,1,33,,5325,54,,,1,70,,5328,54,,,1,29,,5329,54,,,1,72,,5330,54,,,1,31,,5331,54,,,1,66,,5333,54,,,1,28,,5327,54,,,1,69,,5336,54,,,1,25,,5334,54,,,1,79,,5338,54,,,1,29,,5332,54,,,1,71,,5337,54,,,1,27,,5335,54,,,1
1200000201,'81',728,,5339,42,,,1,16,,5340,42,,,1,860,,5341,54,,,1
1200000201,'89',1648,,5345,54,,,1,54,,5346,54,,,1
