3600,'1',616,,750,13,,,2,136,,751,13,,,2,94,,752,13,,,2,162,,753,13,,,2,101,,754,13,,,2,100,,755,13,,,2,102,,756,13,,,2,100,,757,13,,,2,100,,758,13,,,2,305,,759,13,,,2,90,,760,13,,,2,53,,761,13,,,2,97,,762,13,,,2,144,,763,13,,,2,53,,764,13,,,2
3600,'3',616,,765,13,,,2,136,,766,13,,,2,256,,767,13,,,2,101,,768,13,,,2,100,,770,13,,,2,102,,769,13,,,2,100,,771,13,,,2,100,,772,13,,,2,305,,773,13,,,2,90,,774,13,,,2,53,,775,13,,,2,97,,776,13,,,2,144,,777,13,,,2,53,,778,13,,,2
3600,'4',616,,779,13,,,2,136,,783,13,,,2,256,,782,13,,,2,101,,780,13,,,2,100,,781,13,,,2,102,,784,13,,,2,100,,785,13,,,2,100,,786,13,,,2,305,,787,13,,,2,90,,790,13,,,2,53,,791,13,,,2,97,,792,13,,,2,144,,788,13,,,2,53,,789,13,,,2
3600,'6',729,,793,13,,,2,100,,794,13,,,2,101,,795,13,,,2,100,,796,13,,,2,105,,797,13,,,2,100,,798,13,,,2,100,,799,13,,,2,102,,800,13,,,2,101,,801,13,,,2,99,,802,13,,,2,97,,807,13,,,2,97,,808,13,,,2,91,,809,13,,,2,109,,803,13,,,2,99,,804,13,,,2,97,,805,13,,,2,93,,806,13,,,2
3600,'8',829,,810,13,,,2,101,,811,13,,,2,100,,812,13,,,2,105,,813,13,,,2,100,,814,13,,,2,100,,815,13,,,2,102,,816,13,,,2,101,,817,13,,,2,99,,818,13,,,2,97,,819,13,,,2,97,,820,13,,,2,91,,821,13,,,2
5003600,'1',649,,1343,13,,,2,68,,1342,13,,,2
5003600,'3',649,,1345,13,,,2,68,,1344,13,,,2
5003600,'4',649,,1347,13,,,2,68,,1346,13,,,2
5003601,'1',1612,,1350,27,,,2,45,,1348,27,,,2,62,,1349,27,,,2
5003601,'3',1645,,1351,27,,,2,67,,1352,27,,,2
5003601,'4',1650,,1353,27,,,2,62,,1354,27,,,2
