11500,'12',843,,6227,27,,,2
11500,'82',843,,4852,27,,,2
12500,'12',843,,6229,24,,,2
12500,'82',843,,4856,24,,,2
12600,'12',848,,6230,18,,,2
12600,'82',848,,4858,18,,,2
12700,'12',849,,6231,15,,,2
12700,'82',849,,4860,15,,,2
12701,'83',1605,,4861,1,,,2
13500,'12',843,,6234,22,,,2
13500,'82',843,,4866,21,,,2
13600,'12',843,,6235,20,,,2
13600,'82',843,,4867,19,,,2
13601,'83',1610,,4868,1,,,2
13800,'12',843,,6237,25,,,2
13800,'82',843,,4870,24,,,2
15500,'12',843,,6239,31,,,2
15500,'82',843,,4874,30,,,2
15600,'12',843,,6240,32,,,2
15600,'82',843,,4875,31,,,2
22500,'12',848,,6290,42,4,,2
22500,'82',848,,4927,41,4,,2
22501,'83',1614,,4928,1,,,2
23500,'12',846,,6295,83,4,,2
23500,'82',846,,4935,82,4,,2
24500,'12',846,,6298,26,4,,2
24500,'82',846,,4941,25,4,,2
24600,'12',843,,6299,25,4,,2
24600,'82',843,,4943,24,4,,2
32500,'12',843,,6304,62,,,2
32500,'82',843,,4947,61,,,2
34500,'12',843,,6305,50,,,2
34500,'82',843,,4949,49,,,2
35500,'12',846,,6308,71,,,2
35500,'82',846,,4955,62,,,2
37500,'12',846,,6309,40,4,,2
37500,'82',846,,4957,39,4,,2
38500,'12',846,,6317,45,4,,2
38500,'82',846,,4967,44,4,,2
