1200000201,'1',543,,7270,5,,,1,60,,7272,5,,,1,17,,7274,5,,,1,19,,7262,35,,,1,62,,7279,5,,,1,18,,7265,47,,,1,16,,7264,47,,,1,21,,7269,47,,,1,61,,7271,47,,,1,19,,7273,47,,,1,20,,7276,47,,,1,55,,7277,47,,,1,16,,7263,47,,,1,12,,7280,47,,,1,14,,7268,47,,,1,51,,7266,47,,,1,12,,7275,47,,,1,12,,7281,47,,,1,14,,7278,47,,,1,17,,7282,47,,,1,71,,7284,47,,,1,29,,7286,47,,,1,70,,7267,47,,,1,73,,7287,47,,,1,29,,7283,47,,,1,70,,7285,47,,,1,31,,7289,47,,,1,71,,7290,47,,,1,30,,7288,47,,,1,82,,7292,47,,,1,26,,7294,47,,,1,17,,7297,47,,,1,56,,7295,47,,,1,17,,7296,47,,,1,11,,7293,47,,,1,10,,7298,47,,,1,52,,7299,47,,,1,14,,7301,47,,,1,13,,7291,47,,,1,9,,7304,47,,,1,13,,7305,47,,,1,53,,7308,47,,,1,12,,7309,47,,,1,13,,7303,47,,,1,24,,7302,47,,,1,66,,7300,47,,,1,19,,7310,47,,,1,68,,7311,47,,,1,32,,7306,47,,,1,75,,7313,47,,,1,26,,7315,47,,,1,71,,7312,47,,,1,27,,7307,47,,,1,71,,7314,47,,,1,46,,7316,47,,,1
1200000201,'14',1716,,7317,41,,,1
1200000201,'2',641,,7323,5,,,1,68,,7321,35,,,1,39,,7318,47,,,1,70,,7326,47,,,1,31,,7324,47,,,1,72,,7322,47,,,1,32,,7328,47,,,1,71,,7319,47,,,1,31,,7327,47,,,1,72,,7325,47,,,1,32,,7330,47,,,1,70,,7329,47,,,1,71,,7320,47,,,1,32,,7332,47,,,1,71,,7334,47,,,1,30,,7331,47,,,1,70,,7336,47,,,1,31,,7337,47,,,1,70,,7333,47,,,1,30,,7335,47,,,1,71,,7339,47,,,1,31,,7341,47,,,1,68,,7338,47,,,1,25,,7343,47,,,1,28,,7344,47,,,1,65,,7340,47,,,1,25,,7342,47,,,1,67,,7348,47,,,1,29,,7347,47,,,1,71,,7345,47,,,1,27,,7349,47,,,1,68,,7351,47,,,1,29,,7350,47,,,1,70,,7353,47,,,1,30,,7346,47,,,1,68,,7352,47,,,1,49,,7354,47,,,1
1200000201,'27',2253,,7355,40,,,1,70,,7358,40,,,1,29,,7356,40,,,1,83,,7359,40,,,1,68,,7361,40,,,1,30,,7357,40,,,1,70,,7360,40,,,1
1200000201,'28',2252,,7362,40,,,1,70,,7365,40,,,1,30,,7363,40,,,1,82,,7366,40,,,1,68,,7368,40,,,1,30,,7364,40,,,1,70,,7367,40,,,1
1200000201,'29',2252,,7369,40,,,1,70,,7372,40,,,1,30,,7370,40,,,1,82,,7373,40,,,1,68,,7375,40,,,1,30,,7371,40,,,1,70,,7374,40,,,1
1200000201,'3',641,,7376,5,,,1,68,,7378,5,,,1,32,,7380,5,,,1,70,,7382,5,,,1,38,,7377,47,,,1,72,,7379,47,,,1,32,,7381,47,,,1,70,,7383,47,,,1,32,,7384,47,,,1,72,,7388,47,,,1,32,,7386,47,,,1,70,,7390,47,,,1,71,,7387,47,,,1,32,,7385,47,,,1,71,,7389,47,,,1,30,,7392,47,,,1,70,,7391,47,,,1,31,,7393,47,,,1,70,,7395,47,,,1,30,,7397,47,,,1,71,,7400,47,,,1,31,,7402,47,,,1,68,,7394,47,,,1,25,,7396,47,,,1,28,,7398,47,,,1,65,,7401,47,,,1,25,,7403,47,,,1,67,,7405,47,,,1,29,,7404,47,,,1,71,,7399,47,,,1,27,,7406,47,,,1
1200000201,'71',543,,5210,5,,,1,60,,5212,5,,,1,17,,5215,5,,,1,19,,5201,35,,,1,62,,5220,5,,,1,13,,5205,47,,,1,17,,5204,47,,,1,21,,5208,47,,,1,50,,5214,47,,,1,14,,5203,47,,,1,13,,5213,47,,,1,19,,5207,47,,,1,57,,5218,47,,,1,15,,5202,47,,,1,14,,5221,47,,,1,13,,5206,47,,,1,12,,5223,47,,,1,52,,5216,47,,,1,12,,5224,47,,,1,15,,5209,47,,,1,12,,5225,47,,,1,57,,5217,47,,,1,19,,5219,47,,,1,14,,5226,47,,,1,15,,5222,47,,,1,55,,5228,47,,,1,15,,5229,47,,,1,15,,5230,47,,,1,18,,5232,47,,,1,55,,5233,47,,,1,15,,5235,47,,,1,14,,5236,47,,,1,15,,5237,47,,,1,56,,5227,47,,,1,15,,5239,47,,,1,15,,5240,47,,,1,16,,5241,47,,,1,54,,5231,47,,,1,16,,5238,47,,,1,19,,5234,47,,,1,69,,5242,47,,,1,20,,5243,47,,,1,16,,5244,47,,,1,54,,5245,47,,,1,6,,5253,35,,,1,14,,5246,47,,,1,9,,5247,47,,,1,10,,5249,47,,,1,11,,5251,47,,,1,55,,5254,47,,,1,13,,5255,47,,,1,9,,5256,47,,,1,13,,5259,47,,,1,57,,5260,47,,,1,9,,5257,47,,,1,12,,5258,47,,,1,13,,5250,47,,,1,12,,5248,47,,,1,54,,5261,47,,,1,14,,5252,47,,,1,20,,5262,47,,,1,69,,5263,47,,,1,32,,5265,47,,,1,75,,5267,47,,,1,26,,5269,47,,,1,71,,5264,47,,,1,27,,5266,47,,,1,71,,5268,47,,,1,46,,5270,47,,,1
1200000201,'72',641,,5275,5,,,1,70,,5281,5,,,1,21,,5272,47,,,1,71,,5271,47,,,1,30,,5273,47,,,1,72,,5279,47,,,1,32,,5284,47,,,1,72,,5277,47,,,1,31,,5276,47,,,1,69,,5282,47,,,1,30,,5283,47,,,1,71,,5285,47,,,1,30,,5274,47,,,1,71,,5280,47,,,1,30,,5278,47,,,1,70,,5286,47,,,1,32,,5287,47,,,1,69,,5289,47,,,1,33,,5288,47,,,1,70,,5291,47,,,1,29,,5292,47,,,1,72,,5293,47,,,1,31,,5294,47,,,1,66,,5295,47,,,1,28,,5290,47,,,1,69,,5297,47,,,1,25,,5296,47,,,1,79,,5300,47,,,1,29,,5302,47,,,1,71,,5298,47,,,1,27,,5304,47,,,1,68,,5305,47,,,1,29,,5301,47,,,1,70,,5303,47,,,1,29,,5299,47,,,1,69,,5306,47,,,1,49,,5307,47,,,1
1200000201,'73',641,,5309,5,,,1,70,,5313,5,,,1,30,,5316,5,,,1,70,,5319,5,,,1,22,,5308,47,,,1,72,,5311,47,,,1,32,,5315,47,,,1,72,,5318,47,,,1,31,,5310,47,,,1,69,,5314,47,,,1,30,,5317,47,,,1,71,,5320,47,,,1,30,,5321,47,,,1,71,,5312,47,,,1,30,,5322,47,,,1,70,,5324,47,,,1,32,,5323,47,,,1,69,,5326,47,,,1,33,,5325,47,,,1,70,,5328,47,,,1,29,,5329,47,,,1,72,,5330,47,,,1,31,,5331,47,,,1,66,,5333,47,,,1,28,,5327,47,,,1,69,,5336,47,,,1,25,,5334,47,,,1,79,,5338,47,,,1,29,,5332,47,,,1,71,,5337,47,,,1,27,,5335,47,,,1
1200000201,'81',724,,5339,35,,,1,16,,5340,35,,,1,860,,5341,47,,,1
1200000201,'89',1644,,5345,47,,,1,14,,5346,47,,,1
