3101,'1',623,6,6013,1,0,8 1 32,2,32,10,6011,1,0,8 1 32,2,104,,6015,1,0,8 1 32,2,145,54,6016,1,0,8 1 32,2,99,48,6017,1,0,8 1 32,2,100,49,6018,1,0,8 1 32,2,106,,6019,1,0,8 1 32,2,102,,6020,1,0,8 1 32,2,101,10,6021,1,0,8 1 32,2,99,8,6022,1,0,8 1 32,2,97,4,6023,1,0,8 1 32,2,31,,6026,1,0,8 1 32,2,72,,6027,1,0,8 1 32,2,31,3,6024,1,0,8 1 32,2,73,13,6028,1,0,8 1 32,2,24,6,6025,1,0,8 1 32,2,76,9,6029,1,0,8 1 32,2,290,46,6030,1,0,8,2
3701,'1',614,12,6123,1,0,9,2,103,4,6124,1,,,2,105,2,6125,1,0,9,2,104,4,6126,1,0,9,2,97,2,6127,1,0,9,2,102,2,6128,1,0,9,2,115,2,6129,1,0,9,2,102,2,6130,1,0,9,2,102,2,6131,1,0,9,2,113,8,6132,1,0,9,2,183,8,6133,1,0,9,2,72,3,6134,1,0,9,2,101,,6135,1,0,9,2,96,,6136,1,0,9,2,96,,6137,1,0,9,2,100,,6138,1,0,9,2,100,2,6139,1,0,9,2,28,,6140,1,0,9,2
3701,'2',649,,6141,1,0,9,2,100,2,6142,1,0,9,2,102,3,6143,1,0,9,2,102,,6144,1,0,9,2,102,3,6145,1,0,9,2,156,57,6146,1,0,9,2,103,4,6147,1,0,9,2,100,,6148,1,0,9,2,101,2,6149,1,0,9,2,100,2,6150,1,0,9,2,101,,6151,1,0,9,2,95,,6152,1,0,9,2,97,,6153,1,0,9,2,96,,6154,1,0,9,2,100,,6155,1,0,9,2,101,4,6156,1,0,9,2,98,,6157,1,0,9,2,28,3,6158,1,0,9,2
3701,'3',749,,6159,1,0,9,2,102,3,6160,1,0,9,2,102,2,6161,1,0,9,2,102,3,6162,1,0,9,2,156,,6163,1,0,9,2,103,4,6164,1,0,9,2,100,2,6165,1,0,9,2,101,2,6166,1,0,9,2,100,2,6167,1,0,9,2,101,,6168,1,0,9,2,95,,6169,1,0,9,2,97,,6170,1,0,9,2
3701,'71',717,,4749,1,,,2,105,5,4748,1,0,9,2,102,17,4747,1,0,9,2,98,2,4750,1,0,9,2,102,2,4751,1,0,9,2,113,2,4752,1,0,9,2,102,2,4753,1,0,9,2,102,2,4754,1,0,9,2,115,8,4755,1,0,9,2,153,6,4756,1,0,9,2,100,51,4757,1,0,9,2,101,,4758,1,0,9,2,97,,4759,1,0,9,2,97,,4760,1,0,9,2,101,,4761,1,0,9,2,102,4,4762,1,0,9,2,28,,4763,1,0,9,2
3701,'72',653,,4764,1,0,9,2,100,2,4765,1,0,9,2,102,4,4766,1,0,9,2,100,2,4767,1,0,9,2,100,2,4768,1,0,9,2,152,53,4769,1,0,9,2,100,2,4770,1,0,9,2,100,2,4771,1,0,9,2,102,2,4772,1,0,9,2,100,2,4773,1,0,9,2,98,,4774,1,0,9,2,100,2,4775,1,0,9,2,100,2,4776,1,0,9,2,97,,4779,1,0,9,2,100,2,4780,1,0,9,2,101,4,4781,1,0,9,2,98,2,4777,1,0,9,2,28,,4778,1,0,9,2
3701,'73',753,,4782,1,0,9,2,102,4,4783,1,0,9,2,100,2,4784,1,0,9,2,100,,4785,1,0,9,2,152,53,4786,1,0,9,2,100,2,4787,1,0,9,2,100,2,4788,1,0,9,2,102,2,4789,1,0,9,2,100,2,4790,1,0,9,2,98,,4791,1,0,9,2,100,2,4792,1,0,9,2,109,11,4793,1,0,9,2
3800,'1',749,18,6171,1,,,2,104,2,6172,1,,,2,99,,6173,1,,,2,102,2,6174,1,,,2,155,55,6175,1,,,2,102,11,6176,1,,,2,102,2,6177,1,,,2,104,,6178,1,,,2,120,9,6179,1,,,2,74,3,6180,1,,,2,134,4,6181,1,,,2,96,,6182,1,,,2,96,,6183,1,,,2,100,4,6184,1,,,2,98,3,6185,1,,,2
3800,'2',719,2,6186,1,,,2,101,3,6187,1,,,2,103,4,6188,1,,,2,101,3,6189,1,,,2,102,3,6190,1,,,2,116,3,6191,1,,,2,102,2,6192,1,,,2,101,3,6193,1,,,2,100,2,6194,1,,,2,102,4,6195,1,,,2,99,2,6196,1,,,2,94,,6197,1,,,2,96,,6198,1,,,2,100,4,6199,1,,,2,97,,6200,1,,,2,101,,6201,1,,,2
3800,'3',820,,6202,1,,,2,103,4,6203,1,,,2,101,3,6204,1,,,2,102,3,6205,1,,,2,116,3,6206,1,,,2,102,2,6207,1,,,2,101,3,6208,1,,,2,100,,6209,1,,,2,102,4,6210,1,,,2,99,2,6211,1,,,2,94,,6212,1,,,2,96,,6213,1,,,2
3800,'71',747,10,4794,1,,,2,106,2,4795,1,,,2,98,,4796,1,,,2,102,2,4797,1,,,2,153,53,4798,1,,,2,102,2,4799,1,,,2,102,,4800,1,,,2,107,,4801,8,,,2,117,8,4802,1,,,2,96,15,4803,1,,,2,112,4,4804,1,,,2,97,,4805,1,,,2,96,,4806,1,,,2,101,4,4807,1,,,2,99,2,4808,1,,,2
3800,'72',723,2,4809,1,,,2,100,2,4810,1,,,2,102,2,4811,1,,,2,100,2,4812,1,,,2,101,3,4813,1,,,2,111,2,4814,1,,,2,100,,4815,1,,,2,102,4,4816,1,,,2,100,2,4817,1,,,2,100,2,4818,1,,,2,98,2,4819,1,,,2,100,2,4820,1,,,2,98,,4822,1,,,2,99,2,4823,1,,,2,99,,4824,1,,,2,100,3,4821,1,,,2
3800,'73',823,2,4825,1,,,2,102,2,4826,1,,,2,100,2,4827,1,,,2,101,3,4828,1,,,2,111,2,4829,1,,,2,100,2,4830,1,,,2,102,4,4831,1,,,2,100,2,4832,1,,,2,100,2,4833,1,,,2,98,2,4834,1,,,2,100,2,4835,1,,,2,107,,4836,1,,,2
3901,'1',1623,,6219,1,0,9,2,88,10,6217,1,0,9,2,47,11,6218,1,0,9,2
24101,'85',1512,,4938,8,,,2
24201,'85',1512,,4940,8,,,2
31101,'85',1516,,4946,8,,,2
38101,'85',1516,,4966,8,,,2
5003700,'1',624,,6395,1,,,2,76,51,6394,1,,,2
5003700,'71',603,2,5046,1,,,2,23,,5047,1,,,2,74,,5048,1,,,2
5003701,'1',1722,,6396,21,,,2
5003701,'71',1613,,5050,21,,,2,108,,5049,21,,,2
5003701,'81',1834,,5051,21,,,2
5003801,'1',1657,,6398,21,,,2,90,,6397,21,,,2
5003801,'71',1656,,5053,21,,,2,90,,5052,21,,,2
2000003101,'2',732,12,7720,1,0,8 1 32,2,101,11,7721,1,0,8 1 32,2,101,,7722,1,0,8 1 32,2,101,,7723,1,0,8 1 32,2,101,,7724,1,0,8 1 32,2,101,,7725,1,0,8 1 32,2,215,,7726,1,0,8 1 32,2,101,11,7727,1,0,8 1 32,2,101,11,7728,1,0,8 1 32,2,96,6,7729,1,0,8 1 32,2,90,,7730,1,0,8,2
2000003101,'3',833,11,7732,1,0,8 1 32,2,101,11,7733,1,0,8 1 32,2,101,11,7734,1,0,8 1 32,2,101,11,7735,1,0,8 1 32,2,101,11,7736,1,0,8 1 32,2,215,,7737,1,0,8 1 32,2,101,11,7738,1,0,8 1 32,2,101,11,7739,1,0,8 1 32,2,96,6,7740,1,0,8 1 32,2,90,,7741,1,0,8,2
