20001,'1',1458,,1064,19,4,,2,72,,1065,19,4,,2
20001,'3',1502,,1071,19,4,,2,28,,1072,19,4,,2
20001,'4',1458,,1078,19,4,,2,71,,1079,19,4,,2
20001,'6',634,,1082,19,4,,2,76,,1084,19,4,,2
5002300,'1',654,,1309,57,4,,2,69,,1311,57,4,,2,31,,1312,57,4,,2,70,,1310,57,4,,2
5002300,'2',650,,1315,57,4,,2,64,,1313,57,4,,2,34,,1314,57,4,,2
5002400,'1',723,,1325,33,4,,2,28,,1323,33,4,,2,71,,1324,33,4,,2
5002400,'2',717,,1327,33,4,,2,31,,1326,33,4,,2
5003400,'1',700,,1334,35,4,,2,17,,1333,35,4,,2
5003400,'3',655,,1336,35,4,,2,56,,1335,35,4,,2
5003400,'4',658,,1338,35,4,,2,57,,1337,35,4,,2
5003600,'1',717,,1343,35,4,,2,31,,1342,35,4,,2
5003600,'3',711,,1345,35,4,,2,29,,1344,35,4,,2
5003600,'4',715,,1347,35,4,,2,31,,1346,35,4,,2
5003700,'1',701,,1355,70,4,,2,16,,1356,63,4,,2,36,,1358,63,4,,2,71,,1359,63,4,,2,31,,1357,70,4,,2
5003700,'3',711,,1361,63,4,,2,34,,1360,63,4,,2
5003700,'4',715,,1362,63,4,,2,36,,1363,63,4,,2
1200000200,'1',603,,1429,30,4,,1,15,,1428,52,4,,1,16,,1431,52,4,,1,9,,1437,30,4,,1,9,,1432,52,4,,1,59,,1436,52,4,,1,17,,1430,52,4,,1,17,,1440,52,4,,1,57,,1427,52,4,,1,15,,1434,52,4,,1,15,,1442,52,4,,1,13,,1438,52,4,,1,13,,1435,52,4,,1,53,,1443,52,4,,1,16,,1433,52,4,,1,12,,1446,52,4,,1,17,,1439,52,4,,1,57,,1441,52,4,,1,14,,1447,52,4,,1,15,,1445,52,4,,1,15,,1449,52,4,,1,55,,1451,52,4,,1,15,,1444,52,4,,1,15,,1452,52,4,,1,15,,1453,52,4,,1,55,,1454,52,4,,1,15,,1455,52,4,,1,15,,1457,52,4,,1,16,,1448,52,4,,1,55,,1450,52,4,,1,15,,1460,52,4,,1,15,,1461,52,4,,1,14,,1463,52,4,,1,55,,1459,52,4,,1,15,,1464,52,4,,1,22,,1456,52,4,,1,53,,1458,52,4,,1,16,,1465,52,4,,1,14,,1466,52,4,,1,17,,1467,52,4,,1,52,,1468,52,4,,1,14,,1462,52,4,,1,15,,1471,52,4,,1,15,,1473,52,4,,1,9,,1476,39,4,,1,5,,1474,52,4,,1,54,,1477,52,4,,1,15,,1480,52,4,,1,16,,1481,52,4,,1,14,,1478,52,4,,1,54,,1479,52,4,,1,14,,1470,52,4,,1,15,,1469,52,4,,1,15,,1475,52,4,,1,54,,1472,52,4,,1,30,,1483,52,4,,1,70,,1487,52,4,,1,30,,1482,52,4,,1,70,,1489,52,4,,1,29,,1490,52,4,,1,70,,1485,52,4,,1,27,,1484,52,4,,1,73,,1488,52,4,,1,26,,1491,52,4,,1
1200000200,'21',701,,1492,30,4,,1,24,,1494,30,4,,1,88,,1493,21,4,,1
1200000200,'3',602,,1498,30,4,,1,15,,1496,52,4,,1,15,,1500,52,4,,1,16,,1502,52,4,,1,57,,1504,52,4,,1,16,,1506,52,4,,1,16,,1508,52,4,,1,17,,1495,52,4,,1,55,,1509,52,4,,1,15,,1499,52,4,,1,14,,1497,52,4,,1,14,,1501,52,4,,1,56,,1503,52,4,,1,18,,1505,52,4,,1,13,,1507,52,4,,1,74,,1510,52,4,,1,29,,1512,52,4,,1,70,,1514,52,4,,1,30,,1515,52,4,,1,70,,1516,52,4,,1,30,,1511,52,4,,1,71,,1513,52,4,,1,30,,1517,52,4,,1,68,,1519,52,4,,1,37,,1521,52,4,,1,52,,1522,52,4,,1,16,,1525,52,4,,1,14,,1527,52,4,,1,17,,1529,52,4,,1,12,,1531,52,4,,1,54,,1518,52,4,,1,15,,1532,52,4,,1,15,,1520,52,4,,1,14,,1533,52,4,,1,55,,1524,52,4,,1,15,,1523,52,4,,1,16,,1526,52,4,,1,14,,1528,52,4,,1,54,,1530,52,4,,1,29,,1535,52,4,,1,70,,1534,52,4,,1,30,,1537,52,4,,1,70,,1541,52,4,,1,30,,1536,52,4,,1,70,,1543,52,4,,1,29,,1544,52,4,,1,70,,1539,52,4,,1,27,,1538,52,4,,1,73,,1542,52,4,,1,26,,1545,52,4,,1
1200000200,'4',602,,1548,30,4,,1,15,,1547,52,4,,1,15,,1551,52,4,,1,16,,1550,52,4,,1,57,,1553,52,4,,1,16,,1556,52,4,,1,16,,1559,52,4,,1,17,,1546,52,4,,1,55,,1560,52,4,,1,15,,1549,52,4,,1,14,,1555,52,4,,1,15,,1558,52,4,,1,55,,1552,52,4,,1,18,,1554,52,4,,1,13,,1557,52,4,,1,17,,1561,39,4,,1,57,,1563,52,4,,1,14,,1567,39,4,,1,15,,1565,52,4,,1,15,,1570,39,4,,1,55,,1569,52,4,,1,15,,1573,39,4,,1,15,,1572,52,4,,1,15,,1562,39,4,,1,54,,1574,52,4,,1,16,,1568,39,4,,1,14,,1564,52,4,,1,16,,1571,39,4,,1,55,,1566,52,4,,1,15,,1578,39,4,,1,15,,1576,52,4,,1,14,,1579,39,4,,1,55,,1581,52,4,,1,15,,1575,39,4,,1,22,,1583,52,4,,1,53,,1585,52,4,,1,16,,1588,52,4,,1,14,,1590,52,4,,1,17,,1592,52,4,,1,52,,1593,52,4,,1,14,,1577,52,4,,1,15,,1580,52,4,,1,15,,1582,52,4,,1,14,,1594,52,4,,1,55,,1587,52,4,,1,15,,1584,52,4,,1,16,,1586,52,4,,1,14,,1589,52,4,,1,54,,1591,52,4,,1,14,,1600,52,4,,1,15,,1597,52,4,,1,69,,1595,52,4,,1,30,,1598,52,4,,1,70,,1599,52,4,,1,30,,1601,52,4,,1,70,,1605,52,4,,1,29,,1606,52,4,,1,70,,1602,52,4,,1,27,,1596,52,4,,1,73,,1604,52,4,,1,26,,1607,52,4,,1
1200000200,'6',741,,1610,52,4,,1,70,,1613,52,4,,1,30,,1614,52,4,,1,70,,1608,52,4,,1,30,,1609,52,4,,1,70,,1612,52,4,,1,30,,1611,52,4,,1,70,,1615,52,4,,1,30,,1616,52,4,,1,70,,1618,52,4,,1,30,,1617,52,4,,1,71,,1620,52,4,,1,30,,1621,52,4,,1,71,,1622,52,4,,1,30,,1623,52,4,,1,69,,1624,52,4,,1,30,,1619,52,4,,1,71,,1626,52,4,,1,30,,1625,52,4,,1,70,,1629,52,4,,1,30,,1628,52,4,,1,69,,1633,52,4,,1,27,,1631,52,4,,1,70,,1638,52,4,,1,30,,1636,52,4,,1,70,,1627,52,4,,1,30,,1639,52,4,,1,69,,1634,52,4,,1,30,,1632,52,4,,1,70,,1640,52,4,,1,30,,1630,52,4,,1,70,,1635,52,4,,1,30,,1637,52,4,,1
1200000200,'7',2009,,1641,52,4,,1,30,,1642,52,4,,1
1200000200,'9',741,,1643,52,4,,1,70,,1645,52,4,,1,30,,1646,52,4,,1,70,,1648,52,4,,1,30,,1649,52,4,,1,70,,1644,52,4,,1,30,,1650,52,4,,1,70,,1647,52,4,,1,30,,1651,52,4,,1,70,,1653,52,4,,1,30,,1652,52,4,,1,71,,1655,52,4,,1,30,,1656,52,4,,1,71,,1657,52,4,,1,30,,1658,52,4,,1,69,,1660,52,4,,1,30,,1654,52,4,,1,71,,1662,52,4,,1,30,,1661,52,4,,1,70,,1664,52,4,,1,30,,1663,52,4,,1,69,,1666,52,4,,1,27,,1667,52,4,,1,70,,1665,52,4,,1,30,,1659,52,4,,1
1200000300,'1',629,,1941,48,4,,1,19,,1943,48,4,,1,59,,1945,48,4,,1,11,,1947,48,4,,1,10,,1942,48,4,,1,16,,1950,48,4,,1,15,,1946,48,4,,1,55,,1952,48,4,,1,14,,1955,48,4,,1,15,,1944,48,4,,1,13,,1951,50,4,,1,53,,1956,50,4,,1,15,,1949,50,4,,1,15,,1954,50,4,,1,15,,1948,50,4,,1,60,,1953,50,4,,1,20,,1958,50,4,,1,20,,1960,50,4,,1,60,,1957,50,4,,1,20,,1962,50,4,,1,20,,1964,50,4,,1,62,,1966,50,4,,1,20,,1959,50,4,,1,20,,1961,50,4,,1,60,,1967,50,4,,1,16,,1963,50,4,,1,20,,1965,50,4,,1,62,,1969,50,4,,1,20,,1971,50,4,,1,18,,1973,50,4,,1,66,,1968,50,4,,1,31,,1976,52,4,,1,68,,1970,52,4,,1,29,,1972,52,4,,1,72,,1977,52,4,,1,28,,1975,52,4,,1,73,,1974,52,4,,1,21,,1979,50,4,,1,69,,1981,50,4,,1,21,,1978,50,4,,1,70,,1986,50,4,,1,32,,1980,50,4,,1,73,,1988,50,4,,1
1200000300,'3',628,,1991,48,4,,1,16,,1994,48,4,,1,14,,1996,48,4,,1,50,,2001,48,4,,1,10,,1992,48,4,,1,16,,2002,48,4,,1,14,,1998,48,4,,1,55,,2004,48,4,,1,15,,1997,48,4,,1,16,,1995,48,4,,1,20,,1993,50,4,,1,55,,2003,50,4,,1,26,,1999,50,4,,1,69,,2005,50,4,,1,30,,2006,50,4,,1,70,,2008,50,4,,1,30,,2000,50,4,,1,72,,2010,50,4,,1,30,,2007,50,4,,1,70,,2009,50,4,,1,26,,2011,50,4,,1,70,,2013,50,4,,1,32,,2015,50,4,,1,83,,2017,50,4,,1,31,,2012,52,4,,1,68,,2014,52,4,,1,29,,2016,52,4,,1,73,,2018,52,4,,1,28,,2019,52,4,,1,73,,2022,52,4,,1,21,,2023,50,4,,1,69,,2021,50,4,,1,21,,2020,50,4,,1,70,,2029,50,4,,1,32,,2024,50,4,,1,73,,2031,50,4,,1
1200000300,'4',629,,2034,48,4,,1,16,,2038,48,4,,1,14,,2040,48,4,,1,50,,2043,48,4,,1,10,,2036,48,4,,1,16,,2045,48,4,,1,14,,2042,48,4,,1,55,,2046,48,4,,1,15,,2041,48,4,,1,16,,2039,48,4,,1,21,,2037,50,4,,1,53,,2044,50,4,,1,26,,2035,50,4,,1,69,,2047,50,4,,1,30,,2048,50,4,,1,70,,2050,50,4,,1,30,,2052,50,4,,1,72,,2054,50,4,,1,30,,2049,50,4,,1,70,,2051,50,4,,1,26,,2053,50,4,,1,70,,2055,50,4,,1,32,,2057,50,4,,1,84,,2059,50,4,,1,31,,2060,52,4,,1,68,,2056,52,4,,1,29,,2058,52,4,,1,72,,2062,52,4,,1,28,,2061,52,4,,1,73,,2064,52,4,,1,21,,2065,50,4,,1,69,,2069,50,4,,1,21,,2063,50,4,,1,70,,2070,50,4,,1,32,,2066,50,4,,1,73,,2071,50,4,,1
1200000300,'6',658,,2077,50,4,,1,70,,2079,50,4,,1,30,,2084,50,4,,1,70,,2088,50,4,,1,72,,2082,50,4,,1,31,,2081,50,4,,1,69,,2086,50,4,,1,30,,2087,50,4,,1,71,,2078,50,4,,1,29,,2080,50,4,,1,71,,2085,50,4,,1,30,,2083,50,4,,1,69,,2089,50,4,,1,32,,2090,50,4,,1,71,,2092,50,4,,1,31,,2091,50,4,,1,69,,2094,50,4,,1,29,,2095,50,4,,1,71,,2096,50,4,,1,31,,2097,50,4,,1,68,,2098,50,4,,1,29,,2093,50,4,,1,69,,2100,50,4,,1,29,,2099,50,4,,1
1200000300,'9',728,,2108,50,4,,1,30,,2110,50,4,,1,70,,2113,50,4,,1,72,,2115,50,4,,1,31,,2109,50,4,,1,69,,2112,50,4,,1,30,,2114,50,4,,1,71,,2117,50,4,,1,29,,2118,50,4,,1,71,,2111,50,4,,1,30,,2119,50,4,,1,69,,2116,50,4,,1,32,,2120,50,4,,1,71,,2122,50,4,,1,31,,2121,50,4,,1,69,,2124,50,4,,1,29,,2125,50,4,,1,71,,2126,50,4,,1,31,,2127,50,4,,1,68,,2128,50,4,,1,29,,2123,50,4,,1,69,,2130,50,4,,1,29,,2129,50,4,,1
1200000400,'1',719,,2340,54,4,,1,18,,2341,54,4,,1,16,,2342,54,4,,1,56,,2339,54,4,,1
1200000400,'3',713,,2345,54,4,,1,16,,2343,54,4,,1,16,,2346,54,4,,1,56,,2344,54,4,,1
1200000400,'4',717,,2348,54,4,,1,18,,2349,54,4,,1,16,,2350,54,4,,1,56,,2347,54,4,,1
