3501,'1',548,,6049,18,,,2,94,,6050,20,,,2,82,,6051,20,,,2,98,,6052,20,,,2,84,,6053,20,,,2,39,,6054,20,,,2,85,,6055,20,,,2,85,,6056,20,,,2,86,,6057,20,,,2,45,,6058,20,,,2,85,,6059,20,,,2,85,,6060,20,,,2,85,,6061,20,,,2,58,,6062,20,,,2,84,,6064,20,,,2,82,,6065,20,,,2,82,,6066,20,,,2,44,,6067,20,,,2,74,,6063,20,,,2,79,,6068,20,,,2,26,,6069,20,,,2,71,,6070,20,,,2,27,,6071,20,,,2,78,,6072,20,,,2,30,,6073,20,,,2,68,,6074,20,,,2,25,,6075,20,,,2
3501,'2',709,,6076,20,,,2,30,,6077,20,,,2,70,,6078,20,,,2,30,,6079,20,,,2,69,,6080,20,,,2,33,,6081,20,,,2,86,,6082,20,,,2,85,,6083,20,,,2,47,,6084,20,,,2,87,,6085,20,,,2,89,,6086,20,,,2,85,,6088,20,,,2,86,,6089,20,,,2,45,,6090,20,,,2,85,,6091,20,,,2,84,,6092,20,,,2,83,,6087,20,,,2,42,,6093,20,,,2,78,,6094,20,,,2,85,,6095,20,,,2,30,,6096,20,,,2,68,,6097,20,,,2,28,,6098,20,,,2,70,,6099,20,,,2,30,,6100,20,,,2,68,,6101,20,,,2,25,,6102,20,,,2
3501,'3',839,,6103,20,,,2,69,,6104,20,,,2,33,,6105,20,,,2,86,,6106,20,,,2,85,,6107,20,,,2,47,,6108,20,,,2,87,,6109,20,,,2,89,,6110,20,,,2,85,,6111,20,,,2,86,,6112,20,,,2,45,,6114,20,,,2,85,,6115,20,,,2,84,,6116,20,,,2,83,,6117,20,,,2,42,,6118,20,,,2,78,,6119,20,,,2,85,,6113,20,,,2
3501,'71',551,,4652,18,,,2,96,,4653,20,,,2,70,,4654,20,,,2,110,,4658,20,,,2,80,,4655,20,,,2,40,,4656,20,,,2,97,,4659,20,,,2,102,,4660,20,,,2,98,,4657,20,,,2,101,,4662,20,,,2,102,,4661,20,,,2,153,,4663,20,,,2,33,,4664,20,,,2,76,,4665,20,,,2,34,,4666,20,,,2,104,,4667,20,,,2,90,,4670,20,,,2,92,,4671,20,,,2,98,,4672,20,,,2,108,,4668,20,,,2,93,,4669,20,,,2
3501,'72',702,,4673,20,,,2,100,,4674,20,,,2,101,,4675,20,,,2,100,,4676,20,,,2,100,,4677,20,,,2,101,,4678,20,,,2,106,,4679,20,,,2,102,,4680,20,,,2,101,,4681,20,,,2,100,,4682,20,,,2,92,,4683,20,,,2,97,,4684,20,,,2,56,,4685,20,,,2,150,,4686,20,,,2,98,,4687,20,,,2,98,,4688,20,,,2,98,,4689,20,,,2
3501,'73',903,,4690,20,,,2,100,,4691,20,,,2,100,,4692,20,,,2,101,,4693,20,,,2,106,,4694,20,,,2,102,,4695,20,,,2,101,,4696,20,,,2,100,,4697,20,,,2,92,,4698,20,,,2,97,,4699,20,,,2,56,,4700,20,,,2,143,,4701,20,,,2
35100,'15',715,,6307,17,,,2
35100,'84',715,,4953,17,,,2
35101,'85',1541,,4954,41,,,2
35500,'12',805,,6308,17,,,2
35500,'82',808,,4955,17,,,2
35501,'83',1654,,4956,51,,,2
5003601,'1',1650,,6393,20,,,2,64,,6392,20,,,2
