11900,'16',850,,6228,33,,,2
11900,'87',850,,4854,33,,,2
905231701,'27',2232,,6491,16,4,,2,70,,6494,16,4,,2,30,,6489,16,4,,2,70,,6492,16,4,,2,30,,6490,16,4,,2,70,,6493,16,4,,2,30,,6495,16,4,,2
905231701,'28',2232,,6498,16,4,,2,70,,6501,16,4,,2,30,,6496,16,4,,2,70,,6499,16,4,,2,30,,6497,16,4,,2,70,,6500,16,4,,2,30,,6502,16,4,,2
905231701,'29',2232,,6505,16,4,,2,70,,6508,16,4,,2,30,,6503,16,4,,2,70,,6506,16,4,,2,30,,6504,16,4,,2,70,,6507,16,4,,2,30,,6509,16,4,,2
1200000101,'1',1517,,7148,13,,,1,30,,7149,13,,,1,68,,7150,13,,,1,37,,7151,13,,,1
1200000101,'71',1517,,5070,13,,,1,30,,5071,13,,,1,68,,5069,13,,,1,39,,5072,13,,,1
1200000200,'1',543,,7153,16,,,1,15,,7158,16,,,1,55,,7159,16,,,1,16,,7160,16,,,1,15,,7162,16,,,1,15,,7163,16,,,1,57,,7152,16,,,1,15,,7165,16,,,1,16,,7157,16,,,1,54,,7155,16,,,1,14,,7161,16,,,1,15,,7166,16,,,1,18,,7164,16,,,1,60,,7167,16,,,1,29,,7169,16,,,1,69,,7171,16,,,1,30,,7156,16,,,1,70,,7172,16,,,1,30,,7168,16,,,1,69,,7170,16,,,1,32,,7174,16,,,1,70,,7175,16,,,1,29,,7173,16,,,1,70,,7177,16,,,1,18,,7179,16,,,1,30,,7180,16,,,1,55,,7181,16,,,1,12,,7178,16,,,1,13,,7182,16,,,1,14,,7183,16,,,1,54,,7185,16,,,1,15,,7176,16,,,1,15,,7188,16,,,1,16,,7189,16,,,1,57,,7192,16,,,1,16,,7193,16,,,1,15,,7187,16,,,1,70,,7186,16,,,1,30,,7184,16,,,1,70,,7190,16,,,1,30,,7196,16,,,1,70,,7197,16,,,1,30,,7199,16,,,1,70,,7200,16,,,1,32,,7194,16,,,1,70,,7191,16,,,1,32,,7198,16,,,1,67,,7201,16,,,1,30,,7195,16,0,14,1
1200000200,'2',706,,7205,16,,,1,30,,7204,16,,,1,70,,7208,16,,,1,30,,7202,16,,,1,70,,7207,16,,,1,30,,7206,16,,,1,70,,7210,16,,,1,30,,7209,16,,,1,70,,7203,16,,,1,30,,7212,16,,,1,70,,7214,16,,,1,30,,7211,16,,,1,70,,7216,16,,,1,30,,7217,16,,,1,70,,7213,16,,,1,30,,7215,16,,,1,70,,7219,16,,,1,30,,7221,16,,,1,70,,7218,16,,,1,30,,7223,16,,,1,70,,7224,16,,,1,31,,7220,16,,,1,70,,7222,16,,,1,29,,7228,16,,,1,70,,7227,16,,,1,31,,7225,16,,,1,69,,7229,16,,,1,29,,7231,16,,,1,70,,7230,16,,,1,30,,7233,16,,,1,70,,7226,16,,,1,30,,7232,16,,,1,70,,7234,16,,,1
1200000200,'3',706,,7235,16,,,1,30,,7236,16,,,1,70,,7237,16,,,1,30,,7238,16,,,1,70,,7239,16,,,1,30,,7243,16,,,1,70,,7241,16,,,1,30,,7245,16,,,1,70,,7242,16,,,1,30,,7240,16,,,1,70,,7244,16,,,1,30,,7247,16,,,1,70,,7246,16,,,1,30,,7248,16,,,1,70,,7250,16,,,1,30,,7252,16,,,1,70,,7255,16,,,1,30,,7257,16,,,1,70,,7249,16,,,1,30,,7251,16,,,1,70,,7253,16,,,1,31,,7256,16,,,1,70,,7258,16,,,1,29,,7260,16,,,1,70,,7259,16,,,1,31,,7254,16,,,1,69,,7261,16,,,1
1200000200,'71',543,,5074,16,,,1,15,,5078,16,,,1,55,,5080,16,,,1,16,,5081,16,,,1,15,,5077,16,,,1,15,,5085,16,,,1,57,,5073,16,,,1,15,,5087,16,,,1,16,,5076,16,,,1,54,,5089,16,,,1,14,,5083,16,,,1,15,,5090,16,,,1,18,,5079,16,,,1,55,,5091,16,,,1,17,,5084,16,,,1,17,,5086,16,,,1,14,,5092,16,,,1,55,,5088,16,,,1,15,,5094,16,,,1,15,,5095,16,,,1,15,,5096,16,,,1,55,,5098,16,,,1,15,,5099,16,,,1,15,,5101,16,,,1,15,,5102,16,,,1,54,,5103,16,,,1,17,,5093,16,,,1,15,,5105,16,,,1,15,,5106,16,,,1,55,,5107,16,,,1,14,,5097,16,,,1,15,,5104,16,,,1,15,,5100,16,,,1,61,,5108,16,,,1,12,,5109,16,,,1,15,,5110,16,,,1,15,,5111,16,,,1,55,,5112,16,,,1,12,,5113,16,,,1,13,,5115,16,,,1,14,,5117,16,,,1,53,,5119,16,,,1,8,,5121,3,,,1,8,,5120,16,,,1,15,,5122,16,,,1,16,,5125,16,,,1,57,,5126,16,,,1,16,,5123,16,,,1,15,,5124,16,,,1,15,,5116,16,,,1,55,,5114,16,,,1,15,,5128,16,,,1,15,,5118,16,,,1,70,,5129,16,,,1,30,,5127,16,,,1,70,,5133,16,,,1,30,,5135,16,,,1,70,,5136,16,,,1,32,,5130,16,,,1,70,,5132,16,,,1,32,,5134,16,,,1,67,,5137,16,,,1,30,,5131,16,0,14,1
1200000200,'72',707,,5139,16,,,1,30,,5142,16,,,1,70,,5143,16,,,1,29,,5144,16,,,1,70,,5138,16,,,1,30,,5141,16,,,1,70,,5140,16,,,1,30,,5145,16,,,1,70,,5146,16,,,1,31,,5148,16,,,1,69,,5147,16,,,1,30,,5150,16,,,1,70,,5151,16,,,1,30,,5152,16,,,1,70,,5153,16,,,1,30,,5154,16,,,1,70,,5149,16,,,1,30,,5156,16,,,1,70,,5155,16,,,1,30,,5159,16,,,1,70,,5158,16,,,1,31,,5161,16,,,1,69,,5162,16,,,1,30,,5163,16,,,1,70,,5165,16,,,1,31,,5157,16,,,1,69,,5167,16,,,1,29,,5168,16,,,1,70,,5164,16,,,1,30,,5166,16,,,1,70,,5160,16,,,1,30,,5169,16,,,1,70,,5170,16,,,1
1200000200,'73',707,,5171,16,,,1,30,,5173,16,,,1,70,,5174,16,,,1,29,,5175,16,,,1,70,,5176,16,,,1,30,,5172,16,,,1,70,,5177,16,,,1,30,,5179,16,,,1,70,,5178,16,,,1,31,,5181,16,,,1,69,,5180,16,,,1,30,,5183,16,,,1,70,,5184,16,,,1,30,,5185,16,,,1,70,,5186,16,,,1,30,,5188,16,,,1,70,,5182,16,,,1,30,,5191,16,,,1,70,,5189,16,,,1,30,,5193,16,,,1,70,,5192,16,,,1,31,,5195,16,,,1,69,,5196,16,,,1,30,,5197,16,,,1,70,,5187,16,,,1,31,,5194,16,,,1,69,,5190,16,,,1
1200000400,'1',636,,7629,18,,,1,15,,7630,18,,,1
1200000400,'71',636,,5565,18,,,1,15,,5566,18,,,1,55,,5567,18,,,1,16,,5564,18,,,1
