13101,'85',1522,,4865,17,,,2
32500,'82',825,,4947,40,,,2
34500,'82',823,,4949,30,,,2
35500,'82',828,,4955,43,,,2
1200000100,'71',638,,5061,58,,,1,70,,5062,58,,,1,21,,5063,58,,,1,30,,5066,58,0,16 1 17,1,70,,5064,58,,,1
1200000201,'71',616,,5201,13,,,1,35,,5205,25,,,1,55,,5204,25,,,1,20,,5208,25,,,1,10,,5214,25,,,1,15,,5203,25,,,1,55,,5213,25,,,1,19,,5207,25,,,1,17,,5218,25,,,1,15,,5202,25,,,1,54,,5221,25,,,1,14,,5206,25,,,1,12,,5223,25,,,1,12,,5216,25,,,1,52,,5224,25,,,1,15,,5209,25,,,1,12,,5225,25,,,1,17,,5217,25,,,1,58,,5219,25,,,1,14,,5226,25,,,1,15,,5222,25,,,1,15,,5228,25,,,1,55,,5229,25,,,1,15,,5230,25,,,1,17,,5232,25,,,1,15,,5233,25,,,1,55,,5235,25,,,1,15,,5236,25,,,1,15,,5237,25,,,1,16,,5227,25,,,1,55,,5239,25,,,1,15,,5240,25,,,1,15,,5241,25,,,1,14,,5231,25,,,1,55,,5238,25,,,1,18,,5234,25,,,1,27,,5242,25,,,1,60,,5243,25,,,1,18,,5244,25,,,1,15,,5245,25,,,1,6,,5253,13,,,1,54,,5246,25,,,1,9,,5247,25,,,1,12,,5249,25,,,1,12,,5251,25,,,1,15,,5254,25,,,1,53,,5255,25,,,1,9,,5256,25,,,1,13,,5259,25,,,1,17,,5260,25,,,1,9,,5257,25,,,1,52,,5258,25,,,1,13,,5250,25,,,1,12,,5248,25,,,1,14,,5261,25,,,1,14,,5252,25,,,1,60,,5262,25,,,1,30,,5263,25,,,1,72,,5265,25,,,1,35,,5267,25,,,1,68,,5269,25,,,1,31,,5264,25,,,1,67,,5266,25,,,1,31,,5268,25,,,1,86,,5270,25,,,1
1200000201,'72',712,,5272,25,,,1,31,,5271,25,,,1,70,,5273,25,,,1,32,,5279,25,,,1,70,,5284,25,,,1,32,,5277,25,,,1,72,,5276,25,,,1,29,,5282,25,,,1,70,,5283,25,,,1,31,,5285,25,,,1,69,,5274,25,,,1,31,,5280,25,,,1,70,,5278,25,,,1,30,,5286,25,,,1,72,,5287,25,,,1,29,,5289,25,,,1,73,,5288,25,,,1,29,,5291,25,,,1,69,,5292,25,,,1,33,,5293,25,,,1,71,,5294,25,,,1,27,,5295,25,,,1,68,,5290,25,,,1,30,,5297,25,,,1,65,,5296,25,,,1,39,,5300,25,,,1,69,,5302,25,,,1,31,,5298,25,,,1,67,,5304,25,,,1,28,,5305,25,,,1,70,,5301,25,,,1,30,,5303,25,,,1,69,,5299,25,,,1,29,,5306,25,,,1,90,,5307,25,,,1
1200000201,'73',813,,5308,25,,,1,32,,5311,25,,,1,70,,5315,25,,,1,32,,5318,25,,,1,72,,5310,25,,,1,29,,5314,25,,,1,70,,5317,25,,,1,31,,5320,25,,,1,69,,5321,25,,,1,31,,5312,25,,,1,70,,5322,25,,,1,30,,5324,25,,,1,72,,5323,25,,,1,29,,5326,25,,,1,73,,5325,25,,,1,29,,5328,25,,,1,69,,5329,25,,,1,33,,5330,25,,,1,71,,5331,25,,,1,27,,5333,25,,,1,68,,5327,25,,,1,30,,5336,25,,,1,65,,5334,25,,,1,39,,5338,25,,,1,69,,5332,25,,,1,31,,5337,25,,,1,67,,5335,25,,,1
1200000201,'81',659,,5339,13,,,1,55,,5340,13,,,1,820,,5341,25,,,1
1200000201,'89',1617,,5345,25,,,1,15,,5346,25,,,1
1200000401,'71',1705,,5572,25,,,1,27,,5571,25,,,1,22,,5575,25,,,1
