3401,'1',630,,6039,6,,,2,27,,6040,6,,,2,90,,6041,6,,,2,795,,6042,6,,,2,87,,6043,6,,,2,99,,6044,6,,,2,27,,6045,6,,,2,86,,6046,6,,,2,68,,6047,6,,,2
3401,'14',1643,,6048,10,,,2
3401,'71',630,,4642,6,,,2,27,,4644,6,,,2,90,,4643,6,,,2,803,,4646,6,,,2,90,,4645,10,,,2,72,,4649,6,,,2,40,,4650,6,,,2,87,,4651,6,,,2,66,,4648,6,,,2
23200,'15',726,,6294,26,,,2
32500,'12',811,,6304,22,,,2
32500,'82',811,,4947,22,,,2
34500,'12',805,,6305,5,,,2
34500,'82',805,,4949,5,,,2
35100,'84',728,,4953,36,,,2
5003401,'1',1651,,6389,18,,,2
5003401,'71',1651,,5040,18,,,2
2000003401,'2',743,,7771,6,,,2,85,,7772,6,,,2,86,,7773,6,,,2,45,,7774,6,,,2,89,,7775,6,,,2,85,,7776,6,,,2,88,,7777,6,,,2,81,,7778,6,,,2,134,,7779,6,,,2,86,,7780,6,,,2,83,,7781,6,,,2,48,,7782,6,,,2,85,,7783,6,,,2,81,,7784,6,,,2,82,,7785,6,,,2
2000003401,'3',828,,7786,6,,,2,86,,7787,6,,,2,45,,7788,6,,,2,89,,7789,6,,,2,85,,7790,6,,,2,88,,7791,6,,,2,81,,7792,6,,,2,134,,7793,6,,,2,86,,7794,6,,,2,83,,7795,6,,,2,48,,7796,6,,,2,85,,7797,6,,,2,81,,7798,6,,,2,82,,7799,6,,,2
2000003401,'72',743,,5711,6,,,2,85,,5712,6,,,2,85,,5713,6,,,2,45,,5714,6,,,2,87,,5715,6,,,2,85,,5716,6,,,2,85,,5717,6,,,2,85,,5718,6,,,2,130,,5719,6,,,2,92,,5720,6,,,2,78,,5721,6,,,2,53,,5722,6,,,2,78,,5723,6,,,2,88,,5724,6,,,2,37,,5725,6,,,2
2000003401,'73',828,,5726,6,,,2,85,,5727,6,,,2,45,,5728,6,,,2,87,,5729,6,,,2,85,,5730,6,,,2,85,,5731,6,,,2,85,,5732,6,,,2,130,,5733,6,,,2,92,,5734,6,,,2,78,,5735,6,,,2,53,,5736,6,,,2,78,,5737,6,,,2,88,,5738,6,,,2,37,,5739,6,,,2
