2301,'1',624,,5973,9,,,2,30,,5974,9,,,2,150,,5976,9,,,2,41,,5953,9,,,2,72,,5977,9,,,2,23,,5954,9,,,2,81,,5955,9,,,2,30,,5957,9,,,2,70,,5956,9,,,2,30,,5958,9,,,2,71,,5959,9,,,2,30,,5961,9,,,2,70,,5960,9,,,2,30,,5962,9,,,2,71,,5963,9,,,2,31,,5966,9,,,2,91,,5964,9,,,2,68,,5967,9,,,2,35,,5965,9,,,2,102,,5968,9,,,2,66,,5975,9,,,2,37,,5969,9,,,2,102,,5970,9,,,2,90,,5971,9,,,2,114,,5972,9,,,2
2301,'14',1647,,5979,13,,,2
2301,'2',701,,5980,9,,,2,100,,5981,9,,,2,101,,5982,9,,,2,102,,5983,9,,,2,102,,5984,9,,,2,102,,5985,9,,,2,101,,5986,9,,,2,101,,5987,9,,,2,100,,5988,9,,,2,100,,5989,9,,,2,101,,5990,9,,,2,97,,5991,9,,,2
2301,'3',801,,5992,9,,,2,101,,5993,9,,,2,102,,5994,9,,,2,102,,5995,9,,,2,102,,5996,9,,,2,101,,5997,9,,,2,101,,5998,9,,,2,100,,5999,9,,,2,100,,6000,9,,,2,101,,6001,9,,,2,97,,6002,9,,,2
2301,'71',624,,4569,9,,,2,30,,4577,9,,,2,150,,4578,9,,,2,38,,4555,9,,,2,72,,4559,9,,,2,29,,4556,9,,,2,75,,4560,9,,,2,31,,4557,9,,,2,70,,4561,9,,,2,30,,4558,9,,,2,70,,4562,9,,,2,31,,4564,9,,,2,70,,4563,9,,,2,30,,4565,9,,,2,70,,4566,9,,,2,34,,4576,9,,,2,82,,4567,9,,,2,107,,4568,13,,,2,104,,4570,9,,,2,71,,4575,9,,,2,35,,4571,9,,,2,100,,4572,9,,,2,92,,4573,9,,,2,114,,4574,9,,,2
2301,'72',716,,4579,9,,,2,100,,4580,9,,,2,101,,4581,9,,,2,102,,4582,9,,,2,100,,4583,9,,,2,100,,4584,9,,,2,102,,4585,9,,,2,101,,4586,9,,,2,101,,4587,9,,,2,100,,4588,9,,,2,102,,4589,9,,,2,96,,4590,9,,,2
2301,'73',816,,4591,9,,,2,101,,4592,9,,,2,102,,4593,9,,,2,100,,4594,9,,,2,100,,4595,9,,,2,102,,4596,9,,,2,101,,4597,9,,,2,101,,4598,9,,,2,100,,4599,9,,,2,102,,4600,9,,,2,96,,4601,9,,,2
2301,'88',1643,,4602,13,,,2
2401,'1',1552,,6009,2,,,2,58,,6005,2,,,2,149,,6010,2,,,2,59,,6006,2,,,2,27,,6007,2,,,2,64,,6008,2,,,2
2401,'71',1552,,4605,2,,,2,207,,4609,2,,,2,59,,4606,2,,,2,27,,4607,2,,,2,64,,4608,2,,,2
6501,'1',1700,,6223,2,,,2,18,,6225,2,,,2,41,,6224,2,,,2
6501,'71',1657,,4847,2,,,2,61,,4848,2,,,2,41,,4849,2,,,2
22101,'85',1528,,4924,22,,,2
22500,'12',801,,6290,6,,,2
22500,'82',801,,4927,6,,,2
23101,'85',1525,,4932,22,,,2
5002301,'1',1656,,6382,19,,,2,65,,6381,19,,,2
5002301,'71',1610,,5032,19,,,2,46,,5031,19,,,2,65,,5030,19,,,2
5002401,'1',1657,,6385,19,,,2,65,,6386,19,,,2
5002401,'71',1611,,5037,19,,,2,46,,5035,19,,,2,65,,5036,19,,,2
905231701,'27',2302,,6491,56,4,,2,29,,6494,56,4,,2,70,,6489,56,4,,2,30,,6492,56,4,,2,70,,6490,56,4,,2,30,,6493,56,4,,2,70,,6495,56,4,,2
905231701,'28',2302,,6498,56,4,,2,29,,6501,56,4,,2,70,,6496,56,4,,2,30,,6499,56,4,,2,70,,6497,56,4,,2,30,,6500,56,4,,2,70,,6502,56,4,,2
905231701,'29',2302,,6505,56,4,,2,29,,6508,56,4,,2,70,,6503,56,4,,2,30,,6506,56,4,,2,70,,6504,56,4,,2,30,,6507,56,4,,2,70,,6509,56,4,,2
1200000101,'1',1606,,7148,60,,,1,32,,7149,60,,,1,71,,7150,60,,,1,31,,7151,60,,,1
1200000101,'71',1602,,5070,60,,,1,32,,5071,60,,,1,71,,5069,60,,,1,31,,5072,60,,,1
1200000301,'1',611,,7508,9,,,1,28,,7513,9,,,1,76,,7506,22,,,1,20,,7510,22,,,1,75,,7516,22,,,1,29,,7511,22,,,1,65,,7519,22,,,1,25,,7507,22,,,1,29,,7517,22,,,1,67,,7515,22,,,1,33,,7520,22,,,1,73,,7521,22,,,1,70,,7523,22,,,1,33,,7525,22,,,1,72,,7527,22,,,1,29,,7522,22,,,1,70,,7524,22,,,1,28,,7526,22,,,1,70,,7528,22,,,1,36,,7529,22,,,1,20,,7532,19,,,1,62,,7530,19,,,1,18,,7535,19,,,1,19,,7534,19,,,1,51,,7539,19,,,1,14,,7537,19,,,1,14,,7538,19,,,1,16,,7541,19,,,1,54,,7533,19,,,1,12,,7536,19,,,1,15,,7531,19,,,1,69,,7540,19,,,1,24,,7544,22,,,1,24,,7542,22,,,1,71,,7543,22,,,1,30,,7545,22,,,1,70,,7546,22,,,1,33,,7549,22,,,1,71,,7547,9,,,1,30,,7550,9,,,1,68,,7548,9,,,1,30,,7551,9,,,1,79,,7552,9,,,1
1200000301,'2',751,,7553,22,,,1,70,,7556,22,,,1,31,,7559,22,,,1,71,,7562,22,,,1,31,,7554,22,,,1,72,,7557,22,,,1,31,,7560,22,,,1,71,,7563,22,,,1,31,,7555,22,,,1,71,,7558,22,,,1,71,,7561,22,,,1,31,,7564,22,,,1,71,,7565,22,,,1,30,,7568,22,,,1,70,,7574,22,,,1,30,,7571,22,,,1,70,,7566,22,,,1,31,,7569,22,,,1,71,,7575,22,,,1,27,,7572,22,,,1,68,,7567,22,,,1,29,,7570,22,,,1,27,,7576,22,,,1,67,,7573,22,,,1,35,,7577,9,,,1,100,,7578,9,,,1,96,,7579,9,,,1,98,,7580,9,,,1,78,,7581,9,,,1,102,,7582,9,,,1
1200000301,'27',2225,,7584,12,,,1,30,,7587,12,,,1,70,,7589,12,,,1,83,,7585,12,,,1,28,,7588,12,,,1,70,,7583,12,,,1,30,,7586,12,,,1
1200000301,'28',2225,,7591,12,,,1,30,,7594,12,,,1,70,,7596,12,,,1,83,,7592,12,,,1,28,,7595,12,,,1,70,,7590,12,,,1,30,,7593,12,,,1
1200000301,'29',2225,,7598,12,,,1,30,,7601,12,,,1,70,,7603,12,,,1,83,,7599,12,,,1,28,,7602,12,,,1,70,,7597,12,,,1,30,,7600,12,,,1
1200000301,'3',821,,7604,22,,,1,31,,7606,22,,,1,71,,7612,22,,,1,31,,7609,22,,,1,72,,7605,22,,,1,31,,7607,22,,,1,71,,7613,22,,,1,31,,7610,22,,,1,71,,7614,22,,,1,71,,7608,22,,,1,31,,7616,22,,,1,71,,7611,22,,,1,30,,7615,22,,,1,70,,7618,22,,,1,30,,7617,22,,,1,70,,7621,22,,,1,31,,7623,22,,,1,71,,7619,22,,,1,27,,7627,22,,,1,68,,7622,22,,,1,29,,7624,22,,,1,27,,7620,22,,,1,67,,7628,22,,,1,35,,7625,9,,,1,161,,7626,9,,,1
1200000301,'71',611,,5456,9,,,1,28,,5460,9,,,1,77,,5454,22,,,1,20,,5458,22,,,1,77,,5466,22,,,1,27,,5463,22,,,1,66,,5469,22,,,1,26,,5455,22,,,1,69,,5465,22,,,1,27,,5467,22,,,1,76,,5470,22,,,1,20,,5471,22,,,1,20,,5473,22,,,1,60,,5475,22,,,1,23,,5476,22,,,1,20,,5478,22,,,1,62,,5480,22,,,1,19,,5472,22,,,1,20,,5474,22,,,1,60,,5481,22,,,1,18,,5477,22,,,1,20,,5479,22,,,1,59,,5483,22,,,1,25,,5484,22,,,1,13,,5485,19,,,1,16,,5486,19,,,1,62,,5482,19,,,1,18,,5494,19,,,1,19,,5490,19,,,1,51,,5493,19,,,1,14,,5488,19,,,1,14,,5487,19,,,1,16,,5497,19,,,1,56,,5496,19,,,1,10,,5495,19,,,1,17,,5492,19,,,1,11,,5489,19,,,1,56,,5491,19,,,1,22,,5498,22,,,1,27,,5499,22,,,1,71,,5501,22,,,1,30,,5500,22,,,1,70,,5502,22,,,1,33,,5505,22,,,1,70,,5503,9,,,1,30,,5506,9,,,1,68,,5504,9,,,1,30,,5507,9,,,1,79,,5508,9,,,1
1200000301,'72',752,,5511,22,,,1,70,,5510,22,,,1,31,,5514,22,,,1,70,,5515,22,,,1,31,,5516,22,,,1,71,,5509,22,,,1,31,,5513,22,,,1,70,,5512,22,,,1,30,,5517,22,,,1,70,,5518,22,,,1,31,,5520,22,,,1,70,,5519,22,,,1,31,,5522,22,,,1,70,,5523,22,,,1,31,,5524,22,,,1,70,,5525,22,,,1,29,,5526,22,,,1,71,,5521,22,,,1,72,,5528,22,,,1,29,,5527,22,,,1,28,,5530,22,,,1,69,,5529,22,,,1,29,,5531,22,,,1,64,,5535,22,,,1,38,,5532,9,,,1,100,,5533,9,,,1,96,,5534,9,,,1,99,,5536,9,,,1,78,,5537,9,,,1,102,,5538,9,,,1
1200000301,'73',822,,5539,22,,,1,31,,5541,22,,,1,70,,5542,22,,,1,31,,5543,22,,,1,71,,5544,22,,,1,31,,5540,22,,,1,70,,5545,22,,,1,30,,5547,22,,,1,70,,5546,22,,,1,31,,5549,22,,,1,70,,5548,22,,,1,31,,5551,22,,,1,70,,5552,22,,,1,31,,5553,22,,,1,70,,5554,22,,,1,29,,5555,22,,,1,71,,5550,22,,,1,72,,5557,22,,,1,29,,5556,22,,,1,28,,5559,22,,,1,69,,5558,22,,,1,29,,5560,22,,,1,64,,5563,22,,,1,38,,5561,9,,,1,161,,5562,9,,,1
2000002200,'1',656,,7710,2,,,2,90,,7712,2,,,2
2000002200,'71',656,,5650,2,,,2,90,,5652,2,,,2
2000002201,'1',1547,,7714,2,,,2,83,,7715,2,,,2,88,,7716,2,,,2,84,,7717,2,,,2,40,,7718,2,0,21 22,2
2000002201,'71',1547,,5654,2,,,2,83,,5655,2,,,2,84,,5656,2,,,2,88,,5657,2,,,2,40,,5658,2,0,21 22,2
