20001,'1',1456,,1064,18,4,,2,72,,1065,18,4,,2
20001,'3',1501,,1071,18,4,,2,28,,1072,18,4,,2
20001,'4',1456,,1078,18,4,,2,71,,1079,18,4,,2
20001,'6',633,,1082,18,4,,2,76,,1084,18,4,,2
5002300,'1',653,,1309,56,4,,2,69,,1311,56,4,,2,31,,1312,56,4,,2,70,,1310,56,4,,2
5002300,'2',649,,1315,56,4,,2,64,,1313,56,4,,2,34,,1314,56,4,,2
5002400,'1',722,,1325,32,4,,2,28,,1323,32,4,,2,71,,1324,32,4,,2
5002400,'2',716,,1327,32,4,,2,31,,1326,32,4,,2
5003400,'1',659,,1334,34,4,,2,57,,1333,34,4,,2
5003400,'3',654,,1336,34,4,,2,56,,1335,34,4,,2
5003400,'4',657,,1338,34,4,,2,57,,1337,34,4,,2
5003600,'1',716,,1343,34,4,,2,31,,1342,34,4,,2
5003600,'3',710,,1345,34,4,,2,29,,1344,34,4,,2
5003600,'4',714,,1347,34,4,,2,31,,1346,34,4,,2
5003700,'1',700,,1355,69,4,,2,16,,1356,62,4,,2,36,,1358,62,4,,2,71,,1359,62,4,,2,31,,1357,69,4,,2
5003700,'3',710,,1361,62,4,,2,34,,1360,62,4,,2
5003700,'4',714,,1362,62,4,,2,36,,1363,62,4,,2
1200000200,'1',602,,1429,29,4,,1,15,,1428,51,4,,1,16,,1431,51,4,,1,9,,1437,29,4,,1,9,,1432,51,4,,1,59,,1436,51,4,,1,17,,1430,51,4,,1,17,,1440,51,4,,1,57,,1427,51,4,,1,15,,1434,51,4,,1,15,,1442,51,4,,1,13,,1438,51,4,,1,13,,1435,51,4,,1,53,,1443,51,4,,1,16,,1433,51,4,,1,12,,1446,51,4,,1,17,,1439,51,4,,1,57,,1441,51,4,,1,14,,1447,51,4,,1,15,,1445,51,4,,1,15,,1449,51,4,,1,55,,1451,51,4,,1,15,,1444,51,4,,1,15,,1452,51,4,,1,15,,1453,51,4,,1,55,,1454,51,4,,1,15,,1455,51,4,,1,15,,1457,51,4,,1,16,,1448,51,4,,1,55,,1450,51,4,,1,15,,1460,51,4,,1,15,,1461,51,4,,1,14,,1463,51,4,,1,55,,1459,51,4,,1,15,,1464,51,4,,1,22,,1456,51,4,,1,52,,1458,51,4,,1,16,,1465,51,4,,1,14,,1466,51,4,,1,17,,1467,51,4,,1,12,,1468,51,4,,1,54,,1462,51,4,,1,15,,1471,51,4,,1,15,,1473,51,4,,1,9,,1476,38,4,,1,5,,1474,51,4,,1,55,,1477,51,4,,1,15,,1480,51,4,,1,16,,1481,51,4,,1,14,,1478,51,4,,1,54,,1479,51,4,,1,14,,1470,51,4,,1,15,,1469,51,4,,1,15,,1475,51,4,,1,54,,1472,51,4,,1,30,,1483,51,4,,1,70,,1487,51,4,,1,30,,1482,51,4,,1,70,,1489,51,4,,1,29,,1490,51,4,,1,70,,1485,51,4,,1,27,,1484,51,4,,1,73,,1488,51,4,,1,26,,1491,51,4,,1
1200000200,'21',700,,1492,29,4,,1,24,,1494,29,4,,1,88,,1493,20,4,,1
1200000200,'3',601,,1498,29,4,,1,15,,1496,51,4,,1,15,,1500,51,4,,1,16,,1502,51,4,,1,57,,1504,51,4,,1,16,,1506,51,4,,1,16,,1508,51,4,,1,17,,1495,51,4,,1,55,,1509,51,4,,1,15,,1499,51,4,,1,14,,1497,51,4,,1,14,,1501,51,4,,1,56,,1503,51,4,,1,18,,1505,51,4,,1,13,,1507,51,4,,1,74,,1510,51,4,,1,29,,1512,51,4,,1,70,,1514,51,4,,1,30,,1515,51,4,,1,70,,1516,51,4,,1,30,,1511,51,4,,1,71,,1513,51,4,,1,30,,1517,51,4,,1,68,,1519,51,4,,1,37,,1521,51,4,,1,12,,1522,51,4,,1,56,,1525,51,4,,1,14,,1527,51,4,,1,17,,1529,51,4,,1,12,,1531,51,4,,1,54,,1518,51,4,,1,15,,1532,51,4,,1,15,,1520,51,4,,1,14,,1533,51,4,,1,55,,1524,51,4,,1,15,,1523,51,4,,1,16,,1526,51,4,,1,14,,1528,51,4,,1,54,,1530,51,4,,1,29,,1535,51,4,,1,70,,1534,51,4,,1,30,,1537,51,4,,1,70,,1541,51,4,,1,30,,1536,51,4,,1,70,,1543,51,4,,1,29,,1544,51,4,,1,70,,1539,51,4,,1,27,,1538,51,4,,1,73,,1542,51,4,,1,26,,1545,51,4,,1
1200000200,'4',601,,1548,29,4,,1,15,,1547,51,4,,1,15,,1551,51,4,,1,16,,1550,51,4,,1,57,,1553,51,4,,1,16,,1556,51,4,,1,16,,1559,51,4,,1,17,,1546,51,4,,1,55,,1560,51,4,,1,15,,1549,51,4,,1,14,,1555,51,4,,1,15,,1558,51,4,,1,55,,1552,51,4,,1,18,,1554,51,4,,1,13,,1557,51,4,,1,17,,1561,38,4,,1,57,,1563,51,4,,1,14,,1567,38,4,,1,15,,1565,51,4,,1,15,,1570,38,4,,1,55,,1569,51,4,,1,15,,1573,38,4,,1,15,,1572,51,4,,1,15,,1562,38,4,,1,54,,1574,51,4,,1,16,,1568,38,4,,1,14,,1564,51,4,,1,16,,1571,38,4,,1,55,,1566,51,4,,1,15,,1578,38,4,,1,15,,1576,51,4,,1,14,,1579,38,4,,1,55,,1581,51,4,,1,15,,1575,38,4,,1,22,,1583,51,4,,1,12,,1585,51,4,,1,56,,1588,51,4,,1,14,,1590,51,4,,1,17,,1592,51,4,,1,12,,1593,51,4,,1,54,,1577,51,4,,1,15,,1580,51,4,,1,15,,1582,51,4,,1,14,,1594,51,4,,1,56,,1587,51,4,,1,15,,1584,51,4,,1,16,,1586,51,4,,1,14,,1589,51,4,,1,54,,1591,51,4,,1,14,,1600,51,4,,1,15,,1597,51,4,,1,69,,1595,51,4,,1,30,,1598,51,4,,1,70,,1599,51,4,,1,30,,1601,51,4,,1,70,,1605,51,4,,1,29,,1606,51,4,,1,70,,1602,51,4,,1,27,,1596,51,4,,1,73,,1604,51,4,,1,26,,1607,51,4,,1
1200000200,'6',740,,1610,51,4,,1,70,,1613,51,4,,1,30,,1614,51,4,,1,70,,1608,51,4,,1,30,,1609,51,4,,1,70,,1612,51,4,,1,30,,1611,51,4,,1,70,,1615,51,4,,1,30,,1616,51,4,,1,70,,1618,51,4,,1,30,,1617,51,4,,1,71,,1620,51,4,,1,30,,1621,51,4,,1,71,,1622,51,4,,1,30,,1623,51,4,,1,69,,1624,51,4,,1,30,,1619,51,4,,1,70,,1626,51,4,,1,30,,1625,51,4,,1,70,,1629,51,4,,1,30,,1628,51,4,,1,70,,1633,51,4,,1,27,,1631,51,4,,1,70,,1638,51,4,,1,30,,1636,51,4,,1,70,,1627,51,4,,1,30,,1639,51,4,,1,69,,1634,51,4,,1,30,,1632,51,4,,1,70,,1640,51,4,,1,30,,1630,51,4,,1,70,,1635,51,4,,1,30,,1637,51,4,,1
1200000200,'7',2008,,1641,51,4,,1,30,,1642,51,4,,1
1200000200,'9',740,,1643,51,4,,1,70,,1645,51,4,,1,30,,1646,51,4,,1,70,,1648,51,4,,1,30,,1649,51,4,,1,70,,1644,51,4,,1,30,,1650,51,4,,1,70,,1647,51,4,,1,30,,1651,51,4,,1,70,,1653,51,4,,1,30,,1652,51,4,,1,71,,1655,51,4,,1,30,,1656,51,4,,1,71,,1657,51,4,,1,30,,1658,51,4,,1,69,,1660,51,4,,1,30,,1654,51,4,,1,70,,1662,51,4,,1,30,,1661,51,4,,1,70,,1664,51,4,,1,30,,1663,51,4,,1,70,,1666,51,4,,1,27,,1667,51,4,,1,70,,1665,51,4,,1,30,,1659,51,4,,1
1200000300,'1',628,,1941,47,4,,1,19,,1943,47,4,,1,59,,1945,47,4,,1,11,,1947,47,4,,1,10,,1942,47,4,,1,16,,1950,47,4,,1,15,,1946,47,4,,1,55,,1952,47,4,,1,14,,1955,47,4,,1,15,,1944,47,4,,1,13,,1951,49,4,,1,53,,1956,49,4,,1,15,,1949,49,4,,1,15,,1954,49,4,,1,15,,1948,49,4,,1,60,,1953,49,4,,1,20,,1958,49,4,,1,20,,1960,49,4,,1,60,,1957,49,4,,1,20,,1962,49,4,,1,20,,1964,49,4,,1,62,,1966,49,4,,1,20,,1959,49,4,,1,20,,1961,49,4,,1,60,,1967,49,4,,1,16,,1963,49,4,,1,20,,1965,49,4,,1,62,,1969,49,4,,1,20,,1971,49,4,,1,18,,1973,49,4,,1,65,,1968,49,4,,1,31,,1976,51,4,,1,68,,1970,51,4,,1,29,,1972,51,4,,1,73,,1977,51,4,,1,28,,1975,51,4,,1,73,,1974,51,4,,1,21,,1979,49,4,,1,69,,1981,49,4,,1,21,,1978,49,4,,1,30,,1986,49,4,,1,72,,1980,49,4,,1,73,,1988,49,4,,1
1200000300,'3',627,,1991,47,4,,1,16,,1994,47,4,,1,14,,1996,47,4,,1,50,,2001,47,4,,1,10,,1992,47,4,,1,16,,2002,47,4,,1,14,,1998,47,4,,1,55,,2004,47,4,,1,15,,1997,47,4,,1,16,,1995,47,4,,1,20,,1993,49,4,,1,55,,2003,49,4,,1,26,,1999,49,4,,1,69,,2005,49,4,,1,30,,2006,49,4,,1,70,,2008,49,4,,1,30,,2000,49,4,,1,72,,2010,49,4,,1,30,,2007,49,4,,1,70,,2009,49,4,,1,26,,2011,49,4,,1,70,,2013,49,4,,1,32,,2015,49,4,,1,83,,2017,49,4,,1,31,,2012,51,4,,1,68,,2014,51,4,,1,29,,2016,51,4,,1,73,,2018,51,4,,1,28,,2019,51,4,,1,73,,2022,51,4,,1,21,,2023,49,4,,1,69,,2021,49,4,,1,21,,2020,49,4,,1,30,,2029,49,4,,1,72,,2024,49,4,,1,73,,2031,49,4,,1
1200000300,'4',628,,2034,47,4,,1,16,,2038,47,4,,1,14,,2040,47,4,,1,50,,2043,47,4,,1,10,,2036,47,4,,1,16,,2045,47,4,,1,14,,2042,47,4,,1,55,,2046,47,4,,1,15,,2041,47,4,,1,16,,2039,47,4,,1,21,,2037,49,4,,1,53,,2044,49,4,,1,26,,2035,49,4,,1,69,,2047,49,4,,1,30,,2048,49,4,,1,70,,2050,49,4,,1,30,,2052,49,4,,1,72,,2054,49,4,,1,30,,2049,49,4,,1,70,,2051,49,4,,1,26,,2053,49,4,,1,70,,2055,49,4,,1,32,,2057,49,4,,1,83,,2059,49,4,,1,31,,2060,51,4,,1,68,,2056,51,4,,1,29,,2058,51,4,,1,73,,2062,51,4,,1,28,,2061,51,4,,1,73,,2064,51,4,,1,21,,2065,49,4,,1,69,,2069,49,4,,1,21,,2063,49,4,,1,30,,2070,49,4,,1,72,,2066,49,4,,1,73,,2071,49,4,,1
1200000300,'6',657,,2077,49,4,,1,70,,2079,49,4,,1,30,,2084,49,4,,1,70,,2088,49,4,,1,32,,2082,49,4,,1,71,,2081,49,4,,1,29,,2086,49,4,,1,70,,2087,49,4,,1,71,,2078,49,4,,1,29,,2080,49,4,,1,71,,2085,49,4,,1,30,,2083,49,4,,1,29,,2089,49,4,,1,72,,2090,49,4,,1,71,,2092,49,4,,1,31,,2091,49,4,,1,69,,2094,49,4,,1,29,,2095,49,4,,1,70,,2096,49,4,,1,31,,2097,49,4,,1,68,,2098,49,4,,1,29,,2093,49,4,,1,30,,2100,49,4,,1,69,,2099,49,4,,1
1200000300,'9',727,,2108,49,4,,1,30,,2110,49,4,,1,70,,2113,49,4,,1,32,,2115,49,4,,1,71,,2109,49,4,,1,29,,2112,49,4,,1,70,,2114,49,4,,1,71,,2117,49,4,,1,29,,2118,49,4,,1,71,,2111,49,4,,1,30,,2119,49,4,,1,29,,2116,49,4,,1,72,,2120,49,4,,1,71,,2122,49,4,,1,31,,2121,49,4,,1,69,,2124,49,4,,1,29,,2125,49,4,,1,70,,2126,49,4,,1,31,,2127,49,4,,1,68,,2128,49,4,,1,29,,2123,49,4,,1,30,,2130,49,4,,1,69,,2129,49,4,,1
1200000400,'1',718,,2340,53,4,,1,18,,2341,53,4,,1,16,,2342,53,4,,1,56,,2339,53,4,,1
1200000400,'3',712,,2345,53,4,,1,16,,2343,53,4,,1,16,,2346,53,4,,1,56,,2344,53,4,,1
1200000400,'4',716,,2348,53,4,,1,18,,2349,53,4,,1,16,,2350,53,4,,1,56,,2347,53,4,,1
