20001,'1',1453,,6250,14,4,,2,74,,6251,14,4,,2
20001,'2',642,,6252,14,4,,2,70,,6254,14,4,,2
20001,'71',1457,,4892,19,4,,2,73,,4893,19,4,,2
20001,'72',634,,4896,19,4,,2,78,,4898,19,4,,2
5002300,'1',654,,6378,57,4,,2,73,,6379,57,4,,2,29,,6380,57,4,,2
5002300,'71',654,,5028,57,4,,2,73,,5027,57,4,,2,29,,5029,57,4,,2
5002400,'1',727,,6384,33,4,,2,27,,6383,33,4,,2
5002400,'71',727,,5034,33,4,,2,27,,5033,33,4,,2
5003400,'1',700,,6388,35,4,,2,23,,6387,35,4,,2
5003400,'71',700,,5039,35,4,,2,22,,5038,35,4,,2
5003600,'1',722,,6390,23,4,,2,27,,6391,23,4,,2
5003600,'71',722,,5042,34,4,,2,27,,5041,34,4,,2
5003700,'1',723,,6395,63,4,,2,77,,6394,63,4,,2
5003700,'71',701,,5046,70,4,,2,21,,5047,63,4,,2,36,,5048,63,4,,2
1200000200,'1',605,,7154,30,4,,1,15,,7153,52,4,,1,19,,7158,52,4,,1,61,,7159,52,4,,1,19,,7160,52,4,,1,19,,7162,52,4,,1,16,,7163,52,4,,1,56,,7152,52,4,,1,15,,7165,52,4,,1,15,,7157,52,4,,1,11,,7155,52,4,,1,52,,7161,52,4,,1,13,,7166,52,4,,1,14,,7164,52,4,,1,17,,7167,52,4,,1,70,,7169,52,4,,1,29,,7171,52,4,,1,70,,7156,52,4,,1,30,,7172,52,4,,1,70,,7168,52,4,,1,30,,7170,52,4,,1,71,,7174,52,4,,1,30,,7175,52,4,,1,69,,7173,52,4,,1,31,,7177,52,4,,1,58,,7179,52,4,,1,32,,7180,52,4,,1,17,,7181,52,4,,1,52,,7178,52,4,,1,14,,7182,52,4,,1,15,,7183,52,4,,1,17,,7185,52,4,,1,56,,7176,52,4,,1,12,,7188,52,4,,1,15,,7189,52,4,,1,15,,7192,52,4,,1,53,,7193,52,4,,1,15,,7187,52,4,,1,27,,7186,52,4,,1,67,,7184,52,4,,1,29,,7190,52,4,,1,70,,7196,52,4,,1,30,,7197,52,4,,1,70,,7199,52,4,,1,29,,7200,52,4,,1,72,,7194,52,4,,1,29,,7191,52,4,,1,72,,7198,52,4,,1,26,,7201,52,4,,1
1200000200,'2',742,,7205,52,4,,1,71,,7204,52,4,,1,31,,7208,52,4,,1,70,,7202,52,4,,1,30,,7207,52,4,,1,71,,7206,52,4,,1,31,,7210,52,4,,1,70,,7209,52,4,,1,31,,7203,52,4,,1,72,,7212,52,4,,1,30,,7214,52,4,,1,70,,7211,52,4,,1,30,,7216,52,4,,1,71,,7217,52,4,,1,30,,7213,52,4,,1,69,,7215,52,4,,1,30,,7219,52,4,,1,71,,7221,52,4,,1,30,,7218,52,4,,1,70,,7223,52,4,,1,29,,7224,52,4,,1,68,,7220,52,4,,1,25,,7222,52,4,,1,68,,7228,52,4,,1,30,,7227,52,4,,1,71,,7225,52,4,,1,29,,7229,52,4,,1,69,,7231,52,4,,1,30,,7230,52,4,,1,70,,7233,52,4,,1,30,,7226,52,4,,1,70,,7232,52,4,,1,30,,7234,52,4,,1
1200000200,'3',742,,7235,52,4,,1,71,,7236,52,4,,1,31,,7237,52,4,,1,70,,7238,52,4,,1,30,,7239,52,4,,1,71,,7243,52,4,,1,31,,7241,52,4,,1,70,,7245,52,4,,1,31,,7242,52,4,,1,72,,7240,52,4,,1,30,,7244,52,4,,1,70,,7247,52,4,,1,30,,7246,52,4,,1,71,,7248,52,4,,1,30,,7250,52,4,,1,69,,7252,52,4,,1,30,,7255,52,4,,1,71,,7257,52,4,,1,30,,7249,52,4,,1,70,,7251,52,4,,1,29,,7253,52,4,,1,68,,7256,52,4,,1,25,,7258,52,4,,1,68,,7260,52,4,,1,30,,7259,52,4,,1,71,,7254,52,4,,1,29,,7261,52,4,,1
1200000200,'71',604,,5075,30,4,,1,15,,5074,52,4,,1,19,,5078,52,4,,1,10,,5082,30,4,,1,9,,5080,52,4,,1,58,,5081,52,4,,1,18,,5077,52,4,,1,18,,5085,52,4,,1,55,,5073,52,4,,1,15,,5087,52,4,,1,15,,5076,52,4,,1,12,,5089,52,4,,1,52,,5083,52,4,,1,13,,5090,52,4,,1,15,,5079,52,4,,1,12,,5091,52,4,,1,17,,5084,52,4,,1,58,,5086,52,4,,1,14,,5092,52,4,,1,15,,5088,52,4,,1,15,,5094,52,4,,1,55,,5095,52,4,,1,15,,5096,52,4,,1,15,,5098,52,4,,1,15,,5099,52,4,,1,55,,5101,52,4,,1,15,,5102,52,4,,1,15,,5103,52,4,,1,56,,5093,52,4,,1,15,,5105,52,4,,1,15,,5106,52,4,,1,15,,5107,52,4,,1,14,,5097,52,4,,1,55,,5104,52,4,,1,15,,5100,52,4,,1,22,,5108,52,4,,1,52,,5109,52,4,,1,16,,5110,52,4,,1,15,,5111,52,4,,1,16,,5112,52,4,,1,52,,5113,52,4,,1,14,,5115,52,4,,1,15,,5117,52,4,,1,16,,5119,52,4,,1,9,,5121,39,4,,1,48,,5120,52,4,,1,12,,5122,52,4,,1,15,,5125,52,4,,1,15,,5126,52,4,,1,54,,5123,52,4,,1,14,,5124,52,4,,1,14,,5116,52,4,,1,14,,5114,52,4,,1,15,,5128,52,4,,1,54,,5118,52,4,,1,30,,5129,52,4,,1,70,,5127,52,4,,1,30,,5133,52,4,,1,70,,5135,52,4,,1,29,,5136,52,4,,1,72,,5130,52,4,,1,29,,5132,52,4,,1,72,,5134,52,4,,1,26,,5137,52,4,,1
1200000200,'72',742,,5139,52,4,,1,71,,5142,52,4,,1,30,,5143,52,4,,1,70,,5144,52,4,,1,30,,5138,52,4,,1,69,,5141,52,4,,1,30,,5140,52,4,,1,70,,5145,52,4,,1,30,,5146,52,4,,1,71,,5148,52,4,,1,29,,5147,52,4,,1,71,,5150,52,4,,1,30,,5151,52,4,,1,71,,5152,52,4,,1,30,,5153,52,4,,1,69,,5154,52,4,,1,30,,5149,52,4,,1,71,,5156,52,4,,1,30,,5155,52,4,,1,70,,5159,52,4,,1,30,,5158,52,4,,1,71,,5161,52,4,,1,26,,5162,52,4,,1,69,,5163,52,4,,1,30,,5165,52,4,,1,71,,5157,52,4,,1,29,,5167,52,4,,1,69,,5168,52,4,,1,30,,5164,52,4,,1,70,,5166,52,4,,1,30,,5160,52,4,,1,70,,5169,52,4,,1,30,,5170,52,4,,1
1200000200,'73',742,,5171,52,4,,1,71,,5173,52,4,,1,30,,5174,52,4,,1,70,,5175,52,4,,1,30,,5176,52,4,,1,69,,5172,52,4,,1,30,,5177,52,4,,1,70,,5179,52,4,,1,30,,5178,52,4,,1,71,,5181,52,4,,1,29,,5180,52,4,,1,71,,5183,52,4,,1,30,,5184,52,4,,1,71,,5185,52,4,,1,30,,5186,52,4,,1,69,,5188,52,4,,1,30,,5182,52,4,,1,71,,5191,52,4,,1,30,,5189,52,4,,1,70,,5193,52,4,,1,30,,5192,52,4,,1,71,,5195,52,4,,1,26,,5196,52,4,,1,69,,5197,52,4,,1,30,,5187,52,4,,1,71,,5194,52,4,,1,29,,5190,52,4,,1
1200000200,'89',706,,5198,30,4,,1,24,,5200,30,4,,1,87,,5199,21,4,,1
1200000300,'1',632,,7407,48,4,,1,18,,7410,48,4,,1,59,,7412,48,4,,1,13,,7415,48,4,,1,10,,7409,48,4,,1,16,,7417,48,4,,1,53,,7413,48,4,,1,15,,7418,48,4,,1,14,,7420,48,4,,1,14,,7408,48,4,,1,56,,7411,50,4,,1,14,,7416,50,4,,1,27,,7414,50,4,,1,73,,7419,50,4,,1,33,,7421,50,4,,1,70,,7423,50,4,,1,30,,7425,50,4,,1,72,,7427,50,4,,1,30,,7422,50,4,,1,70,,7424,50,4,,1,28,,7426,50,4,,1,70,,7428,50,4,,1,29,,7429,50,4,,1,74,,7430,50,4,,1,31,,7433,52,4,,1,68,,7434,52,4,,1,28,,7435,52,4,,1,72,,7432,52,4,,1,30,,7431,52,4,,1,73,,7436,52,4,,1,23,,7439,50,4,,1,65,,7437,50,4,,1,21,,7441,50,4,,1,70,,7442,50,4,,1,32,,7440,50,4,,1,73,,7447,50,4,,1
1200000300,'2',712,,7450,50,4,,1,30,,7453,50,4,,1,71,,7456,50,4,,1,31,,7459,50,4,,1,70,,7451,50,4,,1,31,,7454,50,4,,1,69,,7457,50,4,,1,31,,7460,50,4,,1,71,,7452,50,4,,1,31,,7455,50,4,,1,71,,7458,50,4,,1,30,,7461,50,4,,1,71,,7462,50,4,,1,30,,7466,50,4,,1,70,,7472,50,4,,1,30,,7469,50,4,,1,70,,7463,50,4,,1,30,,7467,50,4,,1,70,,7473,50,4,,1,28,,7470,50,4,,1,70,,7464,50,4,,1,30,,7468,50,4,,1,69,,7474,50,4,,1,29,,7471,50,4,,1
1200000300,'3',742,,7480,50,4,,1,71,,7482,50,4,,1,31,,7488,50,4,,1,70,,7485,50,4,,1,31,,7481,50,4,,1,69,,7483,50,4,,1,31,,7489,50,4,,1,71,,7486,50,4,,1,31,,7490,50,4,,1,71,,7484,50,4,,1,30,,7492,50,4,,1,71,,7487,50,4,,1,30,,7491,50,4,,1,70,,7494,50,4,,1,30,,7493,50,4,,1,70,,7498,50,4,,1,30,,7501,50,4,,1,70,,7495,50,4,,1,28,,7504,50,4,,1,70,,7499,50,4,,1,30,,7502,50,4,,1,69,,7496,50,4,,1,29,,7505,50,4,,1
1200000300,'71',632,,5347,48,4,,1,18,,5350,48,4,,1,59,,5352,48,4,,1,13,,5354,48,4,,1,10,,5349,48,4,,1,10,,5356,48,4,,1,10,,5359,48,4,,1,49,,5353,48,4,,1,15,,5361,48,4,,1,14,,5363,48,4,,1,14,,5348,48,4,,1,56,,5351,50,4,,1,14,,5357,50,4,,1,13,,5360,50,4,,1,14,,5358,50,4,,1,15,,5355,50,4,,1,61,,5362,50,4,,1,20,,5364,50,4,,1,20,,5366,50,4,,1,60,,5368,50,4,,1,20,,5369,50,4,,1,20,,5371,50,4,,1,62,,5373,50,4,,1,20,,5365,50,4,,1,20,,5367,50,4,,1,60,,5374,50,4,,1,18,,5370,50,4,,1,20,,5372,50,4,,1,59,,5376,50,4,,1,20,,5378,50,4,,1,19,,5380,50,4,,1,65,,5375,50,4,,1,31,,5383,52,4,,1,68,,5377,52,4,,1,29,,5379,52,4,,1,73,,5384,52,4,,1,28,,5382,52,4,,1,73,,5381,52,4,,1,20,,5385,50,4,,1,68,,5386,50,4,,1,21,,5388,50,4,,1,70,,5390,50,4,,1,32,,5391,50,4,,1,73,,5395,50,4,,1
1200000300,'72',659,,5398,50,4,,1,70,,5399,50,4,,1,71,,5404,50,4,,1,30,,5408,50,4,,1,72,,5402,50,4,,1,31,,5401,50,4,,1,68,,5406,50,4,,1,30,,5407,50,4,,1,71,,5409,50,4,,1,29,,5400,50,4,,1,71,,5405,50,4,,1,30,,5403,50,4,,1,69,,5410,50,4,,1,32,,5411,50,4,,1,69,,5413,50,4,,1,33,,5412,50,4,,1,69,,5415,50,4,,1,29,,5416,50,4,,1,71,,5417,50,4,,1,31,,5418,50,4,,1,68,,5419,50,4,,1,29,,5414,50,4,,1,71,,5421,50,4,,1,28,,5420,50,4,,1
1200000300,'73',729,,5428,50,4,,1,71,,5430,50,4,,1,30,,5433,50,4,,1,72,,5435,50,4,,1,31,,5429,50,4,,1,68,,5432,50,4,,1,30,,5434,50,4,,1,71,,5436,50,4,,1,29,,5437,50,4,,1,71,,5431,50,4,,1,30,,5438,50,4,,1,69,,5440,50,4,,1,32,,5439,50,4,,1,69,,5442,50,4,,1,33,,5441,50,4,,1,69,,5444,50,4,,1,29,,5445,50,4,,1,71,,5446,50,4,,1,31,,5447,50,4,,1,68,,5448,50,4,,1,29,,5443,50,4,,1,71,,5450,50,4,,1,28,,5449,50,4,,1
1200000400,'1',728,,7629,54,4,,1,19,,7630,54,4,,1
1200000400,'71',724,,5565,54,4,,1,18,,5566,54,4,,1,16,,5567,54,4,,1,55,,5564,54,4,,1
