2300,'1',606,,5924,42,,,2,195,,5919,42,,,2,40,,5927,42,,,2,74,,5904,42,,,2,36,,5906,42,,,2,70,,5905,42,,,2,30,,5907,42,,,2,70,,5908,42,,,2,30,,5909,42,,,2
2300,'13',840,,5928,6,0,14 1 15,2
2300,'2',643,,5930,42,,,2,100,,5931,42,,,2,101,,5932,42,,,2,102,,5933,42,,,2,102,,5934,42,,,2,102,,5935,42,,,2,101,,5936,42,,,2
2300,'3',743,,5942,42,,,2,101,,5943,42,,,2,102,,5944,42,,,2,102,,5945,42,,,2,102,,5946,42,,,2,101,,5947,42,,,2
2300,'71',606,,4520,42,,,2,150,,4525,42,,,2,85,,4529,42,0,14 1 15,2,71,,4507,42,,,2,36,,4510,42,,,2,70,,4508,42,,,2,31,,4511,42,,,2,70,,4509,42,,,2,30,,4512,42,,,2
2300,'72',645,,4531,42,,,2,101,,4532,42,,,2,101,,4533,42,,,2,101,,4534,42,,,2,101,,4535,42,,,2,100,,4536,42,,,2,101,,4537,42,,,2
2300,'73',746,,4543,42,,,2,101,,4544,42,,,2,101,,4545,42,,,2,101,,4546,42,,,2,100,,4547,42,,,2,101,,4548,42,,,2
2300,'87',840,,4554,6,0,14 1 15,2
22200,'15',716,,6289,9,,,2
22200,'84',716,,4925,9,,,2
22201,'85',1535,,4926,37,,,2
23500,'12',812,,6295,65,,,2
23500,'82',812,,4935,65,,,2
5002300,'1',633,,6378,42,,,2,26,,6379,42,,,2,69,,6380,42,,,2
5002300,'71',633,,5028,42,,,2,26,,5027,42,,,2,69,,5029,42,,,2
