1500,'1',546,,5823,1,,,2,68,,5825,1,,,2,29,,5827,1,,,2,70,,5826,4,,,2,30,,5829,4,,,2,80,,5828,4,0,10 11,2,111,2,5824,1,0,12 13,2,100,7,5830,1,0,12 13,2,100,8,5831,1,0,12 13,2
1500,'71',546,,4416,1,,,2,68,,4417,1,,,2,29,,4421,1,,,2,180,11,4422,1,0,10 11,2,820,5,4431,1,,,2
1501,'1',1234,,5834,38,0,41,2,103,,5835,38,0,41,2,95,,5836,38,0,41,2,77,,5839,38,0,41,2,92,,5837,55,,,2,45,,5840,55,,,2,60,,5842,55,,,2,34,,5838,55,0,41,2,68,,5841,55,,,2,37,,5844,38,0,41,2,73,,5845,38,0,41,2,102,,5846,38,0,41,2,112,,5843,38,0,41,2,81,,5847,38,0,41,2
1501,'71',712,,4438,56,0,41,2,24,,4436,56,0,41,2,74,,4439,56,0,41,2,123,,4437,39,0,41,2,115,,4440,39,0,41,2,156,,4441,39,0,41,2,30,,4442,39,0,41,2,117,,4444,39,0,41,2,156,,4445,39,0,41,2,94,,4443,56,0,41,2,49,,4446,56,0,41,2,55,,4448,56,0,41,2,29,,4450,56,0,41,2,75,,4449,56,0,41,2,36,,4447,39,0,41,2,76,,4451,39,0,41,2,105,,4452,39,0,41,2,105,,4453,39,0,41,2,82,,4454,39,0,41,2
1501,'88',1707,,4455,41,0,41,2
13100,'15',701,,6233,1,,,2
13100,'84',701,,4864,1,,,2
13101,'85',1603,,4865,78,,,2
15600,'12',812,,6240,1,,,2
15600,'82',812,55,4875,1,,,2
15601,'83',1638,,4876,31,4,,2
15801,'88',1653,,4878,29,,,2
2000001500,'2',730,,7667,1,,,2,705,,7673,1,,,2
2000001500,'3',830,,7678,1,,,2,605,,7683,1,,,2
2000001500,'72',723,,5607,1,,,2,696,,5613,1,,,2
2000001500,'73',824,,5618,1,,,2,595,,5623,1,,,2
2000001501,'2',823,,7688,38,,,2,101,,7689,38,,,2,100,,7690,38,,,2,102,,7691,38,,,2,101,,7692,38,,,2,102,,7693,38,,,2,201,,7694,38,,,2,101,,7695,38,,,2,103,,7696,38,,,2,96,,7697,38,,,2,93,,7698,38,,,2
2000001501,'3',924,,7699,38,,,2,100,,7700,38,,,2,102,,7701,38,,,2,101,,7702,38,,,2,102,,7703,38,,,2,201,,7704,38,,,2,101,,7705,38,,,2,103,,7706,38,,,2,96,,7707,38,,,2,93,,7708,38,,,2
2000001501,'72',816,,5628,39,,,2,102,,5629,39,,,2,103,,5630,39,,,2,108,,5631,39,,,2,94,,5632,39,,,2,109,,5633,39,,,2,182,,5634,39,,,2,99,,5635,39,,,2,103,,5636,39,,,2,98,,5637,39,,,2,98,,5638,39,,,2
2000001501,'73',918,,5639,39,,,2,103,,5640,39,,,2,108,,5641,39,,,2,94,,5642,39,,,2,109,,5643,39,,,2,182,,5644,39,,,2,99,,5645,39,,,2,103,,5646,39,,,2,98,,5647,39,,,2,98,,5648,39,,,2
