1501,'1',1219,,5834,15,0,41,2,103,,5835,15,0,41,2,95,,5836,15,0,41,2,36,,5839,15,0,41,2,92,,5837,32,,,2,82,,5840,32,,,2,21,,5842,32,,,2,76,,5838,32,0,41,2,28,,5841,32,,,2,78,,5844,15,0,41,2,73,,5845,15,0,41,2,102,,5846,15,0,41,2,112,,5843,15,0,41,2,41,,5847,15,0,41,2
1501,'71',657,,4438,32,0,41,2,64,,4436,32,0,41,2,33,,4439,32,0,41,2,164,,4437,15,0,41,2,115,,4440,15,0,41,2,116,,4441,15,0,41,2,70,,4442,15,0,41,2,117,,4444,15,0,41,2,115,,4445,15,0,41,2,94,,4443,32,0,41,2,87,,4446,32,0,41,2,16,,4448,32,0,41,2,70,,4450,32,0,41,2,35,,4449,32,0,41,2,77,,4447,15,0,41,2,76,,4451,15,0,41,2,105,,4452,15,0,41,2,105,,4453,15,0,41,2,42,,4454,15,0,41,2
1501,'88',1650,,4455,17,0,41,2
1601,'1',657,,5859,32,,,2,64,,5861,32,,,2,31,,5860,32,,,2,173,,5858,32,0,41,2,95,,5862,15,0,41,2,99,,5863,15,0,41,2
13101,'85',1548,,4865,54,,,2
15801,'88',1642,,4878,17,,,2
2000001501,'2',808,,7688,15,,,2,101,,7689,15,,,2,100,,7690,15,,,2,102,,7691,15,,,2,101,,7692,15,,,2,101,,7693,15,,,2,201,,7694,15,,,2,101,,7695,15,,,2,103,,7696,15,,,2,97,,7697,15,,,2,93,,7698,15,,,2
2000001501,'3',909,,7699,15,,,2,100,,7700,15,,,2,102,,7701,15,,,2,101,,7702,15,,,2,101,,7703,15,,,2,201,,7704,15,,,2,101,,7705,15,,,2,103,,7706,15,,,2,97,,7707,15,,,2,93,,7708,15,,,2
2000001501,'72',801,,5628,15,,,2,102,,5629,15,,,2,103,,5630,15,,,2,108,,5631,15,,,2,94,,5632,15,,,2,108,,5633,15,,,2,142,,5634,15,,,2,99,,5635,15,,,2,143,,5636,15,,,2,59,,5637,15,,,2,98,,5638,15,,,2
2000001501,'73',903,,5639,15,,,2,103,,5640,15,,,2,108,,5641,15,,,2,94,,5642,15,,,2,108,,5643,15,,,2,142,,5644,15,,,2,99,,5645,15,,,2,143,,5646,15,,,2,59,,5647,15,,,2,98,,5648,15,,,2
