2301,'1',1204,,5958,35,,,2,31,,5959,35,,,2,70,,5961,35,,,2,30,,5960,35,,,2,70,,5962,35,,,2,31,,5963,35,,,2,71,,5966,35,,,2,51,,5964,35,,,2,68,,5967,35,,,2,76,,5965,35,,,2,101,,5968,35,,,2,26,,5975,35,,,2,77,,5969,35,,,2,102,,5970,35,,,2,50,,5971,35,,,2,154,,5972,35,,,2
2301,'2',1221,,5985,35,,,2,101,,5986,35,,,2,101,,5987,35,,,2,100,,5988,35,,,2,100,,5989,35,,,2,101,,5990,35,,,2,97,,5991,35,,,2
2301,'3',1221,,5996,35,,,2,101,,5997,35,,,2,101,,5998,35,,,2,100,,5999,35,,,2,100,,6000,35,,,2,101,,6001,35,,,2,97,,6002,35,,,2
2301,'71',1202,,4558,35,,,2,30,,4562,35,,,2,71,,4564,35,,,2,30,,4563,35,,,2,70,,4565,35,,,2,30,,4566,35,,,2,74,,4576,35,,,2,42,,4567,35,,,2,108,,4568,39,,,2,143,,4570,35,,,2,31,,4575,35,,,2,75,,4571,35,,,2,100,,4572,35,,,2,52,,4573,35,,,2,154,,4574,35,,,2
2301,'72',1232,,4584,35,,,2,102,,4585,35,,,2,101,,4586,35,,,2,101,,4587,35,,,2,100,,4588,35,,,2,102,,4589,35,,,2,96,,4590,35,,,2
2301,'73',1232,,4595,35,,,2,102,,4596,35,,,2,101,,4597,35,,,2,101,,4598,35,,,2,100,,4599,35,,,2,102,,4600,35,,,2,96,,4601,35,,,2
23101,'85',1536,,4932,46,,,2
23501,'83',1703,,4936,32,,,2
5002301,'1',1711,,6382,45,,,2,24,,6381,45,,,2
5002301,'71',1625,,5032,45,,,2,86,,5031,45,,,2,24,,5030,45,,,2
