1500,'1',550,,5823,8,,,2,68,,5825,8,,,2,29,,5827,8,,,2,70,,5826,11,,,2,30,,5829,11,,,2,80,,5828,11,0,10 11,2,111,,5824,8,0,12 13,2,100,,5830,8,0,12 13,2,100,,5831,8,0,12 13,2,103,,5832,7,0,12 13,2
1500,'71',550,,4416,8,,,2,68,,4417,8,,,2,29,,4421,8,,,2,72,,4420,7,,,2,28,,4418,7,,,2,81,,4422,8,0,10 11,2,112,,4419,7,0,12 13,2,115,,4423,7,0,12 13,2,156,,4424,7,0,12 13,2,30,,4425,7,0,12 13,2,117,,4427,7,0,12 13,2,156,,4428,7,,,2,96,,4426,7,,,2,37,,4431,8,,,2,68,,4430,7,,,2,100,,4432,7,0,12 13,2,111,,4433,7,0,12 13,2,104,,4434,7,0,12 13,2
13100,'15',705,,6233,8,,,2
13100,'84',705,,4864,8,,,2
15600,'12',816,,6240,8,,,2
15600,'82',816,,4875,8,,,2
15800,'16',825,,6241,2,,,2
15800,'87',825,,4877,2,,,2
2000001500,'2',734,,7667,8,,,2,100,,7668,7,,,2,100,,7669,7,,,2,94,,7670,7,,,2,109,,7671,7,,,2,101,,7672,7,,,2,201,,7673,8,,,2,101,,7674,7,,,2,95,,7675,7,,,2,106,,7676,7,,,2,93,,7677,7,,,2
2000001500,'3',834,,7678,8,,,2,100,,7679,7,,,2,94,,7680,7,,,2,109,,7681,7,,,2,101,,7682,7,,,2,201,,7683,8,,,2,101,,7684,7,,,2,95,,7685,7,,,2,106,,7686,7,,,2,93,,7687,7,,,2
2000001500,'72',727,,5607,8,,,2,101,,5608,7,,,2,103,,5609,7,,,2,100,,5610,7,,,2,102,,5611,7,,,2,100,,5612,7,,,2,190,,5613,8,,,2,99,,5614,7,,,2,95,,5615,7,,,2,108,,5616,7,,,2,98,,5617,7,,,2
2000001500,'73',828,,5618,8,,,2,103,,5619,7,,,2,100,,5620,7,,,2,102,,5621,7,,,2,100,,5622,7,,,2,190,,5623,8,,,2,99,,5624,7,,,2,95,,5625,7,,,2,108,,5626,7,,,2,98,,5627,7,,,2
