3701,'1',555,,822,32,0,9,2,185,,826,39,,,2,103,,823,39,0,9,2,102,,824,39,0,9,2,97,,825,39,0,9,2,102,,827,39,0,9,2,112,,828,39,0,9,2,102,,829,39,0,9,2,144,,830,39,0,9,2,112,,831,39,0,9,2,115,,832,39,0,9,2,95,,833,39,0,9,2,103,,834,39,0,9,2,100,,835,39,0,9,2,97,,836,39,0,9,2,100,,837,39,0,9,2,100,,838,39,0,9,2,25,,839,39,0,9,2
3701,'3',555,,840,32,0,9,2,74,,841,39,0,9,2,111,,842,39,0,9,2,103,,843,39,0,9,2,102,,844,39,0,9,2,97,,845,39,0,9,2,102,,846,39,0,9,2,112,,847,39,0,9,2,102,,848,39,0,9,2,144,,849,39,0,9,2,112,,850,39,0,9,2,115,,851,39,0,9,2,95,,852,39,0,9,2,103,,853,39,0,9,2,100,,854,39,0,9,2,97,,855,39,0,9,2,100,,856,39,0,9,2,100,,857,39,0,9,2,25,,858,39,0,9,2
3701,'4',555,,859,32,0,9,2,74,,860,39,0,9,2,111,,861,39,0,9,2,103,,862,39,0,9,2,102,,863,39,0,9,2,97,,864,39,0,9,2,102,,865,39,0,9,2,112,,866,39,0,9,2,102,,867,39,0,9,2,144,,868,39,0,9,2,112,,869,39,0,9,2,115,,870,39,0,9,2,95,,871,39,0,9,2,103,,872,39,0,9,2,100,,873,39,0,9,2,97,,874,39,0,9,2,100,,875,39,0,9,2,100,,876,39,0,9,2,25,,877,39,0,9,2
3701,'6',713,,878,39,0,9,2,100,,879,39,0,9,2,102,,880,39,0,9,2,100,,881,39,0,9,2,100,,882,39,0,9,2,112,,883,39,0,9,2,100,,884,39,0,9,2,100,,885,39,0,9,2,102,,886,39,0,9,2,100,,887,39,0,9,2,98,,889,39,0,9,2,100,,890,39,0,9,2,105,,888,39,0,9,2,92,,891,39,0,9,2,100,,892,39,0,9,2,101,,893,39,0,9,2,98,,894,39,0,9,2,25,,895,39,0,9,2
3701,'8',813,,896,39,0,9,2,102,,897,39,0,9,2,100,,898,39,0,9,2,100,,899,39,0,9,2,112,,900,39,0,9,2,100,,901,39,0,9,2,100,,902,39,0,9,2,102,,903,39,0,9,2,100,,904,39,0,9,2,98,,907,39,0,9,2,100,,905,39,0,9,2,105,,906,39,0,9,2
37500,'12',823,,1162,23,,,2
5003700,'1',636,,1355,50,,,2,13,,1356,43,,,2,74,,1358,43,,,2,31,,1359,43,,,2,74,,1357,50,,,2
5003700,'3',649,,1361,43,,,2,74,,1360,43,,,2
5003700,'4',649,,1362,43,,,2,74,,1363,43,,,2
5003701,'1',1650,,1365,74,,,2,102,,1364,74,,,2,150,,1366,74,,,2
5003701,'3',1744,,1367,74,,,2
5003701,'4',1745,,1368,74,,,2,114,,1369,74,,,2
