3101,'1',631,,6013,14,0,8 1 32,2,72,,6011,14,0,8 1 32,2,104,,6015,14,0,8 1 32,2,105,,6016,14,0,8 1 32,2,99,,6017,14,0,8 1 32,2,100,,6018,14,0,8 1 32,2,106,,6019,14,0,8 1 32,2,102,,6020,14,0,8 1 32,2,101,,6021,14,0,8 1 32,2,100,,6022,14,0,8 1 32,2,97,,6023,14,0,8 1 32,2,31,,6026,14,0,8 1 32,2,71,,6027,14,0,8 1 32,2,31,,6024,14,0,8 1 32,2,73,,6028,14,0,8 1 32,2,24,,6025,14,0,8 1 32,2,76,,6029,14,0,8 1 32,2,290,,6030,14,0,8,2
3701,'1',541,,6122,7,0,9,2,81,,6123,14,0,9,2,103,,6124,14,,,2,105,,6125,14,0,9,2,104,,6126,14,0,9,2,97,,6127,14,0,9,2,102,,6128,14,0,9,2,115,,6129,14,0,9,2,102,,6130,14,0,9,2,102,,6131,14,0,9,2,154,,6132,14,0,9,2,142,,6133,14,0,9,2,72,,6134,14,0,9,2,101,,6135,14,0,9,2,96,,6136,14,0,9,2,96,,6137,14,0,9,2,100,,6138,14,0,9,2,100,,6139,14,0,9,2,28,,6140,14,0,9,2
3701,'2',657,,6141,14,0,9,2,100,,6142,14,0,9,2,102,,6143,14,0,9,2,142,,6144,14,0,9,2,102,,6145,14,0,9,2,116,,6146,14,0,9,2,103,,6147,14,0,9,2,100,,6148,14,0,9,2,101,,6149,14,0,9,2,100,,6150,14,0,9,2,101,,6151,14,0,9,2,95,,6152,14,0,9,2,97,,6153,14,0,9,2,96,,6154,14,0,9,2,100,,6155,14,0,9,2,101,,6156,14,0,9,2,98,,6157,14,0,9,2,28,,6158,14,0,9,2
3701,'3',757,,6159,14,0,9,2,102,,6160,14,0,9,2,142,,6161,14,0,9,2,102,,6162,14,0,9,2,116,,6163,14,0,9,2,103,,6164,14,0,9,2,100,,6165,14,0,9,2,101,,6166,14,0,9,2,100,,6167,14,0,9,2,101,,6168,14,0,9,2,95,,6169,14,0,9,2,97,,6170,14,0,9,2
3701,'71',540,,4746,7,0,9,2,185,,4749,14,,,2,105,,4748,14,0,9,2,102,,4747,14,0,9,2,98,,4750,14,0,9,2,102,,4751,14,0,9,2,113,,4752,14,0,9,2,102,,4753,14,0,9,2,102,,4754,14,0,9,2,155,,4755,14,0,9,2,113,,4756,14,0,9,2,100,,4757,14,0,9,2,101,,4758,14,0,9,2,97,,4759,14,0,9,2,97,,4760,14,0,9,2,101,,4761,14,0,9,2,102,,4762,14,0,9,2,28,,4763,14,0,9,2
3701,'72',701,,4764,14,0,9,2,100,,4765,14,0,9,2,102,,4766,14,0,9,2,100,,4767,14,0,9,2,100,,4768,14,0,9,2,112,,4769,14,0,9,2,100,,4770,14,0,9,2,100,,4771,14,0,9,2,102,,4772,14,0,9,2,100,,4773,14,0,9,2,98,,4774,14,0,9,2,100,,4775,14,0,9,2,100,,4776,14,0,9,2,97,,4779,14,0,9,2,100,,4780,14,0,9,2,101,,4781,14,0,9,2,98,,4777,14,0,9,2,28,,4778,14,0,9,2
3701,'73',801,,4782,14,0,9,2,102,,4783,14,0,9,2,100,,4784,14,0,9,2,100,,4785,14,0,9,2,112,,4786,14,0,9,2,100,,4787,14,0,9,2,100,,4788,14,0,9,2,102,,4789,14,0,9,2,100,,4790,14,0,9,2,98,,4791,14,0,9,2,100,,4792,14,0,9,2,109,,4793,14,0,9,2
3901,'1',1639,,6219,22,0,9,2,87,,6217,22,0,9,2,87,,6218,22,0,9,2
3901,'71',1643,,4843,19,,,2,82,,4842,19,,,2,80,,4841,19,,,2
31101,'85',1528,,4946,23,,,2
38001,'1',621,,6314,15,,,2,31,,6315,15,,,2
38001,'71',629,,4963,20,,,2,22,,4964,20,,,2
38101,'85',1534,,4966,30,,,2
38501,'83',1657,,4968,24,,,2
5003700,'1',633,,6395,14,,,2,76,,6394,14,,,2
5003700,'71',611,,5046,14,,,2,24,,5047,14,,,2,74,,5048,14,,,2
5003701,'1',1734,,6396,36,,,2
5003701,'71',1630,,5050,36,,,2,106,,5049,36,,,2
5003701,'81',1849,,5051,36,,,2
2000003101,'2',739,,7720,14,0,8 1 32,2,101,,7721,14,0,8 1 32,2,101,,7722,14,0,8 1 32,2,101,,7723,14,0,8 1 32,2,101,,7724,14,0,8 1 32,2,101,,7725,14,0,8 1 32,2,215,,7726,14,0,8 1 32,2,141,,7727,14,0,8 1 32,2,101,,7728,14,0,8 1 32,2,56,,7729,14,0,8 1 32,2,90,,7730,14,0,8,2
2000003101,'3',840,,7732,14,0,8 1 32,2,101,,7733,14,0,8 1 32,2,101,,7734,14,0,8 1 32,2,101,,7735,14,0,8 1 32,2,101,,7736,14,0,8 1 32,2,215,,7737,14,0,8 1 32,2,141,,7738,14,0,8 1 32,2,101,,7739,14,0,8 1 32,2,56,,7740,14,0,8 1 32,2,90,,7741,14,0,8,2
