20001,'1',1501,,1064,22,4,,2,32,,1065,22,4,,2
20001,'3',1505,,1071,22,4,,2,28,,1072,22,4,,2
20001,'4',1501,,1078,22,4,,2,31,,1079,22,4,,2
20001,'6',636,,1082,22,4,,2,76,,1084,22,4,,2
5002300,'1',656,,1309,60,4,,2,70,,1311,60,4,,2,31,,1312,60,4,,2,70,,1310,60,4,,2
5002300,'2',652,,1315,60,4,,2,64,,1313,60,4,,2,34,,1314,60,4,,2
5002400,'1',726,,1325,36,4,,2,28,,1323,36,4,,2,71,,1324,36,4,,2
5002400,'2',719,,1327,36,4,,2,31,,1326,36,4,,2
5003400,'1',703,,1334,38,4,,2,17,,1333,38,4,,2
5003400,'3',657,,1336,38,4,,2,56,,1335,38,4,,2
5003400,'4',701,,1338,38,4,,2,17,,1337,38,4,,2
5003600,'1',720,,1343,38,4,,2,31,,1342,38,4,,2
5003600,'3',713,,1345,38,4,,2,29,,1344,38,4,,2
5003600,'4',718,,1347,38,4,,2,31,,1346,38,4,,2
5003700,'1',704,,1355,73,4,,2,16,,1356,66,4,,2,36,,1358,66,4,,2,71,,1359,66,4,,2,30,,1357,73,4,,2
5003700,'3',713,,1361,66,4,,2,34,,1360,66,4,,2
5003700,'4',718,,1362,66,4,,2,36,,1363,66,4,,2
1200000200,'1',605,,1429,33,4,,1,15,,1428,55,4,,1,16,,1431,55,4,,1,9,,1437,33,4,,1,9,,1432,55,4,,1,60,,1436,55,4,,1,17,,1430,55,4,,1,17,,1440,55,4,,1,57,,1427,55,4,,1,15,,1434,55,4,,1,15,,1442,55,4,,1,12,,1438,55,4,,1,53,,1435,55,4,,1,13,,1443,55,4,,1,16,,1433,55,4,,1,12,,1446,55,4,,1,17,,1439,55,4,,1,58,,1441,55,4,,1,14,,1447,55,4,,1,15,,1445,55,4,,1,55,,1449,55,4,,1,15,,1451,55,4,,1,15,,1444,55,4,,1,15,,1452,55,4,,1,55,,1453,55,4,,1,15,,1454,55,4,,1,15,,1455,55,4,,1,15,,1457,55,4,,1,56,,1448,55,4,,1,15,,1450,55,4,,1,15,,1460,55,4,,1,15,,1461,55,4,,1,54,,1463,55,4,,1,15,,1459,55,4,,1,15,,1464,55,4,,1,22,,1456,55,4,,1,53,,1458,55,4,,1,16,,1465,55,4,,1,14,,1466,55,4,,1,17,,1467,55,4,,1,52,,1468,55,4,,1,14,,1462,55,4,,1,15,,1471,55,4,,1,15,,1473,55,4,,1,9,,1476,42,4,,1,45,,1474,55,4,,1,14,,1477,55,4,,1,15,,1480,55,4,,1,16,,1481,55,4,,1,54,,1478,55,4,,1,14,,1479,55,4,,1,14,,1470,55,4,,1,14,,1469,55,4,,1,15,,1475,55,4,,1,54,,1472,55,4,,1,30,,1483,55,4,,1,70,,1487,55,4,,1,30,,1482,55,4,,1,70,,1489,55,4,,1,29,,1490,55,4,,1,70,,1485,55,4,,1,27,,1484,55,4,,1,73,,1488,55,4,,1,26,,1491,55,4,,1
1200000200,'21',704,,1492,33,4,,1,24,,1494,33,4,,1,88,,1493,24,4,,1
1200000200,'3',604,,1498,33,4,,1,15,,1496,55,4,,1,15,,1500,55,4,,1,16,,1502,55,4,,1,57,,1504,55,4,,1,16,,1506,55,4,,1,16,,1508,55,4,,1,17,,1495,55,4,,1,55,,1509,55,4,,1,15,,1499,55,4,,1,14,,1497,55,4,,1,14,,1501,55,4,,1,56,,1503,55,4,,1,18,,1505,55,4,,1,13,,1507,55,4,,1,74,,1510,55,4,,1,29,,1512,55,4,,1,70,,1514,55,4,,1,30,,1515,55,4,,1,70,,1516,55,4,,1,30,,1511,55,4,,1,71,,1513,55,4,,1,30,,1517,55,4,,1,68,,1519,55,4,,1,37,,1521,55,4,,1,53,,1522,55,4,,1,16,,1525,55,4,,1,14,,1527,55,4,,1,17,,1529,55,4,,1,52,,1531,55,4,,1,14,,1518,55,4,,1,15,,1532,55,4,,1,15,,1520,55,4,,1,54,,1533,55,4,,1,15,,1524,55,4,,1,15,,1523,55,4,,1,15,,1526,55,4,,1,14,,1528,55,4,,1,54,,1530,55,4,,1,29,,1535,55,4,,1,70,,1534,55,4,,1,30,,1537,55,4,,1,70,,1541,55,4,,1,30,,1536,55,4,,1,70,,1543,55,4,,1,29,,1544,55,4,,1,70,,1539,55,4,,1,27,,1538,55,4,,1,73,,1542,55,4,,1,26,,1545,55,4,,1
1200000200,'4',604,,1548,33,4,,1,15,,1547,55,4,,1,15,,1551,55,4,,1,16,,1550,55,4,,1,58,,1553,55,4,,1,16,,1556,55,4,,1,16,,1559,55,4,,1,17,,1546,55,4,,1,55,,1560,55,4,,1,15,,1549,55,4,,1,14,,1555,55,4,,1,14,,1558,55,4,,1,55,,1552,55,4,,1,18,,1554,55,4,,1,13,,1557,55,4,,1,17,,1561,42,4,,1,58,,1563,55,4,,1,14,,1567,42,4,,1,15,,1565,55,4,,1,55,,1570,42,4,,1,15,,1569,55,4,,1,15,,1573,42,4,,1,15,,1572,55,4,,1,55,,1562,42,4,,1,14,,1574,55,4,,1,16,,1568,42,4,,1,14,,1564,55,4,,1,56,,1571,42,4,,1,15,,1566,55,4,,1,15,,1578,42,4,,1,15,,1576,55,4,,1,14,,1579,42,4,,1,55,,1581,55,4,,1,15,,1575,42,4,,1,22,,1583,55,4,,1,53,,1585,55,4,,1,16,,1588,55,4,,1,14,,1590,55,4,,1,17,,1592,55,4,,1,52,,1593,55,4,,1,14,,1577,55,4,,1,15,,1580,55,4,,1,15,,1582,55,4,,1,54,,1594,55,4,,1,15,,1587,55,4,,1,15,,1584,55,4,,1,16,,1586,55,4,,1,54,,1589,55,4,,1,14,,1591,55,4,,1,14,,1600,55,4,,1,14,,1597,55,4,,1,69,,1595,55,4,,1,30,,1598,55,4,,1,70,,1599,55,4,,1,30,,1601,55,4,,1,70,,1605,55,4,,1,29,,1606,55,4,,1,70,,1602,55,4,,1,27,,1596,55,4,,1,73,,1604,55,4,,1,26,,1607,55,4,,1
1200000200,'6',743,,1610,55,4,,1,71,,1613,55,4,,1,30,,1614,55,4,,1,70,,1608,55,4,,1,30,,1609,55,4,,1,69,,1612,55,4,,1,30,,1611,55,4,,1,70,,1615,55,4,,1,30,,1616,55,4,,1,70,,1618,55,4,,1,30,,1617,55,4,,1,71,,1620,55,4,,1,30,,1621,55,4,,1,71,,1622,55,4,,1,30,,1623,55,4,,1,69,,1624,55,4,,1,30,,1619,55,4,,1,72,,1626,55,4,,1,30,,1625,55,4,,1,70,,1629,55,4,,1,30,,1628,55,4,,1,69,,1633,55,4,,1,26,,1631,55,4,,1,70,,1638,55,4,,1,30,,1636,55,4,,1,70,,1627,55,4,,1,30,,1639,55,4,,1,69,,1634,55,4,,1,30,,1632,55,4,,1,70,,1640,55,4,,1,30,,1630,55,4,,1,70,,1635,55,4,,1,30,,1637,55,4,,1
1200000200,'7',2011,,1641,55,4,,1,30,,1642,55,4,,1
1200000200,'9',743,,1643,55,4,,1,71,,1645,55,4,,1,30,,1646,55,4,,1,70,,1648,55,4,,1,30,,1649,55,4,,1,69,,1644,55,4,,1,30,,1650,55,4,,1,70,,1647,55,4,,1,30,,1651,55,4,,1,70,,1653,55,4,,1,30,,1652,55,4,,1,71,,1655,55,4,,1,30,,1656,55,4,,1,71,,1657,55,4,,1,30,,1658,55,4,,1,69,,1660,55,4,,1,30,,1654,55,4,,1,72,,1662,55,4,,1,30,,1661,55,4,,1,70,,1664,55,4,,1,30,,1663,55,4,,1,69,,1666,55,4,,1,26,,1667,55,4,,1,70,,1665,55,4,,1,30,,1659,55,4,,1
1200000300,'1',631,,1941,51,4,,1,19,,1943,51,4,,1,60,,1945,51,4,,1,11,,1947,51,4,,1,10,,1942,51,4,,1,16,,1950,51,4,,1,55,,1946,51,4,,1,15,,1952,51,4,,1,14,,1955,51,4,,1,14,,1944,51,4,,1,13,,1951,53,4,,1,53,,1956,53,4,,1,15,,1949,53,4,,1,15,,1954,53,4,,1,15,,1948,53,4,,1,61,,1953,53,4,,1,20,,1958,53,4,,1,20,,1960,53,4,,1,60,,1957,53,4,,1,20,,1962,53,4,,1,20,,1964,53,4,,1,62,,1966,53,4,,1,20,,1959,53,4,,1,20,,1961,53,4,,1,60,,1967,53,4,,1,16,,1963,53,4,,1,20,,1965,53,4,,1,62,,1969,53,4,,1,20,,1971,53,4,,1,18,,1973,53,4,,1,66,,1968,53,4,,1,31,,1976,55,4,,1,68,,1970,55,4,,1,29,,1972,55,4,,1,72,,1977,55,4,,1,28,,1975,55,4,,1,73,,1974,55,4,,1,20,,1979,53,4,,1,69,,1981,53,4,,1,21,,1978,53,4,,1,70,,1986,53,4,,1,32,,1980,53,4,,1,73,,1988,53,4,,1
1200000300,'3',630,,1991,51,4,,1,16,,1994,51,4,,1,54,,1996,51,4,,1,10,,2001,51,4,,1,10,,1992,51,4,,1,16,,2002,51,4,,1,14,,1998,51,4,,1,55,,2004,51,4,,1,15,,1997,51,4,,1,16,,1995,51,4,,1,20,,1993,53,4,,1,55,,2003,53,4,,1,26,,1999,53,4,,1,69,,2005,53,4,,1,30,,2006,53,4,,1,70,,2008,53,4,,1,30,,2000,53,4,,1,72,,2010,53,4,,1,30,,2007,53,4,,1,70,,2009,53,4,,1,26,,2011,53,4,,1,70,,2013,53,4,,1,32,,2015,53,4,,1,84,,2017,53,4,,1,31,,2012,55,4,,1,68,,2014,55,4,,1,29,,2016,55,4,,1,73,,2018,55,4,,1,27,,2019,55,4,,1,73,,2022,55,4,,1,21,,2023,53,4,,1,69,,2021,53,4,,1,21,,2020,53,4,,1,70,,2029,53,4,,1,32,,2024,53,4,,1,73,,2031,53,4,,1
1200000300,'4',631,,2034,51,4,,1,16,,2038,51,4,,1,55,,2040,51,4,,1,10,,2043,51,4,,1,10,,2036,51,4,,1,16,,2045,51,4,,1,14,,2042,51,4,,1,55,,2046,51,4,,1,15,,2041,51,4,,1,16,,2039,51,4,,1,20,,2037,53,4,,1,53,,2044,53,4,,1,26,,2035,53,4,,1,70,,2047,53,4,,1,30,,2048,53,4,,1,70,,2050,53,4,,1,30,,2052,53,4,,1,72,,2054,53,4,,1,30,,2049,53,4,,1,70,,2051,53,4,,1,26,,2053,53,4,,1,70,,2055,53,4,,1,32,,2057,53,4,,1,84,,2059,53,4,,1,31,,2060,55,4,,1,68,,2056,55,4,,1,29,,2058,55,4,,1,72,,2062,55,4,,1,28,,2061,55,4,,1,73,,2064,55,4,,1,20,,2065,53,4,,1,69,,2069,53,4,,1,21,,2063,53,4,,1,70,,2070,53,4,,1,32,,2066,53,4,,1,73,,2071,53,4,,1
1200000300,'6',700,,2077,53,4,,1,30,,2079,53,4,,1,71,,2084,53,4,,1,30,,2088,53,4,,1,72,,2082,53,4,,1,31,,2081,53,4,,1,68,,2086,53,4,,1,30,,2087,53,4,,1,71,,2078,53,4,,1,29,,2080,53,4,,1,71,,2085,53,4,,1,30,,2083,53,4,,1,69,,2089,53,4,,1,32,,2090,53,4,,1,71,,2092,53,4,,1,31,,2091,53,4,,1,69,,2094,53,4,,1,29,,2095,53,4,,1,72,,2096,53,4,,1,31,,2097,53,4,,1,68,,2098,53,4,,1,29,,2093,53,4,,1,69,,2100,53,4,,1,28,,2099,53,4,,1
1200000300,'9',730,,2108,53,4,,1,71,,2110,53,4,,1,30,,2113,53,4,,1,72,,2115,53,4,,1,31,,2109,53,4,,1,68,,2112,53,4,,1,30,,2114,53,4,,1,71,,2117,53,4,,1,29,,2118,53,4,,1,71,,2111,53,4,,1,30,,2119,53,4,,1,69,,2116,53,4,,1,32,,2120,53,4,,1,71,,2122,53,4,,1,31,,2121,53,4,,1,69,,2124,53,4,,1,29,,2125,53,4,,1,72,,2126,53,4,,1,31,,2127,53,4,,1,68,,2128,53,4,,1,29,,2123,53,4,,1,69,,2130,53,4,,1,28,,2129,53,4,,1
1200000400,'1',722,,2340,57,4,,1,18,,2341,57,4,,1,16,,2342,57,4,,1,56,,2339,57,4,,1
1200000400,'3',715,,2345,57,4,,1,16,,2343,57,4,,1,16,,2346,57,4,,1,56,,2344,57,4,,1
1200000400,'4',720,,2348,57,4,,1,18,,2349,57,4,,1,16,,2350,57,4,,1,56,,2347,57,4,,1
