3701,'1',546,,6122,16,0,9,2,81,,6123,23,0,9,2,103,,6124,23,,,2,105,,6125,23,0,9,2,104,,6126,23,0,9,2,97,,6127,23,0,9,2,102,,6128,23,0,9,2,115,,6129,23,0,9,2,102,,6130,23,0,9,2,102,,6131,23,0,9,2,154,,6132,23,0,9,2,142,,6133,23,0,9,2,72,,6134,23,0,9,2,101,,6135,23,0,9,2,96,,6136,23,0,9,2,96,,6137,23,0,9,2,100,,6138,23,0,9,2,100,,6139,23,0,9,2,28,,6140,23,0,9,2
3701,'2',701,,6141,23,0,9,2,100,,6142,23,0,9,2,102,,6143,23,0,9,2,102,,6144,23,0,9,2,102,,6145,23,0,9,2,116,,6146,23,0,9,2,103,,6147,23,0,9,2,100,,6148,23,0,9,2,101,,6149,23,0,9,2,100,,6150,23,0,9,2,101,,6151,23,0,9,2,95,,6152,23,0,9,2,97,,6153,23,0,9,2,96,,6154,23,0,9,2,100,,6155,23,0,9,2,101,,6156,23,0,9,2,98,,6157,23,0,9,2,28,,6158,23,0,9,2
3701,'3',801,,6159,23,0,9,2,102,,6160,23,0,9,2,102,,6161,23,0,9,2,102,,6162,23,0,9,2,116,,6163,23,0,9,2,103,,6164,23,0,9,2,100,,6165,23,0,9,2,101,,6166,23,0,9,2,100,,6167,23,0,9,2,101,,6168,23,0,9,2,95,,6169,23,0,9,2,97,,6170,23,0,9,2
3701,'71',545,,4746,16,0,9,2,185,,4749,23,,,2,105,,4748,23,0,9,2,102,,4747,23,0,9,2,98,,4750,23,0,9,2,102,,4751,23,0,9,2,113,,4752,23,0,9,2,102,,4753,23,0,9,2,102,,4754,23,0,9,2,155,,4755,23,0,9,2,113,,4756,23,0,9,2,100,,4757,23,0,9,2,101,,4758,23,0,9,2,97,,4759,23,0,9,2,97,,4760,23,0,9,2,101,,4761,23,0,9,2,102,,4762,23,0,9,2,28,,4763,23,0,9,2
3701,'72',705,,4764,23,0,9,2,100,,4765,23,0,9,2,102,,4766,23,0,9,2,100,,4767,23,0,9,2,100,,4768,23,0,9,2,112,,4769,23,0,9,2,100,,4770,23,0,9,2,100,,4771,23,0,9,2,102,,4772,23,0,9,2,100,,4773,23,0,9,2,98,,4774,23,0,9,2,100,,4775,23,0,9,2,100,,4776,23,0,9,2,97,,4779,23,0,9,2,100,,4780,23,0,9,2,101,,4781,23,0,9,2,98,,4777,23,0,9,2,28,,4778,23,0,9,2
3701,'73',805,,4782,23,0,9,2,102,,4783,23,0,9,2,100,,4784,23,0,9,2,100,,4785,23,0,9,2,112,,4786,23,0,9,2,100,,4787,23,0,9,2,100,,4788,23,0,9,2,102,,4789,23,0,9,2,100,,4790,23,0,9,2,98,,4791,23,0,9,2,100,,4792,23,0,9,2,109,,4793,23,0,9,2
38101,'85',1540,,4966,43,,,2
38501,'83',1703,,4968,37,4,,2
5003700,'1',639,,6395,27,,,2,76,,6394,27,,,2
5003700,'71',617,,5046,27,,,2,24,,5047,27,,,2,74,,5048,27,,,2
5003701,'1',1740,,6396,49,,,2
5003701,'71',1636,,5050,49,,,2,106,,5049,49,,,2
5003701,'81',1855,,5051,49,,,2
