3101,'1',632,,6013,17,0,8 1 32,2,72,,6011,17,0,8 1 32,2,104,,6015,17,0,8 1 32,2,105,,6016,17,0,8 1 32,2,99,,6017,17,0,8 1 32,2,100,,6018,17,0,8 1 32,2,106,,6019,17,0,8 1 32,2,102,,6020,17,0,8 1 32,2,101,,6021,17,0,8 1 32,2,100,,6022,17,0,8 1 32,2,97,,6023,17,0,8 1 32,2,31,,6026,17,0,8 1 32,2,71,,6027,17,0,8 1 32,2,31,,6024,17,0,8 1 32,2,73,,6028,17,0,8 1 32,2,24,,6025,17,0,8 1 32,2,76,,6029,17,0,8 1 32,2,290,,6030,17,0,8,2
3701,'1',542,,6122,10,0,9,2,81,,6123,17,0,9,2,103,,6124,17,,,2,105,,6125,17,0,9,2,104,,6126,17,0,9,2,97,,6127,17,0,9,2,102,,6128,17,0,9,2,115,,6129,17,0,9,2,102,,6130,17,0,9,2,102,,6131,17,0,9,2,154,,6132,17,0,9,2,142,,6133,17,0,9,2,72,,6134,17,0,9,2,101,,6135,17,0,9,2,96,,6136,17,0,9,2,96,,6137,17,0,9,2,100,,6138,17,0,9,2,100,,6139,17,0,9,2,28,,6140,17,0,9,2
3701,'2',658,,6141,17,0,9,2,100,,6142,17,0,9,2,142,,6143,17,0,9,2,102,,6144,17,0,9,2,102,,6145,17,0,9,2,116,,6146,17,0,9,2,103,,6147,17,0,9,2,100,,6148,17,0,9,2,101,,6149,17,0,9,2,100,,6150,17,0,9,2,101,,6151,17,0,9,2,95,,6152,17,0,9,2,97,,6153,17,0,9,2,96,,6154,17,0,9,2,100,,6155,17,0,9,2,101,,6156,17,0,9,2,98,,6157,17,0,9,2,28,,6158,17,0,9,2
3701,'3',758,,6159,17,0,9,2,142,,6160,17,0,9,2,102,,6161,17,0,9,2,102,,6162,17,0,9,2,116,,6163,17,0,9,2,103,,6164,17,0,9,2,100,,6165,17,0,9,2,101,,6166,17,0,9,2,100,,6167,17,0,9,2,101,,6168,17,0,9,2,95,,6169,17,0,9,2,97,,6170,17,0,9,2
3701,'71',541,,4746,10,0,9,2,185,,4749,17,,,2,105,,4748,17,0,9,2,102,,4747,17,0,9,2,98,,4750,17,0,9,2,102,,4751,17,0,9,2,113,,4752,17,0,9,2,102,,4753,17,0,9,2,102,,4754,17,0,9,2,155,,4755,17,0,9,2,113,,4756,17,0,9,2,100,,4757,17,0,9,2,101,,4758,17,0,9,2,97,,4759,17,0,9,2,97,,4760,17,0,9,2,101,,4761,17,0,9,2,102,,4762,17,0,9,2,28,,4763,17,0,9,2
3701,'72',702,,4764,17,0,9,2,100,,4765,17,0,9,2,102,,4766,17,0,9,2,100,,4767,17,0,9,2,100,,4768,17,0,9,2,112,,4769,17,0,9,2,100,,4770,17,0,9,2,100,,4771,17,0,9,2,102,,4772,17,0,9,2,100,,4773,17,0,9,2,98,,4774,17,0,9,2,100,,4775,17,0,9,2,100,,4776,17,0,9,2,97,,4779,17,0,9,2,100,,4780,17,0,9,2,101,,4781,17,0,9,2,98,,4777,17,0,9,2,28,,4778,17,0,9,2
3701,'73',802,,4782,17,0,9,2,102,,4783,17,0,9,2,100,,4784,17,0,9,2,100,,4785,17,0,9,2,112,,4786,17,0,9,2,100,,4787,17,0,9,2,100,,4788,17,0,9,2,102,,4789,17,0,9,2,100,,4790,17,0,9,2,98,,4791,17,0,9,2,100,,4792,17,0,9,2,109,,4793,17,0,9,2
31101,'85',1529,,4946,26,,,2
38101,'85',1535,,4966,33,,,2
38501,'83',1658,,4968,27,,,2
5003700,'1',634,,6395,17,,,2,76,,6394,17,,,2
5003700,'71',612,,5046,17,,,2,24,,5047,17,,,2,74,,5048,17,,,2
5003701,'1',1735,,6396,39,,,2
5003701,'71',1631,,5050,39,,,2,106,,5049,39,,,2
5003701,'81',1850,,5051,39,,,2
2000003101,'2',740,,7720,17,0,8 1 32,2,101,,7721,17,0,8 1 32,2,101,,7722,17,0,8 1 32,2,101,,7723,17,0,8 1 32,2,101,,7724,17,0,8 1 32,2,101,,7725,17,0,8 1 32,2,255,,7726,17,0,8 1 32,2,101,,7727,17,0,8 1 32,2,101,,7728,17,0,8 1 32,2,56,,7729,17,0,8 1 32,2,90,,7730,17,0,8,2
2000003101,'3',841,,7732,17,0,8 1 32,2,101,,7733,17,0,8 1 32,2,101,,7734,17,0,8 1 32,2,101,,7735,17,0,8 1 32,2,101,,7736,17,0,8 1 32,2,255,,7737,17,0,8 1 32,2,101,,7738,17,0,8 1 32,2,101,,7739,17,0,8 1 32,2,56,,7740,17,0,8 1 32,2,90,,7741,17,0,8,2
