1301,'1',647,,5816,28,,,2,77,,5818,28,,,2,94,,5817,28,,,2,812,,5819,28,,,2,13,,5820,28,,,2,76,,5822,28,,,2,30,,5821,28,,,2
1301,'71',659,,4409,28,,,2,83,,4410,28,,,2,73,,4408,28,,,2,812,,4413,28,,,2,14,,4411,28,,,2,75,,4414,28,,,2,30,,4412,28,,,2
1301,'88',1642,,4415,14,,,2
1500,'1',607,,5823,33,,,2,29,,5825,33,,,2,69,,5827,33,,,2,30,,5826,36,,,2,71,,5829,36,,,2,41,,5828,36,0,10 11,2,109,,5824,33,0,12 13,2,100,,5830,33,0,12 13,2,100,,5831,33,0,12 13,2,103,,5832,32,0,12 13,2
1500,'16',846,,5833,21,0,10 11,2
1500,'71',607,,4416,34,,,2,29,,4417,34,,,2,69,,4421,34,,,2,32,,4420,33,,,2,69,,4418,33,,,2,41,,4422,34,0,10 11,2,111,,4419,33,0,12 13,2,155,,4423,33,0,12 13,2,116,,4424,33,0,12 13,2,30,,4425,33,0,12 13,2,157,,4427,33,0,12 13,2,116,,4428,33,,,2,20,,4429,2,,,2,77,,4426,33,,,2,77,,4431,34,,,2,27,,4430,33,,,2,100,,4432,33,0,12 13,2,111,,4433,33,0,12 13,2,103,,4434,33,0,12 13,2
1500,'87',846,,4435,23,0,10 11,2
1600,'1',1355,,5848,17,0,12 13,2,96,,5849,17,0,12 13,2,76,,5851,17,,,2,25,,5854,2,,,2,75,,5850,20,,,2,80,,5852,20,,,2,25,,5855,20,,,2,99,,5853,20,0,12 13,2,102,,5856,17,0,12 13,2,110,,5857,17,0,12 13,2
13100,'15',727,,6233,39,,,2
13100,'84',727,,4864,39,,,2
20001,'1',550,,6248,1,0,14,2,60,,6249,1,0,14,2,812,,6250,1,,,2,32,,6251,1,,,2
20001,'2',621,,6252,1,,,2,18,,6253,1,0,14,2,10,,6254,1,,,2
20001,'71',550,,4888,6,0,14,2,60,,4889,6,0,14,2,7,,4890,6,0,14,2,8,,4891,6,0,14,2,801,,4892,6,,,2,29,,4893,6,,,2,76,,4894,6,0,14,2,308,,4895,6,0,14,2
20001,'72',613,,4896,6,,,2,20,,4897,6,0,14,2,16,,4898,6,,,2
21001,'1',530,,6272,1,,,2,27,,6273,1,,,2,55,,6274,1,,,2,13,,6275,1,,,2,1381,,6276,1,,,2
21001,'2',607,,6277,1,,,2,30,,6278,1,,,2,70,,6279,1,,,2,31,,6280,1,,,2,475,,6281,1,,,2,30,,6282,1,,,2,468,,6283,1,,,2
21001,'3',637,,6284,1,,,2,70,,6285,1,,,2,31,,6286,1,,,2,404,,6287,1,,,2
21001,'71',530,,4909,6,,,2,27,,4910,6,,,2,55,,4911,6,,,2,13,,4912,6,,,2,325,,4913,6,,,2,162,,4914,6,,,2,894,,4915,6,,,2
21001,'72',556,,4916,6,,,2,69,,4917,6,,,2,30,,4918,6,,,2,70,,4919,6,,,2
21001,'73',625,,4920,6,,,2,30,,4921,6,,,2,70,,4922,6,,,2
35001,'71',1542,,4952,6,,,2
38001,'1',526,,6313,1,,,2,79,,6314,1,,,2,28,,6315,1,,,2
38001,'71',525,,4962,6,,,2,88,,4963,6,,,2,19,,4964,6,,,2
1200000101,'1',1527,,7148,22,,,1,31,,7149,22,,,1,70,,7150,22,,,1,73,,7151,22,,,1
1200000101,'71',1527,,5070,22,,,1,31,,5071,22,,,1,70,,5069,22,,,1,75,,5072,22,,,1
2000001500,'2',751,,7667,33,,,2,101,,7668,32,,,2,100,,7669,32,,,2,94,,7670,32,,,2,109,,7671,32,,,2,101,,7672,32,,,2,201,,7673,33,,,2,101,,7674,32,,,2,95,,7675,32,,,2,105,,7676,32,,,2,93,,7677,32,,,2
2000001500,'3',852,,7678,33,,,2,100,,7679,32,,,2,94,,7680,32,,,2,109,,7681,32,,,2,101,,7682,32,,,2,201,,7683,33,,,2,101,,7684,32,,,2,95,,7685,32,,,2,105,,7686,32,,,2,93,,7687,32,,,2
2000001500,'72',744,,5607,34,,,2,102,,5608,33,,,2,103,,5609,33,,,2,100,,5610,33,,,2,102,,5611,33,,,2,100,,5612,33,,,2,190,,5613,34,,,2,99,,5614,33,,,2,95,,5615,33,,,2,107,,5616,33,,,2,98,,5617,33,,,2
2000001500,'73',846,,5618,34,,,2,103,,5619,33,,,2,100,,5620,33,,,2,102,,5621,33,,,2,100,,5622,33,,,2,190,,5623,34,,,2,99,,5624,33,,,2,95,,5625,33,,,2,107,,5626,33,,,2,98,,5627,33,,,2
