3501,'1',554,,6049,29,,,2,96,,6050,31,,,2,84,,6051,31,,,2,97,,6052,31,,,2,82,,6053,31,,,2,39,,6054,31,,,2,85,,6055,31,,,2,85,,6056,31,,,2,86,,6057,31,,,2,45,,6058,31,,,2,85,,6059,31,,,2,85,,6060,31,,,2,85,,6061,31,,,2,99,,6062,31,,,2,44,,6064,31,,,2,81,,6065,31,,,2,82,,6066,31,,,2,44,,6067,31,,,2,74,,6063,31,,,2,78,,6068,31,,,2,26,,6069,31,,,2,71,,6070,31,,,2,27,,6071,31,,,2,78,,6072,31,,,2,30,,6073,31,,,2,68,,6074,31,,,2,25,,6075,31,,,2
3501,'2',716,,6076,31,,,2,30,,6077,31,,,2,70,,6078,31,,,2,30,,6079,31,,,2,70,,6080,31,,,2,33,,6081,31,,,2,87,,6082,31,,,2,85,,6083,31,,,2,87,,6084,31,,,2,47,,6085,31,,,2,89,,6086,31,,,2,85,,6088,31,,,2,86,,6089,31,,,2,85,,6090,31,,,2,45,,6091,31,,,2,82,,6092,31,,,2,83,,6087,31,,,2,41,,6093,31,,,2,78,,6094,31,,,2,85,,6095,31,,,2,30,,6096,31,,,2,68,,6097,31,,,2,28,,6098,31,,,2,70,,6099,31,,,2,30,,6100,31,,,2,68,,6101,31,,,2,25,,6102,31,,,2
3501,'3',846,,6103,31,,,2,70,,6104,31,,,2,33,,6105,31,,,2,87,,6106,31,,,2,85,,6107,31,,,2,87,,6108,31,,,2,47,,6109,31,,,2,89,,6110,31,,,2,85,,6111,31,,,2,86,,6112,31,,,2,85,,6114,31,,,2,45,,6115,31,,,2,82,,6116,31,,,2,83,,6117,31,,,2,41,,6118,31,,,2,78,,6119,31,,,2,85,,6113,31,,,2
3501,'71',557,,4652,29,,,2,96,,4653,31,,,2,71,,4654,31,,,2,110,,4658,31,,,2,79,,4655,31,,,2,40,,4656,31,,,2,97,,4659,31,,,2,102,,4660,31,,,2,98,,4657,31,,,2,101,,4662,31,,,2,102,,4661,31,,,2,153,,4663,31,,,2,33,,4664,31,,,2,76,,4665,31,,,2,34,,4666,31,,,2,104,,4667,31,,,2,90,,4670,31,,,2,92,,4671,31,,,2,98,,4672,31,,,2,108,,4668,31,,,2,93,,4669,31,,,2
3501,'72',708,,4673,31,,,2,100,,4674,31,,,2,101,,4675,31,,,2,100,,4676,31,,,2,100,,4677,31,,,2,101,,4678,31,,,2,106,,4679,31,,,2,102,,4680,31,,,2,101,,4681,31,,,2,100,,4682,31,,,2,92,,4683,31,,,2,97,,4684,31,,,2,95,,4685,31,,,2,110,,4686,31,,,2,98,,4687,31,,,2,98,,4688,31,,,2,98,,4689,31,,,2
3501,'73',909,,4690,31,,,2,100,,4691,31,,,2,100,,4692,31,,,2,101,,4693,31,,,2,106,,4694,31,,,2,102,,4695,31,,,2,101,,4696,31,,,2,100,,4697,31,,,2,92,,4698,31,,,2,97,,4699,31,,,2,95,,4700,31,,,2,103,,4701,31,,,2
35100,'84',723,,4953,30,,,2
35101,'85',1549,,4954,54,,,2
35500,'82',816,,4955,30,,,2
35501,'83',1701,,4956,64,,,2
