3600,'1',620,,750,21,,,2,137,,751,21,,,2,94,,752,21,,,2,161,,753,21,,,2,101,,754,21,,,2,100,,755,21,,,2,103,,756,21,,,2,100,,757,21,,,2,100,,758,21,,,2,305,,759,21,,,2,90,,760,21,,,2,92,,761,21,,,2,97,,762,21,,,2,104,,763,21,,,2,53,,764,21,,,2
3600,'3',620,,765,21,,,2,137,,766,21,,,2,255,,767,21,,,2,101,,768,21,,,2,100,,770,21,,,2,103,,769,21,,,2,100,,771,21,,,2,100,,772,21,,,2,305,,773,21,,,2,90,,774,21,,,2,92,,775,21,,,2,97,,776,21,,,2,104,,777,21,,,2,53,,778,21,,,2
3600,'4',620,,779,21,,,2,137,,783,21,,,2,255,,782,21,,,2,101,,780,21,,,2,100,,781,21,,,2,103,,784,21,,,2,100,,785,21,,,2,100,,786,21,,,2,305,,787,21,,,2,90,,790,21,,,2,92,,791,21,,,2,97,,792,21,,,2,104,,788,21,,,2,53,,789,21,,,2
3600,'6',734,,793,21,,,2,100,,794,21,,,2,101,,795,21,,,2,100,,796,21,,,2,105,,797,21,,,2,100,,798,21,,,2,100,,799,21,,,2,102,,800,21,,,2,101,,801,21,,,2,99,,802,21,,,2,97,,807,21,,,2,97,,808,21,,,2,91,,809,21,,,2,109,,803,21,,,2,99,,804,21,,,2,97,,805,21,,,2,93,,806,21,,,2
3600,'8',834,,810,21,,,2,101,,811,21,,,2,100,,812,21,,,2,105,,813,21,,,2,100,,814,21,,,2,100,,815,21,,,2,102,,816,21,,,2,101,,817,21,,,2,99,,818,21,,,2,97,,819,21,,,2,97,,820,21,,,2,91,,821,21,,,2
22901,'18',1629,,1135,6,,,2
5003600,'1',654,,1343,21,,,2,68,,1342,21,,,2
5003600,'3',654,,1345,21,,,2,68,,1344,21,,,2
5003600,'4',654,,1347,21,,,2,68,,1346,21,,,2
5003601,'1',1617,,1350,35,,,2,85,,1348,35,,,2,22,,1349,35,,,2
5003601,'3',1650,,1351,35,,,2,67,,1352,35,,,2
5003601,'4',1655,,1353,35,,,2,62,,1354,35,,,2
