2301,'1',1157,,5958,17,,,2,71,,5959,17,,,2,30,,5961,17,,,2,70,,5960,17,,,2,30,,5962,17,,,2,71,,5963,17,,,2,71,,5966,17,,,2,51,,5964,17,,,2,68,,5967,17,,,2,36,,5965,17,,,2,101,,5968,17,,,2,66,,5975,17,,,2,37,,5969,17,,,2,142,,5970,17,,,2,50,,5971,17,,,2,154,,5972,17,,,2
2301,'14',1654,,5979,21,,,2
2301,'2',1214,,5985,17,,,2,101,,5986,17,,,2,101,,5987,17,,,2,100,,5988,17,,,2,100,,5989,17,,,2,101,,5990,17,,,2,97,,5991,17,,,2
2301,'3',1214,,5996,17,,,2,101,,5997,17,,,2,101,,5998,17,,,2,100,,5999,17,,,2,100,,6000,17,,,2,101,,6001,17,,,2,97,,6002,17,,,2
2301,'71',1155,,4558,17,,,2,70,,4562,17,,,2,31,,4564,17,,,2,70,,4563,17,,,2,30,,4565,17,,,2,70,,4566,17,,,2,74,,4576,17,,,2,42,,4567,17,,,2,108,,4568,21,,,2,103,,4570,17,,,2,71,,4575,17,,,2,35,,4571,17,,,2,100,,4572,17,,,2,92,,4573,17,,,2,154,,4574,17,,,2
2301,'72',1225,,4584,17,,,2,102,,4585,17,,,2,101,,4586,17,,,2,101,,4587,17,,,2,100,,4588,17,,,2,102,,4589,17,,,2,96,,4590,17,,,2
2301,'73',1225,,4595,17,,,2,102,,4596,17,,,2,101,,4597,17,,,2,101,,4598,17,,,2,100,,4599,17,,,2,102,,4600,17,,,2,96,,4601,17,,,2
2301,'88',1650,,4602,21,,,2
23501,'83',1652,,4936,14,,,2
5002301,'1',1703,,6382,27,,,2,25,,6381,27,,,2
5002301,'71',1617,,5032,27,,,2,86,,5031,27,,,2,25,,5030,27,,,2
