3401,'1',641,,6039,30,,,2,67,,6040,30,,,2,97,,6041,31,,,2,748,,6042,30,,,2,90,,6043,30,,,2,97,,6044,30,,,2,66,,6045,30,,,2,46,,6046,30,,,2,68,,6047,30,,,2
3401,'14',1657,,6048,34,,,2
3401,'71',641,,4642,30,,,2,67,,4644,30,,,2,97,,4643,31,,,2,796,,4646,30,,,2,53,,4645,34,,,2,70,,4649,30,,,2,79,,4650,30,,,2,47,,4651,30,,,2,66,,4648,30,,,2
13100,'15',750,,6233,70,,,2
13100,'84',750,,4864,70,,,2
34501,'83',1629,,4950,26,,,2
5003401,'1',1705,,6389,42,,,2
5003401,'71',1705,,5040,42,,,2
2000003401,'2',753,,7771,30,,,2,85,,7772,30,,,2,85,,7773,30,,,2,85,,7774,30,,,2,49,,7775,30,,,2,85,,7776,30,,,2,88,,7777,30,,,2,81,,7778,30,,,2,134,,7779,30,,,2,86,,7780,30,,,2,84,,7781,30,,,2,88,,7782,30,,,2,44,,7783,30,,,2,81,,7784,30,,,2,82,,7785,30,,,2
2000003401,'3',838,,7786,30,,,2,85,,7787,30,,,2,85,,7788,30,,,2,49,,7789,30,,,2,85,,7790,30,,,2,88,,7791,30,,,2,81,,7792,30,,,2,134,,7793,30,,,2,86,,7794,30,,,2,84,,7795,30,,,2,88,,7796,30,,,2,44,,7797,30,,,2,81,,7798,30,,,2,82,,7799,30,,,2
2000003401,'72',753,,5711,30,,,2,85,,5712,30,,,2,84,,5713,30,,,2,85,,5714,30,,,2,47,,5715,30,,,2,85,,5716,30,,,2,85,,5717,30,,,2,85,,5718,30,,,2,130,,5719,30,,,2,92,,5720,30,,,2,79,,5721,30,,,2,93,,5722,30,,,2,37,,5723,30,,,2,88,,5724,30,,,2,77,,5725,30,,,2
2000003401,'73',838,,5726,30,,,2,84,,5727,30,,,2,85,,5728,30,,,2,47,,5729,30,,,2,85,,5730,30,,,2,85,,5731,30,,,2,85,,5732,30,,,2,130,,5733,30,,,2,92,,5734,30,,,2,79,,5735,30,,,2,93,,5736,30,,,2,37,,5737,30,,,2,88,,5738,30,,,2,77,,5739,30,,,2
