2200,'71',620,,4456,45,,,2,28,,4471,83,,,2,63,,4457,45,,,2,30,,4472,45,,,2,66,,4474,83,,,2,130,,4458,45,,,2,75,,4460,45,,,2,32,,4459,45,,,2,72,,4461,45,,,2,30,,4465,45,,,2,70,,4462,45,,,2,31,,4466,45,,,2,70,,4463,45,,,2,30,,4475,45,,,2,70,,4464,45,,,2,29,,4476,45,,,2,74,,4469,45,,,2,31,,4467,31,,,2,65,,4470,31,,,2,108,,4468,31,,,2,34,,4477,31,,,2,100,,4478,31,,,2
2201,'14',1636,,5902,2,0,14,2
2201,'71',1633,,4501,2,,,2
2201,'88',1633,,4506,2,,,2
2300,'71',617,,4520,57,,,2,191,,4525,57,,,2,115,,4507,57,,,2,36,,4510,57,,,2,70,,4508,57,,,2,71,,4511,57,,,2,30,,4509,57,,,2,70,,4512,57,,,2,31,,4515,43,,,2,70,,4513,43,,,2,30,,4516,43,,,2,70,,4514,43,,,2,32,,4517,43,,,2,74,,4518,43,,,2,31,,4528,43,,,2,117,,4530,43,,,2,75,,4519,43,,,2,28,,4526,43,,,2,70,,4521,43,,,2,30,,4527,43,,,2,75,,4522,43,,,2,100,,4523,43,,,2,97,,4524,43,,,2
2300,'72',657,,4531,57,,,2,101,,4532,57,,,2,101,,4533,57,,,2,141,,4534,57,,,2,101,,4535,57,,,2,100,,4536,57,,,2,101,,4537,57,,,2,101,,4538,43,,,2,100,,4539,43,,,2,100,,4540,43,,,2,100,,4541,43,,,2,102,,4542,43,,,2
2300,'73',758,,4543,57,,,2,101,,4544,57,,,2,141,,4545,57,,,2,101,,4546,57,,,2,100,,4547,57,,,2,101,,4548,57,,,2,101,,4549,43,,,2,100,,4550,43,,,2,100,,4551,43,,,2,100,,4552,43,,,2,102,,4553,43,,,2
2301,'14',1635,,5979,2,,,2,1,,5978,2,0,14,2
2301,'71',1633,,4568,2,,,2
2301,'88',1633,,4602,2,,,2
3101,'71',617,,4611,42,0,8 1 14,2,31,,4613,42,0,8 1 14,2,79,,4610,68,0,8 1 14,2,24,,4612,68,0,8 1 14,2,95,,4614,68,0,8 1 14,2,56,,4618,42,0,8 1 14,2,54,,4619,68,0,8 1 14,2,85,,4615,68,0,8 1 14,2,87,,4616,68,0,8 1 14,2,96,,4617,68,0,8 1 14,2,87,,4620,68,0,8 1 14,2,45,,4621,68,0,8 1 14,2,86,,4622,68,0,8 1 14,2,88,,4623,68,0,8 1 14,2,87,,4624,68,0,8 1 14,2,42,,4627,68,0,8 1 14,2,56,,4625,68,0,8 1 14,2,35,,4628,68,0,8 1 14,2,64,,4631,68,0,8 1 14,2,26,,4629,68,0,8 1 14,2,76,,4626,68,0,8 1 14,2,28,,4630,68,0,8 1 14,2
3400,'1',621,,6032,35,,,2,117,,6033,37,,,2,79,,6031,35,,,2,794,,6037,35,,,2,102,,6034,37,,,2,27,,6035,37,,,2,92,,6036,37,,,2
3400,'71',621,,4634,35,,,2,117,,4635,37,,,2,77,,4636,35,,,2,714,,4637,26,,,2,82,,4638,35,,,2,89,,4639,37,,,2,41,,4640,37,,,2,89,,4641,37,,,2
3401,'14',1635,,6048,2,,,2
3401,'71',1633,,4647,2,0,14,2
3501,'1',557,,6049,31,,,2,98,,6050,33,,,2,84,,6051,33,,,2,97,,6052,33,,,2,82,,6053,33,,,2,39,,6054,33,,,2,85,,6055,33,,,2,85,,6056,33,,,2,86,,6057,33,,,2,45,,6058,33,,,2,85,,6059,33,,,2,85,,6060,33,,,2,85,,6061,33,,,2,100,,6062,33,,,2,44,,6064,33,,,2,80,,6065,33,,,2,82,,6066,33,,,2,83,,6067,33,,,2,34,,6063,33,,,2,77,,6068,33,,,2,26,,6069,33,,,2,71,,6070,33,,,2,27,,6071,33,,,2,78,,6072,33,,,2,30,,6073,33,,,2,68,,6074,33,,,2,25,,6075,33,,,2
3501,'2',720,,6076,33,,,2,30,,6077,33,,,2,70,,6078,33,,,2,30,,6079,33,,,2,71,,6080,33,,,2,33,,6081,33,,,2,88,,6082,33,,,2,85,,6083,33,,,2,87,,6084,33,,,2,87,,6085,33,,,2,49,,6086,33,,,2,85,,6088,33,,,2,86,,6089,33,,,2,85,,6090,33,,,2,45,,6091,33,,,2,81,,6092,33,,,2,83,,6087,33,,,2,39,,6093,33,,,2,78,,6094,33,,,2,85,,6095,33,,,2,30,,6096,33,,,2,68,,6097,33,,,2,28,,6098,33,,,2,70,,6099,33,,,2,30,,6100,33,,,2,68,,6101,33,,,2,25,,6102,33,,,2
3501,'3',850,,6103,33,,,2,71,,6104,33,,,2,33,,6105,33,,,2,88,,6106,33,,,2,85,,6107,33,,,2,87,,6108,33,,,2,87,,6109,33,,,2,49,,6110,33,,,2,85,,6111,33,,,2,86,,6112,33,,,2,85,,6114,33,,,2,45,,6115,33,,,2,81,,6116,33,,,2,83,,6117,33,,,2,39,,6118,33,,,2,78,,6119,33,,,2,85,,6113,33,,,2
3501,'71',600,,4652,31,,,2,56,,4653,33,,,2,71,,4654,33,,,2,110,,4658,33,,,2,79,,4655,33,,,2,40,,4656,33,,,2,97,,4659,33,,,2,102,,4660,33,,,2,98,,4657,33,,,2,101,,4662,33,,,2,102,,4661,33,,,2,154,,4663,33,,,2,33,,4664,33,,,2,76,,4665,33,,,2,33,,4666,33,,,2,104,,4667,33,,,2,90,,4670,33,,,2,92,,4671,33,,,2,98,,4672,33,,,2,108,,4668,33,,,2,93,,4669,33,,,2
3501,'72',711,,4673,33,,,2,100,,4674,33,,,2,101,,4675,33,,,2,100,,4676,33,,,2,100,,4677,33,,,2,101,,4678,33,,,2,106,,4679,33,,,2,102,,4680,33,,,2,101,,4681,33,,,2,100,,4682,33,,,2,92,,4683,33,,,2,97,,4684,33,,,2,95,,4685,33,,,2,110,,4686,33,,,2,98,,4687,33,,,2,98,,4688,33,,,2,98,,4689,33,,,2
3501,'73',912,,4690,33,,,2,100,,4691,33,,,2,100,,4692,33,,,2,101,,4693,33,,,2,106,,4694,33,,,2,102,,4695,33,,,2,101,,4696,33,,,2,100,,4697,33,,,2,92,,4698,33,,,2,97,,4699,33,,,2,95,,4700,33,,,2,103,,4701,33,,,2
3600,'1',629,,6120,31,,,2
3600,'13',904,,6121,31,,,2
3600,'71',628,,4702,31,,,2,179,,4703,31,,,2,50,,4705,31,,,2,166,,4706,31,,,2,100,,4707,31,,,2,100,,4708,31,,,2,102,,4704,31,,,2,99,,4709,31,,,2,100,,4710,31,,,2,300,,4711,31,,,2,98,,4714,31,,,2,92,,4715,31,,,2,96,,4716,31,,,2,104,,4712,31,,,2,98,,4713,31,,,2
3600,'72',741,,4717,31,,,2,101,,4718,31,,,2,100,,4719,31,,,2,100,,4720,31,,,2,101,,4721,31,,,2,107,,4722,31,,,2,101,,4723,31,,,2,101,,4724,31,,,2,101,,4725,31,,,2,98,,4726,31,,,2,93,,4727,31,,,2,93,,4728,31,,,2,97,,4729,31,,,2,113,,4730,31,,,2,96,,4731,31,,,2,99,,4732,31,,,2,92,,4733,31,,,2
3600,'73',842,,4734,31,,,2,100,,4735,31,,,2,100,,4736,31,,,2,101,,4737,31,,,2,107,,4738,31,,,2,101,,4739,31,,,2,101,,4740,31,,,2,101,,4741,31,,,2,98,,4742,31,,,2,93,,4743,31,,,2,93,,4744,31,,,2,97,,4745,31,,,2
3900,'71',658,,4838,26,0,14,2,69,,4840,26,0,14,2,79,,4839,26,0,14,2,52,,4837,26,0,14,2
20001,'1',602,,6248,7,0,14,2,24,,6249,7,0,14,2,815,,6250,7,,,2,74,,6251,7,,,2
20001,'2',633,,6252,7,,,2,19,,6253,7,0,14,2,51,,6254,7,,,2
20001,'71',603,,4888,12,0,14,2,22,,4889,12,0,14,2,9,,4890,12,0,14,2,12,,4891,12,0,14,2,800,,4892,12,,,2,72,,4893,12,,,2,41,,4894,12,0,14,2,295,,4895,12,0,14,2
20001,'72',626,,4896,12,,,2,20,,4897,12,0,14,2,58,,4898,12,,,2
5003601,'71',1625,,5045,43,,,2,84,,5043,43,,,2,24,,5044,43,,,2
1200000201,'14',1632,,7317,4,,,1
2000003101,'72',726,,5659,42,0,8 1 14,2,101,,5660,68,0,8 1 14,2,101,,5661,68,0,8 1 14,2,100,,5662,68,0,8 1 14,2,100,,5663,68,0,8 1 14,2,100,,5664,68,0,8 1 14,2,100,,5665,68,0,8 1 14,2,199,,5666,68,0,8 1 14,2,102,,5667,68,0,8 1 14,2,102,,5668,68,0,8 1 14,2,98,,5669,68,0,8 1 14,2
2000003101,'73',827,,5671,42,0,8 1 14,2,100,,5672,68,0,8 1 14,2,101,,5673,68,0,8 1 14,2,100,,5674,68,0,8 1 14,2,100,,5675,68,0,8 1 14,2,100,,5676,68,0,8 1 14,2,199,,5677,68,0,8 1 14,2,102,,5678,68,0,8 1 14,2,102,,5679,68,0,8 1 14,2,98,,5680,68,0,8 1 14,2
2000003400,'2',732,,7742,35,,,2,85,,7743,37,,,2,86,,7744,37,,,2,45,,7745,37,,,2,87,,7746,37,,,2,86,,7747,37,,,2,85,,7748,37,,,2,48,,7749,37,,,2,171,,7750,37,,,2,83,,7751,37,,,2,47,,7752,37,,,2,83,,7753,37,,,2,90,,7754,37,,,2,82,,7755,37,,,2,41,,7756,37,,,2
2000003400,'3',817,,7757,35,,,2,86,,7758,37,,,2,45,,7759,37,,,2,87,,7760,37,,,2,86,,7761,37,,,2,85,,7762,37,,,2,48,,7763,37,,,2,171,,7764,37,,,2,83,,7765,37,,,2,47,,7766,37,,,2,83,,7767,37,,,2,90,,7768,37,,,2,82,,7769,37,,,2,41,,7770,37,,,2
2000003400,'72',732,,5682,35,,,2,85,,5683,37,,,2,85,,5684,37,,,2,45,,5685,37,,,2,85,,5686,37,,,2,86,,5687,37,,,2,85,,5688,37,,,2,45,,5689,37,,,2,174,,5690,37,,,2,81,,5691,37,,,2,52,,5692,37,,,2,78,,5693,37,,,2,93,,5694,37,,,2,78,,5695,37,,,2,47,,5696,37,,,2
2000003400,'73',817,,5697,35,,,2,85,,5698,37,,,2,45,,5699,37,,,2,85,,5700,37,,,2,86,,5701,37,,,2,85,,5702,37,,,2,45,,5703,37,,,2,174,,5704,37,,,2,81,,5705,37,,,2,52,,5706,37,,,2,78,,5707,37,,,2,93,,5708,37,,,2,78,,5709,37,,,2,47,,5710,37,,,2
