3800,'1',802,,6171,26,,,2,103,,6172,26,,,2,99,,6173,26,,,2,102,,6174,26,,,2,115,,6175,26,,,2,102,,6176,26,,,2,102,,6177,26,,,2,106,,6178,26,,,2,119,,6179,26,,,2,72,,6180,26,,,2,134,,6181,26,,,2,96,,6182,26,,,2,96,,6183,26,,,2,100,,6184,26,,,2,98,,6185,26,,,2
3800,'2',730,,6186,26,,,2,101,,6187,26,,,2,103,,6188,26,,,2,101,,6189,26,,,2,102,,6190,26,,,2,116,,6191,26,,,2,102,,6192,26,,,2,101,,6193,26,,,2,100,,6194,26,,,2,102,,6195,26,,,2,99,,6196,26,,,2,94,,6197,26,,,2,96,,6198,26,,,2,100,,6199,26,,,2,97,,6200,26,,,2,101,,6201,26,,,2
3800,'3',831,,6202,26,,,2,103,,6203,26,,,2,101,,6204,26,,,2,102,,6205,26,,,2,116,,6206,26,,,2,102,,6207,26,,,2,101,,6208,26,,,2,100,,6209,26,,,2,102,,6210,26,,,2,99,,6211,26,,,2,94,,6212,26,,,2,96,,6213,26,,,2
3800,'71',800,,4794,26,,,2,105,,4795,26,,,2,98,,4796,26,,,2,102,,4797,26,,,2,113,,4798,26,,,2,102,,4799,26,,,2,102,,4800,26,,,2,109,,4801,33,,,2,115,,4802,26,,,2,95,,4803,26,,,2,112,,4804,26,,,2,97,,4805,26,,,2,96,,4806,26,,,2,101,,4807,26,,,2,99,,4808,26,,,2
3800,'72',734,,4809,26,,,2,100,,4810,26,,,2,102,,4811,26,,,2,100,,4812,26,,,2,101,,4813,26,,,2,111,,4814,26,,,2,100,,4815,26,,,2,102,,4816,26,,,2,100,,4817,26,,,2,100,,4818,26,,,2,98,,4819,26,,,2,100,,4820,26,,,2,98,,4822,26,,,2,99,,4823,26,,,2,99,,4824,26,,,2,100,,4821,26,,,2
3800,'73',834,,4825,26,,,2,102,,4826,26,,,2,100,,4827,26,,,2,101,,4828,26,,,2,111,,4829,26,,,2,100,,4830,26,,,2,102,,4831,26,,,2,100,,4832,26,,,2,100,,4833,26,,,2,98,,4834,26,,,2,100,,4835,26,,,2,107,,4836,26,,,2
3901,'1',1641,,6219,26,0,9,2,87,,6217,26,0,9,2,87,,6218,26,0,9,2
3901,'71',1645,,4843,23,,,2,82,,4842,23,,,2,80,,4841,23,,,2
37501,'83',1654,,4958,27,,,2
38001,'1',624,,6314,19,,,2,31,,6315,19,,,2
38001,'71',632,,4963,24,,,2,22,,4964,24,,,2
5003801,'1',1710,,6398,46,,,2,49,,6397,46,,,2
5003801,'71',1709,,5053,46,,,2,49,,5052,46,,,2
