3900,'1',628,,6215,3,0,32,2,80,,6216,3,0,32,2,31,,6214,3,0,32,2
3900,'71',638,,4838,3,0,14,2,69,,4840,3,0,14,2,38,,4839,3,0,14,2,92,,4837,3,0,14,2
3901,'1',1644,,6219,29,0,9,2,87,,6217,29,0,9,2,87,,6218,29,0,9,2
3901,'71',1648,,4843,26,,,2,82,,4842,26,,,2,80,,4841,26,,,2
37500,'12',811,,6309,3,,,2
37500,'82',811,,4957,3,,,2
37501,'83',1658,,4958,30,,,2
38101,'85',1544,,4966,46,,,2
5003700,'71',621,,5046,30,,,2
5003701,'1',1743,,6396,52,,,2
5003701,'71',1639,,5050,52,,,2,106,,5049,52,,,2
5003701,'81',1858,,5051,52,,,2
5003801,'1',1714,,6398,49,,,2,89,,6397,49,,,2
5003801,'71',1713,,5053,49,,,2,89,,5052,49,,,2
