1501,'1',1212,,5834,4,0,41,2,103,,5835,4,0,41,2,95,,5836,4,0,41,2,36,,5839,4,0,41,2,92,,5837,21,,,2,80,,5840,21,,,2,21,,5842,21,,,2,77,,5838,21,0,41,2,29,,5841,21,,,2,78,,5844,4,0,41,2,33,,5845,4,0,41,2,102,,5846,4,0,41,2,152,,5843,4,0,41,2,41,,5847,4,0,41,2
1501,'71',649,,4438,21,0,41,2,64,,4436,21,0,41,2,33,,4439,21,0,41,2,165,,4437,4,0,41,2,115,,4440,4,0,41,2,116,,4441,4,0,41,2,70,,4442,4,0,41,2,117,,4444,4,0,41,2,115,,4445,4,0,41,2,94,,4443,21,0,41,2,85,,4446,21,0,41,2,16,,4448,21,0,41,2,71,,4450,21,0,41,2,36,,4449,21,0,41,2,77,,4447,4,0,41,2,36,,4451,4,0,41,2,145,,4452,4,0,41,2,105,,4453,4,0,41,2,42,,4454,4,0,41,2
1501,'88',1641,,4455,6,0,41,2
1601,'1',649,,5859,21,,,2,64,,5861,21,,,2,31,,5860,21,,,2,174,,5858,21,0,41,2,95,,5862,4,0,41,2,99,,5863,4,0,41,2
15601,'83',1616,,4876,11,,,2
1001101,'1',600,,6326,15,,,1,31,,6323,15,,,1,70,,6327,15,,,1,32,,6324,15,,,1,24,,6320,15,,,1,81,,6325,15,,,1,66,,6321,15,0,12 13,1,18,,6328,15,,,1,30,,6329,15,,,1,75,,6333,15,,,1,30,,6330,15,,,1,75,,6334,15,,,1,70,,6331,15,,,1,33,,6335,15,,,1,70,,6332,15,,,1,37,,6336,15,,,1,70,,6338,15,,,1,88,,6337,15,,,1,30,,6339,15,,,1,85,,6341,15,,,1,26,,6340,15,,,1,63,,6344,15,,,1,27,,6342,15,,,1,74,,6345,15,,,1,29,,6343,15,,,1,71,,6346,15,,,1,100,,6347,15,,,1,100,,6348,15,,,1,100,,6349,15,,,1,100,,6350,15,0,12 13,1
1001101,'2',802,,6352,15,,,1,101,,6353,15,,,1,101,,6354,15,,,1,100,,6355,15,,,1,98,,6359,15,,,1,100,,6360,15,,,1,101,,6358,15,,,1,100,,6356,15,,,1,100,,6357,15,,,1,100,,6361,15,,,1,100,,6362,15,,,1,100,,6363,15,,,1,100,,6364,15,,,1,100,,6365,15,,,1,100,,6366,15,,,1,100,,6367,15,0,12 13,1
1001101,'3',1004,,6369,15,,,1,100,,6372,15,,,1,98,,6373,15,,,1,100,,6370,15,,,1,101,,6371,15,,,1,100,,6374,15,,,1,100,,6375,15,,,1,100,,6376,15,,,1,100,,6377,15,,,1
1001101,'71',600,,4973,15,,,1,31,,4970,15,,,1,70,,4974,15,,,1,32,,4971,15,,,1,24,,4976,15,,,1,81,,4972,15,,,1,66,,4977,15,0,12 13,1,18,,4978,15,,,1,30,,4975,15,,,1,75,,4979,15,,,1,30,,4982,15,,,1,75,,4980,15,,,1,70,,4983,15,,,1,33,,4981,15,,,1,70,,4984,15,,,1,37,,4986,15,,,1,70,,4985,15,,,1,88,,4987,15,,,1,30,,4989,15,,,1,85,,4988,15,,,1,26,,4990,15,,,1,63,,4993,15,,,1,27,,4991,15,,,1,74,,4994,15,,,1,29,,4992,15,,,1,71,,4995,15,,,1,100,,4996,15,,,1,100,,4997,15,,,1,100,,4998,15,,,1,100,,4999,15,0,12 13,1
1001101,'72',802,,5000,15,,,1,101,,5001,15,,,1,101,,5002,15,,,1,100,,5004,15,,,1,98,,5005,15,,,1,100,,5006,15,,,1,101,,5007,15,,,1,100,,5008,15,,,1,100,,5009,15,,,1,100,,5010,15,,,1,100,,5011,15,,,1,100,,5012,15,,,1,100,,5013,15,,,1,100,,5014,15,,,1,100,,5015,15,,,1,100,,5016,15,0,12 13,1
1001101,'73',1004,,5018,15,,,1,100,,5019,15,,,1,98,,5020,15,,,1,100,,5021,15,,,1,101,,5022,15,,,1,100,,5023,15,,,1,100,,5024,15,,,1,100,,5025,15,,,1,100,,5026,15,,,1
1200000100,'1',653,,7141,73,,,1,72,,7142,73,,,1,22,,7143,73,,,1,69,,7146,73,0,16 1 17,1,29,,7144,73,,,1
1200000100,'71',651,,5061,73,,,1,71,,5062,73,,,1,22,,5063,73,,,1,69,,5066,73,0,16 1 17,1,29,,5064,73,,,1
2000001501,'2',801,,7688,4,,,2,101,,7689,4,,,2,100,,7690,4,,,2,102,,7691,4,,,2,101,,7692,4,,,2,101,,7693,4,,,2,201,,7694,4,,,2,101,,7695,4,,,2,103,,7696,4,,,2,97,,7697,4,,,2,93,,7698,4,,,2
2000001501,'3',902,,7699,4,,,2,100,,7700,4,,,2,102,,7701,4,,,2,101,,7702,4,,,2,101,,7703,4,,,2,201,,7704,4,,,2,101,,7705,4,,,2,103,,7706,4,,,2,97,,7707,4,,,2,93,,7708,4,,,2
2000001501,'72',754,,5628,4,,,2,102,,5629,4,,,2,103,,5630,4,,,2,148,,5631,4,,,2,94,,5632,4,,,2,108,,5633,4,,,2,142,,5634,4,,,2,99,,5635,4,,,2,103,,5636,4,,,2,99,,5637,4,,,2,98,,5638,4,,,2
2000001501,'73',856,,5639,4,,,2,103,,5640,4,,,2,148,,5641,4,,,2,94,,5642,4,,,2,108,,5643,4,,,2,142,,5644,4,,,2,99,,5645,4,,,2,103,,5646,4,,,2,99,,5647,4,,,2,98,,5648,4,,,2
