2300,'1',552,,5924,9,,,2,194,,5919,9,,,2,79,,5927,9,,,2,76,,5904,9,,,2,36,,5906,9,,,2,70,,5905,9,,,2,30,,5907,9,,,2,70,,5908,9,,,2,30,,5909,9,,,2,77,,5912,9,,,2,30,,5910,9,,,2,70,,5913,9,,,2,30,,5911,9,,,2,71,,5914,9,,,2,33,,5915,9,,,2,72,,5917,9,,,2,118,,5918,9,,,2,77,,5916,9,,,2,24,,5925,9,,,2,73,,5920,9,,,2,30,,5926,9,,,2,73,,5921,9,,,2,102,,5922,9,,,2,95,,5923,9,,,2
2300,'2',630,,5930,9,,,2,100,,5931,9,,,2,101,,5932,9,,,2,102,,5933,9,,,2,102,,5934,9,,,2,102,,5935,9,,,2,101,,5936,9,,,2,108,,5937,9,,,2,100,,5938,9,,,2,100,,5939,9,,,2,101,,5940,9,,,2,88,,5941,9,,,2
2300,'3',730,,5942,9,,,2,101,,5943,9,,,2,102,,5944,9,,,2,102,,5945,9,,,2,102,,5946,9,,,2,101,,5947,9,,,2,108,,5948,9,,,2,100,,5949,9,,,2,100,,5950,9,,,2,101,,5951,9,,,2,88,,5952,9,,,2
2300,'71',552,,4520,9,,,2,189,,4525,9,,,2,84,,4529,9,0,14 1 15,2,33,,4507,9,,,2,76,,4510,9,,,2,70,,4508,9,,,2,31,,4511,9,,,2,70,,4509,9,,,2,30,,4512,9,,,2,78,,4515,9,,,2,30,,4513,9,,,2,70,,4516,9,,,2,30,,4514,9,,,2,72,,4517,9,,,2,33,,4518,9,,,2,70,,4528,9,,,2,116,,4530,9,,,2,75,,4519,9,,,2,28,,4526,9,,,2,73,,4521,9,,,2,30,,4527,9,,,2,75,,4522,9,,,2,100,,4523,9,,,2,97,,4524,9,,,2
2300,'72',632,,4531,9,,,2,101,,4532,9,,,2,101,,4533,9,,,2,101,,4534,9,,,2,101,,4535,9,,,2,100,,4536,9,,,2,101,,4537,9,,,2,108,,4538,9,,,2,100,,4539,9,,,2,100,,4540,9,,,2,100,,4541,9,,,2,102,,4542,9,,,2
2300,'73',733,,4543,9,,,2,101,,4544,9,,,2,101,,4545,9,,,2,101,,4546,9,,,2,100,,4547,9,,,2,101,,4548,9,,,2,108,,4549,9,,,2,100,,4550,9,,,2,100,,4551,9,,,2,100,,4552,9,,,2,102,,4553,9,,,2
23100,'15',709,,6293,21,,,2
23100,'84',709,,4931,21,,,2
23101,'85',1548,,4932,68,,,2
23500,'12',757,,6295,32,,,2
23500,'82',757,,4935,32,,,2
23501,'83',1713,,4936,54,,,2
5002300,'1',616,,6378,9,,,2,25,,6379,9,,,2,69,,6380,9,,,2
5002300,'71',616,,5028,9,,,2,25,,5027,9,,,2,69,,5029,9,,,2
