13500,'12',840,,6234,18,,,2
13500,'82',840,,4866,18,,,2
13600,'12',839,,6235,16,,,2
13600,'82',839,,4867,16,,,2
13800,'12',840,,6237,21,,,2
13800,'82',840,,4870,21,,,2
15500,'12',840,,6239,27,,,2
15500,'82',840,,4874,27,,,2
15600,'12',839,,6240,28,,,2
15600,'82',839,,4875,28,,,2
22500,'12',844,,6290,38,4,,2
22500,'82',844,,4927,38,4,,2
23500,'12',842,,6295,79,4,,2
23500,'82',842,,4935,79,4,,2
24500,'12',842,,6298,22,4,,2
24500,'82',842,,4941,22,4,,2
24600,'12',839,,6299,21,4,,2
24600,'82',839,,4943,21,4,,2
32500,'12',839,,6304,58,,,2
32500,'82',839,,4947,58,,,2
34500,'12',839,,6305,46,,,2
34500,'82',839,,4949,46,,,2
35500,'12',843,,6308,67,,,2
35500,'82',843,,4955,59,,,2
37500,'12',842,,6309,36,4,,2
37500,'82',842,,4957,36,4,,2
38500,'12',842,,6317,41,4,,2
38500,'82',842,,4967,41,4,,2
