1300,'1',645,,5808,37,,,2,86,,5806,37,,,2,84,,5807,37,,,2,793,,5809,37,,,2,107,,5811,37,,,2,14,,5810,37,,,2,71,,5813,37,,,2,32,,5812,37,,,2
1300,'16',858,,5815,37,,,2,43,,5814,32,,,2
1300,'71',643,,4398,37,,,2,71,,4400,37,,,2,20,,4399,37,,,2,83,,4401,37,,,2,41,,4397,37,,,2,751,,4402,37,,,2,97,,4405,37,,,2,13,,4403,37,,,2,39,,4406,37,,,2,66,,4404,37,,,2
1300,'87',901,,4407,32,,,2
1501,'1',1522,,5837,2,,,2,37,,5840,2,,,2,61,,5842,2,,,2,81,,5838,2,0,41,2,30,,5841,2,,,2
1501,'71',635,,4438,2,0,41,2,23,,4436,2,0,41,2,73,,4439,2,0,41,2,791,,4443,2,0,41,2,82,,4446,2,0,41,2,16,,4448,2,0,41,2,35,,4450,2,0,41,2,77,,4449,2,0,41,2
1601,'1',635,,5859,2,,,2,23,,5861,2,,,2,71,,5860,2,,,2,174,,5858,2,0,41,2
905231701,'27',2221,,6491,2,4,,2,30,,6494,2,4,,2,70,,6489,2,4,,2,30,,6492,2,4,,2,70,,6490,2,4,,2,30,,6493,2,4,,2,70,,6495,2,4,,2
905231701,'28',2221,,6498,2,4,,2,30,,6501,2,4,,2,70,,6496,2,4,,2,30,,6499,2,4,,2,70,,6497,2,4,,2,30,,6500,2,4,,2,70,,6502,2,4,,2
905231701,'29',2221,,6505,2,4,,2,30,,6508,2,4,,2,70,,6503,2,4,,2,30,,6506,2,4,,2,70,,6504,2,4,,2,30,,6507,2,4,,2,70,,6509,2,4,,2
1200000200,'1',533,,7153,2,,,1,14,,7158,2,,,1,55,,7159,2,,,1,15,,7160,2,,,1,15,,7162,2,,,1,14,,7163,2,,,1,57,,7152,2,,,1,15,,7165,2,,,1,15,,7157,2,,,1,15,,7155,2,,,1,54,,7161,2,,,1,15,,7166,2,,,1,18,,7164,2,,,1,21,,7167,2,,,1,70,,7169,2,,,1,29,,7171,2,,,1,70,,7156,2,,,1,30,,7172,2,,,1,69,,7168,2,,,1,29,,7170,2,,,1,72,,7174,2,,,1,30,,7175,2,,,1,69,,7173,2,,,1,30,,7177,2,,,1,58,,7179,2,,,1,30,,7180,2,,,1,15,,7181,2,,,1,52,,7178,2,,,1,13,,7182,2,,,1,13,,7183,2,,,1,14,,7185,2,,,1,55,,7176,2,,,1,15,,7188,2,,,1,16,,7189,2,,,1,17,,7192,2,,,1,57,,7193,2,,,1,16,,7187,2,,,1,30,,7186,2,,,1,70,,7184,2,,,1,30,,7190,2,,,1,70,,7196,2,,,1,30,,7197,2,,,1,70,,7199,2,,,1,30,,7200,2,,,1,72,,7194,2,,,1,32,,7191,2,,,1,72,,7198,2,,,1,27,,7201,2,,,1,70,,7195,2,0,14,1
1200000200,'2',655,,7205,2,,,1,70,,7204,2,,,1,30,,7208,2,,,1,70,,7202,2,,,1,30,,7207,2,,,1,70,,7206,2,,,1,30,,7210,2,,,1,70,,7209,2,,,1,30,,7203,2,,,1,70,,7212,2,,,1,30,,7214,2,,,1,69,,7211,2,,,1,30,,7216,2,,,1,70,,7217,2,,,1,31,,7213,2,,,1,70,,7215,2,,,1,30,,7219,2,,,1,70,,7221,2,,,1,30,,7218,2,,,1,70,,7223,2,,,1,30,,7224,2,,,1,71,,7220,2,,,1,30,,7222,2,,,1,69,,7228,2,,,1,30,,7227,2,,,1,71,,7225,2,,,1,30,,7229,2,,,1,69,,7231,2,,,1,30,,7230,2,,,1,70,,7233,2,,,1,30,,7226,2,,,1,70,,7232,2,,,1,30,,7234,2,,,1
1200000200,'3',655,,7235,2,,,1,70,,7236,2,,,1,30,,7237,2,,,1,70,,7238,2,,,1,30,,7239,2,,,1,70,,7243,2,,,1,30,,7241,2,,,1,70,,7245,2,,,1,30,,7242,2,,,1,70,,7240,2,,,1,30,,7244,2,,,1,69,,7247,2,,,1,30,,7246,2,,,1,70,,7248,2,,,1,31,,7250,2,,,1,70,,7252,2,,,1,30,,7255,2,,,1,70,,7257,2,,,1,30,,7249,2,,,1,70,,7251,2,,,1,30,,7253,2,,,1,71,,7256,2,,,1,30,,7258,2,,,1,69,,7260,2,,,1,30,,7259,2,,,1,71,,7254,2,,,1,30,,7261,2,,,1
1200000200,'71',533,,5074,2,,,1,14,,5078,2,,,1,55,,5080,2,,,1,15,,5081,2,,,1,15,,5077,2,,,1,14,,5085,2,,,1,57,,5073,2,,,1,15,,5087,2,,,1,15,,5076,2,,,1,15,,5089,2,,,1,54,,5083,2,,,1,15,,5090,2,,,1,18,,5079,2,,,1,16,,5091,2,,,1,57,,5084,2,,,1,18,,5086,2,,,1,14,,5092,2,,,1,15,,5088,2,,,1,55,,5094,2,,,1,15,,5095,2,,,1,15,,5096,2,,,1,15,,5098,2,,,1,55,,5099,2,,,1,14,,5101,2,,,1,15,,5102,2,,,1,14,,5103,2,,,1,57,,5093,2,,,1,15,,5105,2,,,1,15,,5106,2,,,1,15,,5107,2,,,1,54,,5097,2,,,1,15,,5104,2,,,1,15,,5100,2,,,1,61,,5108,2,,,1,12,,5109,2,,,1,15,,5110,2,,,1,15,,5111,2,,,1,15,,5112,2,,,1,52,,5113,2,,,1,13,,5115,2,,,1,13,,5117,2,,,1,13,,5119,2,,,1,56,,5120,2,,,1,15,,5122,2,,,1,16,,5125,2,,,1,17,,5126,2,,,1,57,,5123,2,,,1,16,,5124,2,,,1,15,,5116,2,,,1,15,,5114,2,,,1,55,,5128,2,,,1,15,,5118,2,,,1,30,,5129,2,,,1,70,,5127,2,,,1,30,,5133,2,,,1,70,,5135,2,,,1,30,,5136,2,,,1,72,,5130,2,,,1,32,,5132,2,,,1,72,,5134,2,,,1,27,,5137,2,,,1,70,,5131,2,0,14,1
1200000200,'72',656,,5139,2,,,1,70,,5142,2,,,1,30,,5143,2,,,1,69,,5144,2,,,1,30,,5138,2,,,1,70,,5141,2,,,1,30,,5140,2,,,1,70,,5145,2,,,1,30,,5146,2,,,1,71,,5148,2,,,1,29,,5147,2,,,1,70,,5150,2,,,1,29,,5151,2,,,1,71,,5152,2,,,1,30,,5153,2,,,1,70,,5154,2,,,1,30,,5149,2,,,1,70,,5156,2,,,1,30,,5155,2,,,1,70,,5159,2,,,1,30,,5158,2,,,1,71,,5161,2,,,1,29,,5162,2,,,1,70,,5163,2,,,1,30,,5165,2,,,1,71,,5157,2,,,1,29,,5167,2,,,1,70,,5168,2,,,1,30,,5164,2,,,1,70,,5166,2,,,1,30,,5160,2,,,1,70,,5169,2,,,1,30,,5170,2,,,1
1200000200,'73',656,,5171,2,,,1,70,,5173,2,,,1,30,,5174,2,,,1,69,,5175,2,,,1,30,,5176,2,,,1,70,,5172,2,,,1,30,,5177,2,,,1,70,,5179,2,,,1,30,,5178,2,,,1,71,,5181,2,,,1,29,,5180,2,,,1,70,,5183,2,,,1,29,,5184,2,,,1,71,,5185,2,,,1,30,,5186,2,,,1,70,,5188,2,,,1,30,,5182,2,,,1,70,,5191,2,,,1,30,,5189,2,,,1,70,,5193,2,,,1,30,,5192,2,,,1,71,,5195,2,,,1,29,,5196,2,,,1,70,,5197,2,,,1,30,,5187,2,,,1,71,,5194,2,,,1,29,,5190,2,,,1
