3701,'1',545,,6122,15,0,9,2,81,,6123,22,0,9,2,103,,6124,22,,,2,105,,6125,22,0,9,2,104,,6126,22,0,9,2,97,,6127,22,0,9,2,102,,6128,22,0,9,2,115,,6129,22,0,9,2,102,,6130,22,0,9,2,102,,6131,22,0,9,2,154,,6132,22,0,9,2,142,,6133,22,0,9,2,72,,6134,22,0,9,2,101,,6135,22,0,9,2,96,,6136,22,0,9,2,96,,6137,22,0,9,2,100,,6138,22,0,9,2,100,,6139,22,0,9,2,28,,6140,22,0,9,2
3701,'2',700,,6141,22,0,9,2,100,,6142,22,0,9,2,102,,6143,22,0,9,2,102,,6144,22,0,9,2,102,,6145,22,0,9,2,116,,6146,22,0,9,2,103,,6147,22,0,9,2,100,,6148,22,0,9,2,101,,6149,22,0,9,2,100,,6150,22,0,9,2,101,,6151,22,0,9,2,95,,6152,22,0,9,2,97,,6153,22,0,9,2,96,,6154,22,0,9,2,100,,6155,22,0,9,2,101,,6156,22,0,9,2,98,,6157,22,0,9,2,28,,6158,22,0,9,2
3701,'3',800,,6159,22,0,9,2,102,,6160,22,0,9,2,102,,6161,22,0,9,2,102,,6162,22,0,9,2,116,,6163,22,0,9,2,103,,6164,22,0,9,2,100,,6165,22,0,9,2,101,,6166,22,0,9,2,100,,6167,22,0,9,2,101,,6168,22,0,9,2,95,,6169,22,0,9,2,97,,6170,22,0,9,2
3701,'71',544,,4746,15,0,9,2,185,,4749,22,,,2,105,,4748,22,0,9,2,102,,4747,22,0,9,2,98,,4750,22,0,9,2,102,,4751,22,0,9,2,113,,4752,22,0,9,2,102,,4753,22,0,9,2,102,,4754,22,0,9,2,155,,4755,22,0,9,2,113,,4756,22,0,9,2,100,,4757,22,0,9,2,101,,4758,22,0,9,2,97,,4759,22,0,9,2,97,,4760,22,0,9,2,101,,4761,22,0,9,2,102,,4762,22,0,9,2,28,,4763,22,0,9,2
3701,'72',704,,4764,22,0,9,2,100,,4765,22,0,9,2,102,,4766,22,0,9,2,100,,4767,22,0,9,2,100,,4768,22,0,9,2,112,,4769,22,0,9,2,100,,4770,22,0,9,2,100,,4771,22,0,9,2,102,,4772,22,0,9,2,100,,4773,22,0,9,2,98,,4774,22,0,9,2,100,,4775,22,0,9,2,100,,4776,22,0,9,2,97,,4779,22,0,9,2,100,,4780,22,0,9,2,101,,4781,22,0,9,2,98,,4777,22,0,9,2,28,,4778,22,0,9,2
3701,'73',804,,4782,22,0,9,2,102,,4783,22,0,9,2,100,,4784,22,0,9,2,100,,4785,22,0,9,2,112,,4786,22,0,9,2,100,,4787,22,0,9,2,100,,4788,22,0,9,2,102,,4789,22,0,9,2,100,,4790,22,0,9,2,98,,4791,22,0,9,2,100,,4792,22,0,9,2,109,,4793,22,0,9,2
38101,'85',1539,,4966,42,,,2
38501,'83',1702,,4968,36,,,2
5003700,'1',638,,6395,26,,,2,76,,6394,26,,,2
5003700,'71',616,,5046,26,,,2,24,,5047,26,,,2,74,,5048,26,,,2
5003701,'1',1739,,6396,48,,,2
5003701,'71',1635,,5050,48,,,2,106,,5049,48,,,2
5003701,'81',1854,,5051,48,,,2
