3400,'1',614,,6032,22,,,2,114,,6033,24,,,2,79,,6031,22,,,2,793,,6037,22,,,2,103,,6034,24,,,2,28,,6035,24,,,2,92,,6036,24,,,2
3400,'13',842,,6038,24,0,24 1 15,2
3400,'71',614,,4634,22,,,2,114,,4635,24,,,2,77,,4636,22,,,2,37,,4633,24,0,24 1 15,2,677,,4637,13,,,2,81,,4638,22,,,2,50,,4639,24,,,2,82,,4640,24,,,2,89,,4641,24,,,2
34501,'83',1639,,4950,41,,,2
5003400,'1',638,,6388,22,,,2,62,,6387,22,,,2
5003400,'71',638,,5039,22,,,2,21,,5038,22,,,2
2000003400,'2',722,,7742,22,,,2,85,,7743,24,,,2,46,,7744,24,,,2,85,,7745,24,,,2,87,,7746,24,,,2,86,,7747,24,,,2,45,,7748,24,,,2,88,,7749,24,,,2,171,,7750,24,,,2,43,,7751,24,,,2,87,,7752,24,,,2,83,,7753,24,,,2,90,,7754,24,,,2,82,,7755,24,,,2,41,,7756,24,,,2
2000003400,'3',807,,7757,22,,,2,46,,7758,24,,,2,85,,7759,24,,,2,87,,7760,24,,,2,86,,7761,24,,,2,45,,7762,24,,,2,88,,7763,24,,,2,171,,7764,24,,,2,43,,7765,24,,,2,87,,7766,24,,,2,83,,7767,24,,,2,90,,7768,24,,,2,82,,7769,24,,,2,41,,7770,24,,,2
2000003400,'72',722,,5682,22,,,2,85,,5683,24,,,2,45,,5684,24,,,2,85,,5685,24,,,2,85,,5686,24,,,2,86,,5687,24,,,2,45,,5688,24,,,2,85,,5689,24,,,2,174,,5690,24,,,2,41,,5691,24,,,2,92,,5692,24,,,2,78,,5693,24,,,2,93,,5694,24,,,2,38,,5695,24,,,2,87,,5696,24,,,2
2000003400,'73',807,,5697,22,,,2,45,,5698,24,,,2,85,,5699,24,,,2,85,,5700,24,,,2,86,,5701,24,,,2,45,,5702,24,,,2,85,,5703,24,,,2,174,,5704,24,,,2,41,,5705,24,,,2,92,,5706,24,,,2,78,,5707,24,,,2,93,,5708,24,,,2,38,,5709,24,,,2,87,,5710,24,,,2
