1300,'1',648,,5808,40,,,2,86,,5806,40,,,2,84,,5807,40,,,2,793,,5809,40,,,2,107,,5811,40,,,2,14,,5810,40,,,2,71,,5813,40,,,2,32,,5812,40,,,2
1300,'16',901,,5815,40,,,2,3,,5814,35,,,2
1300,'71',646,,4398,40,,,2,71,,4400,40,,,2,20,,4399,40,,,2,83,,4401,40,,,2,81,,4397,40,,,2,711,,4402,40,,,2,97,,4405,40,,,2,13,,4403,40,,,2,79,,4406,40,,,2,26,,4404,40,,,2
1300,'87',904,,4407,35,,,2
1501,'1',1525,,5837,5,,,2,77,,5840,5,,,2,21,,5842,5,,,2,81,,5838,5,0,41,2,30,,5841,5,,,2
1501,'71',638,,4438,5,0,41,2,63,,4436,5,0,41,2,33,,4439,5,0,41,2,791,,4443,5,0,41,2,82,,4446,5,0,41,2,16,,4448,5,0,41,2,35,,4450,5,0,41,2,77,,4449,5,0,41,2
1601,'1',638,,5859,5,,,2,63,,5861,5,,,2,31,,5860,5,,,2,174,,5858,5,0,41,2
905231701,'27',2224,,6491,5,4,,2,30,,6494,5,4,,2,70,,6489,5,4,,2,30,,6492,5,4,,2,70,,6490,5,4,,2,30,,6493,5,4,,2,70,,6495,5,4,,2
905231701,'28',2224,,6498,5,4,,2,30,,6501,5,4,,2,70,,6496,5,4,,2,30,,6499,5,4,,2,70,,6497,5,4,,2,30,,6500,5,4,,2,70,,6502,5,4,,2
905231701,'29',2224,,6505,5,4,,2,30,,6508,5,4,,2,70,,6503,5,4,,2,30,,6506,5,4,,2,70,,6504,5,4,,2,30,,6507,5,4,,2,70,,6509,5,4,,2
1200000200,'1',535,,7153,5,,,1,14,,7158,5,,,1,55,,7159,5,,,1,16,,7160,5,,,1,15,,7162,5,,,1,14,,7163,5,,,1,57,,7152,5,,,1,15,,7165,5,,,1,15,,7157,5,,,1,15,,7155,5,,,1,54,,7161,5,,,1,15,,7166,5,,,1,18,,7164,5,,,1,21,,7167,5,,,1,70,,7169,5,,,1,29,,7171,5,,,1,70,,7156,5,,,1,30,,7172,5,,,1,69,,7168,5,,,1,29,,7170,5,,,1,72,,7174,5,,,1,30,,7175,5,,,1,69,,7173,5,,,1,30,,7177,5,,,1,58,,7179,5,,,1,30,,7180,5,,,1,55,,7181,5,,,1,12,,7178,5,,,1,13,,7182,5,,,1,13,,7183,5,,,1,14,,7185,5,,,1,55,,7176,5,,,1,15,,7188,5,,,1,16,,7189,5,,,1,17,,7192,5,,,1,57,,7193,5,,,1,16,,7187,5,,,1,30,,7186,5,,,1,70,,7184,5,,,1,30,,7190,5,,,1,70,,7196,5,,,1,30,,7197,5,,,1,70,,7199,5,,,1,30,,7200,5,,,1,72,,7194,5,,,1,71,,7191,5,,,1,32,,7198,5,,,1,67,,7201,5,,,1,30,,7195,5,0,14,1
1200000200,'2',658,,7205,5,,,1,70,,7204,5,,,1,30,,7208,5,,,1,70,,7202,5,,,1,30,,7207,5,,,1,70,,7206,5,,,1,30,,7210,5,,,1,70,,7209,5,,,1,30,,7203,5,,,1,70,,7212,5,,,1,30,,7214,5,,,1,69,,7211,5,,,1,30,,7216,5,,,1,70,,7217,5,,,1,31,,7213,5,,,1,70,,7215,5,,,1,30,,7219,5,,,1,70,,7221,5,,,1,30,,7218,5,,,1,70,,7223,5,,,1,30,,7224,5,,,1,71,,7220,5,,,1,30,,7222,5,,,1,69,,7228,5,,,1,30,,7227,5,,,1,71,,7225,5,,,1,30,,7229,5,,,1,69,,7231,5,,,1,30,,7230,5,,,1,70,,7233,5,,,1,30,,7226,5,,,1,70,,7232,5,,,1,30,,7234,5,,,1
1200000200,'3',658,,7235,5,,,1,70,,7236,5,,,1,30,,7237,5,,,1,70,,7238,5,,,1,30,,7239,5,,,1,70,,7243,5,,,1,30,,7241,5,,,1,70,,7245,5,,,1,30,,7242,5,,,1,70,,7240,5,,,1,30,,7244,5,,,1,69,,7247,5,,,1,30,,7246,5,,,1,70,,7248,5,,,1,31,,7250,5,,,1,70,,7252,5,,,1,30,,7255,5,,,1,70,,7257,5,,,1,30,,7249,5,,,1,70,,7251,5,,,1,30,,7253,5,,,1,71,,7256,5,,,1,30,,7258,5,,,1,69,,7260,5,,,1,30,,7259,5,,,1,71,,7254,5,,,1,30,,7261,5,,,1
1200000200,'71',535,,5074,5,,,1,14,,5078,5,,,1,55,,5080,5,,,1,16,,5081,5,,,1,15,,5077,5,,,1,14,,5085,5,,,1,57,,5073,5,,,1,15,,5087,5,,,1,15,,5076,5,,,1,15,,5089,5,,,1,54,,5083,5,,,1,15,,5090,5,,,1,18,,5079,5,,,1,16,,5091,5,,,1,57,,5084,5,,,1,18,,5086,5,,,1,14,,5092,5,,,1,15,,5088,5,,,1,55,,5094,5,,,1,15,,5095,5,,,1,15,,5096,5,,,1,15,,5098,5,,,1,55,,5099,5,,,1,14,,5101,5,,,1,15,,5102,5,,,1,14,,5103,5,,,1,57,,5093,5,,,1,15,,5105,5,,,1,15,,5106,5,,,1,15,,5107,5,,,1,54,,5097,5,,,1,15,,5104,5,,,1,15,,5100,5,,,1,61,,5108,5,,,1,12,,5109,5,,,1,15,,5110,5,,,1,15,,5111,5,,,1,55,,5112,5,,,1,12,,5113,5,,,1,13,,5115,5,,,1,13,,5117,5,,,1,13,,5119,5,,,1,56,,5120,5,,,1,15,,5122,5,,,1,16,,5125,5,,,1,17,,5126,5,,,1,57,,5123,5,,,1,16,,5124,5,,,1,15,,5116,5,,,1,15,,5114,5,,,1,55,,5128,5,,,1,15,,5118,5,,,1,30,,5129,5,,,1,70,,5127,5,,,1,30,,5133,5,,,1,70,,5135,5,,,1,30,,5136,5,,,1,72,,5130,5,,,1,71,,5132,5,,,1,32,,5134,5,,,1,67,,5137,5,,,1,30,,5131,5,0,14,1
1200000200,'72',659,,5139,5,,,1,70,,5142,5,,,1,30,,5143,5,,,1,69,,5144,5,,,1,30,,5138,5,,,1,70,,5141,5,,,1,30,,5140,5,,,1,70,,5145,5,,,1,30,,5146,5,,,1,71,,5148,5,,,1,29,,5147,5,,,1,70,,5150,5,,,1,29,,5151,5,,,1,71,,5152,5,,,1,30,,5153,5,,,1,70,,5154,5,,,1,30,,5149,5,,,1,70,,5156,5,,,1,30,,5155,5,,,1,70,,5159,5,,,1,30,,5158,5,,,1,71,,5161,5,,,1,29,,5162,5,,,1,70,,5163,5,,,1,30,,5165,5,,,1,71,,5157,5,,,1,29,,5167,5,,,1,69,,5168,5,,,1,30,,5164,5,,,1,70,,5166,5,,,1,30,,5160,5,,,1,70,,5169,5,,,1,30,,5170,5,,,1
1200000200,'73',659,,5171,5,,,1,70,,5173,5,,,1,30,,5174,5,,,1,69,,5175,5,,,1,30,,5176,5,,,1,70,,5172,5,,,1,30,,5177,5,,,1,70,,5179,5,,,1,30,,5178,5,,,1,71,,5181,5,,,1,29,,5180,5,,,1,70,,5183,5,,,1,29,,5184,5,,,1,71,,5185,5,,,1,30,,5186,5,,,1,70,,5188,5,,,1,30,,5182,5,,,1,70,,5191,5,,,1,30,,5189,5,,,1,70,,5193,5,,,1,30,,5192,5,,,1,71,,5195,5,,,1,29,,5196,5,,,1,70,,5197,5,,,1,30,,5187,5,,,1,71,,5194,5,,,1,29,,5190,5,,,1
