11100,'15',745,,6226,66,,,2
11100,'86',745,,4850,66,,,2
13100,'15',742,,6233,60,,,2
13100,'84',742,,4864,60,,,2
13801,'83',1623,,4871,18,,,2
32501,'83',1618,,4948,20,,,2
34501,'83',1621,,4950,17,,,2
35501,'83',1626,,4956,17,,,2
5004200,'11',652,,6399,10,,,2
5004200,'81',655,,5054,10,,,2
905231701,'27',2246,,6491,32,4,,2,69,,6494,32,4,,2,30,,6489,32,4,,2,70,,6492,32,4,,2,30,,6490,32,4,,2,70,,6493,32,4,,2,30,,6495,32,4,,2
905231701,'28',2246,,6498,32,4,,2,69,,6501,32,4,,2,30,,6496,32,4,,2,70,,6499,32,4,,2,30,,6497,32,4,,2,70,,6500,32,4,,2,30,,6502,32,4,,2
905231701,'29',2246,,6505,32,4,,2,69,,6508,32,4,,2,30,,6503,32,4,,2,70,,6506,32,4,,2,30,,6504,32,4,,2,70,,6507,32,4,,2,30,,6509,32,4,,2
1200000101,'1',1541,,7148,36,,,1,72,,7149,36,,,1,31,,7150,36,,,1,71,,7151,36,,,1
1200000101,'71',1541,,5070,36,,,1,72,,5071,36,,,1,31,,5069,36,,,1,73,,5072,36,,,1
1200000200,'1',543,,7154,10,,,1,15,,7153,32,,,1,55,,7158,32,,,1,15,,7159,32,,,1,17,,7160,32,,,1,55,,7162,32,,,1,16,,7163,32,,,1,17,,7152,32,,,1,15,,7165,32,,,1,55,,7157,32,,,1,14,,7155,32,,,1,14,,7161,32,,,1,15,,7166,32,,,1,59,,7164,32,,,1,19,,7167,32,,,1,29,,7169,32,,,1,69,,7171,32,,,1,30,,7156,32,,,1,70,,7172,32,,,1,30,,7168,32,,,1,70,,7170,32,,,1,31,,7174,32,,,1,70,,7175,32,,,1,29,,7173,32,,,1,70,,7177,32,,,1,18,,7179,32,,,1,71,,7180,32,,,1,15,,7181,32,,,1,12,,7178,32,,,1,14,,7182,32,,,1,55,,7183,32,,,1,16,,7185,32,,,1,15,,7176,32,,,1,13,,7188,32,,,1,55,,7189,32,,,1,17,,7192,32,,,1,14,,7193,32,,,1,15,,7187,32,,,1,69,,7186,32,,,1,30,,7184,32,,,1,70,,7190,32,,,1,30,,7196,32,,,1,70,,7197,32,,,1,30,,7199,32,,,1,69,,7200,32,,,1,32,,7194,32,,,1,70,,7191,32,,,1,32,,7198,32,,,1,66,,7201,32,,,1,30,,7195,32,0,14,1
1200000200,'2',721,,7205,32,,,1,30,,7204,32,,,1,71,,7208,32,,,1,30,,7202,32,,,1,70,,7207,32,,,1,30,,7206,32,,,1,70,,7210,32,,,1,30,,7209,32,,,1,70,,7203,32,,,1,31,,7212,32,,,1,70,,7214,32,,,1,30,,7211,32,,,1,70,,7216,32,,,1,30,,7217,32,,,1,70,,7213,32,,,1,30,,7215,32,,,1,70,,7219,32,,,1,30,,7221,32,,,1,70,,7218,32,,,1,30,,7223,32,,,1,70,,7224,32,,,1,30,,7220,32,,,1,69,,7222,32,,,1,28,,7228,32,,,1,70,,7227,32,,,1,31,,7225,32,,,1,69,,7229,32,,,1,29,,7231,32,,,1,70,,7230,32,,,1,30,,7233,32,,,1,70,,7226,32,,,1,30,,7232,32,,,1,70,,7234,32,,,1
1200000200,'3',721,,7235,32,,,1,30,,7236,32,,,1,71,,7237,32,,,1,30,,7238,32,,,1,70,,7239,32,,,1,30,,7243,32,,,1,70,,7241,32,,,1,30,,7245,32,,,1,70,,7242,32,,,1,31,,7240,32,,,1,70,,7244,32,,,1,30,,7247,32,,,1,70,,7246,32,,,1,30,,7248,32,,,1,70,,7250,32,,,1,30,,7252,32,,,1,70,,7255,32,,,1,30,,7257,32,,,1,70,,7249,32,,,1,30,,7251,32,,,1,70,,7253,32,,,1,30,,7256,32,,,1,69,,7258,32,,,1,28,,7260,32,,,1,70,,7259,32,,,1,31,,7254,32,,,1,69,,7261,32,,,1
1200000200,'71',543,,5075,10,,,1,15,,5074,32,,,1,55,,5078,32,,,1,8,,5082,10,,,1,7,,5080,32,,,1,17,,5081,32,,,1,55,,5077,32,,,1,16,,5085,32,,,1,17,,5073,32,,,1,15,,5087,32,,,1,55,,5076,32,,,1,14,,5089,32,,,1,14,,5083,32,,,1,15,,5090,32,,,1,59,,5079,32,,,1,14,,5091,32,,,1,17,,5084,32,,,1,17,,5086,32,,,1,54,,5092,32,,,1,15,,5088,32,,,1,15,,5094,32,,,1,15,,5095,32,,,1,55,,5096,32,,,1,15,,5098,32,,,1,15,,5099,32,,,1,15,,5101,32,,,1,55,,5102,32,,,1,15,,5103,32,,,1,16,,5093,32,,,1,15,,5105,32,,,1,55,,5106,32,,,1,15,,5107,32,,,1,14,,5097,32,,,1,15,,5104,32,,,1,55,,5100,32,,,1,21,,5108,32,,,1,12,,5109,32,,,1,16,,5110,32,,,1,55,,5111,32,,,1,15,,5112,32,,,1,12,,5113,32,,,1,14,,5115,32,,,1,55,,5117,32,,,1,15,,5119,32,,,1,8,,5121,19,,,1,8,,5120,32,,,1,13,,5122,32,,,1,55,,5125,32,,,1,17,,5126,32,,,1,14,,5123,32,,,1,15,,5124,32,,,1,54,,5116,32,,,1,15,,5114,32,,,1,15,,5128,32,,,1,15,,5118,32,,,1,70,,5129,32,,,1,30,,5127,32,,,1,70,,5133,32,,,1,30,,5135,32,,,1,69,,5136,32,,,1,32,,5130,32,,,1,70,,5132,32,,,1,32,,5134,32,,,1,66,,5137,32,,,1,30,,5131,32,0,14,1
1200000200,'72',722,,5139,32,,,1,30,,5142,32,,,1,70,,5143,32,,,1,30,,5144,32,,,1,70,,5138,32,,,1,30,,5141,32,,,1,70,,5140,32,,,1,30,,5145,32,,,1,70,,5146,32,,,1,31,,5148,32,,,1,69,,5147,32,,,1,30,,5150,32,,,1,70,,5151,32,,,1,30,,5152,32,,,1,70,,5153,32,,,1,30,,5154,32,,,1,70,,5149,32,,,1,30,,5156,32,,,1,70,,5155,32,,,1,30,,5159,32,,,1,70,,5158,32,,,1,31,,5161,32,,,1,68,,5162,32,,,1,29,,5163,32,,,1,70,,5165,32,,,1,31,,5157,32,,,1,69,,5167,32,,,1,29,,5168,32,,,1,70,,5164,32,,,1,30,,5166,32,,,1,70,,5160,32,,,1,30,,5169,32,,,1,70,,5170,32,,,1
1200000200,'73',722,,5171,32,,,1,30,,5173,32,,,1,70,,5174,32,,,1,30,,5175,32,,,1,70,,5176,32,,,1,30,,5172,32,,,1,70,,5177,32,,,1,30,,5179,32,,,1,70,,5178,32,,,1,31,,5181,32,,,1,69,,5180,32,,,1,30,,5183,32,,,1,70,,5184,32,,,1,30,,5185,32,,,1,70,,5186,32,,,1,30,,5188,32,,,1,70,,5182,32,,,1,30,,5191,32,,,1,70,,5189,32,,,1,30,,5193,32,,,1,70,,5192,32,,,1,31,,5195,32,,,1,68,,5196,32,,,1,29,,5197,32,,,1,70,,5187,32,,,1,31,,5194,32,,,1,69,,5190,32,,,1
1200000200,'89',636,,5198,10,,,1,21,,5200,10,,,1,87,,5199,1,,,1
1200000400,'1',652,,7629,34,,,1,56,,7630,34,,,1
1200000400,'71',652,,5565,34,,,1,56,,5566,34,,,1,16,,5567,34,,,1,16,,5564,34,,,1
