1100,'1',618,,5748,49,,,1,33,,5754,49,,,1,69,,5749,49,,,1,34,,5755,49,,,1,70,,5750,49,,,1,18,,5751,49,,,1,69,,5756,49,,,1,34,,5752,49,,,1,70,,5757,49,,,1,35,,5758,49,,,1,70,,5761,49,,,1,33,,5759,49,,,1,70,,5762,49,,,1,77,,5760,49,,,1,30,,5763,49,,,1,88,,5764,49,,,1,30,,5766,49,,,1,75,,5765,49,,,1,30,,5767,49,,,1,85,,5770,49,,,1,63,,5768,49,,,1,22,,5772,49,,,1,26,,5771,49,,,1,76,,5773,49,,,1,28,,5769,49,,,1,70,,5774,49,,,1,100,,5775,49,,,1,100,,5776,49,,,1,100,,5777,49,,,1,100,,5778,49,,,1
1100,'2',720,,5779,49,,,1,102,,5780,49,,,1,99,,5781,49,,,1,102,,5782,49,,,1,100,,5783,49,,,1,100,,5784,49,,,1,101,,5785,49,,,1,99,,5786,49,,,1,100,,5787,49,,,1,100,,5788,49,,,1,100,,5789,49,,,1,100,,5790,49,,,1,99,,5792,49,,,1,100,,5793,49,,,1,100,,5791,49,,,1,100,,5795,49,,,1,100,,5794,49,,,1
1100,'3',921,,5796,49,,,1,102,,5797,49,,,1,100,,5798,49,,,1,100,,5799,49,,,1,101,,5800,49,,,1,99,,5801,49,,,1,100,,5802,49,,,1,100,,5803,49,,,1,100,,5804,49,,,1,100,,5805,49,,,1
1100,'71',618,,4339,49,,,1,33,,4343,49,,,1,69,,4340,49,,,1,34,,4344,49,,,1,70,,4341,49,,,1,18,,4345,49,,,1,69,,4350,49,,,1,34,,4346,49,,,1,70,,4351,49,,,1,35,,4347,49,,,1,70,,4352,49,,,1,33,,4348,49,,,1,70,,4353,49,,,1,77,,4349,49,,,1,30,,4354,49,,,1,88,,4358,49,,,1,30,,4355,49,,,1,75,,4359,49,,,1,30,,4356,49,,,1,83,,4360,50,,,1,65,,4357,49,,,1,22,,4363,49,,,1,26,,4361,49,,,1,76,,4364,49,,,1,28,,4362,49,,,1,70,,4365,49,,,1,100,,4366,49,,,1,100,,4367,49,,,1,100,,4368,49,,,1,100,,4369,49,,,1
1100,'72',720,,4370,49,,,1,102,,4371,49,,,1,99,,4372,49,,,1,102,,4373,49,,,1,100,,4374,49,,,1,100,,4375,49,,,1,101,,4376,49,,,1,99,,4377,49,,,1,100,,4378,49,,,1,100,,4379,49,,,1,100,,4380,49,,,1,100,,4381,49,,,1,99,,4384,49,,,1,100,,4382,49,,,1,100,,4383,49,,,1,100,,4386,49,,,1,100,,4385,49,,,1
1100,'73',921,,4387,49,,,1,102,,4388,49,,,1,100,,4389,49,,,1,100,,4390,49,,,1,101,,4391,49,,,1,99,,4392,49,,,1,100,,4393,49,,,1,100,,4394,49,,,1,100,,4395,49,,,1,100,,4396,49,,,1
11100,'15',709,,6226,13,,,2
11100,'86',709,,4850,13,,,2
11500,'12',832,,6227,9,,,2
11500,'82',832,,4852,9,,,2
1200000101,'1',1514,,7148,8,,,1,30,,7149,8,,,1,67,,7150,8,,,1,38,,7151,8,,,1
1200000101,'71',1514,,5070,8,,,1,30,,5071,8,,,1,67,,5069,8,,,1,40,,5072,8,,,1
1200000400,'1',633,,7629,13,,,1,15,,7630,13,,,1
1200000400,'71',633,,5565,13,,,1,15,,5566,13,,,1,55,,5567,13,,,1,16,,5564,13,,,1
