11900,'16',851,,6228,35,,,2
11900,'87',851,,4854,35,,,2
12500,'12',837,,6229,15,,,2
12500,'82',837,,4856,15,,,2
12700,'12',843,,6231,6,,,2
12700,'82',843,,4860,6,,,2
12900,'16',846,,6232,16,,,2
12900,'87',846,,4862,16,,,2
905231701,'27',2234,,6491,18,4,,2,70,,6494,18,4,,2,30,,6489,18,4,,2,70,,6492,18,4,,2,30,,6490,18,4,,2,70,,6493,18,4,,2,30,,6495,18,4,,2
905231701,'28',2234,,6498,18,4,,2,70,,6501,18,4,,2,30,,6496,18,4,,2,70,,6499,18,4,,2,30,,6497,18,4,,2,70,,6500,18,4,,2,30,,6502,18,4,,2
905231701,'29',2234,,6505,18,4,,2,70,,6508,18,4,,2,30,,6503,18,4,,2,70,,6506,18,4,,2,30,,6504,18,4,,2,70,,6507,18,4,,2,30,,6509,18,4,,2
1200000101,'1',1519,,7148,15,,,1,31,,7149,15,,,1,68,,7150,15,,,1,36,,7151,15,,,1
1200000101,'71',1519,,5070,15,,,1,31,,5071,15,,,1,68,,5069,15,,,1,38,,5072,15,,,1
1200000200,'1',545,,7153,18,,,1,55,,7158,18,,,1,15,,7159,18,,,1,16,,7160,18,,,1,15,,7162,18,,,1,55,,7163,18,,,1,17,,7152,18,,,1,15,,7165,18,,,1,16,,7157,18,,,1,54,,7155,18,,,1,14,,7161,18,,,1,15,,7166,18,,,1,18,,7164,18,,,1,60,,7167,18,,,1,29,,7169,18,,,1,69,,7171,18,,,1,30,,7156,18,,,1,70,,7172,18,,,1,30,,7168,18,,,1,69,,7170,18,,,1,32,,7174,18,,,1,70,,7175,18,,,1,29,,7173,18,,,1,70,,7177,18,,,1,18,,7179,18,,,1,30,,7180,18,,,1,55,,7181,18,,,1,12,,7178,18,,,1,13,,7182,18,,,1,15,,7183,18,,,1,54,,7185,18,,,1,15,,7176,18,,,1,15,,7188,18,,,1,15,,7189,18,,,1,57,,7192,18,,,1,16,,7193,18,,,1,15,,7187,18,,,1,70,,7186,18,,,1,30,,7184,18,,,1,70,,7190,18,,,1,30,,7196,18,,,1,70,,7197,18,,,1,30,,7199,18,,,1,70,,7200,18,,,1,32,,7194,18,,,1,70,,7191,18,,,1,32,,7198,18,,,1,67,,7201,18,,,1,30,,7195,18,0,14,1
1200000200,'2',708,,7205,18,,,1,30,,7204,18,,,1,70,,7208,18,,,1,30,,7202,18,,,1,70,,7207,18,,,1,30,,7206,18,,,1,70,,7210,18,,,1,30,,7209,18,,,1,70,,7203,18,,,1,30,,7212,18,,,1,70,,7214,18,,,1,30,,7211,18,,,1,70,,7216,18,,,1,30,,7217,18,,,1,70,,7213,18,,,1,30,,7215,18,,,1,70,,7219,18,,,1,30,,7221,18,,,1,70,,7218,18,,,1,30,,7223,18,,,1,70,,7224,18,,,1,31,,7220,18,,,1,70,,7222,18,,,1,29,,7228,18,,,1,70,,7227,18,,,1,31,,7225,18,,,1,69,,7229,18,,,1,29,,7231,18,,,1,70,,7230,18,,,1,30,,7233,18,,,1,70,,7226,18,,,1,30,,7232,18,,,1,70,,7234,18,,,1
1200000200,'3',708,,7235,18,,,1,30,,7236,18,,,1,70,,7237,18,,,1,30,,7238,18,,,1,70,,7239,18,,,1,30,,7243,18,,,1,70,,7241,18,,,1,30,,7245,18,,,1,70,,7242,18,,,1,30,,7240,18,,,1,70,,7244,18,,,1,30,,7247,18,,,1,70,,7246,18,,,1,30,,7248,18,,,1,70,,7250,18,,,1,30,,7252,18,,,1,70,,7255,18,,,1,30,,7257,18,,,1,70,,7249,18,,,1,30,,7251,18,,,1,70,,7253,18,,,1,31,,7256,18,,,1,70,,7258,18,,,1,29,,7260,18,,,1,70,,7259,18,,,1,31,,7254,18,,,1,69,,7261,18,,,1
1200000200,'71',545,,5074,18,,,1,55,,5078,18,,,1,15,,5080,18,,,1,16,,5081,18,,,1,15,,5077,18,,,1,55,,5085,18,,,1,17,,5073,18,,,1,15,,5087,18,,,1,16,,5076,18,,,1,54,,5089,18,,,1,14,,5083,18,,,1,15,,5090,18,,,1,18,,5079,18,,,1,55,,5091,18,,,1,17,,5084,18,,,1,17,,5086,18,,,1,14,,5092,18,,,1,55,,5088,18,,,1,15,,5094,18,,,1,15,,5095,18,,,1,15,,5096,18,,,1,55,,5098,18,,,1,15,,5099,18,,,1,15,,5101,18,,,1,15,,5102,18,,,1,54,,5103,18,,,1,17,,5093,18,,,1,15,,5105,18,,,1,15,,5106,18,,,1,55,,5107,18,,,1,14,,5097,18,,,1,15,,5104,18,,,1,15,,5100,18,,,1,61,,5108,18,,,1,12,,5109,18,,,1,15,,5110,18,,,1,15,,5111,18,,,1,55,,5112,18,,,1,12,,5113,18,,,1,13,,5115,18,,,1,15,,5117,18,,,1,53,,5119,18,,,1,8,,5121,5,,,1,8,,5120,18,,,1,15,,5122,18,,,1,15,,5125,18,,,1,57,,5126,18,,,1,16,,5123,18,,,1,15,,5124,18,,,1,15,,5116,18,,,1,55,,5114,18,,,1,15,,5128,18,,,1,15,,5118,18,,,1,70,,5129,18,,,1,30,,5127,18,,,1,70,,5133,18,,,1,30,,5135,18,,,1,70,,5136,18,,,1,32,,5130,18,,,1,70,,5132,18,,,1,32,,5134,18,,,1,67,,5137,18,,,1,30,,5131,18,0,14,1
1200000200,'72',709,,5139,18,,,1,30,,5142,18,,,1,70,,5143,18,,,1,29,,5144,18,,,1,70,,5138,18,,,1,30,,5141,18,,,1,70,,5140,18,,,1,30,,5145,18,,,1,70,,5146,18,,,1,31,,5148,18,,,1,69,,5147,18,,,1,30,,5150,18,,,1,70,,5151,18,,,1,30,,5152,18,,,1,70,,5153,18,,,1,30,,5154,18,,,1,70,,5149,18,,,1,30,,5156,18,,,1,70,,5155,18,,,1,30,,5159,18,,,1,70,,5158,18,,,1,31,,5161,18,,,1,69,,5162,18,,,1,30,,5163,18,,,1,70,,5165,18,,,1,31,,5157,18,,,1,69,,5167,18,,,1,29,,5168,18,,,1,70,,5164,18,,,1,30,,5166,18,,,1,70,,5160,18,,,1,30,,5169,18,,,1,70,,5170,18,,,1
1200000200,'73',709,,5171,18,,,1,30,,5173,18,,,1,70,,5174,18,,,1,29,,5175,18,,,1,70,,5176,18,,,1,30,,5172,18,,,1,70,,5177,18,,,1,30,,5179,18,,,1,70,,5178,18,,,1,31,,5181,18,,,1,69,,5180,18,,,1,30,,5183,18,,,1,70,,5184,18,,,1,30,,5185,18,,,1,70,,5186,18,,,1,30,,5188,18,,,1,70,,5182,18,,,1,30,,5191,18,,,1,70,,5189,18,,,1,30,,5193,18,,,1,70,,5192,18,,,1,31,,5195,18,,,1,69,,5196,18,,,1,30,,5197,18,,,1,70,,5187,18,,,1,31,,5194,18,,,1,69,,5190,18,,,1
1200000400,'1',638,,7629,20,,,1,15,,7630,20,,,1
1200000400,'71',638,,5565,20,,,1,15,,5566,20,,,1,56,,5567,20,,,1,16,,5564,20,,,1
