1300,'1',630,,5808,17,,,2,85,,5806,17,,,2,44,,5807,17,,,2,793,,5809,17,,,2,148,,5811,17,,,2,14,,5810,17,,,2,32,,5813,17,,,2,72,,5812,17,,,2
1300,'16',841,,5815,17,,,2,3,,5814,12,,,2
1300,'71',631,,4398,17,,,2,70,,4400,17,,,2,20,,4399,17,,,2,83,,4401,17,,,2,41,,4397,17,,,2,710,,4402,17,,,2,98,,4405,17,,,2,54,,4403,17,,,2,40,,4406,17,,,2,66,,4404,17,,,2
1300,'87',848,,4407,12,,,2
1501,'1',1212,,5834,5,0,41,2,103,,5835,5,0,41,2,95,,5836,5,0,41,2,36,,5839,5,0,41,2,92,,5837,22,,,2,81,,5840,22,,,2,21,,5842,22,,,2,77,,5838,22,0,41,2,28,,5841,22,,,2,78,,5844,5,0,41,2,33,,5845,5,0,41,2,102,,5846,5,0,41,2,153,,5843,5,0,41,2,41,,5847,5,0,41,2
1501,'71',650,,4438,22,0,41,2,64,,4436,22,0,41,2,33,,4439,22,0,41,2,164,,4437,5,0,41,2,115,,4440,5,0,41,2,116,,4441,5,0,41,2,70,,4442,5,0,41,2,117,,4444,5,0,41,2,115,,4445,5,0,41,2,94,,4443,22,0,41,2,86,,4446,22,0,41,2,16,,4448,22,0,41,2,71,,4450,22,0,41,2,35,,4449,22,0,41,2,77,,4447,5,0,41,2,36,,4451,5,0,41,2,145,,4452,5,0,41,2,106,,4453,5,0,41,2,42,,4454,5,0,41,2
1501,'88',1642,,4455,7,0,41,2
1601,'1',650,,5859,22,,,2,64,,5861,22,,,2,31,,5860,22,,,2,173,,5858,22,0,41,2,95,,5862,5,0,41,2,99,,5863,5,0,41,2
13101,'85',1536,,4865,41,,,2
20000,'1',919,,6243,18,0,38,2,28,,6242,18,0,38,2,1189,,6244,6,0,38,2,218,,6245,6,0,38,2
20000,'2',1908,,6246,6,0,38,2,445,,6247,6,0,38,2
20000,'71',917,,4882,18,,,2,28,,4879,18,,,2,66,,4881,18,,,2,29,,4880,18,,,2,689,,4883,6,,,2,273,,4884,6,,,2,134,,4886,6,,,2,218,,4885,6,,,2
20000,'72',2351,,4887,6,,,2
21000,'1',1115,,6255,24,0,38,2,33,,6256,24,0,38,2,585,,6258,24,0,38,2,69,,6260,24,0,38,2,28,,6259,24,0,38,2,80,,6257,24,0,38,2,132,,6261,24,0,38,2
21000,'2',1250,,6262,24,0,38,2,71,,6263,24,0,38,2,31,,6264,24,0,38,2,71,,6265,24,0,38,2,496,,6266,24,0,38,2,93,,6267,24,0,38,2
21000,'3',1219,,6269,24,0,38,2,133,,6268,24,0,38,2,172,,6270,24,0,38,2,100,,6271,24,0,38,2
21000,'71',1118,,4899,22,,,2,36,,4900,22,,,2,246,,4902,22,,,2,39,,4901,22,,,2,277,,4903,22,,,2,18,,4907,22,,,2,68,,4905,22,,,2,27,,4904,22,,,2,81,,4906,22,,,2,132,,4908,22,,,2
35000,'13',910,,6306,5,0,38,2
35000,'71',910,,4951,5,,,2
38000,'1',1705,,6312,19,0,38,2,46,,6310,19,0,38,2,86,,6311,19,0,38,2
38000,'71',1708,,4961,19,,,2,42,,4960,19,,,2,79,,4959,19,,,2
1001101,'1',601,,6326,16,,,1,31,,6323,16,,,1,70,,6327,16,,,1,32,,6324,16,,,1,24,,6320,16,,,1,81,,6325,16,,,1,66,,6321,16,0,12 13,1,18,,6328,16,,,1,30,,6329,16,,,1,75,,6333,16,,,1,30,,6330,16,,,1,75,,6334,16,,,1,70,,6331,16,,,1,33,,6335,16,,,1,70,,6332,16,,,1,37,,6336,16,,,1,70,,6338,16,,,1,88,,6337,16,,,1,30,,6339,16,,,1,85,,6341,16,,,1,26,,6340,16,,,1,63,,6344,16,,,1,27,,6342,16,,,1,74,,6345,16,,,1,29,,6343,16,,,1,71,,6346,16,,,1,100,,6347,16,,,1,100,,6348,16,,,1,100,,6349,16,,,1,100,,6350,16,0,12 13,1
1001101,'2',803,,6352,16,,,1,101,,6353,16,,,1,101,,6354,16,,,1,100,,6355,16,,,1,98,,6359,16,,,1,100,,6360,16,,,1,101,,6358,16,,,1,100,,6356,16,,,1,100,,6357,16,,,1,100,,6361,16,,,1,100,,6362,16,,,1,100,,6363,16,,,1,100,,6364,16,,,1,100,,6365,16,,,1,100,,6366,16,,,1,100,,6367,16,0,12 13,1
1001101,'3',1005,,6369,16,,,1,100,,6372,16,,,1,98,,6373,16,,,1,100,,6370,16,,,1,101,,6371,16,,,1,100,,6374,16,,,1,100,,6375,16,,,1,100,,6376,16,,,1,100,,6377,16,,,1
1001101,'71',601,,4973,16,,,1,31,,4970,16,,,1,70,,4974,16,,,1,32,,4971,16,,,1,24,,4976,16,,,1,81,,4972,16,,,1,66,,4977,16,0,12 13,1,18,,4978,16,,,1,30,,4975,16,,,1,75,,4979,16,,,1,30,,4982,16,,,1,75,,4980,16,,,1,70,,4983,16,,,1,33,,4981,16,,,1,70,,4984,16,,,1,37,,4986,16,,,1,70,,4985,16,,,1,88,,4987,16,,,1,30,,4989,16,,,1,85,,4988,16,,,1,26,,4990,16,,,1,63,,4993,16,,,1,27,,4991,16,,,1,74,,4994,16,,,1,29,,4992,16,,,1,71,,4995,16,,,1,100,,4996,16,,,1,100,,4997,16,,,1,100,,4998,16,,,1,100,,4999,16,0,12 13,1
1001101,'72',803,,5000,16,,,1,101,,5001,16,,,1,101,,5002,16,,,1,100,,5004,16,,,1,98,,5005,16,,,1,100,,5006,16,,,1,101,,5007,16,,,1,100,,5008,16,,,1,100,,5009,16,,,1,100,,5010,16,,,1,100,,5011,16,,,1,100,,5012,16,,,1,100,,5013,16,,,1,100,,5014,16,,,1,100,,5015,16,,,1,100,,5016,16,0,12 13,1
1001101,'73',1005,,5018,16,,,1,100,,5019,16,,,1,98,,5020,16,,,1,100,,5021,16,,,1,101,,5022,16,,,1,100,,5023,16,,,1,100,,5024,16,,,1,100,,5025,16,,,1,100,,5026,16,,,1
1200000100,'1',654,,7141,74,,,1,72,,7142,74,,,1,21,,7143,74,,,1,69,,7146,74,0,16 1 17,1,30,,7144,74,,,1
1200000100,'71',652,,5061,74,,,1,71,,5062,74,,,1,21,,5063,74,,,1,69,,5066,74,0,16 1 17,1,30,,5064,74,,,1
2000001501,'2',801,,7688,5,,,2,101,,7689,5,,,2,100,,7690,5,,,2,102,,7691,5,,,2,101,,7692,5,,,2,101,,7693,5,,,2,201,,7694,5,,,2,101,,7695,5,,,2,103,,7696,5,,,2,97,,7697,5,,,2,93,,7698,5,,,2
2000001501,'3',902,,7699,5,,,2,100,,7700,5,,,2,102,,7701,5,,,2,101,,7702,5,,,2,101,,7703,5,,,2,201,,7704,5,,,2,101,,7705,5,,,2,103,,7706,5,,,2,97,,7707,5,,,2,93,,7708,5,,,2
2000001501,'72',754,,5628,5,,,2,102,,5629,5,,,2,103,,5630,5,,,2,148,,5631,5,,,2,94,,5632,5,,,2,108,,5633,5,,,2,142,,5634,5,,,2,99,,5635,5,,,2,103,,5636,5,,,2,99,,5637,5,,,2,98,,5638,5,,,2
2000001501,'73',856,,5639,5,,,2,103,,5640,5,,,2,148,,5641,5,,,2,94,,5642,5,,,2,108,,5643,5,,,2,142,,5644,5,,,2,99,,5645,5,,,2,103,,5646,5,,,2,99,,5647,5,,,2,98,,5648,5,,,2
