3800,'1',804,,6171,30,,,2,103,,6172,30,,,2,99,,6173,30,,,2,102,,6174,30,,,2,115,,6175,30,,,2,102,,6176,30,,,2,102,,6177,30,,,2,106,,6178,30,,,2,119,,6179,30,,,2,72,,6180,30,,,2,134,,6181,30,,,2,96,,6182,30,,,2,96,,6183,30,,,2,100,,6184,30,,,2,98,,6185,30,,,2
3800,'2',732,,6186,30,,,2,101,,6187,30,,,2,103,,6188,30,,,2,101,,6189,30,,,2,102,,6190,30,,,2,116,,6191,30,,,2,102,,6192,30,,,2,101,,6193,30,,,2,100,,6194,30,,,2,142,,6195,30,,,2,59,,6196,30,,,2,94,,6197,30,,,2,96,,6198,30,,,2,100,,6199,30,,,2,97,,6200,30,,,2,101,,6201,30,,,2
3800,'3',833,,6202,30,,,2,103,,6203,30,,,2,101,,6204,30,,,2,102,,6205,30,,,2,116,,6206,30,,,2,102,,6207,30,,,2,101,,6208,30,,,2,100,,6209,30,,,2,142,,6210,30,,,2,59,,6211,30,,,2,94,,6212,30,,,2,96,,6213,30,,,2
3800,'71',802,,4794,30,,,2,105,,4795,30,,,2,98,,4796,30,,,2,102,,4797,30,,,2,113,,4798,30,,,2,102,,4799,30,,,2,102,,4800,30,,,2,109,,4801,37,,,2,115,,4802,30,,,2,95,,4803,30,,,2,112,,4804,30,,,2,97,,4805,30,,,2,96,,4806,30,,,2,101,,4807,30,,,2,99,,4808,30,,,2
3800,'72',736,,4809,30,,,2,100,,4810,30,,,2,102,,4811,30,,,2,100,,4812,30,,,2,101,,4813,30,,,2,111,,4814,30,,,2,100,,4815,30,,,2,102,,4816,30,,,2,100,,4817,30,,,2,100,,4818,30,,,2,98,,4819,30,,,2,100,,4820,30,,,2,98,,4822,30,,,2,99,,4823,30,,,2,99,,4824,30,,,2,100,,4821,30,,,2
3800,'73',836,,4825,30,,,2,102,,4826,30,,,2,100,,4827,30,,,2,101,,4828,30,,,2,111,,4829,30,,,2,100,,4830,30,,,2,102,,4831,30,,,2,100,,4832,30,,,2,100,,4833,30,,,2,98,,4834,30,,,2,100,,4835,30,,,2,107,,4836,30,,,2
38100,'15',715,,6316,18,,,2
38100,'84',715,,4965,18,,,2
38500,'12',806,,6317,4,,,2
38500,'82',806,,4967,4,,,2
5003801,'1',1718,,6398,57,,,2,89,,6397,57,,,2
5003801,'71',1717,,5053,57,,,2,89,,5052,57,,,2
