3600,'1',623,,750,27,,,2,177,,751,27,,,2,54,,752,27,,,2,161,,753,27,,,2,101,,754,27,,,2,100,,755,27,,,2,103,,756,27,,,2,100,,757,27,,,2,100,,758,27,,,2,305,,759,27,,,2,90,,760,27,,,2,92,,761,27,,,2,97,,762,27,,,2,104,,763,27,,,2,93,,764,27,,,2
3600,'3',623,,765,27,,,2,177,,766,27,,,2,215,,767,27,,,2,101,,768,27,,,2,100,,770,27,,,2,103,,769,27,,,2,100,,771,27,,,2,100,,772,27,,,2,305,,773,27,,,2,90,,774,27,,,2,92,,775,27,,,2,97,,776,27,,,2,104,,777,27,,,2,93,,778,27,,,2
3600,'4',623,,779,27,,,2,177,,783,27,,,2,215,,782,27,,,2,101,,780,27,,,2,100,,781,27,,,2,103,,784,27,,,2,100,,785,27,,,2,100,,786,27,,,2,305,,787,27,,,2,90,,790,27,,,2,92,,791,27,,,2,97,,792,27,,,2,104,,788,27,,,2,93,,789,27,,,2
3600,'6',737,,793,27,,,2,100,,794,27,,,2,101,,795,27,,,2,100,,796,27,,,2,105,,797,27,,,2,100,,798,27,,,2,100,,799,27,,,2,102,,800,27,,,2,101,,801,27,,,2,99,,802,27,,,2,97,,807,27,,,2,97,,808,27,,,2,91,,809,27,,,2,109,,803,27,,,2,99,,804,27,,,2,97,,805,27,,,2,93,,806,27,,,2
3600,'8',837,,810,27,,,2,101,,811,27,,,2,100,,812,27,,,2,105,,813,27,,,2,100,,814,27,,,2,100,,815,27,,,2,102,,816,27,,,2,101,,817,27,,,2,99,,818,27,,,2,97,,819,27,,,2,97,,820,27,,,2,91,,821,27,,,2
5003600,'1',658,,1343,27,,,2,68,,1342,27,,,2
5003600,'3',658,,1345,27,,,2,68,,1344,27,,,2
5003600,'4',658,,1347,27,,,2,68,,1346,27,,,2
5003601,'1',1620,,1350,41,,,2,85,,1348,41,,,2,22,,1349,41,,,2
5003601,'3',1653,,1351,41,,,2,67,,1352,41,,,2
5003601,'4',1658,,1353,41,,,2,62,,1354,41,,,2
