3101,'1',546,,6012,1,0,8 1 32,2,70,,6014,1,0,8 1 32,2,26,,6013,33,0,8 1 32,2,72,,6011,33,0,8 1 32,2,104,,6015,33,0,8 1 32,2,105,,6016,33,0,8 1 32,2,99,,6017,33,0,8 1 32,2,100,,6018,33,0,8 1 32,2,106,,6019,33,0,8 1 32,2,102,,6020,33,0,8 1 32,2,101,,6021,33,0,8 1 32,2,100,,6022,33,0,8 1 32,2,97,,6023,33,0,8 1 32,2,31,,6026,33,0,8 1 32,2,71,,6027,33,0,8 1 32,2,71,,6024,33,0,8 1 32,2,33,,6028,33,0,8 1 32,2,24,,6025,33,0,8 1 32,2,76,,6029,33,0,8 1 32,2,290,,6030,33,0,8,2
3101,'71',555,,4611,1,0,8 1 14,2,70,,4613,1,0,8 1 14,2,77,,4610,27,0,8 1 14,2,24,,4612,27,0,8 1 14,2,95,,4614,27,0,8 1 14,2,16,7,4618,1,0,8 1 14,2,94,,4619,27,0,8 1 14,2,85,,4615,27,0,8 1 14,2,87,,4616,27,0,8 1 14,2,56,,4617,27,0,8 1 14,2,87,,4620,27,0,8 1 14,2,85,,4621,27,0,8 1 14,2,86,,4622,27,0,8 1 14,2,88,,4623,27,0,8 1 14,2,46,,4624,27,0,8 1 14,2,82,,4627,27,0,8 1 14,2,16,,4625,27,0,8 1 14,2,76,,4628,27,0,8 1 14,2,25,,4631,27,0,8 1 14,2,66,,4629,27,0,8 1 14,2,36,,4626,27,0,8 1 14,2,68,,4630,27,0,8 1 14,2,291,,4632,27,0,8,2
31900,'13',822,14,6301,1,,,2,15,15,6302,1,,,2
38100,'15',701,,6316,1,,,2
38100,'84',701,,4965,1,,,2
2000003101,'2',648,,7719,1,0,8 1 32,2,102,,7720,33,0,8 1 32,2,101,,7721,33,0,8 1 32,2,101,,7722,33,0,8 1 32,2,101,,7723,33,0,8 1 32,2,101,,7724,33,0,8 1 32,2,101,,7725,33,0,8 1 32,2,255,,7726,33,0,8 1 32,2,101,,7727,33,0,8 1 32,2,101,,7728,33,0,8 1 32,2,96,,7729,33,0,8 1 32,2,50,,7730,33,0,8,2
2000003101,'3',750,,7731,1,0,8 1 32,2,101,,7732,33,0,8 1 32,2,101,,7733,33,0,8 1 32,2,101,,7734,33,0,8 1 32,2,101,,7735,33,0,8 1 32,2,101,,7736,33,0,8 1 32,2,255,,7737,33,0,8 1 32,2,101,,7738,33,0,8 1 32,2,101,,7739,33,0,8 1 32,2,96,,7740,33,0,8 1 32,2,50,,7741,33,0,8,2
2000003101,'72',702,,5659,1,0,8 1 14,2,101,,5660,27,0,8 1 14,2,101,,5661,27,0,8 1 14,2,100,,5662,27,0,8 1 14,2,100,,5663,27,0,8 1 14,2,100,,5664,27,0,8 1 14,2,100,,5665,27,0,8 1 14,2,199,,5666,27,0,8 1 14,2,102,,5667,27,0,8 1 14,2,102,,5668,27,0,8 1 14,2,98,,5669,27,0,8 1 14,2,98,,5670,27,0,8,2
2000003101,'73',803,,5671,1,0,8 1 14,2,100,,5672,27,0,8 1 14,2,101,,5673,27,0,8 1 14,2,100,,5674,27,0,8 1 14,2,100,,5675,27,0,8 1 14,2,100,,5676,27,0,8 1 14,2,199,,5677,27,0,8 1 14,2,102,,5678,27,0,8 1 14,2,102,,5679,27,0,8 1 14,2,98,,5680,27,0,8 1 14,2,98,,5681,27,0,8,2
2000006600,'1',1055,,7805,54,4,,2
2000006600,'71',1055,,5745,54,4,,2
