24201,'85',1525,,4940,13,,,2
24601,'83',1648,,4944,7,,,2
905231701,'27',2305,,6491,59,4,,2,29,,6494,59,4,,2,70,,6489,59,4,,2,30,,6492,59,4,,2,70,,6490,59,4,,2,30,,6493,59,4,,2,70,,6495,59,4,,2
905231701,'28',2305,,6498,59,4,,2,29,,6501,59,4,,2,70,,6496,59,4,,2,30,,6499,59,4,,2,70,,6497,59,4,,2,30,,6500,59,4,,2,70,,6502,59,4,,2
905231701,'29',2305,,6505,59,4,,2,29,,6508,59,4,,2,70,,6503,59,4,,2,30,,6506,59,4,,2,70,,6504,59,4,,2,30,,6507,59,4,,2,70,,6509,59,4,,2
1200000101,'1',1610,,7148,63,,,1,32,,7149,63,,,1,71,,7150,63,,,1,30,,7151,63,,,1
1200000101,'71',1606,,5070,63,,,1,32,,5071,63,,,1,71,,5069,63,,,1,30,,5072,63,,,1
1200000301,'1',614,,7508,12,,,1,28,,7513,12,,,1,76,,7506,25,,,1,20,,7510,25,,,1,75,,7516,25,,,1,29,,7511,25,,,1,65,,7519,25,,,1,25,,7507,25,,,1,69,,7517,25,,,1,27,,7515,25,,,1,73,,7520,25,,,1,33,,7521,25,,,1,70,,7523,25,,,1,33,,7525,25,,,1,72,,7527,25,,,1,29,,7522,25,,,1,70,,7524,25,,,1,28,,7526,25,,,1,70,,7528,25,,,1,36,,7529,25,,,1,60,,7532,22,,,1,23,,7530,22,,,1,18,,7535,22,,,1,59,,7534,22,,,1,11,,7539,22,,,1,13,,7537,22,,,1,14,,7538,22,,,1,16,,7541,22,,,1,54,,7533,22,,,1,12,,7536,22,,,1,15,,7531,22,,,1,69,,7540,22,,,1,24,,7544,25,,,1,24,,7542,25,,,1,71,,7543,25,,,1,30,,7545,25,,,1,70,,7546,25,,,1,33,,7549,25,,,1,71,,7547,12,,,1,30,,7550,12,,,1,68,,7548,12,,,1,30,,7551,12,,,1,79,,7552,12,,,1
1200000301,'2',754,,7553,25,,,1,70,,7556,25,,,1,31,,7559,25,,,1,71,,7562,25,,,1,31,,7554,25,,,1,72,,7557,25,,,1,71,,7560,25,,,1,31,,7563,25,,,1,71,,7555,25,,,1,31,,7558,25,,,1,71,,7561,25,,,1,31,,7564,25,,,1,71,,7565,25,,,1,30,,7568,25,,,1,70,,7574,25,,,1,30,,7571,25,,,1,70,,7566,25,,,1,31,,7569,25,,,1,71,,7575,25,,,1,27,,7572,25,,,1,68,,7567,25,,,1,29,,7570,25,,,1,27,,7576,25,,,1,67,,7573,25,,,1,75,,7577,12,,,1,100,,7578,12,,,1,56,,7579,12,,,1,98,,7580,12,,,1,78,,7581,12,,,1,102,,7582,12,,,1
1200000301,'27',2228,,7584,15,,,1,30,,7587,15,,,1,70,,7589,15,,,1,83,,7585,15,,,1,28,,7588,15,,,1,70,,7583,15,,,1,30,,7586,15,,,1
1200000301,'28',2228,,7591,15,,,1,30,,7594,15,,,1,70,,7596,15,,,1,83,,7592,15,,,1,28,,7595,15,,,1,70,,7590,15,,,1,30,,7593,15,,,1
1200000301,'29',2228,,7598,15,,,1,30,,7601,15,,,1,70,,7603,15,,,1,83,,7599,15,,,1,28,,7602,15,,,1,70,,7597,15,,,1,30,,7600,15,,,1
1200000301,'3',824,,7604,25,,,1,31,,7606,25,,,1,71,,7612,25,,,1,31,,7609,25,,,1,72,,7605,25,,,1,71,,7607,25,,,1,31,,7613,25,,,1,71,,7610,25,,,1,31,,7614,25,,,1,71,,7608,25,,,1,31,,7616,25,,,1,71,,7611,25,,,1,30,,7615,25,,,1,70,,7618,25,,,1,30,,7617,25,,,1,70,,7621,25,,,1,31,,7623,25,,,1,71,,7619,25,,,1,27,,7627,25,,,1,68,,7622,25,,,1,29,,7624,25,,,1,27,,7620,25,,,1,67,,7628,25,,,1,75,,7625,12,,,1,121,,7626,12,,,1
1200000301,'71',614,,5456,12,,,1,28,,5460,12,,,1,77,,5454,25,,,1,20,,5458,25,,,1,77,,5466,25,,,1,27,,5463,25,,,1,66,,5469,25,,,1,26,,5455,25,,,1,69,,5465,25,,,1,27,,5467,25,,,1,76,,5470,25,,,1,20,,5471,25,,,1,20,,5473,25,,,1,60,,5475,25,,,1,23,,5476,25,,,1,20,,5478,25,,,1,62,,5480,25,,,1,19,,5472,25,,,1,20,,5474,25,,,1,60,,5481,25,,,1,18,,5477,25,,,1,20,,5479,25,,,1,59,,5483,25,,,1,25,,5484,25,,,1,13,,5485,22,,,1,56,,5486,22,,,1,23,,5482,22,,,1,18,,5494,22,,,1,59,,5490,22,,,1,11,,5493,22,,,1,13,,5488,22,,,1,14,,5487,22,,,1,16,,5497,22,,,1,56,,5496,22,,,1,10,,5495,22,,,1,17,,5492,22,,,1,11,,5489,22,,,1,56,,5491,22,,,1,22,,5498,25,,,1,27,,5499,25,,,1,71,,5501,25,,,1,30,,5500,25,,,1,70,,5502,25,,,1,33,,5505,25,,,1,70,,5503,12,,,1,30,,5506,12,,,1,68,,5504,12,,,1,30,,5507,12,,,1,79,,5508,12,,,1
1200000301,'72',755,,5511,25,,,1,70,,5510,25,,,1,31,,5514,25,,,1,70,,5515,25,,,1,31,,5516,25,,,1,71,,5509,25,,,1,31,,5513,25,,,1,70,,5512,25,,,1,30,,5517,25,,,1,70,,5518,25,,,1,71,,5520,25,,,1,30,,5519,25,,,1,71,,5522,25,,,1,30,,5523,25,,,1,71,,5524,25,,,1,30,,5525,25,,,1,69,,5526,25,,,1,31,,5521,25,,,1,72,,5528,25,,,1,29,,5527,25,,,1,68,,5530,25,,,1,29,,5529,25,,,1,29,,5531,25,,,1,64,,5535,25,,,1,78,,5532,12,,,1,100,,5533,12,,,1,56,,5534,12,,,1,99,,5536,12,,,1,78,,5537,12,,,1,102,,5538,12,,,1
1200000301,'73',825,,5539,25,,,1,31,,5541,25,,,1,70,,5542,25,,,1,31,,5543,25,,,1,71,,5544,25,,,1,31,,5540,25,,,1,70,,5545,25,,,1,30,,5547,25,,,1,70,,5546,25,,,1,71,,5549,25,,,1,30,,5548,25,,,1,71,,5551,25,,,1,30,,5552,25,,,1,71,,5553,25,,,1,30,,5554,25,,,1,69,,5555,25,,,1,31,,5550,25,,,1,72,,5557,25,,,1,29,,5556,25,,,1,68,,5559,25,,,1,29,,5558,25,,,1,29,,5560,25,,,1,64,,5563,25,,,1,78,,5561,12,,,1,121,,5562,12,,,1
