3600,'1',619,,750,20,,,2,137,,751,20,,,2,94,,752,20,,,2,161,,753,20,,,2,101,,754,20,,,2,100,,755,20,,,2,103,,756,20,,,2,100,,757,20,,,2,100,,758,20,,,2,305,,759,20,,,2,90,,760,20,,,2,92,,761,20,,,2,57,,762,20,,,2,144,,763,20,,,2,53,,764,20,,,2
3600,'3',619,,765,20,,,2,137,,766,20,,,2,255,,767,20,,,2,101,,768,20,,,2,100,,770,20,,,2,103,,769,20,,,2,100,,771,20,,,2,100,,772,20,,,2,305,,773,20,,,2,90,,774,20,,,2,92,,775,20,,,2,57,,776,20,,,2,144,,777,20,,,2,53,,778,20,,,2
3600,'4',619,,779,20,,,2,137,,783,20,,,2,255,,782,20,,,2,101,,780,20,,,2,100,,781,20,,,2,103,,784,20,,,2,100,,785,20,,,2,100,,786,20,,,2,305,,787,20,,,2,90,,790,20,,,2,92,,791,20,,,2,57,,792,20,,,2,144,,788,20,,,2,53,,789,20,,,2
3600,'6',733,,793,20,,,2,100,,794,20,,,2,101,,795,20,,,2,100,,796,20,,,2,105,,797,20,,,2,100,,798,20,,,2,100,,799,20,,,2,102,,800,20,,,2,101,,801,20,,,2,99,,802,20,,,2,97,,807,20,,,2,97,,808,20,,,2,91,,809,20,,,2,109,,803,20,,,2,99,,804,20,,,2,97,,805,20,,,2,93,,806,20,,,2
3600,'8',833,,810,20,,,2,101,,811,20,,,2,100,,812,20,,,2,105,,813,20,,,2,100,,814,20,,,2,100,,815,20,,,2,102,,816,20,,,2,101,,817,20,,,2,99,,818,20,,,2,97,,819,20,,,2,97,,820,20,,,2,91,,821,20,,,2
22901,'18',1628,,1135,5,,,2
5003600,'1',653,,1343,20,,,2,68,,1342,20,,,2
5003600,'3',653,,1345,20,,,2,68,,1344,20,,,2
5003600,'4',653,,1347,20,,,2,68,,1346,20,,,2
5003601,'1',1616,,1350,34,,,2,85,,1348,34,,,2,22,,1349,34,,,2
5003601,'3',1649,,1351,34,,,2,67,,1352,34,,,2
5003601,'4',1654,,1353,34,,,2,62,,1354,34,,,2
