3701,'1',552,,6122,28,0,9,2,81,,6123,35,0,9,2,105,,6124,35,,,2,103,,6125,35,0,9,2,104,,6126,35,0,9,2,97,,6127,35,0,9,2,102,,6128,35,0,9,2,115,,6129,35,0,9,2,142,,6130,35,0,9,2,102,,6131,35,0,9,2,114,,6132,35,0,9,2,142,,6133,35,0,9,2,72,,6134,35,0,9,2,100,,6135,35,0,9,2,96,,6136,35,0,9,2,96,,6137,35,0,9,2,100,,6138,35,0,9,2,100,,6139,35,0,9,2,26,,6140,35,0,9,2
3701,'2',707,,6141,35,0,9,2,100,,6142,35,0,9,2,102,,6143,35,0,9,2,102,,6144,35,0,9,2,102,,6145,35,0,9,2,116,,6146,35,0,9,2,103,,6147,35,0,9,2,100,,6148,35,0,9,2,101,,6149,35,0,9,2,100,,6150,35,0,9,2,101,,6151,35,0,9,2,95,,6152,35,0,9,2,97,,6153,35,0,9,2,96,,6154,35,0,9,2,100,,6155,35,0,9,2,101,,6156,35,0,9,2,98,,6157,35,0,9,2,26,,6158,35,0,9,2
3701,'3',807,,6159,35,0,9,2,102,,6160,35,0,9,2,102,,6161,35,0,9,2,102,,6162,35,0,9,2,116,,6163,35,0,9,2,103,,6164,35,0,9,2,100,,6165,35,0,9,2,101,,6166,35,0,9,2,100,,6167,35,0,9,2,101,,6168,35,0,9,2,95,,6169,35,0,9,2,97,,6170,35,0,9,2
3701,'71',551,,4746,28,0,9,2,187,,4749,35,,,2,103,,4748,35,0,9,2,102,,4747,35,0,9,2,98,,4750,35,0,9,2,102,,4751,35,0,9,2,113,,4752,35,0,9,2,102,,4753,35,0,9,2,142,,4754,35,0,9,2,115,,4755,35,0,9,2,113,,4756,35,0,9,2,100,,4757,35,0,9,2,100,,4758,35,0,9,2,97,,4759,35,0,9,2,97,,4760,35,0,9,2,101,,4761,35,0,9,2,102,,4762,35,0,9,2,26,,4763,35,0,9,2
3701,'72',711,,4764,35,0,9,2,100,,4765,35,0,9,2,102,,4766,35,0,9,2,100,,4767,35,0,9,2,100,,4768,35,0,9,2,112,,4769,35,0,9,2,100,,4770,35,0,9,2,100,,4771,35,0,9,2,102,,4772,35,0,9,2,100,,4773,35,0,9,2,98,,4774,35,0,9,2,100,,4775,35,0,9,2,100,,4776,35,0,9,2,97,,4779,35,0,9,2,100,,4780,35,0,9,2,101,,4781,35,0,9,2,98,,4777,35,0,9,2,26,,4778,35,0,9,2
3701,'73',811,,4782,35,0,9,2,102,,4783,35,0,9,2,100,,4784,35,0,9,2,100,,4785,35,0,9,2,112,,4786,35,0,9,2,100,,4787,35,0,9,2,100,,4788,35,0,9,2,102,,4789,35,0,9,2,100,,4790,35,0,9,2,98,,4791,35,0,9,2,100,,4792,35,0,9,2,109,,4793,35,0,9,2
37500,'12',821,,6309,19,,,2
37500,'82',821,,4957,19,,,2
5003700,'1',645,,6395,39,,,2,76,,6394,39,,,2
5003700,'71',629,,5046,46,,,2,18,,5047,39,,,2,74,,5048,39,,,2
5003701,'1',1751,,6396,68,,,2
5003701,'71',1647,,5050,68,,,2,106,,5049,68,,,2
5003701,'81',1906,,5051,68,,,2
