2200,'1',619,,5864,43,4,,2,28,,5873,81,4,,2,63,,5865,43,4,,2,30,,5877,43,4,,2,66,,5879,81,4,,2,43,,5878,43,4,,2,87,,5874,43,4,,2,109,,5866,43,4,,2,100,,5867,43,4,,2,100,,5868,43,4,,2,100,,5870,43,4,,2,102,,5871,43,4,,2,103,,5880,29,4,,2,65,,5872,29,4,,2,113,,5869,29,4,,2,29,,5875,29,4,,2,100,,5876,29,4,,2
2200,'13',849,,5882,1,0,14 1 15,2,2,,5881,26,0,14 1 15,2
2200,'71',619,,4456,43,,,2,28,,4471,81,,,2,63,,4457,43,,,2,30,,4472,43,,,2,66,,4474,81,,,2,43,,4473,43,0,14 1 15,2,87,,4458,43,,,2,75,,4460,43,,,2,32,,4459,43,,,2,72,,4461,43,,,2,30,,4465,43,,,2,70,,4462,43,,,2,31,,4466,43,,,2,70,,4463,43,,,2,30,,4475,43,,,2,70,,4464,43,,,2,29,,4476,43,,,2,74,,4469,43,,,2,31,,4467,29,,,2,65,,4470,29,,,2,108,,4468,29,,,2,34,,4477,29,,,2,100,,4478,29,,,2
2200,'87',851,,4479,26,0,14 1 15,2
2300,'1',615,,5924,55,4,,2,196,,5919,55,4,,2,40,,5927,55,4,,2,73,,5904,55,4,,2,76,,5906,55,4,,2,30,,5905,55,4,,2,70,,5907,55,4,,2,30,,5908,55,4,,2,70,,5909,55,4,,2,30,,5912,41,4,,2,70,,5910,41,4,,2,30,,5913,41,4,,2,70,,5911,41,4,,2,31,,5914,41,4,,2,74,,5915,41,4,,2,33,,5917,41,4,,2,119,,5918,41,4,,2,77,,5916,41,4,,2,24,,5925,41,4,,2,70,,5920,41,4,,2,30,,5926,41,4,,2,73,,5921,41,4,,2,102,,5922,41,4,,2,95,,5923,41,4,,2
2300,'13',850,,5928,19,0,14 1 15,2,1,,5929,1,0,14 1 15,2
2300,'2',653,,5930,55,4,,2,100,,5931,55,4,,2,101,,5932,55,4,,2,102,,5933,55,4,,2,102,,5934,55,4,,2,142,,5935,55,4,,2,101,,5936,55,4,,2,101,,5937,41,4,,2,100,,5938,41,4,,2,100,,5939,41,4,,2,101,,5940,41,4,,2,48,,5941,41,4,,2
2300,'3',753,,5942,55,4,,2,101,,5943,55,4,,2,102,,5944,55,4,,2,102,,5945,55,4,,2,142,,5946,55,4,,2,101,,5947,55,4,,2,101,,5948,41,4,,2,100,,5949,41,4,,2,100,,5950,41,4,,2,101,,5951,41,4,,2,48,,5952,41,4,,2
2300,'71',615,,4520,55,,,2,191,,4525,55,,,2,45,,4529,55,0,14 1 15,2,70,,4507,55,,,2,36,,4510,55,,,2,70,,4508,55,,,2,31,,4511,55,,,2,70,,4509,55,,,2,30,,4512,55,,,2,71,,4515,41,,,2,30,,4513,41,,,2,70,,4516,41,,,2,30,,4514,41,,,2,72,,4517,41,,,2,74,,4518,41,,,2,31,,4528,41,,,2,117,,4530,41,,,2,75,,4519,41,,,2,28,,4526,41,,,2,70,,4521,41,,,2,30,,4527,41,,,2,75,,4522,41,,,2,100,,4523,41,,,2,97,,4524,41,,,2
2300,'72',655,,4531,55,,,2,101,,4532,55,,,2,101,,4533,55,,,2,101,,4534,55,,,2,101,,4535,55,,,2,100,,4536,55,,,2,141,,4537,55,,,2,101,,4538,41,,,2,100,,4539,41,,,2,100,,4540,41,,,2,100,,4541,41,,,2,102,,4542,41,,,2
2300,'73',756,,4543,55,,,2,101,,4544,55,,,2,101,,4545,55,,,2,101,,4546,55,,,2,100,,4547,55,,,2,141,,4548,55,,,2,101,,4549,41,,,2,100,,4550,41,,,2,100,,4551,41,,,2,100,,4552,41,,,2,102,,4553,41,,,2
2300,'87',850,,4554,19,0,14 1 15,2
20000,'1',903,,6243,13,0,38,2,29,,6242,13,0,38,2,1191,,6244,1,0,38,2,219,,6245,1,0,38,2
20000,'2',1856,,6246,1,0,38,2,485,,6247,1,0,38,2
20000,'71',901,,4882,13,,,2,29,,4879,13,,,2,26,,4881,13,,,2,69,,4880,13,,,2,689,,4883,1,,,2,235,,4884,1,,,2,174,,4886,1,,,2,219,,4885,1,,,2
20000,'72',2339,,4887,1,,,2
22100,'15',727,,6288,29,,,2
22100,'84',727,,4923,29,,,2
22200,'15',727,,6289,25,,,2
22200,'84',727,,4925,25,,,2
23100,'15',734,,6293,62,,,2
23100,'84',734,,4931,62,,,2
23200,'15',723,,6294,21,,,2
23200,'84',725,,4933,21,,,2
32500,'12',808,,6304,17,,,2
32500,'82',808,,4947,17,,,2
5003401,'1',1647,,6389,13,,,2
5003401,'71',1647,,5040,13,,,2
5003601,'71',1602,,5045,13,,,2,44,,5043,13,,,2,64,,5044,13,,,2
5003701,'1',1713,,6396,13,,,2
5003701,'71',1603,,5050,13,,,2,110,,5049,13,,,2
5003701,'81',1826,,5051,13,,,2
5003801,'1',1647,,6398,13,,,2,91,,6397,13,,,2
5003801,'71',1647,,5053,13,,,2,91,,5052,13,,,2
5004301,'11',1643,,6402,7,4,,2,95,,6403,7,4,,2,89,,6404,7,4,,2
5004301,'81',1643,,5057,7,4,,2,95,,5059,7,4,,2,89,,5058,7,4,,2
1200000100,'1',602,,7140,46,4,,1,25,,7141,46,,,1,30,,7142,46,,,1,60,,7143,46,,,1,30,,7146,46,0,16 1 17,1,70,,7144,46,,,1
1200000100,'71',602,,5060,46,4,,1,25,,5061,46,,,1,30,,5062,46,,,1,60,,5063,46,,,1,30,,5066,46,0,16 1 17,1,70,,5064,46,,,1
1200000201,'1',605,3,7262,1,,,1,36,,7265,13,,,1,15,,7264,13,,,1,59,,7269,13,,,1,23,,7271,13,,,1,20,,7273,13,,,1,60,,7276,13,,,1,16,,7277,13,,,1,16,,7263,13,,,1,54,,7280,13,,,1,14,,7268,13,,,1,11,,7266,13,,,1,12,,7275,13,,,1,12,,7281,13,,,1,54,,7278,13,,,1,17,,7282,13,,,1,30,,7284,13,,,1,69,,7286,13,,,1,30,,7267,13,,,1,72,,7287,13,,,1,30,,7283,13,,,1,70,,7285,13,,,1,31,,7289,13,,,1,70,,7290,13,,,1,29,,7288,13,,,1,77,,7292,13,,,1,26,,7294,13,,,1,58,,7297,13,,,1,18,,7295,13,,,1,17,,7296,13,,,1,52,,7293,13,,,1,12,,7298,13,,,1,13,,7299,13,,,1,14,,7301,13,,,1,14,,7291,13,,,1,49,,7304,13,,,1,13,,7305,13,,,1,13,,7308,13,,,1,12,,7309,13,,,1,13,,7303,13,,,1,64,,7302,13,,,1,26,,7300,13,,,1,59,,7310,13,,,1,30,,7311,13,,,1,72,,7306,13,,,1,35,,7313,13,,,1,69,,7315,13,,,1,31,,7312,13,,,1,68,,7307,13,,,1,31,,7314,13,,,1,86,,7316,13,,,1
1200000201,'2',636,,7321,1,,,1,79,,7318,13,,,1,30,,7326,13,,,1,70,,7324,13,,,1,31,,7322,13,,,1,71,,7328,13,,,1,31,,7319,13,,,1,71,,7327,13,,,1,31,,7325,13,,,1,71,,7330,13,,,1,30,,7329,13,,,1,71,,7320,13,,,1,32,,7332,13,,,1,71,,7334,13,,,1,30,,7331,13,,,1,70,,7336,13,,,1,31,,7337,13,,,1,70,,7333,13,,,1,29,,7335,13,,,1,71,,7339,13,,,1,32,,7341,13,,,1,70,,7338,13,,,1,28,,7343,13,,,1,69,,7344,13,,,1,26,,7340,13,,,1,65,,7342,13,,,1,28,,7348,13,,,1,69,,7347,13,,,1,31,,7345,13,,,1,67,,7349,13,,,1,28,,7351,13,,,1,70,,7350,13,,,1,30,,7353,13,,,1,70,,7346,13,,,1,29,,7352,13,,,1,89,,7354,13,,,1
1200000201,'27',2223,,7355,6,,,1,30,,7358,6,,,1,70,,7356,6,,,1,83,,7359,6,,,1,28,,7361,6,,,1,70,,7357,6,,,1,30,,7360,6,,,1
1200000201,'28',2223,,7362,6,,,1,30,,7365,6,,,1,70,,7363,6,,,1,83,,7366,6,,,1,28,,7368,6,,,1,70,,7364,6,,,1,30,,7367,6,,,1
1200000201,'29',2223,,7369,6,,,1,30,,7372,6,,,1,70,,7370,6,,,1,83,,7373,6,,,1,28,,7375,6,,,1,70,,7371,6,,,1,30,,7374,6,,,1
1200000201,'3',815,,7377,13,,,1,31,,7379,13,,,1,71,,7381,13,,,1,31,,7383,13,,,1,71,,7384,13,,,1,31,,7388,13,,,1,71,,7386,13,,,1,30,,7390,13,,,1,71,,7387,13,,,1,32,,7385,13,,,1,71,,7389,13,,,1,30,,7392,13,,,1,70,,7391,13,,,1,31,,7393,13,,,1,70,,7395,13,,,1,29,,7397,13,,,1,71,,7400,13,,,1,32,,7402,13,,,1,70,,7394,13,,,1,28,,7396,13,,,1,69,,7398,13,,,1,26,,7401,13,,,1,65,,7403,13,,,1,28,,7405,13,,,1,69,,7404,13,,,1,31,,7399,13,,,1,67,,7406,13,,,1
1200000201,'71',605,3,5201,1,,,1,35,,5205,13,,,1,15,,5204,13,,,1,59,,5208,13,,,1,10,,5214,13,,,1,15,,5203,13,,,1,15,,5213,13,,,1,59,,5207,13,,,1,18,,5218,13,,,1,15,,5202,13,,,1,54,,5221,13,,,1,14,,5206,13,,,1,12,,5223,13,,,1,12,,5216,13,,,1,12,,5224,13,,,1,55,,5209,13,,,1,12,,5225,13,,,1,17,,5217,13,,,1,18,,5219,13,,,1,54,,5226,13,,,1,15,,5222,13,,,1,15,,5228,13,,,1,15,,5229,13,,,1,55,,5230,13,,,1,17,,5232,13,,,1,15,,5233,13,,,1,15,,5235,13,,,1,55,,5236,13,,,1,15,,5237,13,,,1,16,,5227,13,,,1,15,,5239,13,,,1,55,,5240,13,,,1,15,,5241,13,,,1,14,,5231,13,,,1,15,,5238,13,,,1,57,,5234,13,,,1,27,,5242,13,,,1,19,,5243,13,,,1,58,,5244,13,,,1,16,,5245,13,,,1,6,,5253,1,,,1,14,,5246,13,,,1,9,,5247,13,,,1,53,,5249,13,,,1,12,,5251,13,,,1,15,,5254,13,,,1,13,,5255,13,,,1,49,,5256,13,,,1,13,,5259,13,,,1,17,,5260,13,,,1,9,,5257,13,,,1,12,,5258,13,,,1,53,,5250,13,,,1,12,,5248,13,,,1,14,,5261,13,,,1,14,,5252,13,,,1,60,,5262,13,,,1,30,,5263,13,,,1,72,,5265,13,,,1,35,,5267,13,,,1,69,,5269,13,,,1,31,,5264,13,,,1,68,,5266,13,,,1,31,,5268,13,,,1,86,,5270,13,,,1
1200000201,'72',702,,5272,13,,,1,31,,5271,13,,,1,70,,5273,13,,,1,31,,5279,13,,,1,70,,5284,13,,,1,32,,5277,13,,,1,72,,5276,13,,,1,29,,5282,13,,,1,70,,5283,13,,,1,31,,5285,13,,,1,69,,5274,13,,,1,31,,5280,13,,,1,70,,5278,13,,,1,30,,5286,13,,,1,72,,5287,13,,,1,29,,5289,13,,,1,73,,5288,13,,,1,29,,5291,13,,,1,69,,5292,13,,,1,33,,5293,13,,,1,71,,5294,13,,,1,27,,5295,13,,,1,68,,5290,13,,,1,30,,5297,13,,,1,66,,5296,13,,,1,39,,5300,13,,,1,69,,5302,13,,,1,31,,5298,13,,,1,67,,5304,13,,,1,28,,5305,13,,,1,70,,5301,13,,,1,30,,5303,13,,,1,69,,5299,13,,,1,29,,5306,13,,,1,90,,5307,13,,,1
1200000201,'73',803,,5308,13,,,1,31,,5311,13,,,1,70,,5315,13,,,1,32,,5318,13,,,1,72,,5310,13,,,1,29,,5314,13,,,1,70,,5317,13,,,1,31,,5320,13,,,1,69,,5321,13,,,1,31,,5312,13,,,1,70,,5322,13,,,1,30,,5324,13,,,1,72,,5323,13,,,1,29,,5326,13,,,1,73,,5325,13,,,1,29,,5328,13,,,1,69,,5329,13,,,1,33,,5330,13,,,1,71,,5331,13,,,1,27,,5333,13,,,1,68,,5327,13,,,1,30,,5336,13,,,1,66,,5334,13,,,1,39,,5338,13,,,1,69,,5332,13,,,1,31,,5337,13,,,1,67,,5335,13,,,1
1200000201,'81',648,,5339,1,,,1,55,,5340,1,,,1,819,,5341,13,,,1
1200000201,'89',1604,,5345,13,,,1,15,,5346,13,,,1
1200000300,'1',845,,7411,46,4,,1,55,,7416,46,4,,1,30,,7414,46,4,,1,72,,7419,46,4,,1,33,,7421,46,4,,1,70,,7423,46,4,,1,30,,7425,46,4,,1,72,,7427,46,4,,1,30,,7422,46,4,,1,70,,7424,46,4,,1,28,,7426,46,4,,1,70,,7428,46,4,,1,29,,7429,46,4,,1,74,,7430,46,4,,1,31,,7433,48,4,,1,68,,7434,48,4,,1,28,,7435,48,4,,1,72,,7432,48,4,,1,30,,7431,48,4,,1,73,,7436,48,4,,1,24,,7439,46,4,,1,67,,7437,46,4,,1,21,,7441,46,4,,1,30,,7442,46,4,,1,72,,7440,46,4,,1,33,,7447,46,4,,1,66,,7438,46,4,,1,27,,7443,46,4,,1,70,,7444,46,4,,1,30,,7448,46,4,,1,66,,7445,46,4,,1,30,,7449,46,4,,1,68,,7446,46,4,,1
1200000300,'2',703,,7450,46,4,,1,30,,7453,46,4,,1,70,,7456,46,4,,1,31,,7459,46,4,,1,70,,7451,46,4,,1,31,,7454,46,4,,1,70,,7457,46,4,,1,31,,7460,46,4,,1,71,,7452,46,4,,1,30,,7455,46,4,,1,71,,7458,46,4,,1,30,,7461,46,4,,1,71,,7462,46,4,,1,30,,7466,46,4,,1,70,,7472,46,4,,1,30,,7469,46,4,,1,70,,7463,46,4,,1,30,,7467,46,4,,1,69,,7473,46,4,,1,29,,7470,46,4,,1,70,,7464,46,4,,1,30,,7468,46,4,,1,69,,7474,46,4,,1,30,,7471,46,4,,1,19,,7465,46,4,,1,94,,7475,46,4,,1,100,,7476,46,4,,1,96,,7477,46,4,,1,99,,7478,46,4,,1,177,,7479,46,4,,1
1200000300,'3',733,,7480,46,4,,1,70,,7482,46,4,,1,31,,7488,46,4,,1,70,,7485,46,4,,1,31,,7481,46,4,,1,70,,7483,46,4,,1,31,,7489,46,4,,1,71,,7486,46,4,,1,30,,7490,46,4,,1,71,,7484,46,4,,1,30,,7492,46,4,,1,71,,7487,46,4,,1,30,,7491,46,4,,1,70,,7494,46,4,,1,30,,7493,46,4,,1,70,,7498,46,4,,1,30,,7501,46,4,,1,69,,7495,46,4,,1,29,,7504,46,4,,1,70,,7499,46,4,,1,30,,7502,46,4,,1,69,,7496,46,4,,1,30,,7505,46,4,,1,19,,7500,46,4,,1,94,,7497,46,4,,1,157,,7503,46,4,,1
1200000300,'71',845,,5351,46,4,,1,55,,5357,46,4,,1,15,,5360,46,4,,1,15,,5358,46,4,,1,15,,5355,46,4,,1,60,,5362,46,4,,1,20,,5364,46,4,,1,20,,5366,46,4,,1,60,,5368,46,4,,1,20,,5369,46,4,,1,20,,5371,46,4,,1,62,,5373,46,4,,1,20,,5365,46,4,,1,20,,5367,46,4,,1,60,,5374,46,4,,1,18,,5370,46,4,,1,20,,5372,46,4,,1,59,,5376,46,4,,1,20,,5378,46,4,,1,19,,5380,46,4,,1,65,,5375,46,4,,1,31,,5383,48,4,,1,68,,5377,48,4,,1,29,,5379,48,4,,1,73,,5384,48,4,,1,28,,5382,48,4,,1,73,,5381,48,4,,1,21,,5385,46,4,,1,70,,5386,46,4,,1,21,,5388,46,4,,1,30,,5390,46,4,,1,72,,5391,46,4,,1,33,,5395,46,4,,1,66,,5389,46,4,,1,27,,5387,46,4,,1,70,,5392,46,4,,1,30,,5396,46,4,,1,66,,5393,46,4,,1,30,,5397,46,4,,1,68,,5394,46,4,,1
1200000300,'72',650,,5398,46,4,,1,70,,5399,46,4,,1,30,,5404,46,4,,1,70,,5408,46,4,,1,32,,5402,46,4,,1,71,,5401,46,4,,1,28,,5406,46,4,,1,70,,5407,46,4,,1,31,,5409,46,4,,1,69,,5400,46,4,,1,31,,5405,46,4,,1,70,,5403,46,4,,1,29,,5410,46,4,,1,72,,5411,46,4,,1,29,,5413,46,4,,1,73,,5412,46,4,,1,29,,5415,46,4,,1,69,,5416,46,4,,1,30,,5417,46,4,,1,71,,5418,46,4,,1,29,,5419,46,4,,1,69,,5414,46,4,,1,31,,5421,46,4,,1,69,,5420,46,4,,1,33,,5422,46,4,,1,94,,5423,46,4,,1,100,,5424,46,4,,1,96,,5425,46,4,,1,99,,5426,46,4,,1,177,,5427,46,4,,1
1200000300,'73',720,,5428,46,4,,1,30,,5430,46,4,,1,70,,5433,46,4,,1,32,,5435,46,4,,1,71,,5429,46,4,,1,28,,5432,46,4,,1,70,,5434,46,4,,1,31,,5436,46,4,,1,69,,5437,46,4,,1,31,,5431,46,4,,1,70,,5438,46,4,,1,29,,5440,46,4,,1,72,,5439,46,4,,1,29,,5442,46,4,,1,73,,5441,46,4,,1,29,,5444,46,4,,1,69,,5445,46,4,,1,30,,5446,46,4,,1,71,,5447,46,4,,1,29,,5448,46,4,,1,69,,5443,46,4,,1,31,,5450,46,4,,1,69,,5449,46,4,,1,33,,5451,46,4,,1,94,,5452,46,4,,1,157,,5453,46,4,,1
1200000301,'1',709,,7506,13,4,,1,19,,7510,13,4,,1,75,,7516,13,4,,1,29,,7511,13,4,,1,26,,7519,13,4,,1,65,,7507,13,4,,1,29,,7517,13,4,,1,67,,7515,13,4,,1,33,,7520,13,4,,1,73,,7521,13,4,,1,30,,7523,13,4,,1,72,,7525,13,4,,1,32,,7527,13,4,,1,70,,7522,13,4,,1,30,,7524,13,4,,1,68,,7526,13,4,,1,30,,7528,13,4,,1,74,,7529,13,4,,1,390,,7544,13,4,,1,24,,7542,13,4,,1,71,,7543,13,4,,1,30,,7545,13,4,,1,70,,7546,13,4,,1,33,,7549,13,4,,1
1200000301,'2',745,,7553,13,4,,1,70,,7556,13,4,,1,31,,7559,13,4,,1,71,,7562,13,4,,1,31,,7554,13,4,,1,72,,7557,13,4,,1,31,,7560,13,4,,1,71,,7563,13,4,,1,31,,7555,13,4,,1,71,,7558,13,4,,1,31,,7561,13,4,,1,71,,7564,13,4,,1,31,,7565,13,4,,1,70,,7568,13,4,,1,30,,7574,13,4,,1,70,,7571,13,4,,1,30,,7566,13,4,,1,71,,7569,13,4,,1,31,,7575,13,4,,1,67,,7572,13,4,,1,28,,7567,13,4,,1,69,,7570,13,4,,1,27,,7576,13,4,,1,67,,7573,13,4,,1
1200000301,'3',815,,7604,13,4,,1,31,,7606,13,4,,1,71,,7612,13,4,,1,31,,7609,13,4,,1,72,,7605,13,4,,1,31,,7607,13,4,,1,71,,7613,13,4,,1,31,,7610,13,4,,1,71,,7614,13,4,,1,31,,7608,13,4,,1,71,,7616,13,4,,1,31,,7611,13,4,,1,70,,7615,13,4,,1,30,,7618,13,4,,1,70,,7617,13,4,,1,30,,7621,13,4,,1,71,,7623,13,4,,1,31,,7619,13,4,,1,67,,7627,13,4,,1,28,,7622,13,4,,1,69,,7624,13,4,,1,27,,7620,13,4,,1,67,,7628,13,4,,1
1200000301,'71',709,,5454,13,4,,1,20,,5458,13,4,,1,77,,5466,13,4,,1,27,,5463,13,4,,1,26,,5469,13,4,,1,66,,5455,13,4,,1,29,,5465,13,4,,1,67,,5467,13,4,,1,36,,5470,13,4,,1,60,,5471,13,4,,1,20,,5473,13,4,,1,20,,5475,13,4,,1,63,,5476,13,4,,1,20,,5478,13,4,,1,62,,5480,13,4,,1,19,,5472,13,4,,1,20,,5474,13,4,,1,60,,5481,13,4,,1,18,,5477,13,4,,1,20,,5479,13,4,,1,19,,5483,13,4,,1,65,,5484,13,4,,1,396,,5498,13,4,,1,27,,5499,13,4,,1,71,,5501,13,4,,1,30,,5500,13,4,,1,70,,5502,13,4,,1,33,,5505,13,4,,1
1200000301,'72',746,,5511,13,4,,1,70,,5510,13,4,,1,31,,5514,13,4,,1,70,,5515,13,4,,1,31,,5516,13,4,,1,71,,5509,13,4,,1,30,,5513,13,4,,1,70,,5512,13,4,,1,30,,5517,13,4,,1,70,,5518,13,4,,1,31,,5520,13,4,,1,70,,5519,13,4,,1,31,,5522,13,4,,1,70,,5523,13,4,,1,31,,5524,13,4,,1,70,,5525,13,4,,1,29,,5526,13,4,,1,71,,5521,13,4,,1,32,,5528,13,4,,1,70,,5527,13,4,,1,28,,5530,13,4,,1,69,,5529,13,4,,1,29,,5531,13,4,,1,64,,5535,13,4,,1
1200000301,'73',816,,5539,13,4,,1,31,,5541,13,4,,1,70,,5542,13,4,,1,31,,5543,13,4,,1,71,,5544,13,4,,1,30,,5540,13,4,,1,70,,5545,13,4,,1,30,,5547,13,4,,1,70,,5546,13,4,,1,31,,5549,13,4,,1,70,,5548,13,4,,1,31,,5551,13,4,,1,70,,5552,13,4,,1,31,,5553,13,4,,1,70,,5554,13,4,,1,29,,5555,13,4,,1,71,,5550,13,4,,1,32,,5557,13,4,,1,70,,5556,13,4,,1,28,,5559,13,4,,1,69,,5558,13,4,,1,29,,5560,13,4,,1,64,,5563,13,4,,1
1200000401,'1',1657,,7635,13,,,1,64,,7633,13,,,1
1200000401,'71',1653,,5572,13,,,1,68,,5571,13,,,1,22,,5575,13,,,1
