1300,'71',632,,4398,19,,,2,70,,4400,19,,,2,20,,4399,19,,,2,83,,4401,19,,,2,41,,4397,19,,,2,710,,4402,19,,,2,98,,4405,19,,,2,54,,4403,19,,,2,40,,4406,19,,,2,66,,4404,19,,,2
1300,'87',849,,4407,14,,,2
1501,'71',651,,4438,24,,,2,64,,4436,24,,,2,33,,4439,24,,,2,164,,4437,7,,,2,115,,4440,7,,,2,116,,4441,7,,,2,70,,4442,7,,,2,117,,4444,7,,,2,115,,4445,7,,,2,94,,4443,24,,,2,86,,4446,24,,,2,16,,4448,24,,,2,71,,4450,24,,,2,35,,4449,24,,,2,77,,4447,7,,,2,76,,4451,7,,,2,105,,4452,7,,,2,106,,4453,7,,,2,42,,4454,7,,,2
1501,'88',1643,,4455,9,,,2
13101,'85',1537,,4865,43,,,2
20000,'71',918,,4882,20,,,2,28,,4879,20,,,2,66,,4881,20,,,2,29,,4880,20,,,2,689,,4883,8,,,2,273,,4884,8,,,2,134,,4886,8,,,2,218,,4885,8,,,2
20000,'72',2352,,4887,8,,,2
21000,'71',1119,,4899,24,,,2,36,,4900,24,,,2,246,,4902,24,,,2,39,,4901,24,,,2,277,,4903,24,,,2,18,,4907,24,,,2,68,,4905,24,,,2,27,,4904,24,,,2,81,,4906,24,,,2,132,,4908,24,,,2
35000,'71',911,,4951,7,,,2
38000,'71',1709,,4961,21,,,2,42,,4960,21,,,2,79,,4959,21,,,2
1200000100,'71',653,,5061,76,,,1,71,,5062,76,,,1,22,,5063,76,,,1,69,,5066,76,0,16 1 17,1,29,,5064,76,,,1
2000001501,'72',755,,5628,7,,,2,102,,5629,7,,,2,143,,5630,7,,,2,108,,5631,7,,,2,94,,5632,7,,,2,108,,5633,7,,,2,142,,5634,7,,,2,99,,5635,7,,,2,103,,5636,7,,,2,99,,5637,7,,,2,98,,5638,7,,,2
2000001501,'73',857,,5639,7,,,2,143,,5640,7,,,2,108,,5641,7,,,2,94,,5642,7,,,2,108,,5643,7,,,2,142,,5644,7,,,2,99,,5645,7,,,2,103,,5646,7,,,2,99,,5647,7,,,2,98,,5648,7,,,2
