2301,'1',628,,5973,15,,,2,30,,5974,15,,,2,150,,5976,15,,,2,41,,5953,15,,,2,72,,5977,15,,,2,23,,5954,15,,,2,81,,5955,15,,,2,30,,5957,15,,,2,70,,5956,15,,,2
2301,'2',705,,5980,15,,,2,100,,5981,15,,,2,101,,5982,15,,,2,102,,5983,15,,,2,102,,5984,15,,,2
2301,'3',805,,5992,15,,,2,101,,5993,15,,,2,102,,5994,15,,,2,102,,5995,15,,,2
2301,'71',628,,4569,15,,,2,30,,4577,15,,,2,150,,4578,15,,,2,38,,4555,15,,,2,72,,4559,15,,,2,29,,4556,15,,,2,75,,4560,15,,,2,31,,4557,15,,,2,70,,4561,15,,,2
2301,'72',720,,4579,15,,,2,100,,4580,15,,,2,101,,4581,15,,,2,102,,4582,15,,,2,100,,4583,15,,,2
2301,'73',820,,4591,15,,,2,101,,4592,15,,,2,102,,4593,15,,,2,100,,4594,15,,,2
22200,'15',713,,6289,1,,,2
22200,'84',713,,4925,1,,,2
22201,'85',1531,,4926,29,,,2
23101,'85',1529,,4932,29,,,2
23500,'12',744,,6295,3,,,2
23500,'82',744,,4935,3,,,2
