11500,'12',845,,1014,28,4,,2
12500,'12',845,,1018,25,4,,2
12600,'12',850,,1020,19,4,,2
12700,'12',851,,1022,16,4,,2
12701,'13',1607,,1023,2,,,2
13500,'12',845,,1028,22,4,,2
13600,'12',845,,1029,20,4,,2
13601,'13',1612,,1030,2,,,2
13800,'12',845,,1032,25,4,,2
15500,'12',845,,1036,31,4,,2
15600,'12',845,,1037,32,4,,2
22500,'12',850,,1132,42,4,,2
22501,'13',1616,,1133,2,,,2
23500,'12',848,,1140,82,4,,2
24500,'12',845,,1146,26,4,,2
24600,'12',845,,1148,25,4,,2
32500,'12',845,,1152,62,4,,2
34500,'12',845,,1154,50,4,,2
35500,'12',848,,1160,63,4,,2
37500,'12',848,,1162,40,4,,2
38500,'12',848,,1184,45,4,,2
