3501,'1',543,,6049,8,,,2,94,,6050,10,,,2,82,,6051,10,,,2,98,,6052,10,,,2,84,,6053,10,,,2,39,,6054,10,,,2,85,,6055,10,,,2,85,,6056,10,,,2,46,,6057,10,,,2,85,,6058,10,,,2,85,,6059,10,,,2,85,,6060,10,,,2,45,,6061,10,,,2,98,,6062,10,,,2,84,,6064,10,,,2,82,,6065,10,,,2,82,,6066,10,,,2,44,,6067,10,,,2,74,,6063,10,,,2,39,,6068,10,,,2,66,,6069,10,,,2,31,,6070,10,,,2,67,,6071,10,,,2,78,,6072,10,,,2,30,,6073,10,,,2,28,,6074,10,,,2,65,,6075,10,,,2
3501,'2',704,,6076,10,,,2,30,,6077,10,,,2,70,,6078,10,,,2,30,,6079,10,,,2,69,,6080,10,,,2,33,,6081,10,,,2,86,,6082,10,,,2,85,,6083,10,,,2,47,,6084,10,,,2,87,,6085,10,,,2,89,,6086,10,,,2,85,,6088,10,,,2,86,,6089,10,,,2,45,,6090,10,,,2,85,,6091,10,,,2,84,,6092,10,,,2,43,,6087,10,,,2,82,,6093,10,,,2,78,,6094,10,,,2,85,,6095,10,,,2,30,,6096,10,,,2,68,,6097,10,,,2,28,,6098,10,,,2,30,,6099,10,,,2,70,,6100,10,,,2,28,,6101,10,,,2,65,,6102,10,,,2
3501,'3',834,,6103,10,,,2,69,,6104,10,,,2,33,,6105,10,,,2,86,,6106,10,,,2,85,,6107,10,,,2,47,,6108,10,,,2,87,,6109,10,,,2,89,,6110,10,,,2,85,,6111,10,,,2,86,,6112,10,,,2,45,,6114,10,,,2,85,,6115,10,,,2,84,,6116,10,,,2,43,,6117,10,,,2,82,,6118,10,,,2,78,,6119,10,,,2,85,,6113,10,,,2
3501,'71',546,,4652,8,,,2,96,,4653,10,,,2,70,,4654,10,,,2,110,,4658,10,,,2,80,,4655,10,,,2,40,,4656,10,,,2,97,,4659,10,,,2,102,,4660,10,,,2,98,,4657,10,,,2,101,,4662,10,,,2,102,,4661,10,,,2,113,,4663,10,,,2,73,,4664,10,,,2,76,,4665,10,,,2,34,,4666,10,,,2,104,,4667,10,,,2,90,,4670,10,,,2,92,,4671,10,,,2,98,,4672,10,,,2,108,,4668,10,,,2,93,,4669,10,,,2
3501,'72',657,,4673,10,,,2,100,,4674,10,,,2,101,,4675,10,,,2,100,,4676,10,,,2,100,,4677,10,,,2,101,,4678,10,,,2,146,,4679,10,,,2,102,,4680,10,,,2,101,,4681,10,,,2,100,,4682,10,,,2,92,,4683,10,,,2,57,,4684,10,,,2,96,,4685,10,,,2,150,,4686,10,,,2,98,,4687,10,,,2,58,,4688,10,,,2,98,,4689,10,,,2
3501,'73',858,,4690,10,,,2,100,,4691,10,,,2,100,,4692,10,,,2,101,,4693,10,,,2,146,,4694,10,,,2,102,,4695,10,,,2,101,,4696,10,,,2,100,,4697,10,,,2,92,,4698,10,,,2,57,,4699,10,,,2,96,,4700,10,,,2,103,,4701,10,,,2
35100,'15',706,,6307,7,,,2
35100,'84',709,,4953,7,,,2
35101,'85',1535,,4954,31,,,2
35500,'12',758,,6308,7,,,2
35500,'82',802,,4955,7,,,2
35501,'83',1648,,4956,41,,,2
