2300,'1',556,,5924,19,,,2,194,,5919,19,,,2,79,,5927,19,,,2,76,,5904,19,,,2,36,,5906,19,,,2,70,,5905,19,,,2,30,,5907,19,,,2,70,,5908,19,,,2,30,,5909,19,,,2,77,,5912,19,,,2,30,,5910,19,,,2,70,,5913,19,,,2,30,,5911,19,,,2,71,,5914,19,,,2,33,,5915,19,,,2,72,,5917,19,,,2,118,,5918,19,,,2,77,,5916,19,,,2,24,,5925,19,,,2,73,,5920,19,,,2,30,,5926,19,,,2,73,,5921,19,,,2,102,,5922,19,,,2,95,,5923,19,,,2
2300,'2',633,,5930,19,,,2,100,,5931,19,,,2,101,,5932,19,,,2,102,,5933,19,,,2,102,,5934,19,,,2,102,,5935,19,,,2,101,,5936,19,,,2,108,,5937,19,,,2,100,,5938,19,,,2,100,,5939,19,,,2,101,,5940,19,,,2,88,,5941,19,,,2
2300,'3',733,,5942,19,,,2,101,,5943,19,,,2,102,,5944,19,,,2,102,,5945,19,,,2,102,,5946,19,,,2,101,,5947,19,,,2,108,,5948,19,,,2,100,,5949,19,,,2,100,,5950,19,,,2,101,,5951,19,,,2,88,,5952,19,,,2
2300,'71',556,,4520,19,,,2,189,,4525,19,,,2,84,,4529,19,0,14 1 15,2,73,,4507,19,,,2,36,,4510,19,,,2,70,,4508,19,,,2,31,,4511,19,,,2,70,,4509,19,,,2,30,,4512,19,,,2,78,,4515,19,,,2,30,,4513,19,,,2,70,,4516,19,,,2,30,,4514,19,,,2,72,,4517,19,,,2,33,,4518,19,,,2,70,,4528,19,,,2,116,,4530,19,,,2,75,,4519,19,,,2,28,,4526,19,,,2,73,,4521,19,,,2,30,,4527,19,,,2,75,,4522,19,,,2,100,,4523,19,,,2,97,,4524,19,,,2
2300,'72',635,,4531,19,,,2,101,,4532,19,,,2,101,,4533,19,,,2,101,,4534,19,,,2,101,,4535,19,,,2,100,,4536,19,,,2,101,,4537,19,,,2,108,,4538,19,,,2,100,,4539,19,,,2,100,,4540,19,,,2,100,,4541,19,,,2,102,,4542,19,,,2
2300,'73',736,,4543,19,,,2,101,,4544,19,,,2,101,,4545,19,,,2,101,,4546,19,,,2,100,,4547,19,,,2,101,,4548,19,,,2,108,,4549,19,,,2,100,,4550,19,,,2,100,,4551,19,,,2,100,,4552,19,,,2,102,,4553,19,,,2
23100,'15',714,,6293,31,,,2
23100,'84',714,,4931,31,,,2
23500,'12',800,,6295,42,,,2
23500,'82',800,,4935,42,,,2
23501,'83',1717,,4936,64,,,2
5002300,'1',621,,6378,19,,,2,25,,6379,19,,,2,69,,6380,19,,,2
5002300,'71',621,,5028,19,,,2,25,,5027,19,,,2,69,,5029,19,,,2
