35500,'12',825,,6308,48,,,2
35500,'82',826,,4955,40,,,2
1200000100,'1',637,,7141,55,,,1,70,,7142,55,,,1,21,,7143,55,,,1,30,,7146,55,0,16 1 17,1,70,,7144,55,,,1
1200000100,'71',636,,5061,55,,,1,70,,5062,55,,,1,21,,5063,55,,,1,30,,5066,55,0,16 1 17,1,70,,5064,55,,,1
1200000201,'1',614,,7262,10,,,1,37,,7265,22,,,1,55,,7264,22,,,1,20,,7269,22,,,1,23,,7271,22,,,1,60,,7273,22,,,1,20,,7276,22,,,1,15,,7277,22,,,1,56,,7263,22,,,1,14,,7280,22,,,1,14,,7268,22,,,1,11,,7266,22,,,1,12,,7275,22,,,1,52,,7281,22,,,1,14,,7278,22,,,1,17,,7282,22,,,1,70,,7284,22,,,1,29,,7286,22,,,1,70,,7267,22,,,1,32,,7287,22,,,1,70,,7283,22,,,1,30,,7285,22,,,1,71,,7289,22,,,1,30,,7290,22,,,1,69,,7288,22,,,1,38,,7292,22,,,1,67,,7294,22,,,1,18,,7297,22,,,1,17,,7295,22,,,1,57,,7296,22,,,1,12,,7293,22,,,1,11,,7298,22,,,1,13,,7299,22,,,1,14,,7301,22,,,1,54,,7291,22,,,1,9,,7304,22,,,1,13,,7305,22,,,1,13,,7308,22,,,1,12,,7309,22,,,1,53,,7303,22,,,1,24,,7302,22,,,1,26,,7300,22,,,1,59,,7310,22,,,1,30,,7311,22,,,1,72,,7306,22,,,1,35,,7313,22,,,1,68,,7315,22,,,1,31,,7312,22,,,1,67,,7307,22,,,1,31,,7314,22,,,1,86,,7316,22,,,1
1200000201,'14',1647,,7317,16,,,1
1200000201,'2',645,,7321,10,,,1,79,,7318,22,,,1,30,,7326,22,,,1,71,,7324,22,,,1,31,,7322,22,,,1,71,,7328,22,,,1,31,,7319,22,,,1,71,,7327,22,,,1,71,,7325,22,,,1,32,,7330,22,,,1,70,,7329,22,,,1,31,,7320,22,,,1,72,,7332,22,,,1,31,,7334,22,,,1,70,,7331,22,,,1,30,,7336,22,,,1,71,,7337,22,,,1,30,,7333,22,,,1,69,,7335,22,,,1,31,,7339,22,,,1,72,,7341,22,,,1,29,,7338,22,,,1,67,,7343,22,,,1,29,,7344,22,,,1,25,,7340,22,,,1,65,,7342,22,,,1,28,,7348,22,,,1,69,,7347,22,,,1,31,,7345,22,,,1,67,,7349,22,,,1,28,,7351,22,,,1,70,,7350,22,,,1,30,,7353,22,,,1,70,,7346,22,,,1,29,,7352,22,,,1,89,,7354,22,,,1
1200000201,'27',2232,,7355,15,,,1,70,,7358,15,,,1,29,,7356,15,,,1,83,,7359,15,,,1,28,,7361,15,,,1,70,,7357,15,,,1,30,,7360,15,,,1
1200000201,'28',2231,,7362,15,,,1,70,,7365,15,,,1,30,,7363,15,,,1,83,,7366,15,,,1,28,,7368,15,,,1,70,,7364,15,,,1,30,,7367,15,,,1
1200000201,'29',2231,,7369,15,,,1,70,,7372,15,,,1,30,,7370,15,,,1,83,,7373,15,,,1,28,,7375,15,,,1,70,,7371,15,,,1,30,,7374,15,,,1
1200000201,'3',825,,7377,22,,,1,31,,7379,22,,,1,71,,7381,22,,,1,31,,7383,22,,,1,71,,7384,22,,,1,71,,7388,22,,,1,32,,7386,22,,,1,70,,7390,22,,,1,31,,7387,22,,,1,72,,7385,22,,,1,31,,7389,22,,,1,70,,7392,22,,,1,30,,7391,22,,,1,71,,7393,22,,,1,30,,7395,22,,,1,69,,7397,22,,,1,31,,7400,22,,,1,72,,7402,22,,,1,29,,7394,22,,,1,67,,7396,22,,,1,29,,7398,22,,,1,25,,7401,22,,,1,65,,7403,22,,,1,28,,7405,22,,,1,69,,7404,22,,,1,31,,7399,22,,,1,67,,7406,22,,,1
1200000201,'71',614,,5201,10,,,1,35,,5205,22,,,1,55,,5204,22,,,1,20,,5208,22,,,1,10,,5214,22,,,1,15,,5203,22,,,1,55,,5213,22,,,1,19,,5207,22,,,1,17,,5218,22,,,1,15,,5202,22,,,1,54,,5221,22,,,1,14,,5206,22,,,1,12,,5223,22,,,1,12,,5216,22,,,1,12,,5224,22,,,1,55,,5209,22,,,1,12,,5225,22,,,1,17,,5217,22,,,1,58,,5219,22,,,1,14,,5226,22,,,1,15,,5222,22,,,1,15,,5228,22,,,1,55,,5229,22,,,1,15,,5230,22,,,1,17,,5232,22,,,1,15,,5233,22,,,1,55,,5235,22,,,1,15,,5236,22,,,1,15,,5237,22,,,1,16,,5227,22,,,1,55,,5239,22,,,1,15,,5240,22,,,1,15,,5241,22,,,1,14,,5231,22,,,1,55,,5238,22,,,1,18,,5234,22,,,1,27,,5242,22,,,1,60,,5243,22,,,1,18,,5244,22,,,1,15,,5245,22,,,1,6,,5253,10,,,1,54,,5246,22,,,1,9,,5247,22,,,1,12,,5249,22,,,1,12,,5251,22,,,1,15,,5254,22,,,1,53,,5255,22,,,1,9,,5256,22,,,1,13,,5259,22,,,1,17,,5260,22,,,1,9,,5257,22,,,1,52,,5258,22,,,1,13,,5250,22,,,1,12,,5248,22,,,1,14,,5261,22,,,1,14,,5252,22,,,1,60,,5262,22,,,1,30,,5263,22,,,1,72,,5265,22,,,1,35,,5267,22,,,1,68,,5269,22,,,1,31,,5264,22,,,1,67,,5266,22,,,1,31,,5268,22,,,1,86,,5270,22,,,1
1200000201,'72',710,,5272,22,,,1,31,,5271,22,,,1,70,,5273,22,,,1,32,,5279,22,,,1,70,,5284,22,,,1,32,,5277,22,,,1,72,,5276,22,,,1,29,,5282,22,,,1,70,,5283,22,,,1,31,,5285,22,,,1,69,,5274,22,,,1,31,,5280,22,,,1,70,,5278,22,,,1,30,,5286,22,,,1,72,,5287,22,,,1,29,,5289,22,,,1,73,,5288,22,,,1,29,,5291,22,,,1,69,,5292,22,,,1,33,,5293,22,,,1,71,,5294,22,,,1,27,,5295,22,,,1,68,,5290,22,,,1,30,,5297,22,,,1,65,,5296,22,,,1,39,,5300,22,,,1,69,,5302,22,,,1,31,,5298,22,,,1,67,,5304,22,,,1,28,,5305,22,,,1,70,,5301,22,,,1,30,,5303,22,,,1,69,,5299,22,,,1,29,,5306,22,,,1,90,,5307,22,,,1
1200000201,'73',811,,5308,22,,,1,32,,5311,22,,,1,70,,5315,22,,,1,32,,5318,22,,,1,72,,5310,22,,,1,29,,5314,22,,,1,70,,5317,22,,,1,31,,5320,22,,,1,69,,5321,22,,,1,31,,5312,22,,,1,70,,5322,22,,,1,30,,5324,22,,,1,72,,5323,22,,,1,29,,5326,22,,,1,73,,5325,22,,,1,29,,5328,22,,,1,69,,5329,22,,,1,33,,5330,22,,,1,71,,5331,22,,,1,27,,5333,22,,,1,68,,5327,22,,,1,30,,5336,22,,,1,65,,5334,22,,,1,39,,5338,22,,,1,69,,5332,22,,,1,31,,5337,22,,,1,67,,5335,22,,,1
1200000201,'81',657,,5339,10,,,1,55,,5340,10,,,1,820,,5341,22,,,1
1200000201,'89',1615,,5345,22,,,1,15,,5346,22,,,1
1200000401,'1',1708,,7635,22,,,1,23,,7633,22,,,1
1200000401,'71',1703,,5572,22,,,1,27,,5571,22,,,1,22,,5575,22,,,1
