3600,'1',622,,750,25,,,2,137,,751,25,,,2,94,,752,25,,,2,161,,753,25,,,2,101,,754,25,,,2,100,,755,25,,,2,103,,756,25,,,2,100,,757,25,,,2,100,,758,25,,,2,305,,759,25,,,2,90,,760,25,,,2,92,,761,25,,,2,97,,762,25,,,2,104,,763,25,,,2,53,,764,25,,,2
3600,'3',622,,765,25,,,2,137,,766,25,,,2,255,,767,25,,,2,101,,768,25,,,2,100,,770,25,,,2,103,,769,25,,,2,100,,771,25,,,2,100,,772,25,,,2,305,,773,25,,,2,90,,774,25,,,2,92,,775,25,,,2,97,,776,25,,,2,104,,777,25,,,2,53,,778,25,,,2
3600,'4',622,,779,25,,,2,137,,783,25,,,2,255,,782,25,,,2,101,,780,25,,,2,100,,781,25,,,2,103,,784,25,,,2,100,,785,25,,,2,100,,786,25,,,2,305,,787,25,,,2,90,,790,25,,,2,92,,791,25,,,2,97,,792,25,,,2,104,,788,25,,,2,53,,789,25,,,2
3600,'6',736,,793,25,,,2,100,,794,25,,,2,101,,795,25,,,2,100,,796,25,,,2,105,,797,25,,,2,100,,798,25,,,2,100,,799,25,,,2,102,,800,25,,,2,101,,801,25,,,2,99,,802,25,,,2,97,,807,25,,,2,97,,808,25,,,2,91,,809,25,,,2,109,,803,25,,,2,99,,804,25,,,2,97,,805,25,,,2,93,,806,25,,,2
3600,'8',836,,810,25,,,2,101,,811,25,,,2,100,,812,25,,,2,105,,813,25,,,2,100,,814,25,,,2,100,,815,25,,,2,102,,816,25,,,2,101,,817,25,,,2,99,,818,25,,,2,97,,819,25,,,2,97,,820,25,,,2,91,,821,25,,,2
5003600,'1',657,,1343,25,,,2,68,,1342,25,,,2
5003600,'3',657,,1345,25,,,2,68,,1344,25,,,2
5003600,'4',657,,1347,25,,,2,68,,1346,25,,,2
5003601,'1',1619,,1350,39,,,2,85,,1348,39,,,2,22,,1349,39,,,2
5003601,'3',1652,,1351,39,,,2,67,,1352,39,,,2
5003601,'4',1657,,1353,39,,,2,62,,1354,39,,,2
