905231701,'27',2313,,6491,78,4,,2,29,,6494,78,4,,2,70,,6489,78,4,,2,30,,6492,78,4,,2,70,,6490,78,4,,2,30,,6493,78,4,,2,70,,6495,78,4,,2
905231701,'28',2313,,6498,78,4,,2,29,,6501,78,4,,2,70,,6496,78,4,,2,30,,6499,78,4,,2,70,,6497,78,4,,2,30,,6500,78,4,,2,70,,6502,78,4,,2
905231701,'29',2313,,6505,78,4,,2,29,,6508,78,4,,2,70,,6503,78,4,,2,30,,6506,78,4,,2,70,,6504,78,4,,2,30,,6507,78,4,,2,70,,6509,78,4,,2
1200000101,'1',1620,,7148,82,,,1,32,,7149,82,,,1,71,,7150,82,,,1,30,,7151,82,,,1
1200000101,'71',1616,,5070,82,,,1,32,,5071,82,,,1,71,,5069,82,,,1,30,,5072,82,,,1
1200000301,'1',622,,7508,31,,,1,28,,7513,31,,,1,77,,7506,44,,,1,20,,7510,44,,,1,75,,7516,44,,,1,29,,7511,44,,,1,65,,7519,44,,,1,25,,7507,44,,,1,69,,7517,44,,,1,27,,7515,44,,,1,73,,7520,44,,,1,33,,7521,44,,,1,70,,7523,44,,,1,34,,7525,44,,,1,72,,7527,44,,,1,28,,7522,44,,,1,70,,7524,44,,,1,28,,7526,44,,,1,71,,7528,44,,,1,36,,7529,44,,,1,60,,7532,41,,,1,23,,7530,41,,,1,18,,7535,41,,,1,59,,7534,41,,,1,11,,7539,41,,,1,13,,7537,41,,,1,14,,7538,41,,,1,56,,7541,41,,,1,14,,7533,41,,,1,12,,7536,41,,,1,15,,7531,41,,,1,68,,7540,41,,,1,24,,7544,44,,,1,64,,7542,44,,,1,31,,7543,44,,,1,70,,7545,44,,,1,29,,7546,44,,,1,73,,7549,44,,,1,31,,7547,31,,,1,70,,7550,31,,,1,28,,7548,31,,,1,70,,7551,31,,,1,39,,7552,31,,,1
1200000301,'2',802,,7553,44,,,1,30,,7556,44,,,1,71,,7559,44,,,1,32,,7562,44,,,1,71,,7554,44,,,1,32,,7557,44,,,1,71,,7560,44,,,1,31,,7563,44,,,1,71,,7555,44,,,1,31,,7558,44,,,1,71,,7561,44,,,1,31,,7564,44,,,1,71,,7565,44,,,1,30,,7568,44,,,1,70,,7574,44,,,1,30,,7571,44,,,1,70,,7566,44,,,1,31,,7569,44,,,1,71,,7575,44,,,1,27,,7572,44,,,1,68,,7567,44,,,1,28,,7570,44,,,1,67,,7576,44,,,1,27,,7573,44,,,1,75,,7577,31,,,1,100,,7578,31,,,1,96,,7579,31,,,1,98,,7580,31,,,1,38,,7581,31,,,1,102,,7582,31,,,1
1200000301,'27',2236,,7584,34,,,1,70,,7587,34,,,1,30,,7589,34,,,1,83,,7585,34,,,1,28,,7588,34,,,1,70,,7583,34,,,1,30,,7586,34,,,1
1200000301,'28',2236,,7591,34,,,1,70,,7594,34,,,1,30,,7596,34,,,1,83,,7592,34,,,1,28,,7595,34,,,1,70,,7590,34,,,1,30,,7593,34,,,1
1200000301,'29',2236,,7598,34,,,1,70,,7601,34,,,1,30,,7603,34,,,1,83,,7599,34,,,1,28,,7602,34,,,1,70,,7597,34,,,1,30,,7600,34,,,1
1200000301,'3',832,,7604,44,,,1,71,,7606,44,,,1,32,,7612,44,,,1,71,,7609,44,,,1,32,,7605,44,,,1,71,,7607,44,,,1,31,,7613,44,,,1,71,,7610,44,,,1,31,,7614,44,,,1,71,,7608,44,,,1,31,,7616,44,,,1,71,,7611,44,,,1,30,,7615,44,,,1,70,,7618,44,,,1,30,,7617,44,,,1,70,,7621,44,,,1,31,,7623,44,,,1,71,,7619,44,,,1,27,,7627,44,,,1,68,,7622,44,,,1,28,,7624,44,,,1,67,,7620,44,,,1,27,,7628,44,,,1,75,,7625,31,,,1,121,,7626,31,,,1
1200000301,'71',622,,5456,31,,,1,28,,5460,31,,,1,78,,5454,44,,,1,20,,5458,44,,,1,77,,5466,44,,,1,27,,5463,44,,,1,66,,5469,44,,,1,26,,5455,44,,,1,69,,5465,44,,,1,27,,5467,44,,,1,76,,5470,44,,,1,20,,5471,44,,,1,20,,5473,44,,,1,60,,5475,44,,,1,24,,5476,44,,,1,60,,5478,44,,,1,21,,5480,44,,,1,19,,5472,44,,,1,60,,5474,44,,,1,20,,5481,44,,,1,18,,5477,44,,,1,20,,5479,44,,,1,60,,5483,44,,,1,25,,5484,44,,,1,13,,5485,41,,,1,56,,5486,41,,,1,23,,5482,41,,,1,18,,5494,41,,,1,59,,5490,41,,,1,11,,5493,41,,,1,13,,5488,41,,,1,14,,5487,41,,,1,56,,5497,41,,,1,16,,5496,41,,,1,10,,5495,41,,,1,17,,5492,41,,,1,51,,5489,41,,,1,15,,5491,41,,,1,22,,5498,44,,,1,67,,5499,44,,,1,31,,5501,44,,,1,70,,5500,44,,,1,29,,5502,44,,,1,73,,5505,44,,,1,30,,5503,31,,,1,70,,5506,31,,,1,28,,5504,31,,,1,70,,5507,31,,,1,39,,5508,31,,,1
1200000301,'72',803,,5511,44,,,1,30,,5510,44,,,1,71,,5514,44,,,1,30,,5515,44,,,1,71,,5516,44,,,1,31,,5509,44,,,1,72,,5513,44,,,1,30,,5512,44,,,1,70,,5517,44,,,1,30,,5518,44,,,1,71,,5520,44,,,1,30,,5519,44,,,1,71,,5522,44,,,1,30,,5523,44,,,1,71,,5524,44,,,1,30,,5525,44,,,1,69,,5526,44,,,1,31,,5521,44,,,1,72,,5528,44,,,1,29,,5527,44,,,1,68,,5530,44,,,1,28,,5529,44,,,1,69,,5531,44,,,1,24,,5535,44,,,1,78,,5532,31,,,1,100,,5533,31,,,1,96,,5534,31,,,1,99,,5536,31,,,1,38,,5537,31,,,1,102,,5538,31,,,1
1200000301,'73',833,,5539,44,,,1,71,,5541,44,,,1,30,,5542,44,,,1,71,,5543,44,,,1,31,,5544,44,,,1,72,,5540,44,,,1,30,,5545,44,,,1,70,,5547,44,,,1,30,,5546,44,,,1,71,,5549,44,,,1,30,,5548,44,,,1,71,,5551,44,,,1,30,,5552,44,,,1,71,,5553,44,,,1,30,,5554,44,,,1,69,,5555,44,,,1,31,,5550,44,,,1,72,,5557,44,,,1,29,,5556,44,,,1,68,,5559,44,,,1,28,,5558,44,,,1,69,,5560,44,,,1,24,,5563,44,,,1,78,,5561,31,,,1,121,,5562,31,,,1
