3401,'1',633,,6039,15,,,2,67,,6040,15,,,2,51,,6041,15,,,2,794,,6042,15,,,2,89,,6043,15,,,2,98,,6044,15,,,2,26,,6045,15,,,2,86,,6046,15,,,2,68,,6047,15,,,2
3401,'14',1648,,6048,19,,,2
3401,'71',633,,4642,15,,,2,67,,4644,15,,,2,51,,4643,15,,,2,802,,4646,15,,,2,92,,4645,19,,,2,71,,4649,15,,,2,39,,4650,15,,,2,87,,4651,15,,,2,66,,4648,15,,,2
34500,'12',811,,6305,14,,,2
34500,'82',811,,4949,14,,,2
5003401,'1',1656,,6389,27,,,2
5003401,'71',1656,,5040,27,,,2
2000003401,'2',747,,7771,15,,,2,85,,7772,15,,,2,85,,7773,15,,,2,85,,7774,15,,,2,49,,7775,15,,,2,85,,7776,15,,,2,88,,7777,15,,,2,81,,7778,15,,,2,134,,7779,15,,,2,86,,7780,15,,,2,84,,7781,15,,,2,48,,7782,15,,,2,84,,7783,15,,,2,81,,7784,15,,,2,82,,7785,15,,,2
2000003401,'3',832,,7786,15,,,2,85,,7787,15,,,2,85,,7788,15,,,2,49,,7789,15,,,2,85,,7790,15,,,2,88,,7791,15,,,2,81,,7792,15,,,2,134,,7793,15,,,2,86,,7794,15,,,2,84,,7795,15,,,2,48,,7796,15,,,2,84,,7797,15,,,2,81,,7798,15,,,2,82,,7799,15,,,2
2000003401,'72',747,,5711,15,,,2,85,,5712,15,,,2,84,,5713,15,,,2,85,,5714,15,,,2,47,,5715,15,,,2,85,,5716,15,,,2,85,,5717,15,,,2,85,,5718,15,,,2,130,,5719,15,,,2,92,,5720,15,,,2,79,,5721,15,,,2,53,,5722,15,,,2,77,,5723,15,,,2,88,,5724,15,,,2,37,,5725,15,,,2
2000003401,'73',832,,5726,15,,,2,84,,5727,15,,,2,85,,5728,15,,,2,47,,5729,15,,,2,85,,5730,15,,,2,85,,5731,15,,,2,85,,5732,15,,,2,130,,5733,15,,,2,92,,5734,15,,,2,79,,5735,15,,,2,53,,5736,15,,,2,77,,5737,15,,,2,88,,5738,15,,,2,37,,5739,15,,,2
