13101,'85',1524,,4865,20,,,2
32500,'12',828,,6304,43,,,2
32500,'82',828,,4947,43,,,2
34500,'12',825,,6305,33,,,2
34500,'82',825,,4949,33,,,2
35500,'12',830,,6308,54,,,2
35500,'82',830,,4955,46,,,2
1200000100,'1',642,,7141,61,,,1,71,,7142,61,,,1,21,,7143,61,,,1,69,,7146,61,0,16 1 17,1,30,,7144,61,,,1
1200000100,'71',641,,5061,61,,,1,70,,5062,61,,,1,21,,5063,61,,,1,69,,5066,61,0,16 1 17,1,30,,5064,61,,,1
1200000201,'1',619,,7262,16,,,1,38,,7265,28,,,1,55,,7264,28,,,1,20,,7269,28,,,1,22,,7271,28,,,1,60,,7273,28,,,1,20,,7276,28,,,1,15,,7277,28,,,1,56,,7263,28,,,1,14,,7280,28,,,1,14,,7268,28,,,1,11,,7266,28,,,1,12,,7275,28,,,1,52,,7281,28,,,1,14,,7278,28,,,1,17,,7282,28,,,1,70,,7284,28,,,1,29,,7286,28,,,1,70,,7267,28,,,1,32,,7287,28,,,1,70,,7283,28,,,1,30,,7285,28,,,1,71,,7289,28,,,1,30,,7290,28,,,1,69,,7288,28,,,1,39,,7292,28,,,1,67,,7294,28,,,1,18,,7297,28,,,1,17,,7295,28,,,1,57,,7296,28,,,1,12,,7293,28,,,1,11,,7298,28,,,1,12,,7299,28,,,1,14,,7301,28,,,1,54,,7291,28,,,1,9,,7304,28,,,1,13,,7305,28,,,1,13,,7308,28,,,1,12,,7309,28,,,1,53,,7303,28,,,1,24,,7302,28,,,1,66,,7300,28,,,1,19,,7310,28,,,1,29,,7311,28,,,1,72,,7306,28,,,1,35,,7313,28,,,1,68,,7315,28,,,1,31,,7312,28,,,1,67,,7307,28,,,1,31,,7314,28,,,1,86,,7316,28,,,1
1200000201,'14',1653,,7317,22,,,1
1200000201,'2',650,,7321,16,,,1,79,,7318,28,,,1,30,,7326,28,,,1,71,,7324,28,,,1,71,,7322,28,,,1,31,,7328,28,,,1,71,,7319,28,,,1,31,,7327,28,,,1,71,,7325,28,,,1,32,,7330,28,,,1,70,,7329,28,,,1,31,,7320,28,,,1,72,,7332,28,,,1,31,,7334,28,,,1,70,,7331,28,,,1,30,,7336,28,,,1,71,,7337,28,,,1,30,,7333,28,,,1,69,,7335,28,,,1,31,,7339,28,,,1,72,,7341,28,,,1,29,,7338,28,,,1,67,,7343,28,,,1,29,,7344,28,,,1,65,,7340,28,,,1,25,,7342,28,,,1,27,,7348,28,,,1,69,,7347,28,,,1,31,,7345,28,,,1,67,,7349,28,,,1,28,,7351,28,,,1,70,,7350,28,,,1,30,,7353,28,,,1,70,,7346,28,,,1,29,,7352,28,,,1,89,,7354,28,,,1
1200000201,'27',2236,,7355,21,,,1,70,,7358,21,,,1,29,,7356,21,,,1,83,,7359,21,,,1,28,,7361,21,,,1,70,,7357,21,,,1,30,,7360,21,,,1
1200000201,'28',2235,,7362,21,,,1,70,,7365,21,,,1,30,,7363,21,,,1,83,,7366,21,,,1,28,,7368,21,,,1,70,,7364,21,,,1,30,,7367,21,,,1
1200000201,'29',2235,,7369,21,,,1,70,,7372,21,,,1,30,,7370,21,,,1,83,,7373,21,,,1,28,,7375,21,,,1,70,,7371,21,,,1,30,,7374,21,,,1
1200000201,'3',830,,7377,28,,,1,71,,7379,28,,,1,31,,7381,28,,,1,71,,7383,28,,,1,31,,7384,28,,,1,71,,7388,28,,,1,32,,7386,28,,,1,70,,7390,28,,,1,31,,7387,28,,,1,72,,7385,28,,,1,31,,7389,28,,,1,70,,7392,28,,,1,30,,7391,28,,,1,71,,7393,28,,,1,30,,7395,28,,,1,69,,7397,28,,,1,31,,7400,28,,,1,72,,7402,28,,,1,29,,7394,28,,,1,67,,7396,28,,,1,29,,7398,28,,,1,65,,7401,28,,,1,25,,7403,28,,,1,27,,7405,28,,,1,69,,7404,28,,,1,31,,7399,28,,,1,67,,7406,28,,,1
1200000201,'71',619,,5201,16,,,1,35,,5205,28,,,1,55,,5204,28,,,1,20,,5208,28,,,1,10,,5214,28,,,1,14,,5203,28,,,1,55,,5213,28,,,1,19,,5207,28,,,1,17,,5218,28,,,1,15,,5202,28,,,1,54,,5221,28,,,1,14,,5206,28,,,1,12,,5223,28,,,1,12,,5216,28,,,1,52,,5224,28,,,1,15,,5209,28,,,1,12,,5225,28,,,1,17,,5217,28,,,1,58,,5219,28,,,1,14,,5226,28,,,1,15,,5222,28,,,1,15,,5228,28,,,1,55,,5229,28,,,1,15,,5230,28,,,1,17,,5232,28,,,1,15,,5233,28,,,1,55,,5235,28,,,1,15,,5236,28,,,1,15,,5237,28,,,1,16,,5227,28,,,1,55,,5239,28,,,1,15,,5240,28,,,1,15,,5241,28,,,1,14,,5231,28,,,1,56,,5238,28,,,1,18,,5234,28,,,1,27,,5242,28,,,1,60,,5243,28,,,1,18,,5244,28,,,1,15,,5245,28,,,1,6,,5253,16,,,1,54,,5246,28,,,1,9,,5247,28,,,1,12,,5249,28,,,1,11,,5251,28,,,1,15,,5254,28,,,1,53,,5255,28,,,1,9,,5256,28,,,1,13,,5259,28,,,1,17,,5260,28,,,1,9,,5257,28,,,1,52,,5258,28,,,1,13,,5250,28,,,1,12,,5248,28,,,1,14,,5261,28,,,1,14,,5252,28,,,1,60,,5262,28,,,1,30,,5263,28,,,1,72,,5265,28,,,1,35,,5267,28,,,1,68,,5269,28,,,1,31,,5264,28,,,1,67,,5266,28,,,1,31,,5268,28,,,1,86,,5270,28,,,1
1200000201,'72',714,,5272,28,,,1,31,,5271,28,,,1,70,,5273,28,,,1,32,,5279,28,,,1,70,,5284,28,,,1,32,,5277,28,,,1,72,,5276,28,,,1,29,,5282,28,,,1,70,,5283,28,,,1,31,,5285,28,,,1,69,,5274,28,,,1,31,,5280,28,,,1,70,,5278,28,,,1,30,,5286,28,,,1,72,,5287,28,,,1,29,,5289,28,,,1,73,,5288,28,,,1,29,,5291,28,,,1,69,,5292,28,,,1,33,,5293,28,,,1,71,,5294,28,,,1,27,,5295,28,,,1,68,,5290,28,,,1,30,,5297,28,,,1,65,,5296,28,,,1,39,,5300,28,,,1,69,,5302,28,,,1,31,,5298,28,,,1,67,,5304,28,,,1,28,,5305,28,,,1,70,,5301,28,,,1,30,,5303,28,,,1,69,,5299,28,,,1,29,,5306,28,,,1,90,,5307,28,,,1
1200000201,'73',815,,5308,28,,,1,32,,5311,28,,,1,70,,5315,28,,,1,32,,5318,28,,,1,72,,5310,28,,,1,29,,5314,28,,,1,70,,5317,28,,,1,31,,5320,28,,,1,69,,5321,28,,,1,31,,5312,28,,,1,70,,5322,28,,,1,30,,5324,28,,,1,72,,5323,28,,,1,29,,5326,28,,,1,73,,5325,28,,,1,29,,5328,28,,,1,69,,5329,28,,,1,33,,5330,28,,,1,71,,5331,28,,,1,27,,5333,28,,,1,68,,5327,28,,,1,30,,5336,28,,,1,65,,5334,28,,,1,39,,5338,28,,,1,69,,5332,28,,,1,31,,5337,28,,,1,67,,5335,28,,,1
1200000201,'81',702,,5339,16,,,1,15,,5340,16,,,1,820,,5341,28,,,1
1200000201,'89',1620,,5345,28,,,1,15,,5346,28,,,1
1200000401,'1',1714,,7635,28,,,1,22,,7633,28,,,1
1200000401,'71',1708,,5572,28,,,1,26,,5571,28,,,1,22,,5575,28,,,1
