3501,'1',546,,6049,13,,,2,94,,6050,15,,,2,82,,6051,15,,,2,98,,6052,15,,,2,84,,6053,15,,,2,39,,6054,15,,,2,85,,6055,15,,,2,85,,6056,15,,,2,46,,6057,15,,,2,85,,6058,15,,,2,85,,6059,15,,,2,85,,6060,15,,,2,45,,6061,15,,,2,98,,6062,15,,,2,84,,6064,15,,,2,82,,6065,15,,,2,82,,6066,15,,,2,44,,6067,15,,,2,74,,6063,15,,,2,79,,6068,15,,,2,26,,6069,15,,,2,31,,6070,15,,,2,67,,6071,15,,,2,78,,6072,15,,,2,30,,6073,15,,,2,68,,6074,15,,,2,25,,6075,15,,,2
3501,'2',707,,6076,15,,,2,30,,6077,15,,,2,70,,6078,15,,,2,30,,6079,15,,,2,69,,6080,15,,,2,33,,6081,15,,,2,86,,6082,15,,,2,85,,6083,15,,,2,47,,6084,15,,,2,87,,6085,15,,,2,89,,6086,15,,,2,85,,6088,15,,,2,86,,6089,15,,,2,45,,6090,15,,,2,85,,6091,15,,,2,84,,6092,15,,,2,83,,6087,15,,,2,42,,6093,15,,,2,78,,6094,15,,,2,85,,6095,15,,,2,30,,6096,15,,,2,68,,6097,15,,,2,28,,6098,15,,,2,70,,6099,15,,,2,30,,6100,15,,,2,68,,6101,15,,,2,25,,6102,15,,,2
3501,'3',837,,6103,15,,,2,69,,6104,15,,,2,33,,6105,15,,,2,86,,6106,15,,,2,85,,6107,15,,,2,47,,6108,15,,,2,87,,6109,15,,,2,89,,6110,15,,,2,85,,6111,15,,,2,86,,6112,15,,,2,45,,6114,15,,,2,85,,6115,15,,,2,84,,6116,15,,,2,83,,6117,15,,,2,42,,6118,15,,,2,78,,6119,15,,,2,85,,6113,15,,,2
3501,'71',549,,4652,13,,,2,96,,4653,15,,,2,70,,4654,15,,,2,110,,4658,15,,,2,80,,4655,15,,,2,40,,4656,15,,,2,97,,4659,15,,,2,102,,4660,15,,,2,98,,4657,15,,,2,101,,4662,15,,,2,102,,4661,15,,,2,113,,4663,15,,,2,73,,4664,15,,,2,76,,4665,15,,,2,34,,4666,15,,,2,104,,4667,15,,,2,90,,4670,15,,,2,92,,4671,15,,,2,98,,4672,15,,,2,108,,4668,15,,,2,93,,4669,15,,,2
3501,'72',700,,4673,15,,,2,100,,4674,15,,,2,101,,4675,15,,,2,100,,4676,15,,,2,100,,4677,15,,,2,101,,4678,15,,,2,106,,4679,15,,,2,102,,4680,15,,,2,101,,4681,15,,,2,100,,4682,15,,,2,92,,4683,15,,,2,97,,4684,15,,,2,56,,4685,15,,,2,150,,4686,15,,,2,98,,4687,15,,,2,98,,4688,15,,,2,98,,4689,15,,,2
3501,'73',901,,4690,15,,,2,100,,4691,15,,,2,100,,4692,15,,,2,101,,4693,15,,,2,106,,4694,15,,,2,102,,4695,15,,,2,101,,4696,15,,,2,100,,4697,15,,,2,92,,4698,15,,,2,97,,4699,15,,,2,56,,4700,15,,,2,103,,4701,15,,,2
35100,'15',711,,6307,12,,,2
35100,'84',712,,4953,12,,,2
35101,'85',1538,,4954,36,,,2
35500,'12',802,,6308,12,,,2
35500,'82',805,,4955,12,,,2
35501,'83',1651,,4956,46,,,2
5003601,'1',1647,,6393,15,,,2,64,,6392,15,,,2
