1100,'1',609,,5753,8,,,1,25,,5748,80,,,1,75,,5754,80,,,1,30,,5749,80,,,1,74,,5755,80,,,1,30,,5750,80,,,1,58,,5751,80,,,1,29,,5756,80,,,1,74,,5752,80,,,1,30,,5757,80,,,1,75,,5758,80,,,1,30,,5761,80,,,1,73,,5759,80,,,1,30,,5762,80,,,1,77,,5760,80,,,1,30,,5763,80,,,1,88,,5764,80,,,1,71,,5766,80,,,1,36,,5765,80,,,1,71,,5767,80,,,1,42,,5770,80,,,1,62,,5768,80,,,1,22,,5772,80,,,1,66,,5771,80,,,1,34,,5773,80,,,1,68,,5769,80,,,1,30,,5774,80,,,1,100,,5775,80,,,1,100,,5776,80,,,1,100,,5777,80,,,1,100,,5778,80,,,1
1100,'2',739,,5779,80,,,1,102,,5780,80,,,1,99,,5781,80,,,1,102,,5782,80,,,1,100,,5783,80,,,1,100,,5784,80,,,1,101,,5785,80,,,1,99,,5786,80,,,1,100,,5787,80,,,1,100,,5788,80,,,1,99,,5789,80,,,1,99,,5790,80,,,1,98,,5792,80,,,1,100,,5793,80,,,1,100,,5791,80,,,1,100,,5795,80,,,1,100,,5794,80,,,1
1100,'3',940,,5796,80,,,1,102,,5797,80,,,1,100,,5798,80,,,1,100,,5799,80,,,1,101,,5800,80,,,1,99,,5801,80,,,1,100,,5802,80,,,1,100,,5803,80,,,1,99,,5804,80,,,1,99,,5805,80,,,1
1100,'71',609,,4342,8,,,1,25,,4339,80,,,1,75,,4343,80,,,1,30,,4340,80,,,1,74,,4344,80,,,1,30,,4341,80,,,1,58,,4345,80,,,1,29,,4350,80,,,1,74,,4346,80,,,1,30,,4351,80,,,1,75,,4347,80,,,1,30,,4352,80,,,1,73,,4348,80,,,1,30,,4353,80,,,1,77,,4349,80,,,1,30,,4354,80,,,1,88,,4358,80,,,1,71,,4355,80,,,1,36,,4359,80,,,1,71,,4356,80,,,1,42,,4360,81,,,1,62,,4357,80,,,1,22,,4363,80,,,1,66,,4361,80,,,1,34,,4364,80,,,1,68,,4362,80,,,1,30,,4365,80,,,1,100,,4366,80,,,1,100,,4367,80,,,1,100,,4368,80,,,1,100,,4369,80,,,1
1100,'72',739,,4370,80,,,1,102,,4371,80,,,1,99,,4372,80,,,1,102,,4373,80,,,1,100,,4374,80,,,1,100,,4375,80,,,1,101,,4376,80,,,1,99,,4377,80,,,1,100,,4378,80,,,1,100,,4379,80,,,1,99,,4380,80,,,1,99,,4381,80,,,1,98,,4384,80,,,1,100,,4382,80,,,1,100,,4383,80,,,1,100,,4386,80,,,1,100,,4385,80,,,1
1100,'73',940,,4387,80,,,1,102,,4388,80,,,1,100,,4389,80,,,1,100,,4390,80,,,1,101,,4391,80,,,1,99,,4392,80,,,1,100,,4393,80,,,1,100,,4394,80,,,1,99,,4395,80,,,1,99,,4396,80,,,1
1301,'1',648,,5816,30,,,2,77,,5818,30,,,2,94,,5817,30,,,2,812,,5819,30,,,2,13,,5820,30,,,2,76,,5822,30,,,2,30,,5821,30,,,2
1301,'71',659,,4409,30,,,2,83,,4410,30,,,2,73,,4408,30,,,2,813,,4413,30,,,2,14,,4411,30,,,2,74,,4414,30,,,2,30,,4412,30,,,2
1301,'88',1643,,4415,16,,,2
1500,'1',608,,5823,35,,,2,29,,5825,35,,,2,69,,5827,35,,,2,30,,5826,38,,,2,71,,5829,38,,,2,41,,5828,38,0,10 11,2,109,,5824,35,0,12 13,2,100,,5830,35,0,12 13,2,100,,5831,35,0,12 13,2,143,,5832,34,0,12 13,2
1500,'16',847,,5833,23,0,10 11,2
1500,'71',608,,4416,36,,,2,29,,4417,36,,,2,69,,4421,36,,,2,32,,4420,35,,,2,69,,4418,35,,,2,41,,4422,36,0,10 11,2,111,,4419,35,0,12 13,2,155,,4423,35,0,12 13,2,116,,4424,35,0,12 13,2,70,,4425,35,0,12 13,2,117,,4427,35,0,12 13,2,116,,4428,35,,,2,20,,4429,4,,,2,77,,4426,35,,,2,77,,4431,36,,,2,27,,4430,35,,,2,100,,4432,35,0,12 13,2,111,,4433,35,0,12 13,2,103,,4434,35,0,12 13,2
1500,'87',847,,4435,25,0,10 11,2
1600,'1',1356,,5848,19,0,12 13,2,96,,5849,19,0,12 13,2,76,,5851,19,,,2,25,,5854,4,,,2,75,,5850,22,,,2,80,,5852,22,,,2,25,,5855,22,,,2,99,,5853,22,0,12 13,2,102,,5856,19,0,12 13,2,110,,5857,19,0,12 13,2
13100,'15',728,,6233,41,,,2
13100,'84',728,,4864,41,,,2
20001,'1',550,,6248,3,0,14,2,60,,6249,3,0,14,2,812,,6250,3,,,2,32,,6251,3,,,2
20001,'2',621,,6252,3,,,2,18,,6253,3,0,14,2,10,,6254,3,,,2
20001,'71',550,,4888,8,0,14,2,60,,4889,8,0,14,2,7,,4890,8,0,14,2,8,,4891,8,0,14,2,801,,4892,8,,,2,29,,4893,8,,,2,76,,4894,8,0,14,2,308,,4895,8,0,14,2
20001,'72',613,,4896,8,,,2,20,,4897,8,0,14,2,16,,4898,8,,,2
21001,'1',530,,6272,3,,,2,27,,6273,3,,,2,55,,6274,3,,,2,13,,6275,3,,,2,1381,,6276,3,,,2
21001,'2',607,,6277,3,,,2,30,,6278,3,,,2,70,,6279,3,,,2,31,,6280,3,,,2,475,,6281,3,,,2,30,,6282,3,,,2,468,,6283,3,,,2
21001,'3',637,,6284,3,,,2,70,,6285,3,,,2,31,,6286,3,,,2,404,,6287,3,,,2
21001,'71',530,,4909,8,,,2,27,,4910,8,,,2,55,,4911,8,,,2,13,,4912,8,,,2,325,,4913,8,,,2,162,,4914,8,,,2,894,,4915,8,,,2
21001,'72',556,,4916,8,,,2,69,,4917,8,,,2,30,,4918,8,,,2,70,,4919,8,,,2
21001,'73',625,,4920,8,,,2,30,,4921,8,,,2,70,,4922,8,,,2
35001,'71',1542,,4952,8,,,2
38001,'1',526,,6313,3,,,2,79,,6314,3,,,2,28,,6315,3,,,2
38001,'71',525,,4962,8,,,2,88,,4963,8,,,2,19,,4964,8,,,2
1200000101,'1',1528,,7148,24,,,1,31,,7149,24,,,1,70,,7150,24,,,1,73,,7151,24,,,1
1200000101,'71',1528,,5070,24,,,1,31,,5071,24,,,1,70,,5069,24,,,1,75,,5072,24,,,1
2000001500,'2',752,,7667,35,,,2,101,,7668,34,,,2,100,,7669,34,,,2,94,,7670,34,,,2,109,,7671,34,,,2,101,,7672,34,,,2,201,,7673,35,,,2,101,,7674,34,,,2,95,,7675,34,,,2,105,,7676,34,,,2,93,,7677,34,,,2
2000001500,'3',853,,7678,35,,,2,100,,7679,34,,,2,94,,7680,34,,,2,109,,7681,34,,,2,101,,7682,34,,,2,201,,7683,35,,,2,101,,7684,34,,,2,95,,7685,34,,,2,105,,7686,34,,,2,93,,7687,34,,,2
2000001500,'72',745,,5607,36,,,2,102,,5608,35,,,2,103,,5609,35,,,2,100,,5610,35,,,2,102,,5611,35,,,2,100,,5612,35,,,2,190,,5613,36,,,2,99,,5614,35,,,2,95,,5615,35,,,2,107,,5616,35,,,2,98,,5617,35,,,2
2000001500,'73',847,,5618,36,,,2,103,,5619,35,,,2,100,,5620,35,,,2,102,,5621,35,,,2,100,,5622,35,,,2,190,,5623,36,,,2,99,,5624,35,,,2,95,,5625,35,,,2,107,,5626,35,,,2,98,,5627,35,,,2
