3400,'71',1512,12,4637,1,,,2
3401,'1',759,,6041,24,,,2
3401,'71',759,,4643,24,,,2
3701,'1',755,,6124,55,4,,2
3701,'71',755,,4749,55,4,,2
3800,'71',1512,12,4801,1,,,2
11100,'15',757,,6226,75,4,,2
11100,'86',757,,4850,75,4,,2
11101,'85',1511,53,4851,1,,,2
13100,'15',800,,6233,80,4,,2
13100,'84',800,,4864,80,4,,2
13101,'85',1511,53,4865,1,,,2
22100,'15',742,,6288,42,4,,2
22100,'84',742,,4923,42,4,,2
22101,'85',1510,54,4924,1,,,2
22200,'15',742,,6289,38,4,,2
22200,'84',742,,4925,38,4,,2
22201,'85',1510,54,4926,1,,,2
23100,'15',749,,6293,75,4,,2
23100,'84',749,,4931,75,4,,2
23101,'85',1510,54,4932,1,,,2
23200,'15',740,,6294,42,4,,2
23200,'84',740,,4933,34,4,,2
23201,'85',1510,54,4934,1,,,2
24100,'15',742,,6296,24,4,,2
24100,'84',742,,4937,24,4,,2
24101,'85',1510,54,4938,1,,,2
24200,'15',740,,6297,26,4,,2
24200,'84',740,,4939,26,4,,2
24201,'85',1510,54,4940,1,,,2
31100,'15',800,,6300,65,4,,2
31100,'84',800,,4945,65,4,,2
31101,'85',1512,12,4946,1,,,2
35100,'15',742,,6307,53,4,,2
35100,'84',742,,4953,52,4,,2
35101,'85',1512,12,4954,1,,,2
38100,'15',746,,6316,57,4,,2
38100,'84',745,,4965,57,4,,2
38101,'85',1512,12,4966,1,,,2
