2201,'1',642,,5883,30,4,,2,98,,5884,30,4,,2,65,,5898,30,4,,2,28,,5899,30,4,,2,26,,5893,30,4,,2,148,,5894,30,4,,2,110,,5885,30,4,,2,101,,5886,30,4,,2,101,,5887,30,4,,2,100,,5890,30,4,,2,105,,5900,30,,,2,80,,5891,30,,,2,96,,5888,30,,,2,30,,5895,30,,,2,70,,5889,30,,,2,29,,5896,30,,,2,27,,5901,30,,,2,64,,5897,30,,,2
2201,'14',1700,,5903,34,,,2
2201,'71',642,,4480,32,4,,2,163,,4496,32,4,,2,28,,4498,32,4,,2,26,,4495,32,4,,2,66,,4497,32,4,,2,82,,4482,32,4,,2,37,,4484,32,4,,2,72,,4483,32,4,,2,30,,4485,32,4,,2,70,,4489,32,4,,2,31,,4486,32,4,,2,70,,4490,32,4,,2,30,,4487,32,4,,2,70,,4499,32,4,,2,30,,4488,32,4,,2,77,,4491,32,,,2,25,,4493,32,,,2,55,,4500,32,,,2,51,,4501,36,,,2,71,,4502,32,,,2,74,,4492,32,,,2,31,,4503,32,,,2,25,,4505,32,,,2,64,,4504,32,,,2
2201,'88',1655,,4506,36,,,2
21001,'1',545,,6272,10,,,2,69,,6273,10,,,2,16,,6274,10,,,2,22,,6275,10,,,2,1369,,6276,10,,,2
21001,'2',624,,6277,10,,,2,30,,6278,10,,,2,70,,6279,10,,,2,31,,6280,10,,,2,475,,6281,10,,,2,70,,6282,10,,,2,428,,6283,10,,,2
21001,'3',654,,6284,10,,,2,70,,6285,10,,,2,31,,6286,10,,,2,404,,6287,10,,,2
21001,'71',545,,4909,13,,,2,69,,4910,13,,,2,16,,4911,13,,,2,22,,4912,13,,,2,355,,4913,13,,,2,122,,4914,13,,,2,892,,4915,13,,,2
21001,'72',612,,4916,13,,,2,30,,4917,13,,,2,70,,4918,13,,,2,30,,4919,13,,,2
21001,'73',642,,4920,13,,,2,70,,4921,13,,,2,30,,4922,13,,,2
22101,'85',1538,,4924,28,,,2
22901,'14',1637,,6292,7,,,2
22901,'88',1637,,4930,7,,,2
2000002200,'1',659,,7710,5,,,2,90,,7712,5,,,2
2000002200,'71',659,,5650,5,,,2,90,,5652,5,,,2
