20000,'1',852,,1044,13,,,2,66,,1043,13,,,2,28,,1042,13,,,2,70,,1041,13,,,2
20000,'3',837,,1050,13,,,2,76,,1049,13,,,2
20000,'4',841,,1055,13,,,2,76,,1054,13,,,2
5002301,'1',1557,,1319,13,,,2,78,,1317,13,,,2,65,,1316,13,,,2,116,,1318,13,,,2
5002301,'2',1623,,1322,13,,,2,29,,1320,13,,,2,164,,1321,13,,,2
5002401,'1',1558,,1330,13,,,2,78,,1328,13,,,2,65,,1329,13,,,2
5002401,'2',1624,,1331,13,,,2,29,,1332,13,,,2
5003401,'1',1631,,1339,13,,,2
5003401,'3',1616,,1340,13,,,2
5003401,'4',1623,,1341,13,,,2
5003601,'1',1548,,1350,13,,,2,83,,1348,13,,,2,23,,1349,13,,,2
5003601,'3',1618,,1351,13,,,2,27,,1352,13,,,2
5003601,'4',1623,,1353,13,,,2,23,,1354,13,,,2
5003701,'1',1550,,1365,13,,,2,105,,1364,13,,,2,157,,1366,13,,,2
5003701,'3',1645,,1367,13,,,2
5003701,'4',1647,,1368,13,,,2,163,,1369,13,,,2
5003801,'1',1632,,1371,13,,,2,89,,1370,13,,,2
5003801,'3',1617,,1373,13,,,2,93,,1372,13,,,2
5003801,'4',1624,,1375,13,,,2,89,,1374,13,,,2
1200000201,'1',630,,1672,13,,,1,15,,1671,13,,,1,56,,1674,13,,,1,18,,1676,13,,,1,12,,1670,13,,,1,10,,1683,13,,,1,17,,1673,13,,,1,58,,1689,13,,,1,17,,1669,13,,,1,14,,1679,13,,,1,55,,1691,13,,,1,11,,1686,13,,,1,13,,1681,13,,,1,13,,1692,13,,,1,16,,1677,13,,,1,52,,1695,13,,,1,17,,1688,13,,,1,18,,1690,13,,,1,14,,1696,13,,,1,55,,1694,13,,,1,15,,1698,13,,,1,15,,1700,13,,,1,15,,1693,13,,,1,56,,1701,13,,,1,15,,1702,13,,,1,15,,1703,13,,,1,15,,1704,13,,,1,55,,1706,13,,,1,16,,1697,13,,,1,15,,1699,13,,,1,15,,1709,13,,,1,55,,1710,13,,,1,14,,1712,13,,,1,15,,1708,13,,,1,16,,1713,13,,,1,53,,1714,13,,,1,13,,1705,13,,,1,18,,1707,13,,,1,16,,1715,13,,,1,55,,1716,13,,,1,21,,1718,13,,,1,8,,1720,13,,,1,13,,1711,13,,,1,53,,1723,13,,,1,14,,1726,13,,,1,12,,1727,13,,,1,12,,1731,13,,,1,13,,1734,13,,,1,54,,1719,13,,,1,7,,1717,13,,,1,8,,1732,13,,,1,13,,1733,13,,,1,14,,1722,13,,,1,53,,1721,13,,,1,14,,1728,13,,,1,14,,1724,13,,,1,20,,1729,13,,,1,70,,1736,13,,,1,32,,1730,13,,,1,76,,1738,13,,,1,68,,1740,13,,,1,29,,1737,13,,,1,26,,1735,13,,,1,72,,1739,13,,,1,83,,1741,13,,,1
1200000201,'21',1551,,1745,13,,,1,54,,1746,13,,,1
1200000201,'3',627,,1751,13,,,1,15,,1749,13,,,1,15,,1753,13,,,1,57,,1756,13,,,1,17,,1759,13,,,1,16,,1762,13,,,1,56,,1764,13,,,1,17,,1748,13,,,1,14,,1766,13,,,1,15,,1752,13,,,1,54,,1750,13,,,1,14,,1754,13,,,1,17,,1757,13,,,1,18,,1760,13,,,1,53,,1763,13,,,1,34,,1767,13,,,1,69,,1769,13,,,1,30,,1771,13,,,1,71,,1772,13,,,1,30,,1773,13,,,1,70,,1768,13,,,1,31,,1770,13,,,1,70,,1774,13,,,1,28,,1776,13,,,1,65,,1781,13,,,1,12,,1778,13,,,1,13,,1779,13,,,1,16,,1783,13,,,1,14,,1785,13,,,1,61,,1787,13,,,1,8,,1789,13,,,1,14,,1775,13,,,1,15,,1790,13,,,1,55,,1777,13,,,1,14,,1792,13,,,1,15,,1782,13,,,1,15,,1780,13,,,1,55,,1784,13,,,1,14,,1786,13,,,1,14,,1788,13,,,1,68,,1795,13,,,1,29,,1794,13,,,1,20,,1791,13,,,1,70,,1797,13,,,1,32,,1793,13,,,1,77,,1799,13,,,1,67,,1801,13,,,1,29,,1798,13,,,1,27,,1796,13,,,1,72,,1800,13,,,1,83,,1802,13,,,1
1200000201,'4',628,,1806,13,,,1,15,,1805,13,,,1,15,,1810,13,,,1,58,,1809,13,,,1,18,,1813,13,,,1,16,,1818,13,,,1,56,,1822,13,,,1,16,,1804,13,,,1,15,,1824,13,,,1,15,,1807,13,,,1,54,,1816,13,,,1,14,,1821,13,,,1,15,,1811,13,,,1,18,,1814,13,,,1,52,,1819,13,,,1,17,,1825,13,0,5 6 7,1,18,,1827,13,,,1,14,,1831,13,0,5 6 7,1,55,,1829,13,,,1,15,,1834,13,0,5 6 7,1,15,,1833,13,,,1,15,,1837,13,0,5 6 7,1,56,,1836,13,,,1,15,,1826,13,0,5 6 7,1,14,,1838,13,,,1,16,,1832,13,0,5 6 7,1,54,,1828,13,,,1,16,,1835,13,0,5 6 7,1,15,,1830,13,,,1,15,,1842,13,0,5 6 7,1,55,,1840,13,,,1,14,,1843,13,,,1,15,,1845,13,,,1,16,,1839,13,,,1,51,,1851,13,,,1,11,,1847,13,,,1,14,,1849,13,,,1,18,,1853,13,,,1,55,,1855,13,,,1,21,,1857,13,,,1,9,,1858,13,,,1,13,,1841,13,,,1,12,,1844,13,,,1,55,,1846,13,,,1,13,,1861,13,,,1,15,,1852,13,,,1,15,,1848,13,,,1,54,,1850,13,,,1,7,,1859,13,,,1,8,,1854,13,,,1,14,,1856,13,,,1,14,,1866,13,,,1,53,,1865,13,,,1,28,,1862,13,,,1,20,,1860,13,,,1,70,,1867,13,,,1,32,,1863,13,,,1,77,,1869,13,,,1,68,,1871,13,,,1,29,,1868,13,,,1,26,,1864,13,,,1,72,,1870,13,,,1,83,,1872,13,,,1
1200000201,'6',653,,1875,13,,,1,70,,1873,13,,,1,30,,1876,13,,,1,71,,1882,13,,,1,30,,1887,13,,,1,72,,1880,13,,,1,31,,1879,13,,,1,69,,1885,13,,,1,30,,1886,13,,,1,71,,1874,13,,,1,29,,1877,13,,,1,72,,1883,13,,,1,30,,1881,13,,,1,69,,1888,13,,,1,32,,1889,13,,,1,71,,1891,13,,,1,71,,1890,13,,,1,29,,1893,13,,,1,29,,1894,13,,,1,72,,1895,13,,,1,71,,1896,13,,,1,28,,1897,13,,,1,29,,1892,13,,,1,68,,1899,13,,,1,28,,1898,13,,,1,80,,1907,13,,,1,69,,1905,13,,,1,29,,1900,13,,,1,68,,1908,13,,,1,29,,1903,13,,,1,70,,1902,13,,,1,30,,1909,13,,,1,29,,1901,13,,,1,73,,1904,13,,,1,80,,1906,13,,,1
1200000201,'7',2033,,1910,13,,,1,68,,1911,13,,,1
1200000201,'9',753,,1912,13,,,1,71,,1915,13,,,1,30,,1919,13,,,1,72,,1922,13,,,1,31,,1914,13,,,1,69,,1918,13,,,1,30,,1921,13,,,1,71,,1925,13,,,1,29,,1926,13,,,1,72,,1916,13,,,1,30,,1927,13,,,1,69,,1923,13,,,1,32,,1928,13,,,1,71,,1930,13,,,1,71,,1929,13,,,1,29,,1932,13,,,1,29,,1933,13,,,1,72,,1934,13,,,1,71,,1935,13,,,1,28,,1937,13,,,1,29,,1931,13,,,1,68,,1939,13,,,1,28,,1938,13,,,1,80,,1940,13,,,1,69,,1936,13,,,1
1200000301,'1',656,,2133,13,,,1,59,,2136,13,,,1,35,,2143,13,,,1,71,,2142,13,,,1,26,,2145,13,,,1,66,,2137,13,,,1,26,,2148,13,,,1,70,,2147,13,,,1,36,,2146,13,,,1,60,,2150,13,,,1,20,,2152,13,,,1,20,,2149,13,,,1,60,,2154,13,,,1,21,,2156,13,,,1,22,,2158,13,,,1,60,,2151,13,,,1,20,,2153,13,,,1,20,,2159,13,,,1,56,,2155,13,,,1,20,,2157,13,,,1,22,,2161,13,,,1,63,,2162,13,,,1,16,,2163,13,,,1,18,,2164,13,,,1,16,,2160,13,,,1,59,,2173,13,,,1,19,,2169,13,,,1,11,,2172,13,,,1,54,,2166,13,,,1,16,,2165,13,,,1,16,,2175,13,,,1,14,,2174,13,,,1,53,,2168,13,,,1,8,,2170,13,,,1,8,,2176,13,,,1,15,,2167,13,,,1,16,,2171,13,,,1,59,,2177,13,,,1,28,,2178,13,,,1,71,,2183,13,,,1,30,,2184,13,,,1,70,,2179,13,,,1,34,,2185,13,,,1
1200000301,'3',654,,2188,13,,,1,56,,2191,13,,,1,27,,2199,13,,,1,70,,2196,13,,,1,25,,2202,13,,,1,69,,2192,13,,,1,36,,2201,13,,,1,66,,2197,13,,,1,29,,2203,13,,,1,70,,2204,13,,,1,30,,2206,13,,,1,70,,2198,13,,,1,33,,2208,13,,,1,70,,2205,13,,,1,30,,2207,13,,,1,66,,2209,13,,,1,30,,2210,13,,,1,72,,2211,13,,,1,28,,2214,13,,,1,16,,2212,13,,,1,57,,2216,13,,,1,19,,2219,13,,,1,13,,2221,13,,,1,16,,2215,13,,,1,57,,2213,13,,,1,18,,2217,13,,,1,17,,2218,13,,,1,15,,2222,13,,,1,55,,2220,13,,,1,32,,2224,13,,,1,60,,2225,13,,,1,28,,2223,13,,,1,71,,2230,13,,,1,30,,2231,13,,,1,70,,2226,13,,,1,35,,2232,13,,,1
1200000301,'4',656,,2235,13,,,1,56,,2239,13,,,1,28,,2244,13,,,1,76,,2246,13,,,1,19,,2248,13,,,1,70,,2240,13,,,1,33,,2245,13,,,1,65,,2236,13,,,1,30,,2249,13,,,1,70,,2250,13,,,1,30,,2252,13,,,1,71,,2254,13,,,1,32,,2256,13,,,1,70,,2251,13,,,1,30,,2253,13,,,1,66,,2255,13,,,1,30,,2257,13,,,1,73,,2258,13,,,1,14,,2261,13,,,1,14,,2263,13,,,1,18,,2259,13,,,1,58,,2265,13,,,1,20,,2267,13,,,1,12,,2269,13,,,1,13,,2262,13,,,1,56,,2264,13,,,1,18,,2260,13,,,1,17,,2266,13,,,1,55,,2268,13,,,1,8,,2275,13,,,1,7,,2270,13,,,1,32,,2271,13,,,1,59,,2272,13,,,1,28,,2277,13,,,1,71,,2273,13,,,1,30,,2274,13,,,1,70,,2276,13,,,1,35,,2278,13,,,1
1200000301,'6',734,,2287,13,,,1,71,,2286,13,,,1,31,,2290,13,,,1,70,,2291,13,,,1,30,,2284,13,,,1,71,,2285,13,,,1,30,,2289,13,,,1,70,,2288,13,,,1,30,,2292,13,,,1,71,,2293,13,,,1,30,,2295,13,,,1,70,,2294,13,,,1,31,,2297,13,,,1,70,,2298,13,,,1,31,,2299,13,,,1,70,,2300,13,,,1,29,,2301,13,,,1,70,,2296,13,,,1,32,,2303,13,,,1,70,,2302,13,,,1,30,,2305,13,,,1,68,,2304,13,,,1,29,,2309,13,,,1,64,,2306,13,,,1
1200000301,'9',805,,2315,13,,,1,31,,2317,13,,,1,70,,2318,13,,,1,30,,2320,13,,,1,71,,2321,13,,,1,30,,2316,13,,,1,70,,2322,13,,,1,30,,2319,13,,,1,71,,2323,13,,,1,30,,2325,13,,,1,70,,2324,13,,,1,31,,2327,13,,,1,70,,2328,13,,,1,31,,2329,13,,,1,70,,2330,13,,,1,29,,2331,13,,,1,70,,2326,13,,,1,32,,2333,13,,,1,70,,2332,13,,,1,30,,2335,13,,,1,68,,2334,13,,,1,29,,2336,13,,,1,64,,2338,13,,,1
1200000401,'1',1638,,2355,13,,,1,67,,2354,13,,,1,22,,2358,13,,,1
1200000401,'3',1623,,2366,13,,,1,28,,2363,13,,,1,67,,2364,13,,,1
1200000401,'4',1629,,2373,13,,,1,27,,2375,13,,,1,64,,2376,13,,,1
