1501,'1',1233,,5834,35,0,41,2,103,,5835,35,0,41,2,95,,5836,35,0,41,2,77,,5839,35,0,41,2,92,,5837,52,,,2,44,,5840,52,,,2,61,,5842,52,,,2,34,,5838,52,0,41,2,68,,5841,52,,,2,37,,5844,35,0,41,2,73,,5845,35,0,41,2,102,,5846,35,0,41,2,112,,5843,35,0,41,2,81,,5847,35,0,41,2
1501,'71',711,,4438,53,0,41,2,24,,4436,53,0,41,2,74,,4439,53,0,41,2,123,,4437,36,0,41,2,115,,4440,36,0,41,2,156,,4441,36,0,41,2,30,,4442,36,0,41,2,117,,4444,36,0,41,2,156,,4445,36,0,41,2,94,,4443,53,0,41,2,49,,4446,53,0,41,2,55,,4448,53,0,41,2,29,,4450,53,0,41,2,75,,4449,53,0,41,2,36,,4447,36,0,41,2,76,,4451,36,0,41,2,105,,4452,36,0,41,2,105,,4453,36,0,41,2,82,,4454,36,0,41,2
1501,'88',1706,,4455,38,0,41,2
13101,'85',1602,,4865,75,,,2
15601,'83',1636,,4876,28,,,2
15801,'88',1651,,4878,26,,,2
2000001501,'2',822,,7688,35,,,2,101,,7689,35,,,2,100,,7690,35,,,2,102,,7691,35,,,2,101,,7692,35,,,2,102,,7693,35,,,2,201,,7694,35,,,2,101,,7695,35,,,2,103,,7696,35,,,2,96,,7697,35,,,2,93,,7698,35,,,2
2000001501,'3',923,,7699,35,,,2,100,,7700,35,,,2,102,,7701,35,,,2,101,,7702,35,,,2,102,,7703,35,,,2,201,,7704,35,,,2,101,,7705,35,,,2,103,,7706,35,,,2,96,,7707,35,,,2,93,,7708,35,,,2
2000001501,'72',815,,5628,36,,,2,102,,5629,36,,,2,103,,5630,36,,,2,108,,5631,36,,,2,94,,5632,36,,,2,109,,5633,36,,,2,182,,5634,36,,,2,99,,5635,36,,,2,103,,5636,36,,,2,98,,5637,36,,,2,98,,5638,36,,,2
2000001501,'73',917,,5639,36,,,2,103,,5640,36,,,2,108,,5641,36,,,2,94,,5642,36,,,2,109,,5643,36,,,2,182,,5644,36,,,2,99,,5645,36,,,2,103,,5646,36,,,2,98,,5647,36,,,2,98,,5648,36,,,2
