2301,'1',628,,5973,14,,,2,30,,5974,14,,,2,150,,5976,14,,,2,41,,5953,14,,,2,72,,5977,14,,,2,23,,5954,14,,,2,81,,5955,14,,,2,30,,5957,14,,,2,70,,5956,14,,,2
2301,'2',705,,5980,14,,,2,100,,5981,14,,,2,101,,5982,14,,,2,102,,5983,14,,,2,102,,5984,14,,,2
2301,'3',805,,5992,14,,,2,101,,5993,14,,,2,102,,5994,14,,,2,102,,5995,14,,,2
2301,'71',628,,4569,14,,,2,30,,4577,14,,,2,150,,4578,14,,,2,38,,4555,14,,,2,72,,4559,14,,,2,29,,4556,14,,,2,75,,4560,14,,,2,31,,4557,14,,,2,70,,4561,14,,,2
2301,'72',720,,4579,14,,,2,100,,4580,14,,,2,101,,4581,14,,,2,102,,4582,14,,,2,100,,4583,14,,,2
2301,'73',820,,4591,14,,,2,101,,4592,14,,,2,102,,4593,14,,,2,100,,4594,14,,,2
22201,'85',1531,,4926,28,,,2
23101,'85',1528,,4932,28,,,2
23500,'12',744,,6295,2,,,2
23500,'82',744,,4935,2,,,2
