3701,'1',551,,6122,26,0,9,2,81,,6123,33,0,9,2,105,,6124,33,,,2,103,,6125,33,0,9,2,104,,6126,33,0,9,2,97,,6127,33,0,9,2,102,,6128,33,0,9,2,115,,6129,33,0,9,2,142,,6130,33,0,9,2,102,,6131,33,0,9,2,114,,6132,33,0,9,2,142,,6133,33,0,9,2,72,,6134,33,0,9,2,100,,6135,33,0,9,2,96,,6136,33,0,9,2,96,,6137,33,0,9,2,100,,6138,33,0,9,2,100,,6139,33,0,9,2,27,,6140,33,0,9,2
3701,'2',706,,6141,33,0,9,2,100,,6142,33,0,9,2,102,,6143,33,0,9,2,102,,6144,33,0,9,2,102,,6145,33,0,9,2,116,,6146,33,0,9,2,103,,6147,33,0,9,2,100,,6148,33,0,9,2,101,,6149,33,0,9,2,100,,6150,33,0,9,2,101,,6151,33,0,9,2,95,,6152,33,0,9,2,97,,6153,33,0,9,2,96,,6154,33,0,9,2,100,,6155,33,0,9,2,101,,6156,33,0,9,2,98,,6157,33,0,9,2,27,,6158,33,0,9,2
3701,'3',806,,6159,33,0,9,2,102,,6160,33,0,9,2,102,,6161,33,0,9,2,102,,6162,33,0,9,2,116,,6163,33,0,9,2,103,,6164,33,0,9,2,100,,6165,33,0,9,2,101,,6166,33,0,9,2,100,,6167,33,0,9,2,101,,6168,33,0,9,2,95,,6169,33,0,9,2,97,,6170,33,0,9,2
3701,'71',550,,4746,26,0,9,2,187,,4749,33,,,2,103,,4748,33,0,9,2,102,,4747,33,0,9,2,98,,4750,33,0,9,2,102,,4751,33,0,9,2,113,,4752,33,0,9,2,102,,4753,33,0,9,2,102,,4754,33,0,9,2,155,,4755,33,0,9,2,113,,4756,33,0,9,2,100,,4757,33,0,9,2,100,,4758,33,0,9,2,97,,4759,33,0,9,2,97,,4760,33,0,9,2,101,,4761,33,0,9,2,102,,4762,33,0,9,2,27,,4763,33,0,9,2
3701,'72',710,,4764,33,0,9,2,100,,4765,33,0,9,2,102,,4766,33,0,9,2,100,,4767,33,0,9,2,100,,4768,33,0,9,2,112,,4769,33,0,9,2,100,,4770,33,0,9,2,100,,4771,33,0,9,2,102,,4772,33,0,9,2,100,,4773,33,0,9,2,98,,4774,33,0,9,2,100,,4775,33,0,9,2,100,,4776,33,0,9,2,97,,4779,33,0,9,2,100,,4780,33,0,9,2,101,,4781,33,0,9,2,98,,4777,33,0,9,2,27,,4778,33,0,9,2
3701,'73',810,,4782,33,0,9,2,102,,4783,33,0,9,2,100,,4784,33,0,9,2,100,,4785,33,0,9,2,112,,4786,33,0,9,2,100,,4787,33,0,9,2,100,,4788,33,0,9,2,102,,4789,33,0,9,2,100,,4790,33,0,9,2,98,,4791,33,0,9,2,100,,4792,33,0,9,2,109,,4793,33,0,9,2
37500,'12',820,,6309,17,,,2
37500,'82',820,,4957,17,,,2
5003700,'1',645,,6395,37,,,2,76,,6394,37,,,2
5003700,'71',629,,5046,44,,,2,18,,5047,37,,,2,74,,5048,37,,,2
5003701,'1',1750,,6396,66,,,2
5003701,'71',1646,,5050,66,,,2,106,,5049,66,,,2
5003701,'81',1905,,5051,66,,,2
