3400,'1',612,,6032,15,,,2,114,,6033,17,,,2,79,,6031,15,,,2,752,,6037,15,,,2,144,,6034,17,,,2,28,,6035,17,,,2,92,,6036,17,,,2
3400,'13',839,,6038,17,0,24 1 15,2
3400,'71',612,,4634,15,,,2,114,,4635,17,,,2,77,,4636,15,,,2,36,,4633,17,0,24 1 15,2,677,,4637,6,,,2,41,,4638,15,,,2,91,,4639,17,,,2,82,,4640,17,,,2,89,,4641,17,,,2
34501,'83',1636,,4950,34,,,2
5003400,'1',635,,6388,15,,,2,22,,6387,15,,,2
5003400,'71',635,,5039,15,,,2,21,,5038,15,,,2
2000003400,'2',720,,7742,15,,,2,85,,7743,17,,,2,46,,7744,17,,,2,85,,7745,17,,,2,87,,7746,17,,,2,86,,7747,17,,,2,45,,7748,17,,,2,88,,7749,17,,,2,171,,7750,17,,,2,43,,7751,17,,,2,87,,7752,17,,,2,83,,7753,17,,,2,90,,7754,17,,,2,42,,7755,17,,,2,81,,7756,17,,,2
2000003400,'3',805,,7757,15,,,2,46,,7758,17,,,2,85,,7759,17,,,2,87,,7760,17,,,2,86,,7761,17,,,2,45,,7762,17,,,2,88,,7763,17,,,2,171,,7764,17,,,2,43,,7765,17,,,2,87,,7766,17,,,2,83,,7767,17,,,2,90,,7768,17,,,2,42,,7769,17,,,2,81,,7770,17,,,2
2000003400,'72',720,,5682,15,,,2,85,,5683,17,,,2,45,,5684,17,,,2,85,,5685,17,,,2,85,,5686,17,,,2,86,,5687,17,,,2,45,,5688,17,,,2,85,,5689,17,,,2,174,,5690,17,,,2,41,,5691,17,,,2,92,,5692,17,,,2,78,,5693,17,,,2,93,,5694,17,,,2,38,,5695,17,,,2,87,,5696,17,,,2
2000003400,'73',805,,5697,15,,,2,45,,5698,17,,,2,85,,5699,17,,,2,85,,5700,17,,,2,86,,5701,17,,,2,45,,5702,17,,,2,85,,5703,17,,,2,174,,5704,17,,,2,41,,5705,17,,,2,92,,5706,17,,,2,78,,5707,17,,,2,93,,5708,17,,,2,38,,5709,17,,,2,87,,5710,17,,,2
