13800,'12',836,,6237,16,,,2
13800,'82',836,,4870,16,,,2
34500,'12',834,,6305,41,,,2
34500,'82',834,,4949,41,,,2
35500,'12',838,,6308,62,,,2
35500,'82',838,,4955,54,,,2
1200000100,'1',650,,7141,69,,,1,72,,7142,69,,,1,22,,7143,69,,,1,69,,7146,69,0,16 1 17,1,29,,7144,69,,,1
1200000100,'71',648,,5061,69,,,1,71,,5062,69,,,1,22,,5063,69,,,1,69,,5066,69,0,16 1 17,1,29,,5064,69,,,1
1200000201,'1',627,,7262,24,,,1,80,,7265,36,,,1,15,,7264,36,,,1,20,,7269,36,,,1,61,,7271,36,,,1,20,,7273,36,,,1,20,,7276,36,,,1,15,,7277,36,,,1,56,,7263,36,,,1,13,,7280,36,,,1,14,,7268,36,,,1,11,,7266,36,,,1,52,,7275,36,,,1,12,,7281,36,,,1,14,,7278,36,,,1,17,,7282,36,,,1,70,,7284,36,,,1,29,,7286,36,,,1,70,,7267,36,,,1,33,,7287,36,,,1,69,,7283,36,,,1,30,,7285,36,,,1,71,,7289,36,,,1,31,,7290,36,,,1,70,,7288,36,,,1,39,,7292,36,,,1,67,,7294,36,,,1,18,,7297,36,,,1,57,,7295,36,,,1,17,,7296,36,,,1,12,,7293,36,,,1,10,,7298,36,,,1,12,,7299,36,,,1,54,,7301,36,,,1,13,,7291,36,,,1,9,,7304,36,,,1,13,,7305,36,,,1,13,,7308,36,,,1,52,,7309,36,,,1,13,,7303,36,,,1,24,,7302,36,,,1,66,,7300,36,,,1,19,,7310,36,,,1,28,,7311,36,,,1,72,,7306,36,,,1,75,,7313,36,,,1,28,,7315,36,,,1,71,,7312,36,,,1,27,,7307,36,,,1,71,,7314,36,,,1,46,,7316,36,,,1
1200000201,'14',1703,,7317,30,,,1
1200000201,'2',658,,7321,24,,,1,79,,7318,36,,,1,70,,7326,36,,,1,31,,7324,36,,,1,72,,7322,36,,,1,31,,7328,36,,,1,71,,7319,36,,,1,31,,7327,36,,,1,72,,7325,36,,,1,32,,7330,36,,,1,70,,7329,36,,,1,31,,7320,36,,,1,72,,7332,36,,,1,31,,7334,36,,,1,70,,7331,36,,,1,30,,7336,36,,,1,71,,7337,36,,,1,30,,7333,36,,,1,69,,7335,36,,,1,31,,7339,36,,,1,72,,7341,36,,,1,28,,7338,36,,,1,66,,7343,36,,,1,28,,7344,36,,,1,65,,7340,36,,,1,25,,7342,36,,,1,67,,7348,36,,,1,29,,7347,36,,,1,71,,7345,36,,,1,27,,7349,36,,,1,28,,7351,36,,,1,69,,7350,36,,,1,30,,7353,36,,,1,70,,7346,36,,,1,29,,7352,36,,,1,89,,7354,36,,,1
1200000201,'27',2243,,7355,29,,,1,70,,7358,29,,,1,29,,7356,29,,,1,83,,7359,29,,,1,28,,7361,29,,,1,70,,7357,29,,,1,30,,7360,29,,,1
1200000201,'28',2241,,7362,29,,,1,70,,7365,29,,,1,30,,7363,29,,,1,83,,7366,29,,,1,28,,7368,29,,,1,70,,7364,29,,,1,30,,7367,29,,,1
1200000201,'29',2241,,7369,29,,,1,70,,7372,29,,,1,30,,7370,29,,,1,83,,7373,29,,,1,28,,7375,29,,,1,70,,7371,29,,,1,30,,7374,29,,,1
1200000201,'3',838,,7377,36,,,1,72,,7379,36,,,1,31,,7381,36,,,1,70,,7383,36,,,1,32,,7384,36,,,1,72,,7388,36,,,1,32,,7386,36,,,1,70,,7390,36,,,1,31,,7387,36,,,1,72,,7385,36,,,1,31,,7389,36,,,1,70,,7392,36,,,1,30,,7391,36,,,1,71,,7393,36,,,1,30,,7395,36,,,1,69,,7397,36,,,1,31,,7400,36,,,1,72,,7402,36,,,1,28,,7394,36,,,1,66,,7396,36,,,1,28,,7398,36,,,1,65,,7401,36,,,1,25,,7403,36,,,1,67,,7405,36,,,1,29,,7404,36,,,1,71,,7399,36,,,1,27,,7406,36,,,1
1200000201,'71',627,,5201,24,,,1,75,,5205,36,,,1,16,,5204,36,,,1,20,,5208,36,,,1,10,,5214,36,,,1,54,,5203,36,,,1,14,,5213,36,,,1,19,,5207,36,,,1,17,,5218,36,,,1,55,,5202,36,,,1,14,,5221,36,,,1,14,,5206,36,,,1,12,,5223,36,,,1,12,,5216,36,,,1,52,,5224,36,,,1,15,,5209,36,,,1,12,,5225,36,,,1,17,,5217,36,,,1,58,,5219,36,,,1,14,,5226,36,,,1,15,,5222,36,,,1,15,,5228,36,,,1,55,,5229,36,,,1,15,,5230,36,,,1,18,,5232,36,,,1,55,,5233,36,,,1,15,,5235,36,,,1,14,,5236,36,,,1,15,,5237,36,,,1,56,,5227,36,,,1,15,,5239,36,,,1,15,,5240,36,,,1,16,,5241,36,,,1,54,,5231,36,,,1,16,,5238,36,,,1,18,,5234,36,,,1,67,,5242,36,,,1,20,,5243,36,,,1,18,,5244,36,,,1,15,,5245,36,,,1,46,,5253,24,,,1,14,,5246,36,,,1,9,,5247,36,,,1,11,,5249,36,,,1,11,,5251,36,,,1,55,,5254,36,,,1,13,,5255,36,,,1,9,,5256,36,,,1,13,,5259,36,,,1,17,,5260,36,,,1,49,,5257,36,,,1,12,,5258,36,,,1,13,,5250,36,,,1,12,,5248,36,,,1,14,,5261,36,,,1,54,,5252,36,,,1,20,,5262,36,,,1,29,,5263,36,,,1,72,,5265,36,,,1,75,,5267,36,,,1,28,,5269,36,,,1,71,,5264,36,,,1,27,,5266,36,,,1,31,,5268,36,,,1,86,,5270,36,,,1
1200000201,'72',721,,5272,36,,,1,31,,5271,36,,,1,70,,5273,36,,,1,32,,5279,36,,,1,71,,5284,36,,,1,32,,5277,36,,,1,71,,5276,36,,,1,29,,5282,36,,,1,70,,5283,36,,,1,31,,5285,36,,,1,70,,5274,36,,,1,31,,5280,36,,,1,70,,5278,36,,,1,30,,5286,36,,,1,72,,5287,36,,,1,69,,5289,36,,,1,33,,5288,36,,,1,69,,5291,36,,,1,29,,5292,36,,,1,73,,5293,36,,,1,31,,5294,36,,,1,67,,5295,36,,,1,28,,5290,36,,,1,29,,5297,36,,,1,65,,5296,36,,,1,79,,5300,36,,,1,29,,5302,36,,,1,71,,5298,36,,,1,27,,5304,36,,,1,28,,5305,36,,,1,69,,5301,36,,,1,30,,5303,36,,,1,69,,5299,36,,,1,29,,5306,36,,,1,90,,5307,36,,,1
1200000201,'73',822,,5308,36,,,1,32,,5311,36,,,1,71,,5315,36,,,1,32,,5318,36,,,1,71,,5310,36,,,1,29,,5314,36,,,1,70,,5317,36,,,1,31,,5320,36,,,1,70,,5321,36,,,1,31,,5312,36,,,1,70,,5322,36,,,1,30,,5324,36,,,1,72,,5323,36,,,1,69,,5326,36,,,1,33,,5325,36,,,1,69,,5328,36,,,1,29,,5329,36,,,1,73,,5330,36,,,1,31,,5331,36,,,1,67,,5333,36,,,1,28,,5327,36,,,1,29,,5336,36,,,1,65,,5334,36,,,1,79,,5338,36,,,1,29,,5332,36,,,1,71,,5337,36,,,1,27,,5335,36,,,1
1200000201,'81',711,,5339,24,,,1,15,,5340,24,,,1,820,,5341,36,,,1
1200000201,'89',1629,,5345,36,,,1,15,,5346,36,,,1
1200000401,'1',1724,,7635,36,,,1,21,,7633,36,,,1
1200000401,'71',1717,,5572,36,,,1,25,,5571,36,,,1,62,,5575,36,,,1
