13101,'65',1525,,3182,22,,,2
13800,'62',829,,3187,8,,,2
34500,'62',827,,3273,35,,,2
35500,'62',832,,3279,48,,,2
1200000100,'51',643,,3407,63,0,34 35 6 31,1,70,,3408,63,0,34 35 6 31,1,21,,3409,63,0,34 35 6 31,1,69,,3412,63,0,16 1 17,1,30,,3410,63,0,34 35 6 31,1
1200000201,'51',621,,3604,18,0,29,1,35,,3608,30,0,29,1,48,,3620,18,0,29,1,7,,3607,30,0,29,1,8,,3615,18,0,29,1,12,,3611,30,0,29,1,10,,3619,30,0,29,1,14,,3606,30,0,29,1,55,,3618,30,0,29,1,19,,3610,30,0,29,1,17,,3625,30,0,29,1,55,,3605,30,0,29,1,14,,3628,30,0,29,1,14,,3609,30,0,29,1,12,,3621,30,0,29,1,12,,3623,30,0,29,1,52,,3616,30,0,29,1,15,,3612,30,0,29,1,12,,3629,30,0,29,1,17,,3624,30,0,29,1,58,,3626,30,0,29,1,14,,3630,30,0,29,1,15,,3632,30,0,29,1,15,,3633,30,0,29,1,55,,3635,30,0,29,1,15,,3636,30,0,29,1,17,,3638,30,0,29,1,15,,3639,30,0,29,1,55,,3640,30,0,29,1,15,,3641,30,0,29,1,15,,3642,30,0,29,1,16,,3631,30,0,29,1,55,,3634,30,0,29,1,15,,3644,30,0,29,1,15,,3645,30,0,29,1,14,,3637,30,0,29,1,56,,3643,30,0,29,1,18,,3647,30,0,29,1,12,,3650,30,0,29,1,15,,3648,30,0,29,1,60,,3649,30,0,29,1,18,,3651,30,0,29,1,15,,3652,30,0,29,1,6,,3659,18,0,29,1,54,,3654,30,0,29,1,9,,3655,30,0,29,1,12,,3646,30,0,29,1,11,,3656,30,0,29,1,15,,3660,30,0,29,1,53,,3662,30,0,29,1,9,,3661,30,0,29,1,13,,3666,30,0,29,1,12,,3663,30,0,29,1,8,,3653,30,0,29,1,6,,3665,30,0,29,1,52,,3658,30,0,29,1,13,,3668,30,0,29,1,12,,3664,30,0,29,1,14,,3670,30,0,29,1,54,,3657,30,0,29,1,20,,3671,30,0,29,1,30,,3672,30,0,29,1,72,,3669,30,0,29,1,35,,3674,30,0,29,1,68,,3676,30,0,29,1,31,,3673,30,0,29,1,67,,3667,30,0,29,1,31,,3675,30,0,29,1,86,,3677,30,0,29,1
1200000201,'52',716,,3679,30,0,29,1,31,,3678,30,0,29,1,70,,3680,30,0,29,1,32,,3686,30,0,29,1,70,,3691,30,0,29,1,32,,3684,30,0,29,1,72,,3683,30,0,29,1,29,,3689,30,0,29,1,70,,3690,30,0,29,1,31,,3692,30,0,29,1,69,,3681,30,0,29,1,31,,3687,30,0,29,1,70,,3685,30,0,29,1,30,,3693,30,0,29,1,72,,3694,30,0,29,1,29,,3696,30,0,29,1,73,,3695,30,0,29,1,29,,3698,30,0,29,1,69,,3699,30,0,29,1,33,,3700,30,0,29,1,71,,3701,30,0,29,1,27,,3702,30,0,29,1,68,,3697,30,0,29,1,30,,3704,30,0,29,1,65,,3703,30,0,29,1,39,,3707,30,0,29,1,69,,3709,30,0,29,1,31,,3705,30,0,29,1,67,,3711,30,0,29,1,28,,3712,30,0,29,1,70,,3708,30,0,29,1,30,,3710,30,0,29,1,69,,3706,30,0,29,1,29,,3713,30,0,29,1,90,,3714,30,0,29,1
1200000201,'53',817,,3715,30,0,29,1,32,,3718,30,0,29,1,70,,3722,30,0,29,1,32,,3725,30,0,29,1,72,,3717,30,0,29,1,29,,3721,30,0,29,1,70,,3724,30,0,29,1,31,,3727,30,0,29,1,69,,3728,30,0,29,1,31,,3719,30,0,29,1,70,,3729,30,0,29,1,30,,3731,30,0,29,1,72,,3730,30,0,29,1,29,,3733,30,0,29,1,73,,3732,30,0,29,1,29,,3735,30,0,29,1,69,,3736,30,0,29,1,33,,3737,30,0,29,1,71,,3738,30,0,29,1,27,,3740,30,0,29,1,68,,3734,30,0,29,1,30,,3743,30,0,29,1,65,,3741,30,0,29,1,39,,3745,30,0,29,1,69,,3739,30,0,29,1,31,,3744,30,0,29,1,67,,3742,30,0,29,1
1200000201,'54',655,,3751,18,0,29,1,60,,3748,30,0,29,1,15,,3746,30,0,12 13,1,15,,3757,30,0,29,1,55,,3749,30,0,12 13,1,15,,3761,30,0,29,1,15,,3755,30,0,12 13,1,16,,3766,30,0,29,1,56,,3752,30,0,12 13,1,15,,3747,30,0,29,1,15,,3764,30,0,12 13,1,15,,3750,30,0,29,1,56,,3758,30,0,12 13,1,15,,3756,30,0,29,1,16,,3762,30,0,12 13,1,15,,3753,30,0,29,1,54,,3767,30,0,12 13,1,15,,3765,30,0,29,1,15,,3759,30,0,12 13,1,15,,3772,30,0,29,1,55,,3770,30,0,12 13,1,15,,3763,30,0,29,1,15,,3773,30,0,12 13,1,15,,3777,30,0,29,1,56,,3775,30,0,12 13,1,14,,3760,30,0,29,1,16,,3768,30,0,12 13,1,16,,3771,30,0,29,1,55,,3779,30,0,12 13,1,15,,3774,30,0,29,1,15,,3781,30,0,12 13,1,16,,3776,30,0,29,1,55,,3783,30,0,12 13,1,15,,3769,30,0,29,1,15,,3785,30,0,12 13,1,14,,3780,30,0,29,1,55,,3788,30,0,12 13,1,15,,3782,30,0,29,1,16,,3778,30,0,12 13,1,16,,3784,30,0,29,1,56,,3792,30,0,12 13,1,15,,3786,30,0,29,1,15,,3790,30,0,12 13,1,15,,3789,30,0,29,1,53,,3795,30,0,12 13,1,15,,3797,30,0,29,1,15,,3794,30,0,12 13,1,14,,3799,30,0,29,1,54,,3793,30,0,12 13,1,25,,3791,30,0,29,1,29,,3801,30,0,29,1,69,,3787,30,0,29,1,31,,3800,30,0,29,1,67,,3802,30,0,29,1,28,,3803,30,0,29,1,70,,3798,30,0,29,1,30,,3806,30,0,29,1,69,,3796,30,0,29,1,29,,3804,30,0,29,1,90,,3805,30,0,29,1
1200000201,'69',1622,,3810,30,0,29,1,15,,3811,30,0,29,1
1200000401,'51',1710,,4099,30,0,31,1,26,,4098,30,0,31,1,22,,4102,30,0,31,1
