3501,'1',546,,6049,14,,,2,94,,6050,16,,,2,82,,6051,16,,,2,98,,6052,16,,,2,84,,6053,16,,,2,39,,6054,16,,,2,85,,6055,16,,,2,85,,6056,16,,,2,46,,6057,16,,,2,85,,6058,16,,,2,85,,6059,16,,,2,85,,6060,16,,,2,45,,6061,16,,,2,98,,6062,16,,,2,84,,6064,16,,,2,82,,6065,16,,,2,82,,6066,16,,,2,44,,6067,16,,,2,74,,6063,16,,,2,79,,6068,16,,,2,26,,6069,16,,,2,31,,6070,16,,,2,67,,6071,16,,,2,78,,6072,16,,,2,30,,6073,16,,,2,68,,6074,16,,,2,25,,6075,16,,,2
3501,'2',707,,6076,16,,,2,30,,6077,16,,,2,70,,6078,16,,,2,30,,6079,16,,,2,69,,6080,16,,,2,33,,6081,16,,,2,86,,6082,16,,,2,85,,6083,16,,,2,47,,6084,16,,,2,87,,6085,16,,,2,89,,6086,16,,,2,85,,6088,16,,,2,86,,6089,16,,,2,45,,6090,16,,,2,85,,6091,16,,,2,84,,6092,16,,,2,83,,6087,16,,,2,42,,6093,16,,,2,78,,6094,16,,,2,85,,6095,16,,,2,30,,6096,16,,,2,68,,6097,16,,,2,28,,6098,16,,,2,70,,6099,16,,,2,30,,6100,16,,,2,68,,6101,16,,,2,25,,6102,16,,,2
3501,'3',837,,6103,16,,,2,69,,6104,16,,,2,33,,6105,16,,,2,86,,6106,16,,,2,85,,6107,16,,,2,47,,6108,16,,,2,87,,6109,16,,,2,89,,6110,16,,,2,85,,6111,16,,,2,86,,6112,16,,,2,45,,6114,16,,,2,85,,6115,16,,,2,84,,6116,16,,,2,83,,6117,16,,,2,42,,6118,16,,,2,78,,6119,16,,,2,85,,6113,16,,,2
3501,'71',549,,4652,14,,,2,96,,4653,16,,,2,70,,4654,16,,,2,110,,4658,16,,,2,80,,4655,16,,,2,40,,4656,16,,,2,97,,4659,16,,,2,102,,4660,16,,,2,98,,4657,16,,,2,101,,4662,16,,,2,102,,4661,16,,,2,113,,4663,16,,,2,73,,4664,16,,,2,76,,4665,16,,,2,34,,4666,16,,,2,104,,4667,16,,,2,90,,4670,16,,,2,92,,4671,16,,,2,98,,4672,16,,,2,108,,4668,16,,,2,93,,4669,16,,,2
3501,'72',700,,4673,16,,,2,100,,4674,16,,,2,101,,4675,16,,,2,100,,4676,16,,,2,100,,4677,16,,,2,101,,4678,16,,,2,106,,4679,16,,,2,102,,4680,16,,,2,101,,4681,16,,,2,100,,4682,16,,,2,92,,4683,16,,,2,97,,4684,16,,,2,56,,4685,16,,,2,150,,4686,16,,,2,98,,4687,16,,,2,98,,4688,16,,,2,98,,4689,16,,,2
3501,'73',901,,4690,16,,,2,100,,4691,16,,,2,100,,4692,16,,,2,101,,4693,16,,,2,106,,4694,16,,,2,102,,4695,16,,,2,101,,4696,16,,,2,100,,4697,16,,,2,92,,4698,16,,,2,97,,4699,16,,,2,56,,4700,16,,,2,103,,4701,16,,,2
35100,'15',712,,6307,13,,,2
35100,'84',713,,4953,13,,,2
35101,'85',1539,,4954,37,,,2
35500,'12',802,,6308,13,,,2
35500,'82',806,,4955,13,,,2
35501,'83',1652,,4956,47,,,2
5003601,'1',1648,,6393,16,,,2,64,,6392,16,,,2
