2201,'71',627,,4480,4,,,2,28,,4494,4,0,23,2,70,,4481,4,0,23,2,25,,4496,4,,,2,68,,4498,4,,,2,26,,4495,4,,,2,66,,4497,4,,,2,42,,4482,4,,,2,77,,4484,4,,,2,72,,4483,4,,,2,30,,4485,4,,,2,70,,4489,4,,,2,31,,4486,4,,,2,70,,4490,4,,,2,30,,4487,4,,,2,70,,4499,4,,,2,30,,4488,4,,,2,75,,4491,4,,,2,25,,4493,4,,,2,15,,4500,4,,,2,91,,4501,8,,,2,71,,4502,4,,,2,35,,4492,4,,,2,72,,4503,4,,,2,25,,4505,4,,,2,64,,4504,4,,,2
2201,'88',1638,,4506,8,,,2
2301,'71',622,,4569,4,,,2,30,,4577,4,,,2,150,,4578,4,,,2,38,,4555,4,,,2,72,,4559,4,,,2,29,,4556,4,,,2,75,,4560,4,,,2,31,,4557,4,,,2,70,,4561,4,,,2,30,,4558,4,,,2,70,,4562,4,,,2,31,,4564,4,,,2,70,,4563,4,,,2,30,,4565,4,,,2,70,,4566,4,,,2,34,,4576,4,,,2,82,,4567,4,,,2,105,,4568,8,,,2,105,,4570,4,,,2,72,,4575,4,,,2,35,,4571,4,,,2,100,,4572,4,,,2,92,,4573,4,,,2,114,,4574,4,,,2
2301,'72',713,,4579,4,,,2,100,,4580,4,,,2,101,,4581,4,,,2,102,,4582,4,,,2,100,,4583,4,,,2,100,,4584,4,,,2,102,,4585,4,,,2,101,,4586,4,,,2,101,,4587,4,,,2,100,,4588,4,,,2,102,,4589,4,,,2,96,,4590,4,,,2
2301,'73',813,,4591,4,,,2,101,,4592,4,,,2,102,,4593,4,,,2,100,,4594,4,,,2,100,,4595,4,,,2,102,,4596,4,,,2,101,,4597,4,,,2,101,,4598,4,,,2,100,,4599,4,,,2,102,,4600,4,,,2,96,,4601,4,,,2
2301,'88',1639,,4602,8,,,2
22101,'85',1524,,4924,17,,,2
22201,'85',1524,,4926,16,,,2
22500,'82',758,20,4927,1,,,2
23101,'85',1523,,4932,17,,,2
23201,'85',1523,,4934,17,,,2
23500,'82',742,18,4935,1,,,2
32501,'83',1640,,4948,50,,,2
5002301,'71',1606,,5032,14,,,2,46,,5031,14,,,2,65,,5030,14,,,2
5002401,'71',1607,,5037,14,,,2,46,,5035,14,,,2,65,,5036,14,,,2
5004301,'81',1647,,5057,9,,,2,95,,5059,9,,,2,89,,5058,9,,,2
1200000101,'71',1559,,5070,55,,,1,72,,5071,55,,,1,71,,5069,55,,,1,31,,5072,55,,,1
1200000301,'71',609,,5456,4,,,1,28,,5460,4,,,1,76,,5454,17,,,1,20,,5458,17,,,1,77,,5466,17,,,1,27,,5463,17,,,1,66,,5469,17,,,1,26,,5455,17,,,1,29,,5465,17,,,1,67,,5467,17,,,1,76,,5470,17,,,1,20,,5471,17,,,1,20,,5473,17,,,1,60,,5475,17,,,1,23,,5476,17,,,1,20,,5478,17,,,1,62,,5480,17,,,1,19,,5472,17,,,1,20,,5474,17,,,1,60,,5481,17,,,1,18,,5477,17,,,1,20,,5479,17,,,1,59,,5483,17,,,1,25,,5484,17,,,1,12,,5485,14,,,1,16,,5486,14,,,1,62,,5482,14,,,1,18,,5494,14,,,1,19,,5490,14,,,1,51,,5493,14,,,1,14,,5488,14,,,1,14,,5487,14,,,1,16,,5497,14,,,1,56,,5496,14,,,1,10,,5495,14,,,1,17,,5492,14,,,1,11,,5489,14,,,1,16,,5491,14,,,1,63,,5498,17,,,1,27,,5499,17,,,1,71,,5501,17,,,1,30,,5500,17,,,1,70,,5502,17,,,1,33,,5505,17,,,1,71,,5503,4,,,1,30,,5506,4,,,1,68,,5504,4,,,1,30,,5507,4,,,1,79,,5508,4,,,1
1200000301,'72',749,,5511,17,,,1,70,,5510,17,,,1,31,,5514,17,,,1,70,,5515,17,,,1,31,,5516,17,,,1,71,,5509,17,,,1,31,,5513,17,,,1,70,,5512,17,,,1,30,,5517,17,,,1,70,,5518,17,,,1,31,,5520,17,,,1,70,,5519,17,,,1,31,,5522,17,,,1,70,,5523,17,,,1,31,,5524,17,,,1,70,,5525,17,,,1,29,,5526,17,,,1,71,,5521,17,,,1,32,,5528,17,,,1,69,,5527,17,,,1,28,,5530,17,,,1,69,,5529,17,,,1,29,,5531,17,,,1,64,,5535,17,,,1,38,,5532,4,,,1,100,,5533,4,,,1,96,,5534,4,,,1,99,,5536,4,,,1,78,,5537,4,,,1,102,,5538,4,,,1
1200000301,'73',819,,5539,17,,,1,31,,5541,17,,,1,70,,5542,17,,,1,31,,5543,17,,,1,71,,5544,17,,,1,31,,5540,17,,,1,70,,5545,17,,,1,30,,5547,17,,,1,70,,5546,17,,,1,31,,5549,17,,,1,70,,5548,17,,,1,31,,5551,17,,,1,70,,5552,17,,,1,31,,5553,17,,,1,70,,5554,17,,,1,29,,5555,17,,,1,71,,5550,17,,,1,32,,5557,17,,,1,69,,5556,17,,,1,28,,5559,17,,,1,69,,5558,17,,,1,29,,5560,17,,,1,64,,5563,17,,,1,38,,5561,4,,,1,161,,5562,4,,,1
