24201,'85',1527,,4940,15,,,2
24601,'83',1650,,4944,9,,,2
905231701,'27',2306,,6491,61,4,,2,29,,6494,61,4,,2,70,,6489,61,4,,2,30,,6492,61,4,,2,70,,6490,61,4,,2,30,,6493,61,4,,2,70,,6495,61,4,,2
905231701,'28',2306,,6498,61,4,,2,29,,6501,61,4,,2,70,,6496,61,4,,2,30,,6499,61,4,,2,70,,6497,61,4,,2,30,,6500,61,4,,2,70,,6502,61,4,,2
905231701,'29',2306,,6505,61,4,,2,29,,6508,61,4,,2,70,,6503,61,4,,2,30,,6506,61,4,,2,70,,6504,61,4,,2,30,,6507,61,4,,2,70,,6509,61,4,,2
1200000101,'1',1612,,7148,65,,,1,32,,7149,65,,,1,71,,7150,65,,,1,30,,7151,65,,,1
1200000101,'71',1608,,5070,65,,,1,32,,5071,65,,,1,71,,5069,65,,,1,30,,5072,65,,,1
1200000301,'1',615,,7508,14,,,1,28,,7513,14,,,1,77,,7506,27,,,1,20,,7510,27,,,1,75,,7516,27,,,1,29,,7511,27,,,1,65,,7519,27,,,1,25,,7507,27,,,1,69,,7517,27,,,1,27,,7515,27,,,1,73,,7520,27,,,1,33,,7521,27,,,1,70,,7523,27,,,1,33,,7525,27,,,1,72,,7527,27,,,1,29,,7522,27,,,1,70,,7524,27,,,1,28,,7526,27,,,1,70,,7528,27,,,1,36,,7529,27,,,1,60,,7532,24,,,1,23,,7530,24,,,1,18,,7535,24,,,1,59,,7534,24,,,1,11,,7539,24,,,1,13,,7537,24,,,1,14,,7538,24,,,1,16,,7541,24,,,1,54,,7533,24,,,1,12,,7536,24,,,1,15,,7531,24,,,1,69,,7540,24,,,1,24,,7544,27,,,1,24,,7542,27,,,1,71,,7543,27,,,1,30,,7545,27,,,1,69,,7546,27,,,1,33,,7549,27,,,1,71,,7547,14,,,1,70,,7550,14,,,1,28,,7548,14,,,1,30,,7551,14,,,1,79,,7552,14,,,1
1200000301,'2',755,,7553,27,,,1,70,,7556,27,,,1,31,,7559,27,,,1,72,,7562,27,,,1,31,,7554,27,,,1,72,,7557,27,,,1,71,,7560,27,,,1,31,,7563,27,,,1,71,,7555,27,,,1,31,,7558,27,,,1,71,,7561,27,,,1,31,,7564,27,,,1,71,,7565,27,,,1,30,,7568,27,,,1,70,,7574,27,,,1,30,,7571,27,,,1,70,,7566,27,,,1,31,,7569,27,,,1,71,,7575,27,,,1,27,,7572,27,,,1,68,,7567,27,,,1,28,,7570,27,,,1,67,,7576,27,,,1,27,,7573,27,,,1,75,,7577,14,,,1,100,,7578,14,,,1,56,,7579,14,,,1,98,,7580,14,,,1,78,,7581,14,,,1,102,,7582,14,,,1
1200000301,'27',2229,,7584,17,,,1,30,,7587,17,,,1,70,,7589,17,,,1,83,,7585,17,,,1,28,,7588,17,,,1,70,,7583,17,,,1,30,,7586,17,,,1
1200000301,'28',2229,,7591,17,,,1,30,,7594,17,,,1,70,,7596,17,,,1,83,,7592,17,,,1,28,,7595,17,,,1,70,,7590,17,,,1,30,,7593,17,,,1
1200000301,'29',2229,,7598,17,,,1,30,,7601,17,,,1,70,,7603,17,,,1,83,,7599,17,,,1,28,,7602,17,,,1,70,,7597,17,,,1,30,,7600,17,,,1
1200000301,'3',825,,7604,27,,,1,31,,7606,27,,,1,72,,7612,27,,,1,31,,7609,27,,,1,72,,7605,27,,,1,71,,7607,27,,,1,31,,7613,27,,,1,71,,7610,27,,,1,31,,7614,27,,,1,71,,7608,27,,,1,31,,7616,27,,,1,71,,7611,27,,,1,30,,7615,27,,,1,70,,7618,27,,,1,30,,7617,27,,,1,70,,7621,27,,,1,31,,7623,27,,,1,71,,7619,27,,,1,27,,7627,27,,,1,68,,7622,27,,,1,28,,7624,27,,,1,67,,7620,27,,,1,27,,7628,27,,,1,75,,7625,14,,,1,121,,7626,14,,,1
1200000301,'71',615,,5456,14,,,1,28,,5460,14,,,1,78,,5454,27,,,1,20,,5458,27,,,1,77,,5466,27,,,1,27,,5463,27,,,1,66,,5469,27,,,1,26,,5455,27,,,1,69,,5465,27,,,1,27,,5467,27,,,1,76,,5470,27,,,1,20,,5471,27,,,1,20,,5473,27,,,1,60,,5475,27,,,1,23,,5476,27,,,1,20,,5478,27,,,1,62,,5480,27,,,1,19,,5472,27,,,1,20,,5474,27,,,1,60,,5481,27,,,1,18,,5477,27,,,1,20,,5479,27,,,1,59,,5483,27,,,1,25,,5484,27,,,1,13,,5485,24,,,1,56,,5486,24,,,1,23,,5482,24,,,1,18,,5494,24,,,1,59,,5490,24,,,1,11,,5493,24,,,1,13,,5488,24,,,1,14,,5487,24,,,1,16,,5497,24,,,1,56,,5496,24,,,1,10,,5495,24,,,1,17,,5492,24,,,1,11,,5489,24,,,1,56,,5491,24,,,1,22,,5498,27,,,1,27,,5499,27,,,1,71,,5501,27,,,1,30,,5500,27,,,1,69,,5502,27,,,1,73,,5505,27,,,1,30,,5503,14,,,1,70,,5506,14,,,1,28,,5504,14,,,1,30,,5507,14,,,1,79,,5508,14,,,1
1200000301,'72',756,,5511,27,,,1,70,,5510,27,,,1,31,,5514,27,,,1,70,,5515,27,,,1,31,,5516,27,,,1,71,,5509,27,,,1,72,,5513,27,,,1,30,,5512,27,,,1,70,,5517,27,,,1,30,,5518,27,,,1,71,,5520,27,,,1,30,,5519,27,,,1,71,,5522,27,,,1,30,,5523,27,,,1,71,,5524,27,,,1,30,,5525,27,,,1,69,,5526,27,,,1,31,,5521,27,,,1,72,,5528,27,,,1,29,,5527,27,,,1,68,,5530,27,,,1,28,,5529,27,,,1,69,,5531,27,,,1,24,,5535,27,,,1,78,,5532,14,,,1,100,,5533,14,,,1,56,,5534,14,,,1,99,,5536,14,,,1,78,,5537,14,,,1,102,,5538,14,,,1
1200000301,'73',826,,5539,27,,,1,31,,5541,27,,,1,70,,5542,27,,,1,31,,5543,27,,,1,71,,5544,27,,,1,72,,5540,27,,,1,30,,5545,27,,,1,70,,5547,27,,,1,30,,5546,27,,,1,71,,5549,27,,,1,30,,5548,27,,,1,71,,5551,27,,,1,30,,5552,27,,,1,71,,5553,27,,,1,30,,5554,27,,,1,69,,5555,27,,,1,31,,5550,27,,,1,72,,5557,27,,,1,29,,5556,27,,,1,68,,5559,27,,,1,28,,5558,27,,,1,69,,5560,27,,,1,24,,5563,27,,,1,78,,5561,14,,,1,121,,5562,14,,,1
