3401,'1',634,,6039,16,,,2,67,,6040,16,,,2,50,,6041,16,,,2,795,,6042,16,,,2,88,,6043,16,,,2,99,,6044,16,,,2,26,,6045,16,,,2,86,,6046,16,,,2,68,,6047,16,,,2
3401,'14',1648,,6048,20,,,2
3401,'71',634,,4642,16,,,2,67,,4644,16,,,2,50,,4643,16,,,2,803,,4646,16,,,2,91,,4645,20,,,2,72,,4649,16,,,2,39,,4650,16,,,2,87,,4651,16,,,2,66,,4648,16,,,2
34500,'12',811,,6305,15,,,2
34500,'82',811,,4949,15,,,2
5003401,'1',1656,,6389,28,,,2
5003401,'71',1656,,5040,28,,,2
2000003401,'2',748,,7771,16,,,2,85,,7772,16,,,2,85,,7773,16,,,2,85,,7774,16,,,2,49,,7775,16,,,2,85,,7776,16,,,2,88,,7777,16,,,2,81,,7778,16,,,2,134,,7779,16,,,2,86,,7780,16,,,2,84,,7781,16,,,2,48,,7782,16,,,2,84,,7783,16,,,2,81,,7784,16,,,2,82,,7785,16,,,2
2000003401,'3',833,,7786,16,,,2,85,,7787,16,,,2,85,,7788,16,,,2,49,,7789,16,,,2,85,,7790,16,,,2,88,,7791,16,,,2,81,,7792,16,,,2,134,,7793,16,,,2,86,,7794,16,,,2,84,,7795,16,,,2,48,,7796,16,,,2,84,,7797,16,,,2,81,,7798,16,,,2,82,,7799,16,,,2
2000003401,'72',748,,5711,16,,,2,85,,5712,16,,,2,84,,5713,16,,,2,85,,5714,16,,,2,47,,5715,16,,,2,85,,5716,16,,,2,85,,5717,16,,,2,85,,5718,16,,,2,130,,5719,16,,,2,92,,5720,16,,,2,79,,5721,16,,,2,53,,5722,16,,,2,77,,5723,16,,,2,88,,5724,16,,,2,77,,5725,16,,,2
2000003401,'73',833,,5726,16,,,2,84,,5727,16,,,2,85,,5728,16,,,2,47,,5729,16,,,2,85,,5730,16,,,2,85,,5731,16,,,2,85,,5732,16,,,2,130,,5733,16,,,2,92,,5734,16,,,2,79,,5735,16,,,2,53,,5736,16,,,2,77,,5737,16,,,2,88,,5738,16,,,2,77,,5739,16,,,2
