1500,'1',549,,5823,7,,,2,68,,5825,7,,,2,29,,5827,7,,,2,70,,5826,10,,,2,30,,5829,10,,,2,81,,5828,10,0,10 11,2,110,,5824,7,0,12 13,2,100,,5830,7,0,12 13,2,100,,5831,7,0,12 13,2,103,,5832,6,0,12 13,2
1500,'71',549,,4416,7,,,2,68,,4417,7,,,2,29,,4421,7,,,2,72,,4420,6,,,2,28,,4418,6,,,2,81,,4422,7,0,10 11,2,112,,4419,6,0,12 13,2,115,,4423,6,0,12 13,2,156,,4424,6,0,12 13,2,30,,4425,6,0,12 13,2,117,,4427,6,0,12 13,2,156,,4428,6,,,2,96,,4426,6,,,2,37,,4431,7,,,2,68,,4430,6,,,2,100,,4432,6,0,12 13,2,111,,4433,6,0,12 13,2,104,,4434,6,0,12 13,2
13100,'15',704,,6233,7,,,2
13100,'84',704,,4864,7,,,2
15600,'12',815,,6240,7,,,2
15600,'82',815,,4875,7,,,2
15800,'16',825,,6241,1,,,2
15800,'87',825,16,4877,1,,,2
2000001500,'2',733,,7667,7,,,2,100,,7668,6,,,2,100,,7669,6,,,2,94,,7670,6,,,2,109,,7671,6,,,2,101,,7672,6,,,2,201,,7673,7,,,2,101,,7674,6,,,2,95,,7675,6,,,2,106,,7676,6,,,2,93,,7677,6,,,2
2000001500,'3',833,,7678,7,,,2,100,,7679,6,,,2,94,,7680,6,,,2,109,,7681,6,,,2,101,,7682,6,,,2,201,,7683,7,,,2,101,,7684,6,,,2,95,,7685,6,,,2,106,,7686,6,,,2,93,,7687,6,,,2
2000001500,'72',726,,5607,7,,,2,101,,5608,6,,,2,103,,5609,6,,,2,100,,5610,6,,,2,102,,5611,6,,,2,100,,5612,6,,,2,190,,5613,7,,,2,99,,5614,6,,,2,95,,5615,6,,,2,108,,5616,6,,,2,98,,5617,6,,,2
2000001500,'73',827,,5618,7,,,2,103,,5619,6,,,2,100,,5620,6,,,2,102,,5621,6,,,2,100,,5622,6,,,2,190,,5623,7,,,2,99,,5624,6,,,2,95,,5625,6,,,2,108,,5626,6,,,2,98,,5627,6,,,2
