3701,'1',551,,6122,25,0,9,2,81,,6123,32,0,9,2,105,,6124,32,,,2,103,,6125,32,0,9,2,104,,6126,32,0,9,2,97,,6127,32,0,9,2,102,,6128,32,0,9,2,115,,6129,32,0,9,2,142,,6130,32,0,9,2,102,,6131,32,0,9,2,114,,6132,32,0,9,2,142,,6133,32,0,9,2,72,,6134,32,0,9,2,100,,6135,32,0,9,2,96,,6136,32,0,9,2,96,,6137,32,0,9,2,100,,6138,32,0,9,2,100,,6139,32,0,9,2,26,,6140,32,0,9,2
3701,'2',706,,6141,32,0,9,2,100,,6142,32,0,9,2,102,,6143,32,0,9,2,102,,6144,32,0,9,2,102,,6145,32,0,9,2,116,,6146,32,0,9,2,103,,6147,32,0,9,2,100,,6148,32,0,9,2,101,,6149,32,0,9,2,100,,6150,32,0,9,2,101,,6151,32,0,9,2,95,,6152,32,0,9,2,97,,6153,32,0,9,2,96,,6154,32,0,9,2,100,,6155,32,0,9,2,101,,6156,32,0,9,2,98,,6157,32,0,9,2,26,,6158,32,0,9,2
3701,'3',806,,6159,32,0,9,2,102,,6160,32,0,9,2,102,,6161,32,0,9,2,102,,6162,32,0,9,2,116,,6163,32,0,9,2,103,,6164,32,0,9,2,100,,6165,32,0,9,2,101,,6166,32,0,9,2,100,,6167,32,0,9,2,101,,6168,32,0,9,2,95,,6169,32,0,9,2,97,,6170,32,0,9,2
3701,'71',550,,4746,25,0,9,2,187,,4749,32,,,2,103,,4748,32,0,9,2,102,,4747,32,0,9,2,98,,4750,32,0,9,2,102,,4751,32,0,9,2,113,,4752,32,0,9,2,102,,4753,32,0,9,2,102,,4754,32,0,9,2,155,,4755,32,0,9,2,113,,4756,32,0,9,2,100,,4757,32,0,9,2,100,,4758,32,0,9,2,97,,4759,32,0,9,2,97,,4760,32,0,9,2,101,,4761,32,0,9,2,102,,4762,32,0,9,2,26,,4763,32,0,9,2
3701,'72',710,,4764,32,0,9,2,100,,4765,32,0,9,2,102,,4766,32,0,9,2,100,,4767,32,0,9,2,100,,4768,32,0,9,2,112,,4769,32,0,9,2,100,,4770,32,0,9,2,100,,4771,32,0,9,2,102,,4772,32,0,9,2,100,,4773,32,0,9,2,98,,4774,32,0,9,2,100,,4775,32,0,9,2,100,,4776,32,0,9,2,97,,4779,32,0,9,2,100,,4780,32,0,9,2,101,,4781,32,0,9,2,98,,4777,32,0,9,2,26,,4778,32,0,9,2
3701,'73',810,,4782,32,0,9,2,102,,4783,32,0,9,2,100,,4784,32,0,9,2,100,,4785,32,0,9,2,112,,4786,32,0,9,2,100,,4787,32,0,9,2,100,,4788,32,0,9,2,102,,4789,32,0,9,2,100,,4790,32,0,9,2,98,,4791,32,0,9,2,100,,4792,32,0,9,2,109,,4793,32,0,9,2
37500,'12',819,,6309,16,,,2
37500,'82',819,,4957,16,,,2
5003700,'1',644,,6395,36,,,2,76,,6394,36,,,2
5003700,'71',628,,5046,43,,,2,18,,5047,36,,,2,74,,5048,36,,,2
5003701,'1',1750,,6396,65,,,2
5003701,'71',1646,,5050,65,,,2,106,,5049,65,,,2
5003701,'81',1905,,5051,65,,,2
