2300,'51',550,,2751,3,0,14,2,273,,2755,3,,,2,33,,2734,3,0,14,2,76,,2737,3,0,14,2,70,,2735,3,0,14,2,31,,2738,3,0,14,2,70,,2736,3,0,14,2,30,,2739,3,0,14,2,78,,2742,3,0,14,2,30,,2740,3,0,14,2,70,,2743,3,0,14,2,30,,2741,3,0,14,2,72,,2744,3,0,14,2,33,,2752,3,0,14,2,70,,2754,3,0,14,2,116,,2756,3,0,14,2,75,,2753,3,0,14,2,28,,2745,3,0,14,2,73,,2747,3,0,14,2,27,,2746,3,0,14,2,78,,2748,3,0,14,2,100,,2749,3,0,14,2,97,,2750,3,0,14,2
2300,'52',630,,2757,3,0,14,2,101,,2758,3,0,14,2,101,,2759,3,0,14,2,101,,2760,3,0,14,2,101,,2761,3,0,14,2,100,,2762,3,0,14,2,101,,2763,3,0,14,2,108,,2764,3,0,14,2,100,,2765,3,0,14,2,100,,2766,3,0,14,2,100,,2767,3,0,14,2,102,,2768,3,0,14,2
2300,'53',731,,2769,3,0,14,2,101,,2770,3,0,14,2,101,,2771,3,0,14,2,101,,2772,3,0,14,2,100,,2773,3,0,14,2,101,,2774,3,0,14,2,108,,2775,3,0,14,2,100,,2776,3,0,14,2,100,,2777,3,0,14,2,100,,2778,3,0,14,2,102,,2779,3,0,14,2
2300,'54',630,,2780,3,0,14,2,101,,2781,3,0,14,2,101,,2782,3,0,14,2,101,,2783,3,0,14,2,101,,2784,3,0,14,2,100,,2785,3,0,14,2,101,,2786,3,0,14,2,108,,2787,3,0,14,2,100,,2788,3,0,14,2,100,,2789,3,0,14,2,100,,2790,3,0,14,2,102,,2791,3,0,14,2
2301,'51',1208,,2796,51,,,2,305,,2814,51,,,2,42,,2812,51,,,2,663,,2809,51,,,2
2301,'52',1238,,2822,51,,,2,602,,2828,51,,,2
2301,'53',1238,,2833,51,,,2,602,,2839,51,,,2
2301,'54',1238,,2845,51,,,2,602,,2851,51,,,2
23100,'64',706,,3255,15,,,2
23101,'65',1545,,3256,62,,,2
23500,'62',754,,3259,26,,,2
23501,'63',1710,,3260,48,,,2
5002300,'51',614,,3368,3,,,2,25,,3370,3,,,2,69,,3371,3,,,2,31,,3369,3,,,2
5002301,'51',1741,,3372,61,,,2,109,,3374,61,,,2
