1100,'1',607,,5753,3,,,1,25,,5748,75,,,1,74,,5754,75,,,1,29,,5749,75,,,1,74,,5755,75,,,1,30,,5750,75,,,1,18,,5751,75,,,1,69,,5756,75,,,1,74,,5752,75,,,1,30,,5757,75,,,1,75,,5758,75,,,1,30,,5761,75,,,1,73,,5759,75,,,1,30,,5762,75,,,1,77,,5760,75,,,1,30,,5763,75,,,1,88,,5764,75,,,1,71,,5766,75,,,1,36,,5765,75,,,1,71,,5767,75,,,1,42,,5770,75,,,1,62,,5768,75,,,1,22,,5772,75,,,1,66,,5771,75,,,1,36,,5773,75,,,1,68,,5769,75,,,1,30,,5774,75,,,1,100,,5775,75,,,1,100,,5776,75,,,1,100,,5777,75,,,1,100,,5778,75,,,1
1100,'2',735,,5779,75,,,1,102,,5780,75,,,1,99,,5781,75,,,1,102,,5782,75,,,1,100,,5783,75,,,1,100,,5784,75,,,1,101,,5785,75,,,1,99,,5786,75,,,1,100,,5787,75,,,1,100,,5788,75,,,1,99,,5789,75,,,1,100,,5790,75,,,1,99,,5792,75,,,1,100,,5793,75,,,1,100,,5791,75,,,1,100,,5795,75,,,1,100,,5794,75,,,1
1100,'3',936,,5796,75,,,1,102,,5797,75,,,1,100,,5798,75,,,1,100,,5799,75,,,1,101,,5800,75,,,1,99,,5801,75,,,1,100,,5802,75,,,1,100,,5803,75,,,1,99,,5804,75,,,1,100,,5805,75,,,1
1100,'71',607,,4342,3,,,1,25,,4339,75,,,1,74,,4343,75,,,1,29,,4340,75,,,1,74,,4344,75,,,1,30,,4341,75,,,1,18,,4345,75,,,1,69,,4350,75,,,1,74,,4346,75,,,1,30,,4351,75,,,1,75,,4347,75,,,1,30,,4352,75,,,1,73,,4348,75,,,1,30,,4353,75,,,1,77,,4349,75,,,1,30,,4354,75,,,1,88,,4358,75,,,1,71,,4355,75,,,1,36,,4359,75,,,1,71,,4356,75,,,1,42,,4360,76,,,1,62,,4357,75,,,1,22,,4363,75,,,1,66,,4361,75,,,1,36,,4364,75,,,1,68,,4362,75,,,1,30,,4365,75,,,1,100,,4366,75,,,1,100,,4367,75,,,1,100,,4368,75,,,1,100,,4369,75,,,1
1100,'72',735,,4370,75,,,1,102,,4371,75,,,1,99,,4372,75,,,1,102,,4373,75,,,1,100,,4374,75,,,1,100,,4375,75,,,1,101,,4376,75,,,1,99,,4377,75,,,1,100,,4378,75,,,1,100,,4379,75,,,1,99,,4380,75,,,1,100,,4381,75,,,1,99,,4384,75,,,1,100,,4382,75,,,1,100,,4383,75,,,1,100,,4386,75,,,1,100,,4385,75,,,1
1100,'73',936,,4387,75,,,1,102,,4388,75,,,1,100,,4389,75,,,1,100,,4390,75,,,1,101,,4391,75,,,1,99,,4392,75,,,1,100,,4393,75,,,1,100,,4394,75,,,1,99,,4395,75,,,1,100,,4396,75,,,1
1501,'1',1214,,5834,8,0,41,2,103,,5835,8,0,41,2,95,,5836,8,0,41,2,36,,5839,8,0,41,2,92,,5837,25,,,2,81,,5840,25,,,2,21,,5842,25,,,2,77,,5838,25,0,41,2,28,,5841,25,,,2,78,,5844,8,0,41,2,33,,5845,8,0,41,2,142,,5846,8,0,41,2,112,,5843,8,0,41,2,41,,5847,8,0,41,2
1501,'71',652,,4438,25,0,41,2,64,,4436,25,0,41,2,33,,4439,25,0,41,2,164,,4437,8,0,41,2,115,,4440,8,0,41,2,116,,4441,8,0,41,2,70,,4442,8,0,41,2,117,,4444,8,0,41,2,115,,4445,8,0,41,2,94,,4443,25,0,41,2,86,,4446,25,0,41,2,16,,4448,25,0,41,2,71,,4450,25,0,41,2,35,,4449,25,0,41,2,77,,4447,8,0,41,2,76,,4451,8,0,41,2,105,,4452,8,0,41,2,105,,4453,8,0,41,2,42,,4454,8,0,41,2
1501,'88',1644,,4455,10,0,41,2
1601,'1',652,,5859,25,,,2,64,,5861,25,,,2,31,,5860,25,,,2,173,,5858,25,0,41,2,95,,5862,8,0,41,2,99,,5863,8,0,41,2
2000001501,'2',803,,7688,8,,,2,101,,7689,8,,,2,100,,7690,8,,,2,102,,7691,8,,,2,101,,7692,8,,,2,101,,7693,8,,,2,201,,7694,8,,,2,101,,7695,8,,,2,103,,7696,8,,,2,97,,7697,8,,,2,93,,7698,8,,,2
2000001501,'3',904,,7699,8,,,2,100,,7700,8,,,2,102,,7701,8,,,2,101,,7702,8,,,2,101,,7703,8,,,2,201,,7704,8,,,2,101,,7705,8,,,2,103,,7706,8,,,2,97,,7707,8,,,2,93,,7708,8,,,2
2000001501,'72',756,,5628,8,,,2,102,,5629,8,,,2,143,,5630,8,,,2,108,,5631,8,,,2,94,,5632,8,,,2,108,,5633,8,,,2,142,,5634,8,,,2,99,,5635,8,,,2,103,,5636,8,,,2,99,,5637,8,,,2,98,,5638,8,,,2
2000001501,'73',858,,5639,8,,,2,143,,5640,8,,,2,108,,5641,8,,,2,94,,5642,8,,,2,108,,5643,8,,,2,142,,5644,8,,,2,99,,5645,8,,,2,103,,5646,8,,,2,99,,5647,8,,,2,98,,5648,8,,,2
