3401,'1',628,,6039,3,,,2,27,,6040,3,,,2,90,,6041,3,,,2,795,,6042,3,,,2,88,,6043,3,,,2,99,,6044,3,,,2,26,,6045,3,,,2,86,,6046,3,,,2,68,,6047,3,,,2
3401,'14',1641,,6048,7,,,2
3401,'71',628,,4642,3,,,2,27,,4644,3,,,2,90,,4643,3,,,2,803,,4646,3,,,2,90,,4645,7,,,2,73,,4649,3,,,2,39,,4650,3,,,2,87,,4651,3,,,2,66,,4648,3,,,2
23200,'15',725,,6294,23,,,2
32500,'12',810,,6304,19,,,2
32500,'82',810,,4947,19,,,2
34500,'12',804,,6305,2,,,2
34500,'82',804,,4949,2,,,2
35100,'84',727,,4953,33,,,2
5003401,'1',1649,,6389,15,,,2
5003401,'71',1649,,5040,15,,,2
2000003401,'2',742,,7771,3,,,2,85,,7772,3,,,2,85,,7773,3,,,2,45,,7774,3,,,2,89,,7775,3,,,2,85,,7776,3,,,2,88,,7777,3,,,2,81,,7778,3,,,2,134,,7779,3,,,2,86,,7780,3,,,2,84,,7781,3,,,2,48,,7782,3,,,2,84,,7783,3,,,2,81,,7784,3,,,2,42,,7785,3,,,2
2000003401,'3',827,,7786,3,,,2,85,,7787,3,,,2,45,,7788,3,,,2,89,,7789,3,,,2,85,,7790,3,,,2,88,,7791,3,,,2,81,,7792,3,,,2,134,,7793,3,,,2,86,,7794,3,,,2,84,,7795,3,,,2,48,,7796,3,,,2,84,,7797,3,,,2,81,,7798,3,,,2,42,,7799,3,,,2
2000003401,'72',742,,5711,3,,,2,85,,5712,3,,,2,84,,5713,3,,,2,45,,5714,3,,,2,87,,5715,3,,,2,85,,5716,3,,,2,85,,5717,3,,,2,45,,5718,3,,,2,170,,5719,3,,,2,92,,5720,3,,,2,39,,5721,3,,,2,93,,5722,3,,,2,77,,5723,3,,,2,88,,5724,3,,,2,37,,5725,3,,,2
2000003401,'73',827,,5726,3,,,2,84,,5727,3,,,2,45,,5728,3,,,2,87,,5729,3,,,2,85,,5730,3,,,2,85,,5731,3,,,2,45,,5732,3,,,2,170,,5733,3,,,2,92,,5734,3,,,2,39,,5735,3,,,2,93,,5736,3,,,2,77,,5737,3,,,2,88,,5738,3,,,2,37,,5739,3,,,2
