2201,'1',625,,5883,2,,,2,28,,5892,2,0,23,2,70,,5884,2,,,2,25,,5898,2,,,2,68,,5899,2,,,2,26,,5893,2,,,2,108,,5894,2,,,2,150,,5885,2,,,2,101,,5886,2,,,2,101,,5887,2,,,2,100,,5890,2,,,2,102,,5900,2,,,2,40,,5891,2,,,2,96,,5888,2,,,2,70,,5895,2,,,2,31,,5889,2,,,2,70,,5896,2,,,2,28,,5901,2,,,2,64,,5897,2,,,2
2201,'14',1640,,5903,6,,,2
2201,'71',625,,4480,2,,,2,28,,4494,2,0,23,2,70,,4481,2,0,23,2,25,,4496,2,,,2,68,,4498,2,,,2,26,,4495,2,,,2,66,,4497,2,,,2,42,,4482,2,,,2,77,,4484,2,,,2,32,,4483,2,,,2,70,,4485,2,,,2,30,,4489,2,,,2,71,,4486,2,,,2,70,,4490,2,,,2,30,,4487,2,,,2,70,,4499,2,,,2,30,,4488,2,,,2,74,,4491,2,,,2,25,,4493,2,,,2,15,,4500,2,,,2,91,,4501,6,,,2,71,,4502,2,,,2,35,,4492,2,,,2,72,,4503,2,,,2,26,,4505,2,,,2,64,,4504,2,,,2
2201,'88',1635,,4506,6,,,2
2301,'1',619,,5973,2,,,2,30,,5974,2,,,2,110,,5976,2,,,2,81,,5953,2,,,2,72,,5977,2,,,2,23,,5954,2,,,2,81,,5955,2,,,2,30,,5957,2,,,2,70,,5956,2,,,2,30,,5958,2,,,2,71,,5959,2,,,2,30,,5961,2,,,2,70,,5960,2,,,2,30,,5962,2,,,2,71,,5963,2,,,2,31,,5966,2,,,2,91,,5964,2,,,2,65,,5967,2,,,2,35,,5965,2,,,2,104,,5968,2,,,2,67,,5975,2,,,2,37,,5969,2,,,2,102,,5970,2,,,2,90,,5971,2,,,2,114,,5972,2,,,2
2301,'14',1639,,5979,6,,,2
2301,'2',656,,5980,2,,,2,100,,5981,2,,,2,101,,5982,2,,,2,102,,5983,2,,,2,142,,5984,2,,,2,102,,5985,2,,,2,101,,5986,2,,,2,101,,5987,2,,,2,100,,5988,2,,,2,100,,5989,2,,,2,101,,5990,2,,,2,97,,5991,2,,,2
2301,'3',756,,5992,2,,,2,101,,5993,2,,,2,102,,5994,2,,,2,142,,5995,2,,,2,102,,5996,2,,,2,101,,5997,2,,,2,101,,5998,2,,,2,100,,5999,2,,,2,100,,6000,2,,,2,101,,6001,2,,,2,97,,6002,2,,,2
2301,'71',619,,4569,2,,,2,30,,4577,2,,,2,110,,4578,2,,,2,78,,4555,2,,,2,72,,4559,2,,,2,29,,4556,2,,,2,75,,4560,2,,,2,31,,4557,2,,,2,70,,4561,2,,,2,30,,4558,2,,,2,70,,4562,2,,,2,31,,4564,2,,,2,70,,4563,2,,,2,30,,4565,2,,,2,70,,4566,2,,,2,34,,4576,2,,,2,82,,4567,2,,,2,104,,4568,6,,,2,106,,4570,2,,,2,72,,4575,2,,,2,35,,4571,2,,,2,100,,4572,2,,,2,92,,4573,2,,,2,114,,4574,2,,,2
2301,'72',711,,4579,2,,,2,100,,4580,2,,,2,101,,4581,2,,,2,102,,4582,2,,,2,100,,4583,2,,,2,100,,4584,2,,,2,102,,4585,2,,,2,101,,4586,2,,,2,101,,4587,2,,,2,100,,4588,2,,,2,102,,4589,2,,,2,96,,4590,2,,,2
2301,'73',811,,4591,2,,,2,101,,4592,2,,,2,102,,4593,2,,,2,100,,4594,2,,,2,100,,4595,2,,,2,102,,4596,2,,,2,101,,4597,2,,,2,101,,4598,2,,,2,100,,4599,2,,,2,102,,4600,2,,,2,96,,4601,2,,,2
2301,'88',1635,,4602,6,,,2
20001,'1',604,,6248,11,4,,2,24,,6249,11,4,,2,816,,6250,11,,,2,74,,6251,11,,,2
20001,'2',635,,6252,11,,,2,70,,6254,11,,,2
20001,'71',1448,,4892,16,,,2,72,,4893,16,,,2
20001,'72',627,,4896,16,,,2,78,,4898,16,,,2
22101,'85',1520,,4924,15,,,2
22201,'85',1521,,4926,15,,,2
23101,'85',1520,,4932,15,,,2
23201,'85',1520,,4934,15,,,2
32501,'83',1637,,4948,48,,,2
5003400,'1',644,,6388,32,,,2,62,,6387,32,,,2
5003400,'71',644,,5039,32,,,2,61,,5038,32,,,2
5003600,'71',705,,5042,31,,,2,24,,5041,31,4,,2
5003700,'1',706,,6395,60,,,2,36,,6394,60,,,2
5003700,'71',645,,5046,67,4,,2,60,,5047,60,,,2,34,,5048,60,,,2
5004200,'11',711,,6399,27,,,2
5004200,'81',710,,5054,27,,,2
905231701,'27',2258,,6491,49,4,,2,69,,6494,49,4,,2,30,,6489,49,4,,2,70,,6492,49,4,,2,30,,6490,49,4,,2,70,,6493,49,4,,2,30,,6495,49,4,,2
905231701,'28',2258,,6498,49,4,,2,69,,6501,49,4,,2,30,,6496,49,4,,2,70,,6499,49,4,,2,30,,6497,49,4,,2,70,,6500,49,4,,2,30,,6502,49,4,,2
905231701,'29',2258,,6505,49,4,,2,69,,6508,49,4,,2,30,,6503,49,4,,2,70,,6506,49,4,,2,30,,6504,49,4,,2,70,,6507,49,4,,2,30,,6509,49,4,,2
1200000101,'1',1600,,7148,53,,,1,32,,7149,53,,,1,71,,7150,53,,,1,31,,7151,53,,,1
1200000101,'71',1556,,5070,53,,,1,72,,5071,53,,,1,31,,5069,53,,,1,71,,5072,53,,,1
1200000200,'1',557,,7154,27,,,1,55,,7153,49,,,1,15,,7158,49,,,1,17,,7159,49,,,1,59,,7160,49,,,1,16,,7162,49,,,1,16,,7163,49,,,1,17,,7152,49,,,1,55,,7165,49,,,1,15,,7157,49,,,1,14,,7155,49,,,1,14,,7161,49,,,1,55,,7166,49,,,1,16,,7164,49,,,1,18,,7167,49,,,1,69,,7169,49,,,1,29,,7171,49,,,1,70,,7156,49,,,1,30,,7172,49,,,1,70,,7168,49,,,1,30,,7170,49,,,1,71,,7174,49,,,1,30,,7175,49,,,1,69,,7173,49,,,1,31,,7177,49,,,1,18,,7179,49,,,1,72,,7180,49,,,1,17,,7181,49,,,1,12,,7178,49,,,1,54,,7182,49,,,1,15,,7183,49,,,1,16,,7185,49,,,1,16,,7176,49,,,1,52,,7188,49,,,1,15,,7189,49,,,1,16,,7192,49,,,1,13,,7193,49,,,1,55,,7187,49,,,1,28,,7186,49,,,1,68,,7184,49,,,1,29,,7190,49,,,1,70,,7196,49,,,1,30,,7197,49,,,1,70,,7199,49,,,1,29,,7200,49,,,1,72,,7194,49,,,1,29,,7191,49,,,1,72,,7198,49,,,1,26,,7201,49,,,1,70,,7195,49,4,,1
1200000200,'2',735,,7205,49,,,1,70,,7204,49,,,1,31,,7208,49,,,1,70,,7202,49,,,1,30,,7207,49,,,1,71,,7206,49,,,1,31,,7210,49,,,1,70,,7209,49,,,1,31,,7203,49,,,1,72,,7212,49,,,1,30,,7214,49,,,1,70,,7211,49,,,1,30,,7216,49,,,1,71,,7217,49,,,1,30,,7213,49,,,1,69,,7215,49,,,1,30,,7219,49,,,1,70,,7221,49,,,1,30,,7218,49,,,1,70,,7223,49,,,1,29,,7224,49,,,1,69,,7220,49,,,1,26,,7222,49,,,1,68,,7228,49,,,1,30,,7227,49,,,1,71,,7225,49,,,1,29,,7229,49,,,1,69,,7231,49,,,1,30,,7230,49,,,1,70,,7233,49,,,1,30,,7226,49,,,1,70,,7232,49,,,1,30,,7234,49,,,1
1200000200,'3',735,,7235,49,,,1,70,,7236,49,,,1,31,,7237,49,,,1,70,,7238,49,,,1,30,,7239,49,,,1,71,,7243,49,,,1,31,,7241,49,,,1,70,,7245,49,,,1,31,,7242,49,,,1,72,,7240,49,,,1,30,,7244,49,,,1,70,,7247,49,,,1,30,,7246,49,,,1,71,,7248,49,,,1,30,,7250,49,,,1,69,,7252,49,,,1,30,,7255,49,,,1,70,,7257,49,,,1,30,,7249,49,,,1,70,,7251,49,,,1,29,,7253,49,,,1,69,,7256,49,,,1,26,,7258,49,,,1,68,,7260,49,,,1,30,,7259,49,,,1,71,,7254,49,,,1,29,,7261,49,,,1
1200000200,'71',556,,5075,27,,,1,55,,5074,49,,,1,15,,5078,49,,,1,8,,5082,27,,,1,8,,5080,49,,,1,17,,5081,49,,,1,56,,5077,49,,,1,16,,5085,49,,,1,17,,5073,49,,,1,55,,5087,49,,,1,15,,5076,49,,,1,14,,5089,49,,,1,14,,5083,49,,,1,55,,5090,49,,,1,18,,5079,49,,,1,13,,5091,49,,,1,17,,5084,49,,,1,57,,5086,49,,,1,14,,5092,49,,,1,15,,5088,49,,,1,15,,5094,49,,,1,55,,5095,49,,,1,15,,5096,49,,,1,15,,5098,49,,,1,15,,5099,49,,,1,55,,5101,49,,,1,15,,5102,49,,,1,15,,5103,49,,,1,16,,5093,49,,,1,55,,5105,49,,,1,15,,5106,49,,,1,15,,5107,49,,,1,14,,5097,49,,,1,55,,5104,49,,,1,15,,5100,49,,,1,22,,5108,49,,,1,12,,5109,49,,,1,56,,5110,49,,,1,15,,5111,49,,,1,16,,5112,49,,,1,12,,5113,49,,,1,54,,5115,49,,,1,15,,5117,49,,,1,15,,5119,49,,,1,9,,5121,36,,,1,8,,5120,49,,,1,52,,5122,49,,,1,15,,5125,49,,,1,16,,5126,49,,,1,14,,5123,49,,,1,54,,5124,49,,,1,14,,5116,49,,,1,15,,5114,49,,,1,15,,5128,49,,,1,55,,5118,49,,,1,30,,5129,49,,,1,70,,5127,49,,,1,30,,5133,49,,,1,70,,5135,49,,,1,29,,5136,49,,,1,72,,5130,49,,,1,29,,5132,49,,,1,72,,5134,49,,,1,26,,5137,49,,,1,70,,5131,49,4,,1
1200000200,'72',735,,5139,49,,,1,70,,5142,49,,,1,30,,5143,49,,,1,70,,5144,49,,,1,30,,5138,49,,,1,70,,5141,49,,,1,30,,5140,49,,,1,70,,5145,49,,,1,30,,5146,49,,,1,71,,5148,49,,,1,29,,5147,49,,,1,71,,5150,49,,,1,30,,5151,49,,,1,71,,5152,49,,,1,30,,5153,49,,,1,69,,5154,49,,,1,30,,5149,49,,,1,70,,5156,49,,,1,30,,5155,49,,,1,70,,5159,49,,,1,30,,5158,49,,,1,71,,5161,49,,,1,27,,5162,49,,,1,69,,5163,49,,,1,30,,5165,49,,,1,71,,5157,49,,,1,29,,5167,49,,,1,69,,5168,49,,,1,30,,5164,49,,,1,70,,5166,49,,,1,30,,5160,49,,,1,70,,5169,49,,,1,30,,5170,49,,,1
1200000200,'73',735,,5171,49,,,1,70,,5173,49,,,1,30,,5174,49,,,1,70,,5175,49,,,1,30,,5176,49,,,1,70,,5172,49,,,1,30,,5177,49,,,1,70,,5179,49,,,1,30,,5178,49,,,1,71,,5181,49,,,1,29,,5180,49,,,1,71,,5183,49,,,1,30,,5184,49,,,1,71,,5185,49,,,1,30,,5186,49,,,1,69,,5188,49,,,1,30,,5182,49,,,1,70,,5191,49,,,1,30,,5189,49,,,1,70,,5193,49,,,1,30,,5192,49,,,1,71,,5195,49,,,1,27,,5196,49,,,1,69,,5197,49,,,1,30,,5187,49,,,1,71,,5194,49,,,1,29,,5190,49,,,1
1200000200,'89',650,,5198,27,,,1,62,,5200,27,,,1,47,,5199,18,,,1
1200000300,'1',846,,7411,47,,,1,55,,7416,47,,,1,30,,7414,47,,,1,72,,7419,47,,,1,33,,7421,47,,,1,70,,7423,47,,,1,30,,7425,47,,,1,72,,7427,47,,,1,30,,7422,47,,,1,70,,7424,47,,,1,28,,7426,47,,,1,70,,7428,47,,,1,29,,7429,47,,,1,74,,7430,47,,,1,31,,7433,49,,,1,68,,7434,49,,,1,28,,7435,49,,,1,72,,7432,49,,,1,30,,7431,49,,,1,73,,7436,49,,,1,24,,7439,47,,,1,67,,7437,47,,,1,21,,7441,47,,,1,30,,7442,47,,,1,72,,7440,47,,,1,33,,7447,47,,,1
1200000300,'2',704,,7450,47,,,1,30,,7453,47,,,1,70,,7456,47,,,1,31,,7459,47,,,1,70,,7451,47,,,1,31,,7454,47,,,1,70,,7457,47,,,1,31,,7460,47,,,1,71,,7452,47,,,1,30,,7455,47,,,1,71,,7458,47,,,1,30,,7461,47,,,1,71,,7462,47,,,1,30,,7466,47,,,1,70,,7472,47,,,1,30,,7469,47,,,1,70,,7463,47,,,1,30,,7467,47,,,1,69,,7473,47,,,1,29,,7470,47,,,1,70,,7464,47,,,1,30,,7468,47,,,1,69,,7474,47,,,1,30,,7471,47,,,1
1200000300,'3',734,,7480,47,,,1,70,,7482,47,,,1,31,,7488,47,,,1,70,,7485,47,,,1,31,,7481,47,,,1,70,,7483,47,,,1,31,,7489,47,,,1,71,,7486,47,,,1,30,,7490,47,,,1,71,,7484,47,,,1,30,,7492,47,,,1,71,,7487,47,,,1,30,,7491,47,,,1,70,,7494,47,,,1,30,,7493,47,,,1,70,,7498,47,,,1,30,,7501,47,,,1,69,,7495,47,,,1,29,,7504,47,,,1,70,,7499,47,,,1,30,,7502,47,,,1,69,,7496,47,,,1,30,,7505,47,,,1
1200000300,'71',846,,5351,47,,,1,55,,5357,47,,,1,15,,5360,47,,,1,15,,5358,47,,,1,15,,5355,47,,,1,60,,5362,47,,,1,20,,5364,47,,,1,20,,5366,47,,,1,60,,5368,47,,,1,20,,5369,47,,,1,20,,5371,47,,,1,62,,5373,47,,,1,20,,5365,47,,,1,20,,5367,47,,,1,60,,5374,47,,,1,18,,5370,47,,,1,20,,5372,47,,,1,59,,5376,47,,,1,20,,5378,47,,,1,19,,5380,47,,,1,65,,5375,47,,,1,31,,5383,49,,,1,68,,5377,49,,,1,29,,5379,49,,,1,73,,5384,49,,,1,28,,5382,49,,,1,73,,5381,49,,,1,21,,5385,47,,,1,70,,5386,47,,,1,21,,5388,47,,,1,30,,5390,47,,,1,72,,5391,47,,,1,33,,5395,47,,,1
1200000300,'72',651,,5398,47,,,1,70,,5399,47,,,1,30,,5404,47,,,1,70,,5408,47,,,1,32,,5402,47,,,1,71,,5401,47,,,1,28,,5406,47,,,1,70,,5407,47,,,1,31,,5409,47,,,1,69,,5400,47,,,1,31,,5405,47,,,1,70,,5403,47,,,1,29,,5410,47,,,1,72,,5411,47,,,1,29,,5413,47,,,1,73,,5412,47,,,1,29,,5415,47,,,1,69,,5416,47,,,1,30,,5417,47,,,1,71,,5418,47,,,1,29,,5419,47,,,1,69,,5414,47,,,1,31,,5421,47,,,1,69,,5420,47,,,1
1200000300,'73',721,,5428,47,,,1,30,,5430,47,,,1,70,,5433,47,,,1,32,,5435,47,,,1,71,,5429,47,,,1,28,,5432,47,,,1,70,,5434,47,,,1,31,,5436,47,,,1,69,,5437,47,,,1,31,,5431,47,,,1,70,,5438,47,,,1,29,,5440,47,,,1,72,,5439,47,,,1,29,,5442,47,,,1,73,,5441,47,,,1,29,,5444,47,,,1,69,,5445,47,,,1,30,,5446,47,,,1,71,,5447,47,,,1,29,,5448,47,,,1,69,,5443,47,,,1,31,,5450,47,,,1,69,,5449,47,,,1
1200000301,'1',607,,7508,2,,,1,28,,7513,2,,,1,75,,7506,15,,,1,20,,7510,15,,,1,75,,7516,15,,,1,29,,7511,15,,,1,25,,7519,15,,,1,65,,7507,15,,,1,29,,7517,15,,,1,67,,7515,15,,,1,33,,7520,15,,,1,73,,7521,15,,,1,30,,7523,15,,,1,73,,7525,15,,,1,72,,7527,15,,,1,29,,7522,15,,,1,70,,7524,15,,,1,28,,7526,15,,,1,30,,7528,15,,,1,75,,7529,15,,,1,389,,7544,15,,,1,24,,7542,15,,,1,71,,7543,15,,,1,30,,7545,15,,,1,70,,7546,15,,,1,33,,7549,15,,,1,72,,7547,2,,,1,30,,7550,2,,,1,68,,7548,2,,,1,30,,7551,2,,,1,79,,7552,2,,,1
1200000301,'2',746,,7553,15,,,1,70,,7556,15,,,1,31,,7559,15,,,1,71,,7562,15,,,1,31,,7554,15,,,1,72,,7557,15,,,1,31,,7560,15,,,1,71,,7563,15,,,1,31,,7555,15,,,1,71,,7558,15,,,1,31,,7561,15,,,1,71,,7564,15,,,1,31,,7565,15,,,1,70,,7568,15,,,1,30,,7574,15,,,1,70,,7571,15,,,1,30,,7566,15,,,1,71,,7569,15,,,1,71,,7575,15,,,1,27,,7572,15,,,1,28,,7567,15,,,1,69,,7570,15,,,1,27,,7576,15,,,1,67,,7573,15,,,1,35,,7577,2,,,1,100,,7578,2,,,1,96,,7579,2,,,1,99,,7580,2,,,1,78,,7581,2,,,1,102,,7582,2,,,1
1200000301,'3',816,,7604,15,,,1,31,,7606,15,,,1,71,,7612,15,,,1,31,,7609,15,,,1,72,,7605,15,,,1,31,,7607,15,,,1,71,,7613,15,,,1,31,,7610,15,,,1,71,,7614,15,,,1,31,,7608,15,,,1,71,,7616,15,,,1,31,,7611,15,,,1,70,,7615,15,,,1,30,,7618,15,,,1,70,,7617,15,,,1,30,,7621,15,,,1,71,,7623,15,,,1,71,,7619,15,,,1,27,,7627,15,,,1,28,,7622,15,,,1,69,,7624,15,,,1,27,,7620,15,,,1,67,,7628,15,,,1,35,,7625,2,,,1,161,,7626,2,,,1
1200000301,'71',607,,5456,2,,,1,28,,5460,2,,,1,76,,5454,15,,,1,20,,5458,15,,,1,77,,5466,15,,,1,27,,5463,15,,,1,66,,5469,15,,,1,26,,5455,15,,,1,29,,5465,15,,,1,67,,5467,15,,,1,36,,5470,15,,,1,60,,5471,15,,,1,20,,5473,15,,,1,20,,5475,15,,,1,63,,5476,15,,,1,20,,5478,15,,,1,62,,5480,15,,,1,19,,5472,15,,,1,20,,5474,15,,,1,60,,5481,15,,,1,18,,5477,15,,,1,20,,5479,15,,,1,59,,5483,15,,,1,25,,5484,15,,,1,395,,5498,15,,,1,27,,5499,15,,,1,71,,5501,15,,,1,30,,5500,15,,,1,70,,5502,15,,,1,33,,5505,15,,,1,71,,5503,2,,,1,30,,5506,2,,,1,68,,5504,2,,,1,30,,5507,2,,,1,79,,5508,2,,,1
1200000301,'72',747,,5511,15,,,1,70,,5510,15,,,1,31,,5514,15,,,1,70,,5515,15,,,1,31,,5516,15,,,1,71,,5509,15,,,1,31,,5513,15,,,1,70,,5512,15,,,1,30,,5517,15,,,1,70,,5518,15,,,1,31,,5520,15,,,1,70,,5519,15,,,1,31,,5522,15,,,1,70,,5523,15,,,1,31,,5524,15,,,1,70,,5525,15,,,1,29,,5526,15,,,1,71,,5521,15,,,1,32,,5528,15,,,1,69,,5527,15,,,1,28,,5530,15,,,1,69,,5529,15,,,1,29,,5531,15,,,1,64,,5535,15,,,1,38,,5532,2,,,1,100,,5533,2,,,1,96,,5534,2,,,1,99,,5536,2,,,1,78,,5537,2,,,1,102,,5538,2,,,1
1200000301,'73',817,,5539,15,,,1,31,,5541,15,,,1,70,,5542,15,,,1,31,,5543,15,,,1,71,,5544,15,,,1,31,,5540,15,,,1,70,,5545,15,,,1,30,,5547,15,,,1,70,,5546,15,,,1,31,,5549,15,,,1,70,,5548,15,,,1,31,,5551,15,,,1,70,,5552,15,,,1,31,,5553,15,,,1,70,,5554,15,,,1,29,,5555,15,,,1,71,,5550,15,,,1,32,,5557,15,,,1,69,,5556,15,,,1,28,,5559,15,,,1,69,,5558,15,,,1,29,,5560,15,,,1,64,,5563,15,,,1,38,,5561,2,,,1,161,,5562,2,,,1
1200000400,'1',711,,7629,51,,,1,16,,7630,51,,,1
1200000400,'71',707,,5565,51,,,1,16,,5566,51,,,1,16,,5567,51,,,1,16,,5564,51,,,1
