1200000101,'1',1618,,1416,86,,,1,32,,1417,86,,,1,67,,1415,86,,,1,32,,1418,86,,,1
1200000101,'3',1618,,1419,86,,,1,32,,1420,86,,,1,67,,1421,86,,,1,32,,1422,86,,,1
1200000101,'4',1618,,1423,86,,,1,32,,1424,86,,,1,67,,1425,86,,,1,32,,1426,86,,,1
1200000301,'1',624,,2134,35,,,1,28,,2139,35,,,1,72,,2133,50,,,1,21,,2136,50,,,1,76,,2143,50,,,1,31,,2142,50,,,1,65,,2145,50,,,1,26,,2137,50,,,1,65,,2148,50,,,1,30,,2147,50,,,1,76,,2146,50,,,1,20,,2150,50,,,1,20,,2152,50,,,1,60,,2149,50,,,1,23,,2154,50,,,1,21,,2156,50,,,1,62,,2158,50,,,1,18,,2151,50,,,1,20,,2153,50,,,1,60,,2159,50,,,1,16,,2155,50,,,1,20,,2157,50,,,1,63,,2161,50,,,1,23,,2162,50,,,1,14,,2163,47,,,1,60,,2164,47,,,1,20,,2160,47,,,1,21,,2173,47,,,1,59,,2169,47,,,1,10,,2172,47,,,1,11,,2166,47,,,1,12,,2165,47,,,1,55,,2175,47,,,1,14,,2174,47,,,1,13,,2168,47,,,1,8,,2170,47,,,1,8,,2176,47,,,1,14,,2167,47,,,1,55,,2171,47,,,1,21,,2177,50,,,1,68,,2178,50,,,1,31,,2183,50,,,1,70,,2184,50,,,1,29,,2179,50,,,1,74,,2185,50,,,1,27,,2180,35,,,1,70,,2186,35,,,1,30,,2181,35,,,1,67,,2187,35,,,1,36,,2182,35,,,1
1200000301,'3',624,,2189,35,,,1,28,,2194,35,,,1,70,,2188,50,,,1,18,,2191,50,,,1,68,,2199,50,,,1,29,,2196,50,,,1,64,,2202,50,,,1,29,,2192,50,,,1,76,,2201,50,,,1,26,,2197,50,,,1,69,,2203,50,,,1,30,,2204,50,,,1,70,,2206,50,,,1,32,,2198,50,,,1,73,,2208,50,,,1,28,,2205,50,,,1,70,,2207,50,,,1,26,,2209,50,,,1,70,,2210,50,,,1,33,,2211,50,,,1,24,,2214,47,,,1,56,,2212,47,,,1,18,,2216,47,,,1,19,,2219,47,,,1,53,,2221,47,,,1,16,,2215,47,,,1,16,,2213,47,,,1,18,,2217,47,,,1,57,,2218,47,,,1,14,,2222,47,,,1,15,,2220,47,,,1,71,,2224,47,,,1,24,,2225,50,,,1,68,,2223,50,,,1,31,,2230,50,,,1,70,,2231,50,,,1,29,,2226,50,,,1,75,,2232,50,,,1,27,,2227,35,,,1,70,,2233,35,,,1,30,,2228,35,,,1,67,,2234,35,,,1,36,,2229,35,,,1
1200000301,'4',624,,2237,35,,,1,28,,2242,35,,,1,72,,2235,50,,,1,18,,2239,50,,,1,69,,2244,50,,,1,36,,2246,50,,,1,57,,2248,50,,,1,30,,2240,50,,,1,73,,2245,50,,,1,25,,2236,50,,,1,70,,2249,50,,,1,30,,2250,50,,,1,70,,2252,50,,,1,33,,2254,50,,,1,72,,2256,50,,,1,28,,2251,50,,,1,70,,2253,50,,,1,26,,2255,50,,,1,70,,2257,50,,,1,34,,2258,50,,,1,11,,2261,47,,,1,56,,2263,47,,,1,20,,2259,47,,,1,20,,2265,47,,,1,61,,2267,47,,,1,12,,2269,47,,,1,13,,2262,47,,,1,13,,2264,47,,,1,16,,2260,47,,,1,55,,2266,47,,,1,13,,2268,47,,,1,8,,2275,47,,,1,7,,2270,47,,,1,71,,2271,47,,,1,23,,2272,50,,,1,68,,2277,50,,,1,31,,2273,50,,,1,70,,2274,50,,,1,29,,2276,50,,,1,75,,2278,50,,,1,27,,2281,35,,,1,70,,2279,35,,,1,30,,2282,35,,,1,67,,2280,35,,,1,36,,2283,35,,,1
1200000301,'6',801,,2287,50,,,1,31,,2286,50,,,1,71,,2290,50,,,1,30,,2291,50,,,1,70,,2284,50,,,1,31,,2285,50,,,1,72,,2289,50,,,1,30,,2288,50,,,1,70,,2292,50,,,1,31,,2293,50,,,1,70,,2295,50,,,1,30,,2294,50,,,1,71,,2297,50,,,1,30,,2298,50,,,1,71,,2299,50,,,1,31,,2300,50,,,1,69,,2301,50,,,1,30,,2296,50,,,1,72,,2303,50,,,1,29,,2302,50,,,1,69,,2305,50,,,1,27,,2304,50,,,1,69,,2309,50,,,1,24,,2306,50,,,1,82,,2307,35,,,1,97,,2308,35,,,1,99,,2310,35,,,1,98,,2311,35,,,1,37,,2312,35,,,1,95,,2313,35,,,1
1200000301,'7',2130,,2314,35,,,1
1200000301,'9',832,,2315,50,,,1,71,,2317,50,,,1,30,,2318,50,,,1,70,,2320,50,,,1,31,,2321,50,,,1,72,,2316,50,,,1,30,,2322,50,,,1,70,,2319,50,,,1,31,,2323,50,,,1,70,,2325,50,,,1,30,,2324,50,,,1,71,,2327,50,,,1,30,,2328,50,,,1,71,,2329,50,,,1,31,,2330,50,,,1,69,,2331,50,,,1,30,,2326,50,,,1,72,,2333,50,,,1,29,,2332,50,,,1,69,,2335,50,,,1,27,,2334,50,,,1,69,,2336,50,,,1,24,,2338,50,,,1,82,,2337,35,,,1
2000002200,'5',605,,2450,4,0,18 19 20,2
