1501,'1',1211,,5834,3,0,41,2,103,,5835,3,0,41,2,95,,5836,3,0,41,2,36,,5839,3,0,41,2,92,,5837,20,,,2,80,,5840,20,,,2,21,,5842,20,,,2,77,,5838,20,0,41,2,29,,5841,20,,,2,78,,5844,3,0,41,2,33,,5845,3,0,41,2,102,,5846,3,0,41,2,153,,5843,3,0,41,2,41,,5847,3,0,41,2
1501,'71',648,,4438,20,0,41,2,64,,4436,20,0,41,2,33,,4439,20,0,41,2,165,,4437,3,0,41,2,115,,4440,3,0,41,2,116,,4441,3,0,41,2,70,,4442,3,0,41,2,117,,4444,3,0,41,2,115,,4445,3,0,41,2,94,,4443,20,0,41,2,85,,4446,20,0,41,2,16,,4448,20,0,41,2,71,,4450,20,0,41,2,36,,4449,20,0,41,2,77,,4447,3,0,41,2,36,,4451,3,0,41,2,145,,4452,3,0,41,2,106,,4453,3,0,41,2,42,,4454,3,0,41,2
1501,'88',1640,,4455,5,0,41,2
1601,'1',648,,5859,20,,,2,64,,5861,20,,,2,31,,5860,20,,,2,174,,5858,20,0,41,2,95,,5862,3,0,41,2,99,,5863,3,0,41,2
13601,'83',1620,,4868,10,,,2
13901,'88',1632,,4873,7,,,2
15601,'83',1616,,4876,10,,,2
1001101,'1',559,,6326,14,,,1,71,,6323,14,,,1,70,,6327,14,,,1,32,,6324,14,,,1,24,,6320,14,,,1,81,,6325,14,,,1,66,,6321,14,0,12 13,1,18,,6328,14,,,1,30,,6329,14,,,1,75,,6333,14,,,1,30,,6330,14,,,1,75,,6334,14,,,1,70,,6331,14,,,1,33,,6335,14,,,1,70,,6332,14,,,1,37,,6336,14,,,1,70,,6338,14,,,1,48,,6337,14,,,1,70,,6339,14,,,1,85,,6341,14,,,1,26,,6340,14,,,1,63,,6344,14,,,1,27,,6342,14,,,1,74,,6345,14,,,1,29,,6343,14,,,1,71,,6346,14,,,1,100,,6347,14,,,1,100,,6348,14,,,1,100,,6349,14,,,1,100,,6350,14,0,12 13,1
1001101,'2',801,,6352,14,,,1,101,,6353,14,,,1,101,,6354,14,,,1,100,,6355,14,,,1,98,,6359,14,,,1,100,,6360,14,,,1,101,,6358,14,,,1,100,,6356,14,,,1,100,,6357,14,,,1,100,,6361,14,,,1,100,,6362,14,,,1,100,,6363,14,,,1,100,,6364,14,,,1,100,,6365,14,,,1,100,,6366,14,,,1,100,,6367,14,0,12 13,1
1001101,'3',1003,,6369,14,,,1,100,,6372,14,,,1,98,,6373,14,,,1,100,,6370,14,,,1,101,,6371,14,,,1,100,,6374,14,,,1,100,,6375,14,,,1,100,,6376,14,,,1,100,,6377,14,,,1
1001101,'71',559,,4973,14,,,1,71,,4970,14,,,1,70,,4974,14,,,1,32,,4971,14,,,1,24,,4976,14,,,1,81,,4972,14,,,1,66,,4977,14,0,12 13,1,18,,4978,14,,,1,30,,4975,14,,,1,75,,4979,14,,,1,30,,4982,14,,,1,75,,4980,14,,,1,70,,4983,14,,,1,33,,4981,14,,,1,70,,4984,14,,,1,37,,4986,14,,,1,70,,4985,14,,,1,48,,4987,14,,,1,70,,4989,14,,,1,85,,4988,14,,,1,26,,4990,14,,,1,63,,4993,14,,,1,27,,4991,14,,,1,74,,4994,14,,,1,29,,4992,14,,,1,71,,4995,14,,,1,100,,4996,14,,,1,100,,4997,14,,,1,100,,4998,14,,,1,100,,4999,14,0,12 13,1
1001101,'72',801,,5000,14,,,1,101,,5001,14,,,1,101,,5002,14,,,1,100,,5004,14,,,1,98,,5005,14,,,1,100,,5006,14,,,1,101,,5007,14,,,1,100,,5008,14,,,1,100,,5009,14,,,1,100,,5010,14,,,1,100,,5011,14,,,1,100,,5012,14,,,1,100,,5013,14,,,1,100,,5014,14,,,1,100,,5015,14,,,1,100,,5016,14,0,12 13,1
1001101,'73',1003,,5018,14,,,1,100,,5019,14,,,1,98,,5020,14,,,1,100,,5021,14,,,1,101,,5022,14,,,1,100,,5023,14,,,1,100,,5024,14,,,1,100,,5025,14,,,1,100,,5026,14,,,1
1200000100,'1',652,,7141,72,,,1,72,,7142,72,,,1,22,,7143,72,,,1,69,,7146,72,0,16 1 17,1,29,,7144,72,,,1
1200000100,'71',650,,5061,72,,,1,71,,5062,72,,,1,22,,5063,72,,,1,69,,5066,72,0,16 1 17,1,29,,5064,72,,,1
2000001501,'2',800,,7688,3,,,2,101,,7689,3,,,2,100,,7690,3,,,2,102,,7691,3,,,2,101,,7692,3,,,2,101,,7693,3,,,2,201,,7694,3,,,2,101,,7695,3,,,2,103,,7696,3,,,2,97,,7697,3,,,2,93,,7698,3,,,2
2000001501,'3',901,,7699,3,,,2,100,,7700,3,,,2,102,,7701,3,,,2,101,,7702,3,,,2,101,,7703,3,,,2,201,,7704,3,,,2,101,,7705,3,,,2,103,,7706,3,,,2,97,,7707,3,,,2,93,,7708,3,,,2
2000001501,'72',753,,5628,3,,,2,102,,5629,3,,,2,103,,5630,3,,,2,148,,5631,3,,,2,94,,5632,3,,,2,108,,5633,3,,,2,142,,5634,3,,,2,99,,5635,3,,,2,103,,5636,3,,,2,99,,5637,3,,,2,98,,5638,3,,,2
2000001501,'73',855,,5639,3,,,2,103,,5640,3,,,2,148,,5641,3,,,2,94,,5642,3,,,2,108,,5643,3,,,2,142,,5644,3,,,2,99,,5645,3,,,2,103,,5646,3,,,2,99,,5647,3,,,2,98,,5648,3,,,2
