22101,'85',1518,,4924,14,,,2
22201,'85',1519,,4926,14,,,2
23101,'85',1518,,4932,14,,,2
23201,'85',1518,,4934,14,,,2
5003700,'1',704,,6395,59,,,2,36,,6394,59,,,2
5003700,'71',643,,5046,66,4,,2,60,,5047,59,,,2,34,,5048,59,,,2
5004200,'11',709,,6399,26,,,2
5004200,'81',708,,5054,26,,,2
905231701,'27',2257,,6491,48,4,,2,69,,6494,48,4,,2,30,,6489,48,4,,2,70,,6492,48,4,,2,30,,6490,48,4,,2,70,,6493,48,4,,2,30,,6495,48,4,,2
905231701,'28',2257,,6498,48,4,,2,69,,6501,48,4,,2,30,,6496,48,4,,2,70,,6499,48,4,,2,30,,6497,48,4,,2,70,,6500,48,4,,2,30,,6502,48,4,,2
905231701,'29',2257,,6505,48,4,,2,69,,6508,48,4,,2,30,,6503,48,4,,2,70,,6506,48,4,,2,30,,6504,48,4,,2,70,,6507,48,4,,2,30,,6509,48,4,,2
1200000101,'1',1558,,7148,52,,,1,72,,7149,52,,,1,71,,7150,52,,,1,31,,7151,52,,,1
1200000101,'71',1554,,5070,52,,,1,72,,5071,52,,,1,31,,5069,52,,,1,71,,5072,52,,,1
1200000200,'1',555,,7154,26,,,1,55,,7153,48,,,1,15,,7158,48,,,1,17,,7159,48,,,1,59,,7160,48,,,1,16,,7162,48,,,1,16,,7163,48,,,1,17,,7152,48,,,1,55,,7165,48,,,1,15,,7157,48,,,1,14,,7155,48,,,1,14,,7161,48,,,1,55,,7166,48,,,1,16,,7164,48,,,1,18,,7167,48,,,1,69,,7169,48,,,1,29,,7171,48,,,1,70,,7156,48,,,1,30,,7172,48,,,1,70,,7168,48,,,1,30,,7170,48,,,1,71,,7174,48,,,1,30,,7175,48,,,1,69,,7173,48,,,1,31,,7177,48,,,1,18,,7179,48,,,1,72,,7180,48,,,1,17,,7181,48,,,1,12,,7178,48,,,1,54,,7182,48,,,1,15,,7183,48,,,1,16,,7185,48,,,1,16,,7176,48,,,1,52,,7188,48,,,1,15,,7189,48,,,1,16,,7192,48,,,1,13,,7193,48,,,1,55,,7187,48,,,1,28,,7186,48,,,1,68,,7184,48,,,1,29,,7190,48,,,1,70,,7196,48,,,1,30,,7197,48,,,1,70,,7199,48,,,1,29,,7200,48,,,1,72,,7194,48,,,1,30,,7191,48,,,1,72,,7198,48,,,1,26,,7201,48,,,1,70,,7195,48,0,14,1
1200000200,'2',733,,7205,48,,,1,70,,7204,48,,,1,31,,7208,48,,,1,70,,7202,48,,,1,30,,7207,48,,,1,71,,7206,48,,,1,31,,7210,48,,,1,70,,7209,48,,,1,31,,7203,48,,,1,72,,7212,48,,,1,30,,7214,48,,,1,70,,7211,48,,,1,30,,7216,48,,,1,71,,7217,48,,,1,30,,7213,48,,,1,69,,7215,48,,,1,30,,7219,48,,,1,70,,7221,48,,,1,30,,7218,48,,,1,70,,7223,48,,,1,29,,7224,48,,,1,69,,7220,48,,,1,26,,7222,48,,,1,68,,7228,48,,,1,30,,7227,48,,,1,71,,7225,48,,,1,29,,7229,48,,,1,69,,7231,48,,,1,30,,7230,48,,,1,70,,7233,48,,,1,30,,7226,48,,,1,70,,7232,48,,,1,30,,7234,48,,,1
1200000200,'3',733,,7235,48,,,1,70,,7236,48,,,1,31,,7237,48,,,1,70,,7238,48,,,1,30,,7239,48,,,1,71,,7243,48,,,1,31,,7241,48,,,1,70,,7245,48,,,1,31,,7242,48,,,1,72,,7240,48,,,1,30,,7244,48,,,1,70,,7247,48,,,1,30,,7246,48,,,1,71,,7248,48,,,1,30,,7250,48,,,1,69,,7252,48,,,1,30,,7255,48,,,1,70,,7257,48,,,1,30,,7249,48,,,1,70,,7251,48,,,1,29,,7253,48,,,1,69,,7256,48,,,1,26,,7258,48,,,1,68,,7260,48,,,1,30,,7259,48,,,1,71,,7254,48,,,1,29,,7261,48,,,1
1200000200,'71',554,,5075,26,,,1,55,,5074,48,,,1,15,,5078,48,,,1,8,,5082,26,,,1,8,,5080,48,,,1,17,,5081,48,,,1,56,,5077,48,,,1,16,,5085,48,,,1,17,,5073,48,,,1,55,,5087,48,,,1,15,,5076,48,,,1,14,,5089,48,,,1,14,,5083,48,,,1,15,,5090,48,,,1,58,,5079,48,,,1,13,,5091,48,,,1,17,,5084,48,,,1,57,,5086,48,,,1,14,,5092,48,,,1,15,,5088,48,,,1,15,,5094,48,,,1,55,,5095,48,,,1,15,,5096,48,,,1,15,,5098,48,,,1,15,,5099,48,,,1,55,,5101,48,,,1,15,,5102,48,,,1,15,,5103,48,,,1,16,,5093,48,,,1,55,,5105,48,,,1,15,,5106,48,,,1,15,,5107,48,,,1,14,,5097,48,,,1,55,,5104,48,,,1,15,,5100,48,,,1,22,,5108,48,,,1,12,,5109,48,,,1,56,,5110,48,,,1,15,,5111,48,,,1,16,,5112,48,,,1,12,,5113,48,,,1,54,,5115,48,,,1,15,,5117,48,,,1,15,,5119,48,,,1,9,,5121,35,,,1,8,,5120,48,,,1,52,,5122,48,,,1,15,,5125,48,,,1,16,,5126,48,,,1,14,,5123,48,,,1,54,,5124,48,,,1,14,,5116,48,,,1,15,,5114,48,,,1,15,,5128,48,,,1,55,,5118,48,,,1,30,,5129,48,,,1,70,,5127,48,,,1,30,,5133,48,,,1,70,,5135,48,,,1,29,,5136,48,,,1,72,,5130,48,,,1,30,,5132,48,,,1,72,,5134,48,,,1,26,,5137,48,,,1,70,,5131,48,0,14,1
1200000200,'72',733,,5139,48,,,1,70,,5142,48,,,1,30,,5143,48,,,1,70,,5144,48,,,1,30,,5138,48,,,1,70,,5141,48,,,1,30,,5140,48,,,1,70,,5145,48,,,1,30,,5146,48,,,1,71,,5148,48,,,1,29,,5147,48,,,1,71,,5150,48,,,1,30,,5151,48,,,1,71,,5152,48,,,1,30,,5153,48,,,1,69,,5154,48,,,1,30,,5149,48,,,1,70,,5156,48,,,1,30,,5155,48,,,1,70,,5159,48,,,1,30,,5158,48,,,1,71,,5161,48,,,1,27,,5162,48,,,1,69,,5163,48,,,1,30,,5165,48,,,1,71,,5157,48,,,1,29,,5167,48,,,1,69,,5168,48,,,1,30,,5164,48,,,1,70,,5166,48,,,1,30,,5160,48,,,1,70,,5169,48,,,1,30,,5170,48,,,1
1200000200,'73',733,,5171,48,,,1,70,,5173,48,,,1,30,,5174,48,,,1,70,,5175,48,,,1,30,,5176,48,,,1,70,,5172,48,,,1,30,,5177,48,,,1,70,,5179,48,,,1,30,,5178,48,,,1,71,,5181,48,,,1,29,,5180,48,,,1,71,,5183,48,,,1,30,,5184,48,,,1,71,,5185,48,,,1,30,,5186,48,,,1,69,,5188,48,,,1,30,,5182,48,,,1,70,,5191,48,,,1,30,,5189,48,,,1,70,,5193,48,,,1,30,,5192,48,,,1,71,,5195,48,,,1,27,,5196,48,,,1,69,,5197,48,,,1,30,,5187,48,,,1,71,,5194,48,,,1,29,,5190,48,,,1
1200000200,'89',648,,5198,26,,,1,62,,5200,26,,,1,47,,5199,17,,,1
1200000400,'1',709,,7629,50,,,1,16,,7630,50,,,1
1200000400,'71',705,,5565,50,,,1,16,,5566,50,,,1,16,,5567,50,,,1,16,,5564,50,,,1
