2301,'1',1155,,5958,15,,,2,71,,5959,15,,,2,30,,5961,15,,,2,70,,5960,15,,,2,30,,5962,15,,,2,71,,5963,15,,,2,31,,5966,15,,,2,91,,5964,15,,,2,68,,5967,15,,,2,35,,5965,15,,,2,102,,5968,15,,,2,66,,5975,15,,,2,37,,5969,15,,,2,102,,5970,15,,,2,90,,5971,15,,,2,154,,5972,15,,,2
2301,'14',1651,,5979,19,,,2
2301,'2',1212,,5985,15,,,2,101,,5986,15,,,2,101,,5987,15,,,2,100,,5988,15,,,2,100,,5989,15,,,2,101,,5990,15,,,2,97,,5991,15,,,2
2301,'3',1212,,5996,15,,,2,101,,5997,15,,,2,101,,5998,15,,,2,100,,5999,15,,,2,100,,6000,15,,,2,101,,6001,15,,,2,97,,6002,15,,,2
2301,'71',1153,,4558,15,,,2,70,,4562,15,,,2,31,,4564,15,,,2,70,,4563,15,,,2,30,,4565,15,,,2,70,,4566,15,,,2,34,,4576,15,,,2,82,,4567,15,,,2,107,,4568,19,,,2,104,,4570,15,,,2,71,,4575,15,,,2,35,,4571,15,,,2,100,,4572,15,,,2,92,,4573,15,,,2,154,,4574,15,,,2
2301,'72',1223,,4584,15,,,2,102,,4585,15,,,2,101,,4586,15,,,2,101,,4587,15,,,2,100,,4588,15,,,2,102,,4589,15,,,2,96,,4590,15,,,2
2301,'73',1223,,4595,15,,,2,102,,4596,15,,,2,101,,4597,15,,,2,101,,4598,15,,,2,100,,4599,15,,,2,102,,4600,15,,,2,96,,4601,15,,,2
2301,'88',1647,,4602,19,,,2
23501,'83',1650,,4936,12,,,2
5002301,'1',1701,,6382,25,,,2,25,,6381,25,,,2
5002301,'71',1615,,5032,25,,,2,86,,5031,25,,,2,25,,5030,25,,,2
