11501,'83',1615,,4853,9,,,2
12501,'83',1610,,4857,9,,,2
12601,'83',1618,,4859,9,,,2
12701,'83',1610,,4861,9,,,2
1001101,'1',608,,6326,27,,,1,32,,6323,27,,,1,71,,6327,27,,,1,33,,6324,27,,,1,64,,6320,27,,,1,41,,6325,27,,,1,82,,6328,27,,,1,70,,6329,27,,,1,35,,6333,27,,,1,70,,6330,27,,,1,35,,6334,27,,,1,70,,6331,27,,,1,33,,6335,27,,,1,70,,6332,27,,,1,37,,6336,27,,,1,70,,6338,27,,,1,88,,6337,27,,,1,32,,6339,27,,,1,84,,6341,27,,,1,26,,6340,27,,,1,62,,6344,27,,,1,27,,6342,27,,,1,74,,6345,27,,,1,29,,6343,27,,,1,71,,6346,27,,,1,100,,6347,27,,,1,99,,6348,27,,,1,100,,6349,27,,,1
1001101,'2',810,,6352,27,,,1,102,,6353,27,,,1,101,,6354,27,,,1,100,,6355,27,,,1,98,,6359,27,,,1,100,,6360,27,,,1,102,,6358,27,,,1,100,,6356,27,,,1,99,,6357,27,,,1,101,,6361,27,,,1,99,,6362,27,,,1,100,,6363,27,,,1,99,,6364,27,,,1,100,,6365,27,,,1,100,,6366,27,,,1
1001101,'3',1013,,6369,27,,,1,100,,6372,27,,,1,98,,6373,27,,,1,100,,6370,27,,,1,102,,6371,27,,,1,100,,6374,27,,,1,99,,6375,27,,,1,101,,6376,27,,,1,99,,6377,27,,,1
1001101,'71',608,,4973,27,,,1,32,,4970,27,,,1,71,,4974,27,,,1,33,,4971,27,,,1,64,,4976,27,,,1,41,,4972,27,,,1,82,,4978,27,,,1,70,,4975,27,,,1,35,,4979,27,,,1,70,,4982,27,,,1,35,,4980,27,,,1,70,,4983,27,,,1,33,,4981,27,,,1,70,,4984,27,,,1,37,,4986,27,,,1,70,,4985,27,,,1,88,,4987,27,,,1,32,,4989,27,,,1,84,,4988,27,,,1,26,,4990,27,,,1,62,,4993,27,,,1,27,,4991,27,,,1,74,,4994,27,,,1,29,,4992,27,,,1,71,,4995,27,,,1,100,,4996,27,,,1,99,,4997,27,,,1,100,,4998,27,,,1
1001101,'72',810,,5000,27,,,1,102,,5001,27,,,1,101,,5002,27,,,1,100,,5004,27,,,1,98,,5005,27,,,1,100,,5006,27,,,1,102,,5007,27,,,1,100,,5008,27,,,1,99,,5009,27,,,1,101,,5010,27,,,1,99,,5011,27,,,1,100,,5012,27,,,1,99,,5013,27,,,1,100,,5014,27,,,1,100,,5015,27,,,1
1001101,'73',1013,,5018,27,,,1,100,,5019,27,,,1,98,,5020,27,,,1,100,,5021,27,,,1,102,,5022,27,,,1,100,,5023,27,,,1,99,,5024,27,,,1,101,,5025,27,,,1,99,,5026,27,,,1
