11,1100,'1',5748,5749,5750,5751,5752,5753,5754,5755,5756,5757,5758,5759,5760,5761,5762,5763,5764,5765,5766,5767,5768,5769,5770,5771,5772,5773,5774,5775,5776,5777,5778
11,1100,'2',5779,5780,5781,5782,5783,5784,5785,5786,5787,5788,5789,5790,5791,5792,5793,5794,5795
11,1100,'3',5796,5797,5798,5799,5800,5801,5802,5803,5804,5805
11,1100,'71',4339,4340,4341,4342,4343,4344,4345,4346,4347,4348,4349,4350,4351,4352,4353,4354,4355,4356,4357,4358,4359,4360,4361,4362,4363,4364,4365,4366,4367,4368,4369
11,1100,'72',4370,4371,4372,4373,4374,4375,4376,4377,4378,4379,4380,4381,4382,4383,4384,4385,4386
11,1100,'73',4387,4388,4389,4390,4391,4392,4393,4394,4395,4396
13,1300,'1',5806,5807,5808,5809,5810,5811,5812,5813
13,1300,'16',5814,5815
13,1300,'71',4397,4398,4399,4400,4401,4402,4403,4404,4405,4406
13,1300,'87',4407
13,1301,'1',5816,5817,5818,5819,5820,5821,5822
13,1301,'71',4408,4409,4410,4411,4412,4413,4414
13,1301,'88',4415
15,1500,'1',5823,5824,5825,5826,5827,5828,5829,5830,5831,5832
15,1500,'16',5833
15,1500,'71',4416,4417,4418,4419,4420,4421,4422,4423,4424,4425,4426,4427,4428,4429,4430,4431,4432,4433,4434
15,1500,'87',4435
15,1501,'1',5834,5835,5836,5837,5838,5839,5840,5841,5842,5843,5844,5845,5846,5847
15,1501,'71',4436,4437,4438,4439,4440,4441,4442,4443,4444,4445,4446,4447,4448,4449,4450,4451,4452,4453,4454
15,1501,'88',4455
16,1600,'1',5848,5849,5850,5851,5852,5853,5854,5855,5856,5857
16,1601,'1',5858,5859,5860,5861,5862,5863
22,2200,'1',5864,5865,5866,5867,5868,5869,5870,5871,5872,5873,5874,5875,5876,5877,5878,5879,5880
22,2200,'13',5881,5882
22,2200,'71',4456,4457,4458,4459,4460,4461,4462,4463,4464,4465,4466,4467,4468,4469,4470,4471,4472,4473,4474,4475,4476,4477,4478
22,2200,'87',4479
22,2201,'1',5883,5884,5885,5886,5887,5888,5889,5890,5891,5892,5893,5894,5895,5896,5897,5898,5899,5900,5901
22,2201,'14',5902,5903
22,2201,'71',4480,4481,4482,4483,4484,4485,4486,4487,4488,4489,4490,4491,4492,4493,4494,4495,4496,4497,4498,4499,4500,4501,4502,4503,4504,4505
22,2201,'88',4506
23,2300,'1',5904,5905,5906,5907,5908,5909,5910,5911,5912,5913,5914,5915,5916,5917,5918,5919,5920,5921,5922,5923,5924,5925,5926,5927
23,2300,'13',5928,5929
23,2300,'2',5930,5931,5932,5933,5934,5935,5936,5937,5938,5939,5940,5941
23,2300,'3',5942,5943,5944,5945,5946,5947,5948,5949,5950,5951,5952
23,2300,'71',4507,4508,4509,4510,4511,4512,4513,4514,4515,4516,4517,4518,4519,4520,4521,4522,4523,4524,4525,4526,4527,4528,4529,4530
23,2300,'72',4531,4532,4533,4534,4535,4536,4537,4538,4539,4540,4541,4542
23,2300,'73',4543,4544,4545,4546,4547,4548,4549,4550,4551,4552,4553
23,2300,'87',4554
23,2301,'1',5953,5954,5955,5956,5957,5958,5959,5960,5961,5962,5963,5964,5965,5966,5967,5968,5969,5970,5971,5972,5973,5974,5975,5976,5977
23,2301,'14',5978,5979
23,2301,'2',5980,5981,5982,5983,5984,5985,5986,5987,5988,5989,5990,5991
23,2301,'3',5992,5993,5994,5995,5996,5997,5998,5999,6000,6001,6002
23,2301,'71',4555,4556,4557,4558,4559,4560,4561,4562,4563,4564,4565,4566,4567,4568,4569,4570,4571,4572,4573,4574,4575,4576,4577,4578
23,2301,'72',4579,4580,4581,4582,4583,4584,4585,4586,4587,4588,4589,4590
23,2301,'73',4591,4592,4593,4594,4595,4596,4597,4598,4599,4600,4601
23,2301,'88',4602
24,2400,'1',6003,6004
24,2400,'71',4603,4604
24,2401,'1',6005,6006,6007,6008,6009,6010
24,2401,'71',4605,4606,4607,4608,4609
31,3101,'1',6011,6012,6013,6014,6015,6016,6017,6018,6019,6020,6021,6022,6023,6024,6025,6026,6027,6028,6029,6030
31,3101,'71',4610,4611,4612,4613,4614,4615,4616,4617,4618,4619,4620,4621,4622,4623,4624,4625,4626,4627,4628,4629,4630,4631,4632
34,3400,'1',6031,6032,6033,6034,6035,6036,6037
34,3400,'13',6038
34,3400,'71',4633,4634,4635,4636,4637,4638,4639,4640,4641
34,3401,'1',6039,6040,6041,6042,6043,6044,6045,6046,6047
34,3401,'14',6048
34,3401,'71',4642,4643,4644,4645,4646,4647,4648,4649,4650,4651
35,3501,'1',6049,6050,6051,6052,6053,6054,6055,6056,6057,6058,6059,6060,6061,6062,6063,6064,6065,6066,6067,6068,6069,6070,6071,6072,6073,6074,6075
35,3501,'2',6076,6077,6078,6079,6080,6081,6082,6083,6084,6085,6086,6087,6088,6089,6090,6091,6092,6093,6094,6095,6096,6097,6098,6099,6100,6101,6102
35,3501,'3',6103,6104,6105,6106,6107,6108,6109,6110,6111,6112,6113,6114,6115,6116,6117,6118,6119
35,3501,'71',4652,4653,4654,4655,4656,4657,4658,4659,4660,4661,4662,4663,4664,4665,4666,4667,4668,4669,4670,4671,4672
35,3501,'72',4673,4674,4675,4676,4677,4678,4679,4680,4681,4682,4683,4684,4685,4686,4687,4688,4689
35,3501,'73',4690,4691,4692,4693,4694,4695,4696,4697,4698,4699,4700,4701
36,3600,'1',6120
36,3600,'13',6121
36,3600,'71',4702,4703,4704,4705,4706,4707,4708,4709,4710,4711,4712,4713,4714,4715,4716
36,3600,'72',4717,4718,4719,4720,4721,4722,4723,4724,4725,4726,4727,4728,4729,4730,4731,4732,4733
36,3600,'73',4734,4735,4736,4737,4738,4739,4740,4741,4742,4743,4744,4745
37,3701,'1',6122,6123,6124,6125,6126,6127,6128,6129,6130,6131,6132,6133,6134,6135,6136,6137,6138,6139,6140
37,3701,'2',6141,6142,6143,6144,6145,6146,6147,6148,6149,6150,6151,6152,6153,6154,6155,6156,6157,6158
37,3701,'3',6159,6160,6161,6162,6163,6164,6165,6166,6167,6168,6169,6170
37,3701,'71',4746,4747,4748,4749,4750,4751,4752,4753,4754,4755,4756,4757,4758,4759,4760,4761,4762,4763
37,3701,'72',4764,4765,4766,4767,4768,4769,4770,4771,4772,4773,4774,4775,4776,4777,4778,4779,4780,4781
37,3701,'73',4782,4783,4784,4785,4786,4787,4788,4789,4790,4791,4792,4793
38,3800,'1',6171,6172,6173,6174,6175,6176,6177,6178,6179,6180,6181,6182,6183,6184,6185
38,3800,'2',6186,6187,6188,6189,6190,6191,6192,6193,6194,6195,6196,6197,6198,6199,6200,6201
38,3800,'3',6202,6203,6204,6205,6206,6207,6208,6209,6210,6211,6212,6213
38,3800,'71',4794,4795,4796,4797,4798,4799,4800,4801,4802,4803,4804,4805,4806,4807,4808
38,3800,'72',4809,4810,4811,4812,4813,4814,4815,4816,4817,4818,4819,4820,4821,4822,4823,4824
38,3800,'73',4825,4826,4827,4828,4829,4830,4831,4832,4833,4834,4835,4836
39,3900,'1',6214,6215,6216
39,3900,'71',4837,4838,4839,4840
39,3901,'1',6217,6218,6219
39,3901,'71',4841,4842,4843
65,6500,'1',6220,6221,6222
65,6500,'71',4844,4845,4846
65,6501,'1',6223,6224,6225
65,6501,'71',4847,4848,4849
111,11100,'15',6226
111,11100,'86',4850
111,11101,'85',4851
115,11500,'12',6227
115,11500,'82',4852
115,11501,'83',4853
119,11900,'16',6228
119,11900,'87',4854
119,11901,'88',4855
125,12500,'12',6229
125,12500,'82',4856
125,12501,'83',4857
126,12600,'12',6230
126,12600,'82',4858
126,12601,'83',4859
127,12700,'12',6231
127,12700,'82',4860
127,12701,'83',4861
129,12900,'16',6232
129,12900,'87',4862
129,12901,'88',4863
131,13100,'15',6233
131,13100,'84',4864
131,13101,'85',4865
135,13500,'12',6234
135,13500,'82',4866
136,13600,'12',6235
136,13600,'82',4867
136,13601,'83',4868
137,13700,'16',6236
137,13700,'87',4869
138,13800,'12',6237
138,13800,'82',4870
138,13801,'83',4871
139,13900,'16',6238
139,13900,'87',4872
139,13901,'88',4873
155,15500,'12',6239
155,15500,'82',4874
156,15600,'12',6240
156,15600,'82',4875
156,15601,'83',4876
158,15800,'16',6241
158,15800,'87',4877
158,15801,'88',4878
200,20000,'1',6242,6243,6244,6245
200,20000,'2',6246,6247
200,20000,'71',4879,4880,4881,4882,4883,4884,4885,4886
200,20000,'72',4887
200,20001,'1',6248,6249,6250,6251
200,20001,'2',6252,6253,6254
200,20001,'71',4888,4889,4890,4891,4892,4893,4894,4895
200,20001,'72',4896,4897,4898
210,21000,'1',6255,6256,6257,6258,6259,6260,6261
210,21000,'2',6262,6263,6264,6265,6266,6267
210,21000,'3',6268,6269,6270,6271
210,21000,'71',4899,4900,4901,4902,4903,4904,4905,4906,4907,4908
210,21001,'1',6272,6273,6274,6275,6276
210,21001,'2',6277,6278,6279,6280,6281,6282,6283
210,21001,'3',6284,6285,6286,6287
210,21001,'71',4909,4910,4911,4912,4913,4914,4915
210,21001,'72',4916,4917,4918,4919
210,21001,'73',4920,4921,4922
221,22100,'15',6288
221,22100,'84',4923
221,22101,'85',4924
222,22200,'15',6289
222,22200,'84',4925
222,22201,'85',4926
225,22500,'12',6290
225,22500,'82',4927
225,22501,'83',4928
229,22900,'13',6291
229,22900,'87',4929
229,22901,'14',6292
229,22901,'88',4930
231,23100,'15',6293
231,23100,'84',4931
231,23101,'85',4932
232,23200,'15',6294
232,23200,'84',4933
232,23201,'85',4934
235,23500,'12',6295
235,23500,'82',4935
235,23501,'83',4936
241,24100,'15',6296
241,24100,'84',4937
241,24101,'85',4938
242,24200,'15',6297
242,24200,'84',4939
242,24201,'85',4940
245,24500,'12',6298
245,24500,'82',4941
245,24501,'83',4942
246,24600,'12',6299
246,24600,'82',4943
246,24601,'83',4944
311,31100,'15',6300
311,31100,'84',4945
311,31101,'85',4946
319,31900,'13',6301,6302
319,31901,'14',6303
325,32500,'12',6304
325,32500,'82',4947
325,32501,'83',4948
345,34500,'12',6305
345,34500,'82',4949
345,34501,'83',4950
350,35000,'13',6306
350,35000,'71',4951
350,35001,'71',4952
351,35100,'15',6307
351,35100,'84',4953
351,35101,'85',4954
355,35500,'12',6308
355,35500,'82',4955
355,35501,'83',4956
375,37500,'12',6309
375,37500,'82',4957
375,37501,'83',4958
380,38000,'1',6310,6311,6312
380,38000,'71',4959,4960,4961
380,38001,'1',6313,6314,6315
380,38001,'71',4962,4963,4964
381,38100,'15',6316
381,38100,'84',4965
381,38101,'85',4966
385,38500,'12',6317
385,38500,'82',4967
385,38501,'83',4968
399,39900,'13',6318
399,39901,'14',6319
10011,1001101,'1',6320,6321,6322,6323,6324,6325,6326,6327,6328,6329,6330,6331,6332,6333,6334,6335,6336,6337,6338,6339,6340,6341,6342,6343,6344,6345,6346,6347,6348,6349,6350
10011,1001101,'2',6351,6352,6353,6354,6355,6356,6357,6358,6359,6360,6361,6362,6363,6364,6365,6366,6367
10011,1001101,'3',6368,6369,6370,6371,6372,6373,6374,6375,6376,6377
10011,1001101,'71',4969,4970,4971,4972,4973,4974,4975,4976,4977,4978,4979,4980,4981,4982,4983,4984,4985,4986,4987,4988,4989,4990,4991,4992,4993,4994,4995,4996,4997,4998,4999
10011,1001101,'72',5000,5001,5002,5003,5004,5005,5006,5007,5008,5009,5010,5011,5012,5013,5014,5015,5016
10011,1001101,'73',5017,5018,5019,5020,5021,5022,5023,5024,5025,5026
50023,5002300,'1',6378,6379,6380
50023,5002300,'71',5027,5028,5029
50023,5002301,'1',6381,6382
50023,5002301,'71',5030,5031,5032
50024,5002400,'1',6383,6384
50024,5002400,'71',5033,5034
50024,5002401,'1',6385,6386
50024,5002401,'71',5035,5036,5037
50034,5003400,'1',6387,6388
50034,5003400,'71',5038,5039
50034,5003401,'1',6389
50034,5003401,'71',5040
50036,5003600,'1',6390,6391
50036,5003600,'71',5041,5042
50036,5003601,'1',6392,6393
50036,5003601,'71',5043,5044,5045
50037,5003700,'1',6394,6395
50037,5003700,'71',5046,5047,5048
50037,5003701,'1',6396
50037,5003701,'71',5049,5050
50037,5003701,'81',5051
50038,5003801,'1',6397,6398
50038,5003801,'71',5052,5053
50042,5004200,'11',6399
50042,5004200,'81',5054
50043,5004300,'11',6400,6401
50043,5004300,'81',5055,5056
50043,5004301,'11',6402,6403,6404
50043,5004301,'81',5057,5058,5059
9052117,905211700,'24',6405,6406,6407,6408,6409,6410,6411,6412,6413,6414,6415,6416,6417
9052117,905211700,'25',6418,6419,6420,6421,6422,6423,6424,6425,6426,6427,6428,6429,6430
9052117,905211700,'26',6431,6432,6433,6434,6435,6436,6437,6438,6439,6440,6441,6442,6443
9052117,905211701,'24',6444,6445,6446,6447,6448,6449,6450,6451,6452,6453,6454,6455,6456,6457,6458
9052117,905211701,'25',6459,6460,6461,6462,6463,6464,6465,6466,6467,6468,6469,6470,6471,6472,6473
9052117,905211701,'26',6474,6475,6476,6477,6478,6479,6480,6481,6482,6483,6484,6485,6486,6487,6488
9052317,905231701,'27',6489,6490,6491,6492,6493,6494,6495
9052317,905231701,'28',6496,6497,6498,6499,6500,6501,6502
9052317,905231701,'29',6503,6504,6505,6506,6507,6508,6509
9052517,905251700,'24',6510,6511,6512,6513,6514,6515,6516,6517,6518,6519,6520,6521,6522
9052517,905251700,'25',6523,6524,6525,6526,6527,6528,6529,6530,6531,6532,6533,6534,6535
9052517,905251700,'26',6536,6537,6538,6539,6540,6541,6542,6543,6544,6545,6546,6547,6548
9052517,905251701,'24',6549,6550,6551,6552,6553,6554,6555,6556,6557,6558,6559,6560,6561,6562,6563
9052517,905251701,'25',6564,6565,6566,6567,6568,6569,6570,6571,6572,6573,6574,6575,6576,6577,6578
9052517,905251701,'26',6579,6580,6581,6582,6583,6584,6585,6586,6587,6588,6589,6590,6591,6592,6593
9052717,905271700,'20',6594,6595,6596,6597,6598,6599,6600,6601,6602,6603,6604,6605,6606,6607,6608,6609,6610,6611,6612,6613,6614,6615
9052717,905271700,'21',6616,6617,6618,6619,6620,6621,6622,6623,6624,6625,6626,6627
9052717,905271700,'22',6628,6629,6630,6631,6632,6633,6634,6635,6636,6637,6638,6639,6640,6641,6642,6643,6644,6645,6646,6647,6648,6649,6650,6651,6652,6653,6654,6655,6656,6657,6658,6659,6660,6661
9052717,905271700,'23',6662,6663,6664,6665,6666,6667,6668,6669,6670,6671,6672,6673,6674,6675,6676,6677,6678,6679,6680,6681,6682,6683,6684
9052717,905271700,'30',6685,6686,6687,6688,6689,6690,6691,6692,6693,6694,6695,6696,6697,6698
9052717,905271700,'31',6699,6700,6701,6702,6703,6704,6705,6706,6707,6708,6709,6710,6711,6712
9052717,905271700,'32',6713,6714,6715,6716,6717,6718,6719,6720,6721,6722,6723,6724,6725,6726,6727,6728,6729,6730,6731,6732,6733,6734,6735,6736,6737,6738,6739,6740,6741,6742,6743,6744,6745,6746
9052717,905271700,'33',6747,6748,6749,6750,6751,6752,6753,6754,6755,6756,6757,6758,6759,6760,6761,6762,6763,6764,6765,6766,6767,6768,6769,6770,6771,6772,6773,6774
9052717,905271701,'20',6775,6776,6777,6778,6779,6780,6781,6782,6783,6784,6785,6786,6787,6788,6789,6790,6791,6792,6793,6794,6795,6796,6797
9052717,905271701,'21',6798,6799,6800,6801,6802,6803,6804,6805,6806,6807,6808,6809
9052717,905271701,'22',6810,6811,6812,6813,6814,6815,6816,6817,6818,6819,6820,6821,6822,6823,6824,6825,6826,6827,6828,6829,6830,6831,6832,6833,6834,6835,6836,6837,6838,6839,6840,6841,6842,6843,6844
9052717,905271701,'23',6845,6846,6847,6848,6849,6850,6851,6852,6853,6854,6855,6856,6857,6858,6859,6860,6861,6862,6863,6864,6865,6866,6867
9052717,905271701,'30',6868,6869,6870,6871,6872,6873,6874,6875,6876,6877,6878,6879,6880,6881,6882,6883
9052717,905271701,'31',6884,6885,6886,6887,6888,6889,6890,6891,6892,6893,6894,6895,6896,6897,6898,6899
9052717,905271701,'32',6900,6901,6902,6903,6904,6905,6906,6907,6908,6909,6910,6911,6912,6913,6914,6915,6916,6917,6918,6919,6920,6921,6922,6923,6924,6925,6926,6927,6928,6929,6930,6931,6932,6933,6934
9052717,905271701,'33',6935,6936,6937,6938,6939,6940,6941,6942,6943,6944,6945,6946,6947,6948,6949,6950,6951,6952,6953,6954,6955,6956,6957,6958,6959,6960,6961,6962
9052917,905291700,'24',6963,6964,6965,6966,6967,6968,6969,6970,6971,6972,6973,6974,6975,6976,6977,6978
9052917,905291700,'25',6979,6980,6981,6982,6983,6984,6985,6986,6987,6988,6989,6990,6991,6992,6993,6994
9052917,905291700,'26',6995,6996,6997,6998,6999,7000,7001,7002,7003,7004,7005,7006,7007,7008,7009,7010
9052917,905291701,'24',7011,7012,7013,7014,7015,7016,7017,7018,7019,7020,7021,7022,7023,7024,7025
9052917,905291701,'25',7026,7027,7028,7029,7030,7031,7032,7033,7034,7035,7036,7037,7038,7039,7040
9052917,905291701,'26',7041,7042,7043,7044,7045,7046,7047,7048,7049,7050,7051,7052,7053,7054,7055
9053117,905311700,'24',7056,7057,7058,7059,7060,7061,7062,7063,7064,7065,7066,7067,7068
9053117,905311700,'25',7069,7070,7071,7072,7073,7074,7075,7076,7077,7078,7079,7080,7081
9053117,905311700,'26',7082,7083,7084,7085,7086,7087,7088,7089,7090,7091,7092,7093,7094
9053117,905311701,'24',7095,7096,7097,7098,7099,7100,7101,7102,7103,7104,7105,7106,7107,7108,7109
9053117,905311701,'25',7110,7111,7112,7113,7114,7115,7116,7117,7118,7119,7120,7121,7122,7123,7124
9053117,905311701,'26',7125,7126,7127,7128,7129,7130,7131,7132,7133,7134,7135,7136,7137,7138,7139
12000001,1200000100,'1',7140,7141,7142,7143,7144,7145,7146,7147
12000001,1200000100,'71',5060,5061,5062,5063,5064,5065,5066,5067,5068
12000001,1200000101,'1',7148,7149,7150,7151
12000001,1200000101,'71',5069,5070,5071,5072
12000002,1200000200,'1',7152,7153,7154,7155,7156,7157,7158,7159,7160,7161,7162,7163,7164,7165,7166,7167,7168,7169,7170,7171,7172,7173,7174,7175,7176,7177,7178,7179,7180,7181,7182,7183,7184,7185,7186,7187,7188,7189,7190,7191,7192,7193,7194,7195,7196,7197,7198,7199,7200,7201
12000002,1200000200,'2',7202,7203,7204,7205,7206,7207,7208,7209,7210,7211,7212,7213,7214,7215,7216,7217,7218,7219,7220,7221,7222,7223,7224,7225,7226,7227,7228,7229,7230,7231,7232,7233,7234
12000002,1200000200,'3',7235,7236,7237,7238,7239,7240,7241,7242,7243,7244,7245,7246,7247,7248,7249,7250,7251,7252,7253,7254,7255,7256,7257,7258,7259,7260,7261
12000002,1200000200,'71',5073,5074,5075,5076,5077,5078,5079,5080,5081,5082,5083,5084,5085,5086,5087,5088,5089,5090,5091,5092,5093,5094,5095,5096,5097,5098,5099,5100,5101,5102,5103,5104,5105,5106,5107,5108,5109,5110,5111,5112,5113,5114,5115,5116,5117,5118,5119,5120,5121,5122,5123,5124,5125,5126,5127,5128,5129,5130,5131,5132,5133,5134,5135,5136,5137
12000002,1200000200,'72',5138,5139,5140,5141,5142,5143,5144,5145,5146,5147,5148,5149,5150,5151,5152,5153,5154,5155,5156,5157,5158,5159,5160,5161,5162,5163,5164,5165,5166,5167,5168,5169,5170
12000002,1200000200,'73',5171,5172,5173,5174,5175,5176,5177,5178,5179,5180,5181,5182,5183,5184,5185,5186,5187,5188,5189,5190,5191,5192,5193,5194,5195,5196,5197
12000002,1200000200,'89',5198,5199,5200
12000002,1200000201,'1',7262,7263,7264,7265,7266,7267,7268,7269,7270,7271,7272,7273,7274,7275,7276,7277,7278,7279,7280,7281,7282,7283,7284,7285,7286,7287,7288,7289,7290,7291,7292,7293,7294,7295,7296,7297,7298,7299,7300,7301,7302,7303,7304,7305,7306,7307,7308,7309,7310,7311,7312,7313,7314,7315,7316
12000002,1200000201,'14',7317
12000002,1200000201,'2',7318,7319,7320,7321,7322,7323,7324,7325,7326,7327,7328,7329,7330,7331,7332,7333,7334,7335,7336,7337,7338,7339,7340,7341,7342,7343,7344,7345,7346,7347,7348,7349,7350,7351,7352,7353,7354
12000002,1200000201,'27',7355,7356,7357,7358,7359,7360,7361
12000002,1200000201,'28',7362,7363,7364,7365,7366,7367,7368
12000002,1200000201,'29',7369,7370,7371,7372,7373,7374,7375
12000002,1200000201,'3',7376,7377,7378,7379,7380,7381,7382,7383,7384,7385,7386,7387,7388,7389,7390,7391,7392,7393,7394,7395,7396,7397,7398,7399,7400,7401,7402,7403,7404,7405,7406
12000002,1200000201,'71',5201,5202,5203,5204,5205,5206,5207,5208,5209,5210,5211,5212,5213,5214,5215,5216,5217,5218,5219,5220,5221,5222,5223,5224,5225,5226,5227,5228,5229,5230,5231,5232,5233,5234,5235,5236,5237,5238,5239,5240,5241,5242,5243,5244,5245,5246,5247,5248,5249,5250,5251,5252,5253,5254,5255,5256,5257,5258,5259,5260,5261,5262,5263,5264,5265,5266,5267,5268,5269,5270
12000002,1200000201,'72',5271,5272,5273,5274,5275,5276,5277,5278,5279,5280,5281,5282,5283,5284,5285,5286,5287,5288,5289,5290,5291,5292,5293,5294,5295,5296,5297,5298,5299,5300,5301,5302,5303,5304,5305,5306,5307
12000002,1200000201,'73',5308,5309,5310,5311,5312,5313,5314,5315,5316,5317,5318,5319,5320,5321,5322,5323,5324,5325,5326,5327,5328,5329,5330,5331,5332,5333,5334,5335,5336,5337,5338
12000002,1200000201,'81',5339,5340,5341
12000002,1200000201,'89',5342,5343,5344,5345,5346
12000003,1200000300,'1',7407,7408,7409,7410,7411,7412,7413,7414,7415,7416,7417,7418,7419,7420,7421,7422,7423,7424,7425,7426,7427,7428,7429,7430,7431,7432,7433,7434,7435,7436,7437,7438,7439,7440,7441,7442,7443,7444,7445,7446,7447,7448,7449
12000003,1200000300,'2',7450,7451,7452,7453,7454,7455,7456,7457,7458,7459,7460,7461,7462,7463,7464,7465,7466,7467,7468,7469,7470,7471,7472,7473,7474,7475,7476,7477,7478,7479
12000003,1200000300,'3',7480,7481,7482,7483,7484,7485,7486,7487,7488,7489,7490,7491,7492,7493,7494,7495,7496,7497,7498,7499,7500,7501,7502,7503,7504,7505
12000003,1200000300,'71',5347,5348,5349,5350,5351,5352,5353,5354,5355,5356,5357,5358,5359,5360,5361,5362,5363,5364,5365,5366,5367,5368,5369,5370,5371,5372,5373,5374,5375,5376,5377,5378,5379,5380,5381,5382,5383,5384,5385,5386,5387,5388,5389,5390,5391,5392,5393,5394,5395,5396,5397
12000003,1200000300,'72',5398,5399,5400,5401,5402,5403,5404,5405,5406,5407,5408,5409,5410,5411,5412,5413,5414,5415,5416,5417,5418,5419,5420,5421,5422,5423,5424,5425,5426,5427
12000003,1200000300,'73',5428,5429,5430,5431,5432,5433,5434,5435,5436,5437,5438,5439,5440,5441,5442,5443,5444,5445,5446,5447,5448,5449,5450,5451,5452,5453
12000003,1200000301,'1',7506,7507,7508,7509,7510,7511,7512,7513,7514,7515,7516,7517,7518,7519,7520,7521,7522,7523,7524,7525,7526,7527,7528,7529,7530,7531,7532,7533,7534,7535,7536,7537,7538,7539,7540,7541,7542,7543,7544,7545,7546,7547,7548,7549,7550,7551,7552
12000003,1200000301,'2',7553,7554,7555,7556,7557,7558,7559,7560,7561,7562,7563,7564,7565,7566,7567,7568,7569,7570,7571,7572,7573,7574,7575,7576,7577,7578,7579,7580,7581,7582
12000003,1200000301,'27',7583,7584,7585,7586,7587,7588,7589
12000003,1200000301,'28',7590,7591,7592,7593,7594,7595,7596
12000003,1200000301,'29',7597,7598,7599,7600,7601,7602,7603
12000003,1200000301,'3',7604,7605,7606,7607,7608,7609,7610,7611,7612,7613,7614,7615,7616,7617,7618,7619,7620,7621,7622,7623,7624,7625,7626,7627,7628
12000003,1200000301,'71',5454,5455,5456,5457,5458,5459,5460,5461,5462,5463,5464,5465,5466,5467,5468,5469,5470,5471,5472,5473,5474,5475,5476,5477,5478,5479,5480,5481,5482,5483,5484,5485,5486,5487,5488,5489,5490,5491,5492,5493,5494,5495,5496,5497,5498,5499,5500,5501,5502,5503,5504,5505,5506,5507,5508
12000003,1200000301,'72',5509,5510,5511,5512,5513,5514,5515,5516,5517,5518,5519,5520,5521,5522,5523,5524,5525,5526,5527,5528,5529,5530,5531,5532,5533,5534,5535,5536,5537,5538
12000003,1200000301,'73',5539,5540,5541,5542,5543,5544,5545,5546,5547,5548,5549,5550,5551,5552,5553,5554,5555,5556,5557,5558,5559,5560,5561,5562,5563
12000004,1200000400,'1',7629,7630
12000004,1200000400,'71',5564,5565,5566,5567
12000004,1200000401,'1',7631,7632,7633,7634,7635,7636
12000004,1200000401,'71',5568,5569,5570,5571,5572,5573,5574,5575
20000001,2000000100,'1',7637,7638,7639,7640,7641,7642,7643
20000001,2000000100,'71',5576,5577,5578,5579,5580,5581,5582
20000001,2000000101,'1',7644,7645,7646,7647,7648
20000001,2000000101,'71',5583,5584,5585,5586,5587
20000002,2000000200,'1',7649,7650,7651,7652,7653,7654,7655,7656
20000002,2000000200,'12',7657
20000002,2000000200,'71',5588,5589,5590,5591,5592,5593,5594,5595,5596,5597
20000002,2000000201,'1',7658,7659,7660,7661,7662,7663,7664,7665
20000002,2000000201,'12',7666
20000002,2000000201,'71',5598,5599,5600,5601,5602,5603,5604,5605,5606
20000015,2000001500,'2',7667,7668,7669,7670,7671,7672,7673,7674,7675,7676,7677
20000015,2000001500,'3',7678,7679,7680,7681,7682,7683,7684,7685,7686,7687
20000015,2000001500,'72',5607,5608,5609,5610,5611,5612,5613,5614,5615,5616,5617
20000015,2000001500,'73',5618,5619,5620,5621,5622,5623,5624,5625,5626,5627
20000015,2000001501,'2',7688,7689,7690,7691,7692,7693,7694,7695,7696,7697,7698
20000015,2000001501,'3',7699,7700,7701,7702,7703,7704,7705,7706,7707,7708
20000015,2000001501,'72',5628,5629,5630,5631,5632,5633,5634,5635,5636,5637,5638
20000015,2000001501,'73',5639,5640,5641,5642,5643,5644,5645,5646,5647,5648
20000022,2000002200,'1',7709,7710,7711,7712,7713
20000022,2000002200,'71',5649,5650,5651,5652,5653
20000022,2000002201,'1',7714,7715,7716,7717,7718
20000022,2000002201,'71',5654,5655,5656,5657,5658
20000031,2000003101,'2',7719,7720,7721,7722,7723,7724,7725,7726,7727,7728,7729,7730
20000031,2000003101,'3',7731,7732,7733,7734,7735,7736,7737,7738,7739,7740,7741
20000031,2000003101,'72',5659,5660,5661,5662,5663,5664,5665,5666,5667,5668,5669,5670
20000031,2000003101,'73',5671,5672,5673,5674,5675,5676,5677,5678,5679,5680,5681
20000034,2000003400,'2',7742,7743,7744,7745,7746,7747,7748,7749,7750,7751,7752,7753,7754,7755,7756
20000034,2000003400,'3',7757,7758,7759,7760,7761,7762,7763,7764,7765,7766,7767,7768,7769,7770
20000034,2000003400,'72',5682,5683,5684,5685,5686,5687,5688,5689,5690,5691,5692,5693,5694,5695,5696
20000034,2000003400,'73',5697,5698,5699,5700,5701,5702,5703,5704,5705,5706,5707,5708,5709,5710
20000034,2000003401,'2',7771,7772,7773,7774,7775,7776,7777,7778,7779,7780,7781,7782,7783,7784,7785
20000034,2000003401,'3',7786,7787,7788,7789,7790,7791,7792,7793,7794,7795,7796,7797,7798,7799
20000034,2000003401,'72',5711,5712,5713,5714,5715,5716,5717,5718,5719,5720,5721,5722,5723,5724,5725
20000034,2000003401,'73',5726,5727,5728,5729,5730,5731,5732,5733,5734,5735,5736,5737,5738,5739
20000065,2000006500,'1',7800,7801
20000065,2000006500,'71',5740,5741
20000065,2000006501,'1',7802,7803,7804
20000065,2000006501,'71',5742,5743,5744
20000066,2000006600,'1',7805
20000066,2000006600,'71',5745
20000066,2000006601,'1',7806,7807
20000066,2000006601,'71',5746,5747
