2200,'1',559,,5864,10,,,2,67,,5873,48,,,2,22,,5865,10,,,2,70,,5877,10,,,2,26,,5879,48,,,2,83,,5878,10,,,2,89,,5874,10,,,2,109,,5866,10,,,2,100,,5867,10,,,2,100,,5868,10,,,2,100,,5870,10,,,2,102,,5871,10,,,2
2200,'71',559,,4456,10,,,2,67,,4471,48,,,2,22,,4457,10,,,2,70,,4472,10,,,2,26,,4474,48,,,2,83,,4473,10,0,14 1 15,2,89,,4458,10,,,2,35,,4460,10,,,2,72,,4459,10,,,2,32,,4461,10,,,2,70,,4465,10,,,2,30,,4462,10,,,2,71,,4466,10,,,2,30,,4463,10,,,2,70,,4475,10,,,2,30,,4464,10,,,2,69,,4476,10,,,2,34,,4469,10,,,2
2201,'1',1529,,5900,40,,,2,80,,5891,40,,,2,96,,5888,40,,,2,30,,5895,40,,,2,70,,5889,40,,,2,29,,5896,40,,,2,67,,5901,40,,,2,24,,5897,40,,,2
2201,'14',1705,,5903,44,,,2
2201,'71',1529,,4491,42,,,2,25,,4493,42,,,2,55,,4500,42,,,2,91,,4501,46,,,2,31,,4502,42,,,2,74,,4492,42,,,2,31,,4503,42,,,2,65,,4505,42,,,2,24,,4504,42,,,2
2201,'88',1700,,4506,46,,,2
22100,'15',707,,6288,10,,,2
22100,'84',707,,4923,10,,,2
22101,'85',1544,,4924,38,,,2
22500,'12',815,,6290,24,,,2
22500,'82',815,,4927,24,,,2
22501,'83',1653,,4928,16,,,2
22900,'13',843,,6291,10,,,2
22900,'87',843,,4929,10,,,2
22901,'14',1642,,6292,17,,,2
22901,'88',1642,,4930,17,,,2
