3400,'1',613,,6032,20,,,2,114,,6033,22,,,2,79,,6031,20,,,2,753,,6037,20,,,2,143,,6034,22,,,2,28,,6035,22,,,2,92,,6036,22,,,2
3400,'13',841,,6038,22,0,24 1 15,2
3400,'71',613,,4634,20,,,2,114,,4635,22,,,2,77,,4636,20,,,2,37,,4633,22,0,24 1 15,2,677,,4637,11,,,2,41,,4638,20,,,2,90,,4639,22,,,2,82,,4640,22,,,2,89,,4641,22,,,2
34501,'83',1638,,4950,39,,,2
5003400,'1',637,,6388,20,,,2,22,,6387,20,,,2
5003400,'71',637,,5039,20,,,2,21,,5038,20,,,2
2000003400,'2',721,,7742,20,,,2,85,,7743,22,,,2,46,,7744,22,,,2,85,,7745,22,,,2,87,,7746,22,,,2,86,,7747,22,,,2,45,,7748,22,,,2,88,,7749,22,,,2,171,,7750,22,,,2,43,,7751,22,,,2,87,,7752,22,,,2,83,,7753,22,,,2,90,,7754,22,,,2,42,,7755,22,,,2,81,,7756,22,,,2
2000003400,'3',806,,7757,20,,,2,46,,7758,22,,,2,85,,7759,22,,,2,87,,7760,22,,,2,86,,7761,22,,,2,45,,7762,22,,,2,88,,7763,22,,,2,171,,7764,22,,,2,43,,7765,22,,,2,87,,7766,22,,,2,83,,7767,22,,,2,90,,7768,22,,,2,42,,7769,22,,,2,81,,7770,22,,,2
2000003400,'72',721,,5682,20,,,2,85,,5683,22,,,2,45,,5684,22,,,2,85,,5685,22,,,2,85,,5686,22,,,2,86,,5687,22,,,2,45,,5688,22,,,2,85,,5689,22,,,2,174,,5690,22,,,2,41,,5691,22,,,2,92,,5692,22,,,2,78,,5693,22,,,2,93,,5694,22,,,2,38,,5695,22,,,2,87,,5696,22,,,2
2000003400,'73',806,,5697,20,,,2,45,,5698,22,,,2,85,,5699,22,,,2,85,,5700,22,,,2,86,,5701,22,,,2,45,,5702,22,,,2,85,,5703,22,,,2,174,,5704,22,,,2,41,,5705,22,,,2,92,,5706,22,,,2,78,,5707,22,,,2,93,,5708,22,,,2,38,,5709,22,,,2,87,,5710,22,,,2
