3600,'1',613,,6120,5,,,2
3600,'13',843,,6121,5,,,2
3600,'71',612,,4702,5,,,2,138,,4703,5,,,2,90,,4705,5,,,2,167,,4706,5,,,2,100,,4707,5,,,2,100,,4708,5,,,2,101,,4704,5,,,2,99,,4709,5,,,2,100,,4710,5,,,2,300,,4711,5,,,2,98,,4714,5,,,2,53,,4715,5,,,2,96,,4716,5,,,2,104,,4712,5,,,2,98,,4713,5,,,2
3600,'72',723,,4717,5,,,2,101,,4718,5,,,2,100,,4719,5,,,2,100,,4720,5,,,2,101,,4721,5,,,2,107,,4722,5,,,2,101,,4723,5,,,2,101,,4724,5,,,2,101,,4725,5,,,2,98,,4726,5,,,2,93,,4727,5,,,2,94,,4728,5,,,2,97,,4729,5,,,2,113,,4730,5,,,2,96,,4731,5,,,2,99,,4732,5,,,2,92,,4733,5,,,2
3600,'73',824,,4734,5,,,2,100,,4735,5,,,2,100,,4736,5,,,2,101,,4737,5,,,2,107,,4738,5,,,2,101,,4739,5,,,2,101,,4740,5,,,2,101,,4741,5,,,2,98,,4742,5,,,2,93,,4743,5,,,2,94,,4744,5,,,2,97,,4745,5,,,2
3901,'71',1631,,4843,9,,,2,83,,4842,9,,,2,40,,4841,9,,,2
39901,'14',1632,,6319,6,,,2
5003600,'1',648,,6390,5,,,2,64,,6391,5,,,2
5003600,'71',644,,5042,5,,,2,64,,5041,5,,,2
5003601,'71',1607,,5045,17,,,2,45,,5043,17,,,2,64,,5044,17,,,2
