3400,'1',619,,6032,32,,,2,115,,6033,34,,,2,79,,6031,32,,,2,794,,6037,32,,,2,102,,6034,34,,,2,27,,6035,34,,,2,92,,6036,34,,,2
3400,'13',849,,6038,34,0,24 1 15,2
3400,'71',619,,4634,32,,,2,115,,4635,34,,,2,77,,4636,32,,,2,38,,4633,34,0,24 1 15,2,676,,4637,23,,,2,82,,4638,32,,,2,49,,4639,34,,,2,81,,4640,34,,,2,89,,4641,34,,,2
22100,'15',728,,6288,30,,,2
22100,'84',728,,4923,30,,,2
22200,'15',728,,6289,26,,,2
22200,'84',728,,4925,26,,,2
23100,'15',735,,6293,63,,,2
23100,'84',735,,4931,63,,,2
23200,'84',726,,4933,22,,,2
35500,'82',819,,4955,32,,,2
5003701,'1',1714,,6396,14,,,2
5003701,'71',1604,,5050,14,,,2,110,,5049,14,,,2
5003701,'81',1827,,5051,14,,,2
5003801,'1',1648,,6398,14,,,2,91,,6397,14,,,2
5003801,'71',1648,,5053,14,,,2,91,,5052,14,,,2
1200000100,'1',628,,7141,47,,,1,30,,7142,47,,,1,60,,7143,47,,,1,30,,7146,47,0,16 1 17,1,70,,7144,47,,,1
1200000100,'71',628,,5061,47,,,1,30,,5062,47,,,1,60,,5063,47,,,1,30,,5066,47,0,16 1 17,1,70,,5064,47,,,1
1200000201,'1',606,,7262,2,,,1,36,,7265,14,,,1,15,,7264,14,,,1,59,,7269,14,,,1,23,,7271,14,,,1,20,,7273,14,,,1,60,,7276,14,,,1,16,,7277,14,,,1,16,,7263,14,,,1,54,,7280,14,,,1,14,,7268,14,,,1,11,,7266,14,,,1,12,,7275,14,,,1,12,,7281,14,,,1,54,,7278,14,,,1,17,,7282,14,,,1,30,,7284,14,,,1,69,,7286,14,,,1,30,,7267,14,,,1,72,,7287,14,,,1,30,,7283,14,,,1,70,,7285,14,,,1,31,,7289,14,,,1,70,,7290,14,,,1,29,,7288,14,,,1,77,,7292,14,,,1,26,,7294,14,,,1,58,,7297,14,,,1,18,,7295,14,,,1,17,,7296,14,,,1,52,,7293,14,,,1,12,,7298,14,,,1,13,,7299,14,,,1,14,,7301,14,,,1,14,,7291,14,,,1,49,,7304,14,,,1,13,,7305,14,,,1,13,,7308,14,,,1,12,,7309,14,,,1,13,,7303,14,,,1,64,,7302,14,,,1,26,,7300,14,,,1,59,,7310,14,,,1,30,,7311,14,,,1,72,,7306,14,,,1,35,,7313,14,,,1,69,,7315,14,,,1,31,,7312,14,,,1,68,,7307,14,,,1,31,,7314,14,,,1,86,,7316,14,,,1
1200000201,'14',1636,,7317,8,,,1
1200000201,'2',637,,7321,2,,,1,79,,7318,14,,,1,30,,7326,14,,,1,70,,7324,14,,,1,31,,7322,14,,,1,71,,7328,14,,,1,31,,7319,14,,,1,71,,7327,14,,,1,31,,7325,14,,,1,71,,7330,14,,,1,30,,7329,14,,,1,71,,7320,14,,,1,32,,7332,14,,,1,71,,7334,14,,,1,30,,7331,14,,,1,70,,7336,14,,,1,31,,7337,14,,,1,70,,7333,14,,,1,29,,7335,14,,,1,71,,7339,14,,,1,32,,7341,14,,,1,70,,7338,14,,,1,28,,7343,14,,,1,69,,7344,14,,,1,26,,7340,14,,,1,65,,7342,14,,,1,28,,7348,14,,,1,69,,7347,14,,,1,31,,7345,14,,,1,67,,7349,14,,,1,28,,7351,14,,,1,70,,7350,14,,,1,30,,7353,14,,,1,70,,7346,14,,,1,29,,7352,14,,,1,89,,7354,14,,,1
1200000201,'27',2224,,7355,7,,,1,30,,7358,7,,,1,70,,7356,7,,,1,83,,7359,7,,,1,28,,7361,7,,,1,70,,7357,7,,,1,30,,7360,7,,,1
1200000201,'28',2224,,7362,7,,,1,30,,7365,7,,,1,70,,7363,7,,,1,83,,7366,7,,,1,28,,7368,7,,,1,70,,7364,7,,,1,30,,7367,7,,,1
1200000201,'29',2224,,7369,7,,,1,30,,7372,7,,,1,70,,7370,7,,,1,83,,7373,7,,,1,28,,7375,7,,,1,70,,7371,7,,,1,30,,7374,7,,,1
1200000201,'3',816,,7377,14,,,1,31,,7379,14,,,1,71,,7381,14,,,1,31,,7383,14,,,1,71,,7384,14,,,1,31,,7388,14,,,1,71,,7386,14,,,1,30,,7390,14,,,1,71,,7387,14,,,1,32,,7385,14,,,1,71,,7389,14,,,1,30,,7392,14,,,1,70,,7391,14,,,1,31,,7393,14,,,1,70,,7395,14,,,1,29,,7397,14,,,1,71,,7400,14,,,1,32,,7402,14,,,1,70,,7394,14,,,1,28,,7396,14,,,1,69,,7398,14,,,1,26,,7401,14,,,1,65,,7403,14,,,1,28,,7405,14,,,1,69,,7404,14,,,1,31,,7399,14,,,1,67,,7406,14,,,1
1200000201,'71',606,,5201,2,,,1,35,,5205,14,,,1,15,,5204,14,,,1,59,,5208,14,,,1,10,,5214,14,,,1,15,,5203,14,,,1,15,,5213,14,,,1,59,,5207,14,,,1,18,,5218,14,,,1,15,,5202,14,,,1,54,,5221,14,,,1,14,,5206,14,,,1,12,,5223,14,,,1,12,,5216,14,,,1,12,,5224,14,,,1,55,,5209,14,,,1,12,,5225,14,,,1,17,,5217,14,,,1,18,,5219,14,,,1,54,,5226,14,,,1,15,,5222,14,,,1,15,,5228,14,,,1,15,,5229,14,,,1,55,,5230,14,,,1,17,,5232,14,,,1,15,,5233,14,,,1,15,,5235,14,,,1,55,,5236,14,,,1,15,,5237,14,,,1,16,,5227,14,,,1,15,,5239,14,,,1,55,,5240,14,,,1,15,,5241,14,,,1,14,,5231,14,,,1,15,,5238,14,,,1,57,,5234,14,,,1,27,,5242,14,,,1,19,,5243,14,,,1,58,,5244,14,,,1,16,,5245,14,,,1,6,,5253,2,,,1,14,,5246,14,,,1,49,,5247,14,,,1,13,,5249,14,,,1,12,,5251,14,,,1,15,,5254,14,,,1,13,,5255,14,,,1,49,,5256,14,,,1,13,,5259,14,,,1,17,,5260,14,,,1,9,,5257,14,,,1,12,,5258,14,,,1,53,,5250,14,,,1,12,,5248,14,,,1,14,,5261,14,,,1,14,,5252,14,,,1,60,,5262,14,,,1,30,,5263,14,,,1,72,,5265,14,,,1,35,,5267,14,,,1,69,,5269,14,,,1,31,,5264,14,,,1,67,,5266,14,,,1,31,,5268,14,,,1,86,,5270,14,,,1
1200000201,'72',703,,5272,14,,,1,31,,5271,14,,,1,70,,5273,14,,,1,31,,5279,14,,,1,70,,5284,14,,,1,32,,5277,14,,,1,72,,5276,14,,,1,29,,5282,14,,,1,70,,5283,14,,,1,31,,5285,14,,,1,69,,5274,14,,,1,31,,5280,14,,,1,70,,5278,14,,,1,30,,5286,14,,,1,72,,5287,14,,,1,29,,5289,14,,,1,73,,5288,14,,,1,29,,5291,14,,,1,69,,5292,14,,,1,33,,5293,14,,,1,71,,5294,14,,,1,27,,5295,14,,,1,68,,5290,14,,,1,30,,5297,14,,,1,66,,5296,14,,,1,39,,5300,14,,,1,69,,5302,14,,,1,31,,5298,14,,,1,67,,5304,14,,,1,28,,5305,14,,,1,70,,5301,14,,,1,30,,5303,14,,,1,69,,5299,14,,,1,29,,5306,14,,,1,90,,5307,14,,,1
1200000201,'73',804,,5308,14,,,1,31,,5311,14,,,1,70,,5315,14,,,1,32,,5318,14,,,1,72,,5310,14,,,1,29,,5314,14,,,1,70,,5317,14,,,1,31,,5320,14,,,1,69,,5321,14,,,1,31,,5312,14,,,1,70,,5322,14,,,1,30,,5324,14,,,1,72,,5323,14,,,1,29,,5326,14,,,1,73,,5325,14,,,1,29,,5328,14,,,1,69,,5329,14,,,1,33,,5330,14,,,1,71,,5331,14,,,1,27,,5333,14,,,1,68,,5327,14,,,1,30,,5336,14,,,1,66,,5334,14,,,1,39,,5338,14,,,1,69,,5332,14,,,1,31,,5337,14,,,1,67,,5335,14,,,1
1200000201,'81',649,,5339,2,,,1,55,,5340,2,,,1,819,,5341,14,,,1
1200000201,'89',1605,,5345,14,,,1,15,,5346,14,,,1
1200000401,'1',1658,,7635,14,,,1,64,,7633,14,,,1
1200000401,'71',1654,,5572,14,,,1,68,,5571,14,,,1,22,,5575,14,,,1
2000003400,'2',728,,7742,32,,,2,85,,7743,34,,,2,46,,7744,34,,,2,85,,7745,34,,,2,87,,7746,34,,,2,86,,7747,34,,,2,85,,7748,34,,,2,48,,7749,34,,,2,171,,7750,34,,,2,83,,7751,34,,,2,47,,7752,34,,,2,83,,7753,34,,,2,90,,7754,34,,,2,82,,7755,34,,,2,41,,7756,34,,,2
2000003400,'3',813,,7757,32,,,2,46,,7758,34,,,2,85,,7759,34,,,2,87,,7760,34,,,2,86,,7761,34,,,2,85,,7762,34,,,2,48,,7763,34,,,2,171,,7764,34,,,2,83,,7765,34,,,2,47,,7766,34,,,2,83,,7767,34,,,2,90,,7768,34,,,2,82,,7769,34,,,2,41,,7770,34,,,2
2000003400,'72',728,,5682,32,,,2,85,,5683,34,,,2,45,,5684,34,,,2,85,,5685,34,,,2,85,,5686,34,,,2,86,,5687,34,,,2,45,,5688,34,,,2,85,,5689,34,,,2,174,,5690,34,,,2,41,,5691,34,,,2,92,,5692,34,,,2,78,,5693,34,,,2,93,,5694,34,,,2,78,,5695,34,,,2,47,,5696,34,,,2
2000003400,'73',813,,5697,32,,,2,45,,5698,34,,,2,85,,5699,34,,,2,85,,5700,34,,,2,86,,5701,34,,,2,45,,5702,34,,,2,85,,5703,34,,,2,174,,5704,34,,,2,41,,5705,34,,,2,92,,5706,34,,,2,78,,5707,34,,,2,93,,5708,34,,,2,78,,5709,34,,,2,47,,5710,34,,,2
