3101,'1',633,,6013,20,0,8 1 32,2,72,,6011,20,0,8 1 32,2,104,,6015,20,0,8 1 32,2,105,,6016,20,0,8 1 32,2,99,,6017,20,0,8 1 32,2,100,,6018,20,0,8 1 32,2,106,,6019,20,0,8 1 32,2,102,,6020,20,0,8 1 32,2,101,,6021,20,0,8 1 32,2,100,,6022,20,0,8 1 32,2,97,,6023,20,0,8 1 32,2,31,,6026,20,0,8 1 32,2,71,,6027,20,0,8 1 32,2,31,,6024,20,0,8 1 32,2,73,,6028,20,0,8 1 32,2,24,,6025,20,0,8 1 32,2,76,,6029,20,0,8 1 32,2,290,,6030,20,0,8,2
31101,'85',1531,,4946,29,,,2
38101,'85',1537,,4966,36,,,2
38501,'83',1700,,4968,30,,,2
5003700,'1',636,,6395,20,,,2,76,,6394,20,,,2
5003700,'71',614,,5046,20,,,2,24,,5047,20,,,2,74,,5048,20,,,2
5003701,'1',1737,,6396,42,,,2
5003701,'71',1633,,5050,42,,,2,106,,5049,42,,,2
5003701,'81',1852,,5051,42,,,2
2000003101,'2',741,,7720,20,0,8 1 32,2,101,,7721,20,0,8 1 32,2,101,,7722,20,0,8 1 32,2,101,,7723,20,0,8 1 32,2,101,,7724,20,0,8 1 32,2,101,,7725,20,0,8 1 32,2,255,,7726,20,0,8 1 32,2,101,,7727,20,0,8 1 32,2,101,,7728,20,0,8 1 32,2,56,,7729,20,0,8 1 32,2,90,,7730,20,0,8,2
2000003101,'3',842,,7732,20,0,8 1 32,2,101,,7733,20,0,8 1 32,2,101,,7734,20,0,8 1 32,2,101,,7735,20,0,8 1 32,2,101,,7736,20,0,8 1 32,2,255,,7737,20,0,8 1 32,2,101,,7738,20,0,8 1 32,2,101,,7739,20,0,8 1 32,2,56,,7740,20,0,8 1 32,2,90,,7741,20,0,8,2
