2301,'1',1202,,5958,30,,,2,31,,5959,30,,,2,70,,5961,30,,,2,30,,5960,30,,,2,70,,5962,30,,,2,31,,5963,30,,,2,71,,5966,30,,,2,51,,5964,30,,,2,68,,5967,30,,,2,76,,5965,30,,,2,101,,5968,30,,,2,26,,5975,30,,,2,77,,5969,30,,,2,102,,5970,30,,,2,50,,5971,30,,,2,154,,5972,30,,,2
2301,'2',1219,,5985,30,,,2,101,,5986,30,,,2,101,,5987,30,,,2,100,,5988,30,,,2,100,,5989,30,,,2,101,,5990,30,,,2,97,,5991,30,,,2
2301,'3',1219,,5996,30,,,2,101,,5997,30,,,2,101,,5998,30,,,2,100,,5999,30,,,2,100,,6000,30,,,2,101,,6001,30,,,2,97,,6002,30,,,2
2301,'71',1200,,4558,30,,,2,30,,4562,30,,,2,71,,4564,30,,,2,30,,4563,30,,,2,70,,4565,30,,,2,30,,4566,30,,,2,74,,4576,30,,,2,42,,4567,30,,,2,108,,4568,34,,,2,103,,4570,30,,,2,71,,4575,30,,,2,75,,4571,30,,,2,100,,4572,30,,,2,52,,4573,30,,,2,154,,4574,30,,,2
2301,'72',1230,,4584,30,,,2,102,,4585,30,,,2,101,,4586,30,,,2,101,,4587,30,,,2,100,,4588,30,,,2,102,,4589,30,,,2,96,,4590,30,,,2
2301,'73',1230,,4595,30,,,2,102,,4596,30,,,2,101,,4597,30,,,2,101,,4598,30,,,2,100,,4599,30,,,2,102,,4600,30,,,2,96,,4601,30,,,2
23101,'85',1534,,4932,41,,,2
23501,'83',1700,,4936,27,,,2
5002301,'1',1709,,6382,40,,,2,24,,6381,40,,,2
5002301,'71',1623,,5032,40,,,2,86,,5031,40,,,2,24,,5030,40,,,2
