11100,'15',719,,6226,29,,,2
11100,'86',719,,4850,29,,,2
11900,'16',840,,6228,16,,,2
11900,'87',840,,4854,16,,,2
1001101,'1',601,,6322,36,,,1,29,,6326,70,,,1,73,,6323,70,,,1,32,,6327,70,,,1,73,,6324,70,,,1,22,,6320,70,,,1,81,,6325,70,,,1,42,,6328,70,,,1,70,,6329,70,,,1,35,,6333,70,,,1,70,,6330,70,,,1,75,,6334,70,,,1,30,,6331,70,,,1,73,,6335,70,,,1,30,,6332,70,,,1,78,,6336,70,,,1,30,,6338,70,,,1,88,,6337,70,,,1,72,,6339,70,,,1,49,,6341,70,,,1,62,,6340,70,,,1,21,,6344,70,,,1,67,,6342,70,,,1,33,,6345,70,,,1,69,,6343,70,,,1,31,,6346,70,,,1,100,,6347,70,,,1,99,,6348,70,,,1,100,,6349,70,,,1
1001101,'2',733,,6351,36,,,1,99,,6352,70,,,1,103,,6353,70,,,1,101,,6354,70,,,1,99,,6355,70,,,1,100,,6359,70,,,1,100,,6360,70,,,1,101,,6358,70,,,1,100,,6356,70,,,1,99,,6357,70,,,1,102,,6361,70,,,1,97,,6362,70,,,1,100,,6363,70,,,1,99,,6364,70,,,1,100,,6365,70,,,1,100,,6366,70,,,1
1001101,'3',935,,6368,36,,,1,101,,6369,70,,,1,99,,6372,70,,,1,100,,6373,70,,,1,100,,6370,70,,,1,101,,6371,70,,,1,100,,6374,70,,,1,99,,6375,70,,,1,102,,6376,70,,,1,97,,6377,70,,,1
1001101,'71',601,,4969,36,,,1,29,,4973,70,,,1,73,,4970,70,,,1,32,,4974,70,,,1,73,,4971,70,,,1,22,,4976,70,,,1,81,,4972,70,,,1,42,,4978,70,,,1,70,,4975,70,,,1,35,,4979,70,,,1,70,,4982,70,,,1,75,,4980,70,,,1,30,,4983,70,,,1,73,,4981,70,,,1,30,,4984,70,,,1,78,,4986,70,,,1,30,,4985,70,,,1,88,,4987,70,,,1,72,,4989,70,,,1,49,,4988,70,,,1,62,,4990,70,,,1,21,,4993,70,,,1,67,,4991,70,,,1,33,,4994,70,,,1,69,,4992,70,,,1,31,,4995,70,,,1,100,,4996,70,,,1,99,,4997,70,,,1,100,,4998,70,,,1
1001101,'72',733,,5003,36,,,1,99,,5000,70,,,1,103,,5001,70,,,1,101,,5002,70,,,1,99,,5004,70,,,1,100,,5005,70,,,1,100,,5006,70,,,1,101,,5007,70,,,1,100,,5008,70,,,1,99,,5009,70,,,1,102,,5010,70,,,1,97,,5011,70,,,1,100,,5012,70,,,1,99,,5013,70,,,1,100,,5014,70,,,1,100,,5015,70,,,1
1001101,'73',935,,5017,36,,,1,101,,5018,70,,,1,99,,5019,70,,,1,100,,5020,70,,,1,100,,5021,70,,,1,101,,5022,70,,,1,100,,5023,70,,,1,99,,5024,70,,,1,102,,5025,70,,,1,97,,5026,70,,,1
