1300,'1',641,,5808,28,,,2,85,,5806,28,,,2,84,,5807,28,,,2,792,,5809,28,,,2,108,,5811,28,,,2,14,,5810,28,,,2,32,,5813,28,,,2,72,,5812,28,,,2
1300,'16',853,,5815,28,,,2,3,,5814,23,,,2
1300,'71',639,,4398,28,,,2,70,,4400,28,,,2,20,,4399,28,,,2,83,,4401,28,,,2,41,,4397,28,,,2,750,,4402,28,,,2,98,,4405,28,,,2,13,,4403,28,,,2,40,,4406,28,,,2,66,,4404,28,,,2
1300,'87',856,,4407,23,,,2
1501,'1',1533,,5837,17,,,2,79,,5840,17,,,2,21,,5842,17,,,2,78,,5838,17,0,41,2,29,,5841,17,,,2
1501,'71',644,,4438,17,0,41,2,64,,4436,17,0,41,2,33,,4439,17,0,41,2,792,,4443,17,0,41,2,84,,4446,17,0,41,2,16,,4448,17,0,41,2,72,,4450,17,0,41,2,36,,4449,17,0,41,2
1501,'88',1635,,4455,2,0,41,2
1601,'1',644,,5859,17,,,2,64,,5861,17,,,2,31,,5860,17,,,2,174,,5858,17,0,41,2
11900,'16',854,,6228,39,,,2
11900,'87',854,,4854,39,,,2
12900,'16',849,,6232,20,,,2
12900,'87',849,,4862,20,,,2
20001,'71',547,,4888,3,0,14,2,60,,4889,3,0,14,2,7,,4890,3,0,14,2,8,,4891,3,0,14,2,801,,4892,3,,,2,29,,4893,3,,,2,76,,4894,3,0,14,2,308,,4895,3,0,14,2
20001,'72',610,,4896,3,,,2,20,,4897,3,0,14,2,16,,4898,3,,,2
21001,'71',527,,4909,3,,,2,27,,4910,3,,,2,55,,4911,3,,,2,13,,4912,3,,,2,324,,4913,3,,,2,163,,4914,3,,,2,894,,4915,3,,,2
21001,'72',553,,4916,3,,,2,69,,4917,3,,,2,30,,4918,3,,,2,70,,4919,3,,,2
21001,'73',622,,4920,3,,,2,30,,4921,3,,,2,70,,4922,3,,,2
35001,'71',1539,,4952,3,,,2
38001,'71',522,,4962,3,,,2,88,,4963,3,,,2,19,,4964,3,,,2
905231701,'27',2237,,6491,22,4,,2,70,,6494,22,4,,2,30,,6489,22,4,,2,70,,6492,22,4,,2,30,,6490,22,4,,2,70,,6493,22,4,,2,30,,6495,22,4,,2
905231701,'28',2237,,6498,22,4,,2,70,,6501,22,4,,2,30,,6496,22,4,,2,70,,6499,22,4,,2,30,,6497,22,4,,2,70,,6500,22,4,,2,30,,6502,22,4,,2
905231701,'29',2237,,6505,22,4,,2,70,,6508,22,4,,2,30,,6503,22,4,,2,70,,6506,22,4,,2,30,,6504,22,4,,2,70,,6507,22,4,,2,30,,6509,22,4,,2
1200000101,'1',1523,,7148,19,,,1,31,,7149,19,,,1,69,,7150,19,,,1,34,,7151,19,,,1
1200000101,'71',1523,,5070,19,,,1,31,,5071,19,,,1,69,,5069,19,,,1,36,,5072,19,,,1
1200000200,'1',549,,7153,22,,,1,54,,7158,22,,,1,15,,7159,22,,,1,16,,7160,22,,,1,15,,7162,22,,,1,55,,7163,22,,,1,17,,7152,22,,,1,15,,7165,22,,,1,16,,7157,22,,,1,54,,7155,22,,,1,14,,7161,22,,,1,15,,7166,22,,,1,19,,7164,22,,,1,59,,7167,22,,,1,30,,7169,22,,,1,69,,7171,22,,,1,30,,7156,22,,,1,70,,7172,22,,,1,29,,7168,22,,,1,70,,7170,22,,,1,31,,7174,22,,,1,70,,7175,22,,,1,29,,7173,22,,,1,70,,7177,22,,,1,18,,7179,22,,,1,30,,7180,22,,,1,55,,7181,22,,,1,12,,7178,22,,,1,14,,7182,22,,,1,15,,7183,22,,,1,55,,7185,22,,,1,15,,7176,22,,,1,14,,7188,22,,,1,15,,7189,22,,,1,57,,7192,22,,,1,15,,7193,22,,,1,16,,7187,22,,,1,70,,7186,22,,,1,30,,7184,22,,,1,70,,7190,22,,,1,30,,7196,22,,,1,70,,7197,22,,,1,30,,7199,22,,,1,69,,7200,22,,,1,32,,7194,22,,,1,70,,7191,22,,,1,32,,7198,22,,,1,67,,7201,22,,,1,30,,7195,22,0,14,1
1200000200,'2',712,,7205,22,,,1,30,,7204,22,,,1,70,,7208,22,,,1,30,,7202,22,,,1,70,,7207,22,,,1,30,,7206,22,,,1,70,,7210,22,,,1,30,,7209,22,,,1,70,,7203,22,,,1,30,,7212,22,,,1,70,,7214,22,,,1,29,,7211,22,,,1,70,,7216,22,,,1,30,,7217,22,,,1,71,,7213,22,,,1,30,,7215,22,,,1,70,,7219,22,,,1,30,,7221,22,,,1,70,,7218,22,,,1,30,,7223,22,,,1,70,,7224,22,,,1,31,,7220,22,,,1,69,,7222,22,,,1,29,,7228,22,,,1,70,,7227,22,,,1,31,,7225,22,,,1,69,,7229,22,,,1,29,,7231,22,,,1,70,,7230,22,,,1,30,,7233,22,,,1,70,,7226,22,,,1,30,,7232,22,,,1,70,,7234,22,,,1
1200000200,'3',712,,7235,22,,,1,30,,7236,22,,,1,70,,7237,22,,,1,30,,7238,22,,,1,70,,7239,22,,,1,30,,7243,22,,,1,70,,7241,22,,,1,30,,7245,22,,,1,70,,7242,22,,,1,30,,7240,22,,,1,70,,7244,22,,,1,29,,7247,22,,,1,70,,7246,22,,,1,30,,7248,22,,,1,71,,7250,22,,,1,30,,7252,22,,,1,70,,7255,22,,,1,30,,7257,22,,,1,70,,7249,22,,,1,30,,7251,22,,,1,70,,7253,22,,,1,31,,7256,22,,,1,69,,7258,22,,,1,29,,7260,22,,,1,70,,7259,22,,,1,31,,7254,22,,,1,69,,7261,22,,,1
1200000200,'71',549,,5074,22,,,1,54,,5078,22,,,1,15,,5080,22,,,1,16,,5081,22,,,1,15,,5077,22,,,1,55,,5085,22,,,1,17,,5073,22,,,1,15,,5087,22,,,1,16,,5076,22,,,1,54,,5089,22,,,1,14,,5083,22,,,1,15,,5090,22,,,1,19,,5079,22,,,1,54,,5091,22,,,1,17,,5084,22,,,1,18,,5086,22,,,1,14,,5092,22,,,1,55,,5088,22,,,1,15,,5094,22,,,1,15,,5095,22,,,1,15,,5096,22,,,1,55,,5098,22,,,1,15,,5099,22,,,1,14,,5101,22,,,1,15,,5102,22,,,1,55,,5103,22,,,1,16,,5093,22,,,1,15,,5105,22,,,1,15,,5106,22,,,1,55,,5107,22,,,1,14,,5097,22,,,1,15,,5104,22,,,1,15,,5100,22,,,1,61,,5108,22,,,1,12,,5109,22,,,1,15,,5110,22,,,1,15,,5111,22,,,1,55,,5112,22,,,1,12,,5113,22,,,1,14,,5115,22,,,1,15,,5117,22,,,1,54,,5119,22,,,1,8,,5121,9,,,1,8,,5120,22,,,1,14,,5122,22,,,1,15,,5125,22,,,1,57,,5126,22,,,1,15,,5123,22,,,1,16,,5124,22,,,1,15,,5116,22,,,1,55,,5114,22,,,1,15,,5128,22,,,1,15,,5118,22,,,1,70,,5129,22,,,1,30,,5127,22,,,1,70,,5133,22,,,1,30,,5135,22,,,1,69,,5136,22,,,1,32,,5130,22,,,1,70,,5132,22,,,1,32,,5134,22,,,1,67,,5137,22,,,1,30,,5131,22,0,14,1
1200000200,'72',712,,5139,22,,,1,30,,5142,22,,,1,70,,5143,22,,,1,30,,5144,22,,,1,70,,5138,22,,,1,30,,5141,22,,,1,70,,5140,22,,,1,30,,5145,22,,,1,70,,5146,22,,,1,31,,5148,22,,,1,69,,5147,22,,,1,30,,5150,22,,,1,69,,5151,22,,,1,31,,5152,22,,,1,70,,5153,22,,,1,30,,5154,22,,,1,70,,5149,22,,,1,30,,5156,22,,,1,70,,5155,22,,,1,30,,5159,22,,,1,70,,5158,22,,,1,31,,5161,22,,,1,69,,5162,22,,,1,29,,5163,22,,,1,70,,5165,22,,,1,31,,5157,22,,,1,69,,5167,22,,,1,29,,5168,22,,,1,70,,5164,22,,,1,30,,5166,22,,,1,70,,5160,22,,,1,30,,5169,22,,,1,70,,5170,22,,,1
1200000200,'73',712,,5171,22,,,1,30,,5173,22,,,1,70,,5174,22,,,1,30,,5175,22,,,1,70,,5176,22,,,1,30,,5172,22,,,1,70,,5177,22,,,1,30,,5179,22,,,1,70,,5178,22,,,1,31,,5181,22,,,1,69,,5180,22,,,1,30,,5183,22,,,1,69,,5184,22,,,1,31,,5185,22,,,1,70,,5186,22,,,1,30,,5188,22,,,1,70,,5182,22,,,1,30,,5191,22,,,1,70,,5189,22,,,1,30,,5193,22,,,1,70,,5192,22,,,1,31,,5195,22,,,1,69,,5196,22,,,1,29,,5197,22,,,1,70,,5187,22,,,1,31,,5194,22,,,1,69,,5190,22,,,1
1200000400,'1',642,,7629,24,,,1,15,,7630,24,,,1
1200000400,'71',642,,5565,24,,,1,15,,5566,24,,,1,55,,5567,24,,,1,16,,5564,24,,,1
