1200000101,'1',1624,,1416,95,,,1,32,,1417,95,,,1,67,,1415,95,,,1,31,,1418,95,,,1
1200000101,'3',1624,,1419,95,,,1,32,,1420,95,,,1,67,,1421,95,,,1,31,,1422,95,,,1
1200000101,'4',1624,,1423,95,,,1,32,,1424,95,,,1,67,,1425,95,,,1,31,,1426,95,,,1
1200000301,'1',629,,2134,44,,,1,28,,2139,44,,,1,72,,2133,59,,,1,21,,2136,59,,,1,76,,2143,59,,,1,31,,2142,59,,,1,65,,2145,59,,,1,26,,2137,59,,,1,65,,2148,59,,,1,30,,2147,59,,,1,76,,2146,59,,,1,20,,2150,59,,,1,20,,2152,59,,,1,60,,2149,59,,,1,23,,2154,59,,,1,61,,2156,59,,,1,22,,2158,59,,,1,18,,2151,59,,,1,60,,2153,59,,,1,20,,2159,59,,,1,16,,2155,59,,,1,20,,2157,59,,,1,64,,2161,59,,,1,23,,2162,59,,,1,54,,2163,56,,,1,20,,2164,56,,,1,20,,2160,56,,,1,61,,2173,56,,,1,19,,2169,56,,,1,10,,2172,56,,,1,10,,2166,56,,,1,12,,2165,56,,,1,55,,2175,56,,,1,14,,2174,56,,,1,13,,2168,56,,,1,8,,2170,56,,,1,8,,2176,56,,,1,54,,2167,56,,,1,15,,2171,56,,,1,21,,2177,59,,,1,68,,2178,59,,,1,31,,2183,59,,,1,70,,2184,59,,,1,29,,2179,59,,,1,74,,2185,59,,,1,27,,2180,44,,,1,70,,2186,44,,,1,30,,2181,44,,,1,67,,2187,44,,,1,36,,2182,44,,,1
1200000301,'3',629,,2189,44,,,1,28,,2194,44,,,1,70,,2188,59,,,1,18,,2191,59,,,1,68,,2199,59,,,1,29,,2196,59,,,1,64,,2202,59,,,1,29,,2192,59,,,1,76,,2201,59,,,1,26,,2197,59,,,1,69,,2203,59,,,1,30,,2204,59,,,1,70,,2206,59,,,1,32,,2198,59,,,1,73,,2208,59,,,1,28,,2205,59,,,1,70,,2207,59,,,1,26,,2209,59,,,1,71,,2210,59,,,1,33,,2211,59,,,1,64,,2214,56,,,1,16,,2212,56,,,1,18,,2216,56,,,1,19,,2219,56,,,1,53,,2221,56,,,1,16,,2215,56,,,1,15,,2213,56,,,1,18,,2217,56,,,1,57,,2218,56,,,1,14,,2222,56,,,1,15,,2220,56,,,1,71,,2224,56,,,1,24,,2225,59,,,1,68,,2223,59,,,1,31,,2230,59,,,1,70,,2231,59,,,1,29,,2226,59,,,1,75,,2232,59,,,1,27,,2227,44,,,1,70,,2233,44,,,1,30,,2228,44,,,1,67,,2234,44,,,1,36,,2229,44,,,1
1200000301,'4',629,,2237,44,,,1,28,,2242,44,,,1,72,,2235,59,,,1,18,,2239,59,,,1,69,,2244,59,,,1,36,,2246,59,,,1,57,,2248,59,,,1,30,,2240,59,,,1,73,,2245,59,,,1,25,,2236,59,,,1,70,,2249,59,,,1,30,,2250,59,,,1,70,,2252,59,,,1,33,,2254,59,,,1,72,,2256,59,,,1,28,,2251,59,,,1,70,,2253,59,,,1,26,,2255,59,,,1,71,,2257,59,,,1,34,,2258,59,,,1,11,,2261,56,,,1,56,,2263,56,,,1,20,,2259,56,,,1,20,,2265,56,,,1,61,,2267,56,,,1,12,,2269,56,,,1,12,,2262,56,,,1,13,,2264,56,,,1,56,,2260,56,,,1,15,,2266,56,,,1,13,,2268,56,,,1,8,,2275,56,,,1,7,,2270,56,,,1,71,,2271,56,,,1,23,,2272,59,,,1,68,,2277,59,,,1,31,,2273,59,,,1,70,,2274,59,,,1,29,,2276,59,,,1,75,,2278,59,,,1,27,,2281,44,,,1,70,,2279,44,,,1,30,,2282,44,,,1,67,,2280,44,,,1,36,,2283,44,,,1
1200000301,'6',806,,2287,59,,,1,31,,2286,59,,,1,71,,2290,59,,,1,30,,2291,59,,,1,70,,2284,59,,,1,31,,2285,59,,,1,72,,2289,59,,,1,30,,2288,59,,,1,70,,2292,59,,,1,31,,2293,59,,,1,70,,2295,59,,,1,30,,2294,59,,,1,71,,2297,59,,,1,30,,2298,59,,,1,71,,2299,59,,,1,31,,2300,59,,,1,69,,2301,59,,,1,30,,2296,59,,,1,72,,2303,59,,,1,29,,2302,59,,,1,69,,2305,59,,,1,27,,2304,59,,,1,69,,2309,59,,,1,24,,2306,59,,,1,82,,2307,44,,,1,97,,2308,44,,,1,98,,2310,44,,,1,98,,2311,44,,,1,37,,2312,44,,,1,95,,2313,44,,,1
1200000301,'7',2135,,2314,44,,,1
1200000301,'9',837,,2315,59,,,1,71,,2317,59,,,1,30,,2318,59,,,1,70,,2320,59,,,1,31,,2321,59,,,1,72,,2316,59,,,1,30,,2322,59,,,1,70,,2319,59,,,1,31,,2323,59,,,1,70,,2325,59,,,1,30,,2324,59,,,1,71,,2327,59,,,1,30,,2328,59,,,1,71,,2329,59,,,1,31,,2330,59,,,1,69,,2331,59,,,1,30,,2326,59,,,1,72,,2333,59,,,1,29,,2332,59,,,1,69,,2335,59,,,1,27,,2334,59,,,1,69,,2336,59,,,1,24,,2338,59,,,1,82,,2337,44,,,1
2000002200,'5',610,,2450,13,0,18 19 20,2
