11501,'83',1616,,4853,10,,,2
12501,'83',1611,,4857,10,,,2
12601,'83',1619,,4859,10,,,2
12701,'83',1610,,4861,10,,,2
1001101,'1',608,,6326,28,,,1,33,,6323,28,,,1,71,,6327,28,,,1,33,,6324,28,,,1,63,,6320,28,,,1,41,,6325,28,,,1,83,,6328,28,,,1,70,,6329,28,,,1,35,,6333,28,,,1,70,,6330,28,,,1,35,,6334,28,,,1,70,,6331,28,,,1,33,,6335,28,,,1,70,,6332,28,,,1,37,,6336,28,,,1,70,,6338,28,,,1,88,,6337,28,,,1,31,,6339,28,,,1,85,,6341,28,,,1,25,,6340,28,,,1,63,,6344,28,,,1,27,,6342,28,,,1,74,,6345,28,,,1,29,,6343,28,,,1,71,,6346,28,,,1,100,,6347,28,,,1,99,,6348,28,,,1,100,,6349,28,,,1
1001101,'2',811,,6352,28,,,1,102,,6353,28,,,1,101,,6354,28,,,1,100,,6355,28,,,1,98,,6359,28,,,1,100,,6360,28,,,1,102,,6358,28,,,1,100,,6356,28,,,1,99,,6357,28,,,1,100,,6361,28,,,1,100,,6362,28,,,1,100,,6363,28,,,1,99,,6364,28,,,1,100,,6365,28,,,1,100,,6366,28,,,1
1001101,'3',1014,,6369,28,,,1,100,,6372,28,,,1,98,,6373,28,,,1,100,,6370,28,,,1,102,,6371,28,,,1,100,,6374,28,,,1,99,,6375,28,,,1,100,,6376,28,,,1,100,,6377,28,,,1
1001101,'71',608,,4973,28,,,1,33,,4970,28,,,1,71,,4974,28,,,1,33,,4971,28,,,1,63,,4976,28,,,1,41,,4972,28,,,1,83,,4978,28,,,1,70,,4975,28,,,1,35,,4979,28,,,1,70,,4982,28,,,1,35,,4980,28,,,1,70,,4983,28,,,1,33,,4981,28,,,1,70,,4984,28,,,1,37,,4986,28,,,1,70,,4985,28,,,1,88,,4987,28,,,1,31,,4989,28,,,1,85,,4988,28,,,1,25,,4990,28,,,1,63,,4993,28,,,1,27,,4991,28,,,1,74,,4994,28,,,1,29,,4992,28,,,1,71,,4995,28,,,1,100,,4996,28,,,1,99,,4997,28,,,1,100,,4998,28,,,1
1001101,'72',811,,5000,28,,,1,102,,5001,28,,,1,101,,5002,28,,,1,100,,5004,28,,,1,98,,5005,28,,,1,100,,5006,28,,,1,102,,5007,28,,,1,100,,5008,28,,,1,99,,5009,28,,,1,100,,5010,28,,,1,100,,5011,28,,,1,100,,5012,28,,,1,99,,5013,28,,,1,100,,5014,28,,,1,100,,5015,28,,,1
1001101,'73',1014,,5018,28,,,1,100,,5019,28,,,1,98,,5020,28,,,1,100,,5021,28,,,1,102,,5022,28,,,1,100,,5023,28,,,1,99,,5024,28,,,1,100,,5025,28,,,1,100,,5026,28,,,1
