3701,'1',553,,6122,31,0,9,2,81,,6123,38,0,9,2,105,,6124,38,,,2,103,,6125,38,0,9,2,104,,6126,38,0,9,2,97,,6127,38,0,9,2,102,,6128,38,0,9,2,155,,6129,38,0,9,2,102,,6130,38,0,9,2,102,,6131,38,0,9,2,114,,6132,38,0,9,2,182,,6133,38,0,9,2,32,,6134,38,0,9,2,100,,6135,38,0,9,2,96,,6136,38,0,9,2,96,,6137,38,0,9,2,100,,6138,38,0,9,2,100,,6139,38,0,9,2,26,,6140,38,0,9,2
3701,'2',708,,6141,38,0,9,2,100,,6142,38,0,9,2,102,,6143,38,0,9,2,102,,6144,38,0,9,2,102,,6145,38,0,9,2,116,,6146,38,0,9,2,103,,6147,38,0,9,2,100,,6148,38,0,9,2,101,,6149,38,0,9,2,100,,6150,38,0,9,2,101,,6151,38,0,9,2,95,,6152,38,0,9,2,97,,6153,38,0,9,2,96,,6154,38,0,9,2,100,,6155,38,0,9,2,101,,6156,38,0,9,2,98,,6157,38,0,9,2,26,,6158,38,0,9,2
3701,'3',808,,6159,38,0,9,2,102,,6160,38,0,9,2,102,,6161,38,0,9,2,102,,6162,38,0,9,2,116,,6163,38,0,9,2,103,,6164,38,0,9,2,100,,6165,38,0,9,2,101,,6166,38,0,9,2,100,,6167,38,0,9,2,101,,6168,38,0,9,2,95,,6169,38,0,9,2,97,,6170,38,0,9,2
3701,'71',552,,4746,31,0,9,2,187,,4749,38,,,2,103,,4748,38,0,9,2,102,,4747,38,0,9,2,98,,4750,38,0,9,2,102,,4751,38,0,9,2,113,,4752,38,0,9,2,102,,4753,38,0,9,2,142,,4754,38,0,9,2,115,,4755,38,0,9,2,113,,4756,38,0,9,2,100,,4757,38,0,9,2,100,,4758,38,0,9,2,97,,4759,38,0,9,2,97,,4760,38,0,9,2,101,,4761,38,0,9,2,102,,4762,38,0,9,2,26,,4763,38,0,9,2
3701,'72',712,,4764,38,0,9,2,100,,4765,38,0,9,2,102,,4766,38,0,9,2,100,,4767,38,0,9,2,100,,4768,38,0,9,2,112,,4769,38,0,9,2,100,,4770,38,0,9,2,100,,4771,38,0,9,2,102,,4772,38,0,9,2,100,,4773,38,0,9,2,98,,4774,38,0,9,2,100,,4775,38,0,9,2,100,,4776,38,0,9,2,97,,4779,38,0,9,2,100,,4780,38,0,9,2,101,,4781,38,0,9,2,98,,4777,38,0,9,2,26,,4778,38,0,9,2
3701,'73',812,,4782,38,0,9,2,102,,4783,38,0,9,2,100,,4784,38,0,9,2,100,,4785,38,0,9,2,112,,4786,38,0,9,2,100,,4787,38,0,9,2,100,,4788,38,0,9,2,102,,4789,38,0,9,2,100,,4790,38,0,9,2,98,,4791,38,0,9,2,100,,4792,38,0,9,2,109,,4793,38,0,9,2
37500,'12',823,,6309,22,,,2
37500,'82',823,,4957,22,,,2
5003700,'1',647,,6395,42,,,2,76,,6394,42,,,2
5003700,'71',631,,5046,49,,,2,18,,5047,42,,,2,74,,5048,42,,,2
5003701,'1',1752,,6396,71,,,2
5003701,'71',1648,,5050,71,,,2,106,,5049,71,,,2
5003701,'81',1907,,5051,71,,,2
