3600,'1',614,,750,7,,,2,136,,751,7,,,2,94,,752,7,,,2,162,,753,7,,,2,101,,754,7,,,2,100,,755,7,,,2,102,,756,7,,,2,100,,757,7,,,2,100,,758,7,,,2,305,,759,7,,,2,90,,760,7,,,2,53,,761,7,,,2,97,,762,7,,,2,104,,763,7,,,2,93,,764,7,,,2
3600,'3',614,,765,7,,,2,136,,766,7,,,2,256,,767,7,,,2,101,,768,7,,,2,100,,770,7,,,2,102,,769,7,,,2,100,,771,7,,,2,100,,772,7,,,2,305,,773,7,,,2,90,,774,7,,,2,53,,775,7,,,2,97,,776,7,,,2,104,,777,7,,,2,93,,778,7,,,2
3600,'4',614,,779,7,,,2,136,,783,7,,,2,256,,782,7,,,2,101,,780,7,,,2,100,,781,7,,,2,102,,784,7,,,2,100,,785,7,,,2,100,,786,7,,,2,305,,787,7,,,2,90,,790,7,,,2,53,,791,7,,,2,97,,792,7,,,2,104,,788,7,,,2,93,,789,7,,,2
3600,'6',726,,793,7,,,2,100,,794,7,,,2,101,,795,7,,,2,100,,796,7,,,2,105,,797,7,,,2,100,,798,7,,,2,100,,799,7,,,2,102,,800,7,,,2,101,,801,7,,,2,99,,802,7,,,2,97,,807,7,,,2,97,,808,7,,,2,91,,809,7,,,2,109,,803,7,,,2,99,,804,7,,,2,97,,805,7,,,2,93,,806,7,,,2
3600,'8',826,,810,7,,,2,101,,811,7,,,2,100,,812,7,,,2,105,,813,7,,,2,100,,814,7,,,2,100,,815,7,,,2,102,,816,7,,,2,101,,817,7,,,2,99,,818,7,,,2,97,,819,7,,,2,97,,820,7,,,2,91,,821,7,,,2
5003600,'1',646,,1343,7,,,2,68,,1342,7,,,2
5003600,'3',646,,1345,7,,,2,68,,1344,7,,,2
5003600,'4',646,,1347,7,,,2,68,,1346,7,,,2
5003601,'1',1609,,1350,21,,,2,45,,1348,21,,,2,62,,1349,21,,,2
5003601,'3',1642,,1351,21,,,2,67,,1352,21,,,2
5003601,'4',1647,,1353,21,,,2,62,,1354,21,,,2
