3400,'1',716,5,6033,1,,,2,935,5,6034,1,,,2,68,7,6035,1,,,2,92,2,6036,1,,,2
3400,'13',828,72,6038,1,0,24 1 15,2
3400,'71',716,8,4635,1,,,2,112,9,4633,1,0,24 1 15,2,810,4,4639,1,,,2,82,9,4640,1,,,2,89,3,4641,1,,,2
3401,'1',644,,6039,34,4,,2,67,,6040,34,4,,2,97,,6041,35,4,,2,748,,6042,34,4,,2,90,,6043,34,4,,2,97,,6044,34,4,,2,66,,6045,34,4,,2,46,,6046,34,4,,2,68,,6047,34,4,,2
3401,'14',1700,,6048,38,4,,2
3401,'71',644,,4642,34,4,,2,67,,4644,34,4,,2,97,,4643,35,4,,2,796,,4646,34,4,,2,53,,4645,38,4,,2,70,,4649,34,4,,2,79,,4650,34,4,,2,47,,4651,34,4,,2,66,,4648,34,4,,2
2000003400,'2',757,,7743,1,,,2,86,2,7744,1,,,2,85,2,7745,1,,,2,87,4,7746,1,,,2,86,,7747,1,,,2,45,,7748,1,,,2,88,,7749,1,,,2,171,,7750,1,,,2,43,,7751,1,,,2,87,,7752,1,,,2,83,,7753,1,,,2,90,2,7754,1,,,2,42,,7755,1,,,2,81,,7756,1,,,2
2000003400,'3',843,2,7758,1,,,2,85,2,7759,1,,,2,87,4,7760,1,,,2,86,,7761,1,,,2,45,,7762,1,,,2,88,,7763,1,,,2,171,,7764,1,,,2,43,,7765,1,,,2,87,,7766,1,,,2,83,,7767,1,,,2,90,2,7768,1,,,2,42,,7769,1,,,2,81,,7770,1,,,2
2000003400,'72',757,,5683,1,,,2,85,,5684,1,,,2,85,2,5685,1,,,2,85,2,5686,1,,,2,46,,5687,1,,,2,85,,5688,1,,,2,85,,5689,1,,,2,174,,5690,1,,,2,41,,5691,1,,,2,92,,5692,1,,,2,78,,5693,1,,,2,93,,5694,1,,,2,38,,5695,1,,,2,87,,5696,1,,,2
2000003400,'73',842,,5698,1,,,2,85,2,5699,1,,,2,85,2,5700,1,,,2,46,,5701,1,,,2,85,,5702,1,,,2,85,,5703,1,,,2,174,,5704,1,,,2,41,,5705,1,,,2,92,,5706,1,,,2,78,,5707,1,,,2,93,,5708,1,,,2,38,,5709,1,,,2,87,,5710,1,,,2
2000003401,'2',756,,7771,34,4,,2,85,,7772,34,4,,2,85,,7773,34,4,,2,85,,7774,34,4,,2,89,,7775,34,4,,2,45,,7776,34,4,,2,88,,7777,34,4,,2,81,,7778,34,4,,2,134,,7779,34,4,,2,86,,7780,34,4,,2,84,,7781,34,4,,2,88,,7782,34,4,,2,44,,7783,34,4,,2,81,,7784,34,4,,2,82,,7785,34,4,,2
2000003401,'3',841,,7786,34,4,,2,85,,7787,34,4,,2,85,,7788,34,4,,2,89,,7789,34,4,,2,45,,7790,34,4,,2,88,,7791,34,4,,2,81,,7792,34,4,,2,134,,7793,34,4,,2,86,,7794,34,4,,2,84,,7795,34,4,,2,88,,7796,34,4,,2,44,,7797,34,4,,2,81,,7798,34,4,,2,82,,7799,34,4,,2
2000003401,'72',756,,5711,34,4,,2,85,,5712,34,4,,2,84,,5713,34,4,,2,85,,5714,34,4,,2,47,,5715,34,4,,2,85,,5716,34,4,,2,85,,5717,34,4,,2,85,,5718,34,4,,2,130,,5719,34,4,,2,92,,5720,34,4,,2,79,,5721,34,4,,2,93,,5722,34,4,,2,37,,5723,34,4,,2,88,,5724,34,4,,2,77,,5725,34,4,,2
2000003401,'73',841,,5726,34,4,,2,84,,5727,34,4,,2,85,,5728,34,4,,2,47,,5729,34,4,,2,85,,5730,34,4,,2,85,,5731,34,4,,2,85,,5732,34,4,,2,130,,5733,34,4,,2,92,,5734,34,4,,2,79,,5735,34,4,,2,93,,5736,34,4,,2,37,,5737,34,4,,2,88,,5738,34,4,,2,77,,5739,34,4,,2
