3701,'1',549,,6122,22,0,9,2,81,,6123,29,0,9,2,105,,6124,29,,,2,103,,6125,29,0,9,2,104,,6126,29,0,9,2,97,,6127,29,0,9,2,102,,6128,29,0,9,2,115,,6129,29,0,9,2,102,,6130,29,0,9,2,142,,6131,29,0,9,2,114,,6132,29,0,9,2,142,,6133,29,0,9,2,72,,6134,29,0,9,2,100,,6135,29,0,9,2,96,,6136,29,0,9,2,96,,6137,29,0,9,2,100,,6138,29,0,9,2,100,,6139,29,0,9,2,27,,6140,29,0,9,2
3701,'2',704,,6141,29,0,9,2,100,,6142,29,0,9,2,102,,6143,29,0,9,2,102,,6144,29,0,9,2,102,,6145,29,0,9,2,116,,6146,29,0,9,2,103,,6147,29,0,9,2,100,,6148,29,0,9,2,101,,6149,29,0,9,2,100,,6150,29,0,9,2,101,,6151,29,0,9,2,95,,6152,29,0,9,2,97,,6153,29,0,9,2,96,,6154,29,0,9,2,100,,6155,29,0,9,2,101,,6156,29,0,9,2,98,,6157,29,0,9,2,27,,6158,29,0,9,2
3701,'3',804,,6159,29,0,9,2,102,,6160,29,0,9,2,102,,6161,29,0,9,2,102,,6162,29,0,9,2,116,,6163,29,0,9,2,103,,6164,29,0,9,2,100,,6165,29,0,9,2,101,,6166,29,0,9,2,100,,6167,29,0,9,2,101,,6168,29,0,9,2,95,,6169,29,0,9,2,97,,6170,29,0,9,2
3701,'71',548,,4746,22,0,9,2,187,,4749,29,,,2,103,,4748,29,0,9,2,102,,4747,29,0,9,2,98,,4750,29,0,9,2,102,,4751,29,0,9,2,113,,4752,29,0,9,2,102,,4753,29,0,9,2,102,,4754,29,0,9,2,155,,4755,29,0,9,2,113,,4756,29,0,9,2,100,,4757,29,0,9,2,100,,4758,29,0,9,2,97,,4759,29,0,9,2,97,,4760,29,0,9,2,101,,4761,29,0,9,2,102,,4762,29,0,9,2,27,,4763,29,0,9,2
3701,'72',708,,4764,29,0,9,2,100,,4765,29,0,9,2,102,,4766,29,0,9,2,100,,4767,29,0,9,2,100,,4768,29,0,9,2,112,,4769,29,0,9,2,100,,4770,29,0,9,2,100,,4771,29,0,9,2,102,,4772,29,0,9,2,100,,4773,29,0,9,2,98,,4774,29,0,9,2,100,,4775,29,0,9,2,100,,4776,29,0,9,2,97,,4779,29,0,9,2,100,,4780,29,0,9,2,101,,4781,29,0,9,2,98,,4777,29,0,9,2,27,,4778,29,0,9,2
3701,'73',808,,4782,29,0,9,2,102,,4783,29,0,9,2,100,,4784,29,0,9,2,100,,4785,29,0,9,2,112,,4786,29,0,9,2,100,,4787,29,0,9,2,100,,4788,29,0,9,2,102,,4789,29,0,9,2,100,,4790,29,0,9,2,98,,4791,29,0,9,2,100,,4792,29,0,9,2,109,,4793,29,0,9,2
37500,'12',817,,6309,13,,,2
37500,'82',817,,4957,13,,,2
5003700,'1',642,,6395,33,,,2,76,,6394,33,,,2
5003700,'71',626,,5046,40,,,2,18,,5047,33,,,2,74,,5048,33,,,2
5003701,'1',1748,,6396,62,,,2
5003701,'71',1644,,5050,62,,,2,106,,5049,62,,,2
5003701,'81',1903,,5051,62,,,2
