1500,'1',605,,5823,29,,,2,28,,5825,29,,,2,69,,5827,29,,,2,30,,5826,32,,,2,70,,5829,32,,,2,41,,5828,32,0,10 11,2,110,,5824,29,0,12 13,2,100,,5830,29,0,12 13,2,100,,5831,29,0,12 13,2,103,,5832,28,0,12 13,2
1500,'16',842,,5833,17,0,10 11,2
1500,'71',605,,4416,30,,,2,28,,4417,30,,,2,69,,4421,30,,,2,32,,4420,29,,,2,68,,4418,29,,,2,41,,4422,30,0,10 11,2,112,,4419,29,0,12 13,2,155,,4423,29,0,12 13,2,116,,4424,29,0,12 13,2,30,,4425,29,0,12 13,2,157,,4427,29,0,12 13,2,116,,4428,29,,,2,96,,4426,29,,,2,77,,4431,30,,,2,28,,4430,29,,,2,100,,4432,29,0,12 13,2,111,,4433,29,0,12 13,2,104,,4434,29,0,12 13,2
1500,'87',842,,4435,19,0,10 11,2
1600,'1',1352,,5848,13,0,12 13,2,96,,5849,13,0,12 13,2,76,,5851,13,,,2,100,,5850,16,,,2,80,,5852,16,,,2,25,,5855,16,,,2,99,,5853,16,0,12 13,2,102,,5856,13,0,12 13,2,111,,5857,13,0,12 13,2
15500,'12',834,,6239,19,,,2
15500,'82',834,,4874,19,,,2
15600,'12',831,,6240,20,,,2
15600,'82',831,,4875,20,,,2
20000,'1',918,,6243,16,0,38,2,28,,6242,16,0,38,2,1190,,6244,4,0,38,2,218,,6245,4,0,38,2
20000,'2',1908,,6246,4,0,38,2,445,,6247,4,0,38,2
20000,'71',916,,4882,16,,,2,28,,4879,16,,,2,66,,4881,16,,,2,29,,4880,16,,,2,689,,4883,4,,,2,274,,4884,4,,,2,134,,4886,4,,,2,218,,4885,4,,,2
20000,'72',2351,,4887,4,,,2
21000,'1',1115,,6255,22,0,38,2,33,,6256,22,0,38,2,585,,6258,22,0,38,2,69,,6260,22,0,38,2,28,,6259,22,0,38,2,80,,6257,22,0,38,2,132,,6261,22,0,38,2
21000,'2',1250,,6262,22,0,38,2,71,,6263,22,0,38,2,31,,6264,22,0,38,2,71,,6265,22,0,38,2,496,,6266,22,0,38,2,93,,6267,22,0,38,2
21000,'3',1219,,6269,22,0,38,2,133,,6268,22,0,38,2,172,,6270,22,0,38,2,100,,6271,22,0,38,2
21000,'71',1118,,4899,20,,,2,36,,4900,20,,,2,246,,4902,20,,,2,39,,4901,20,,,2,277,,4903,20,,,2,18,,4907,20,,,2,68,,4905,20,,,2,27,,4904,20,,,2,81,,4906,20,,,2,132,,4908,20,,,2
35000,'13',910,,6306,3,0,38,2
35000,'71',910,,4951,3,,,2
38000,'1',1704,,6312,17,0,38,2,46,,6310,17,0,38,2,86,,6311,17,0,38,2
38000,'71',1707,,4961,17,,,2,42,,4960,17,,,2,79,,4959,17,,,2
2000001500,'2',748,,7667,29,,,2,101,,7668,28,,,2,100,,7669,28,,,2,94,,7670,28,,,2,109,,7671,28,,,2,101,,7672,28,,,2,201,,7673,29,,,2,101,,7674,28,,,2,95,,7675,28,,,2,105,,7676,28,,,2,93,,7677,28,,,2
2000001500,'3',849,,7678,29,,,2,100,,7679,28,,,2,94,,7680,28,,,2,109,,7681,28,,,2,101,,7682,28,,,2,201,,7683,29,,,2,101,,7684,28,,,2,95,,7685,28,,,2,105,,7686,28,,,2,93,,7687,28,,,2
2000001500,'72',741,,5607,30,,,2,102,,5608,29,,,2,103,,5609,29,,,2,100,,5610,29,,,2,102,,5611,29,,,2,100,,5612,29,,,2,190,,5613,30,,,2,99,,5614,29,,,2,95,,5615,29,,,2,107,,5616,29,,,2,98,,5617,29,,,2
2000001500,'73',843,,5618,30,,,2,103,,5619,29,,,2,100,,5620,29,,,2,102,,5621,29,,,2,100,,5622,29,,,2,190,,5623,30,,,2,99,,5624,29,,,2,95,,5625,29,,,2,107,,5626,29,,,2,98,,5627,29,,,2
