1200000201,'1',546,,7270,10,,,1,60,,7272,10,,,1,17,,7274,10,,,1,19,,7262,40,,,1,62,,7279,10,,,1,18,,7265,52,,,1,16,,7264,52,,,1,21,,7269,52,,,1,61,,7271,52,,,1,19,,7273,52,,,1,20,,7276,52,,,1,55,,7277,52,,,1,16,,7263,52,,,1,12,,7280,52,,,1,14,,7268,52,,,1,51,,7266,52,,,1,12,,7275,52,,,1,12,,7281,52,,,1,14,,7278,52,,,1,57,,7282,52,,,1,31,,7284,52,,,1,69,,7286,52,,,1,30,,7267,52,,,1,73,,7287,52,,,1,29,,7283,52,,,1,70,,7285,52,,,1,31,,7289,52,,,1,71,,7290,52,,,1,30,,7288,52,,,1,82,,7292,52,,,1,26,,7294,52,,,1,57,,7297,52,,,1,16,,7295,52,,,1,17,,7296,52,,,1,11,,7293,52,,,1,10,,7298,52,,,1,52,,7299,52,,,1,14,,7301,52,,,1,13,,7291,52,,,1,9,,7304,52,,,1,13,,7305,52,,,1,53,,7308,52,,,1,12,,7309,52,,,1,13,,7303,52,,,1,24,,7302,52,,,1,66,,7300,52,,,1,19,,7310,52,,,1,68,,7311,52,,,1,32,,7306,52,,,1,75,,7313,52,,,1,26,,7315,52,,,1,71,,7312,52,,,1,26,,7307,52,,,1,71,,7314,52,,,1,46,,7316,52,,,1
1200000201,'14',1719,,7317,46,,,1
1200000201,'2',644,,7323,10,,,1,68,,7321,40,,,1,39,,7318,52,,,1,70,,7326,52,,,1,31,,7324,52,,,1,72,,7322,52,,,1,32,,7328,52,,,1,71,,7319,52,,,1,31,,7327,52,,,1,72,,7325,52,,,1,72,,7330,52,,,1,30,,7329,52,,,1,71,,7320,52,,,1,32,,7332,52,,,1,71,,7334,52,,,1,30,,7331,52,,,1,70,,7336,52,,,1,31,,7337,52,,,1,70,,7333,52,,,1,30,,7335,52,,,1,71,,7339,52,,,1,31,,7341,52,,,1,68,,7338,52,,,1,25,,7343,52,,,1,68,,7344,52,,,1,25,,7340,52,,,1,25,,7342,52,,,1,67,,7348,52,,,1,29,,7347,52,,,1,71,,7345,52,,,1,27,,7349,52,,,1,68,,7351,52,,,1,29,,7350,52,,,1,70,,7353,52,,,1,29,,7346,52,,,1,68,,7352,52,,,1,49,,7354,52,,,1
1200000201,'27',2256,,7355,45,,,1,70,,7358,45,,,1,28,,7356,45,,,1,83,,7359,45,,,1,68,,7361,45,,,1,30,,7357,45,,,1,70,,7360,45,,,1
1200000201,'28',2255,,7362,45,,,1,70,,7365,45,,,1,29,,7363,45,,,1,82,,7366,45,,,1,68,,7368,45,,,1,30,,7364,45,,,1,70,,7367,45,,,1
1200000201,'29',2255,,7369,45,,,1,70,,7372,45,,,1,29,,7370,45,,,1,82,,7373,45,,,1,68,,7375,45,,,1,30,,7371,45,,,1,70,,7374,45,,,1
1200000201,'3',644,,7376,10,,,1,68,,7378,10,,,1,32,,7380,10,,,1,70,,7382,10,,,1,38,,7377,52,,,1,72,,7379,52,,,1,32,,7381,52,,,1,70,,7383,52,,,1,32,,7384,52,,,1,72,,7388,52,,,1,72,,7386,52,,,1,30,,7390,52,,,1,71,,7387,52,,,1,32,,7385,52,,,1,71,,7389,52,,,1,30,,7392,52,,,1,70,,7391,52,,,1,31,,7393,52,,,1,70,,7395,52,,,1,30,,7397,52,,,1,71,,7400,52,,,1,31,,7402,52,,,1,68,,7394,52,,,1,25,,7396,52,,,1,68,,7398,52,,,1,25,,7401,52,,,1,25,,7403,52,,,1,67,,7405,52,,,1,29,,7404,52,,,1,71,,7399,52,,,1,27,,7406,52,,,1
1200000201,'71',546,,5210,10,,,1,60,,5212,10,,,1,17,,5215,10,,,1,19,,5201,40,,,1,62,,5220,10,,,1,13,,5205,52,,,1,17,,5204,52,,,1,21,,5208,52,,,1,50,,5214,52,,,1,14,,5203,52,,,1,13,,5213,52,,,1,19,,5207,52,,,1,57,,5218,52,,,1,15,,5202,52,,,1,14,,5221,52,,,1,13,,5206,52,,,1,52,,5223,52,,,1,12,,5216,52,,,1,12,,5224,52,,,1,15,,5209,52,,,1,12,,5225,52,,,1,57,,5217,52,,,1,19,,5219,52,,,1,14,,5226,52,,,1,15,,5222,52,,,1,55,,5228,52,,,1,15,,5229,52,,,1,15,,5230,52,,,1,58,,5232,52,,,1,15,,5233,52,,,1,15,,5235,52,,,1,14,,5236,52,,,1,55,,5237,52,,,1,16,,5227,52,,,1,15,,5239,52,,,1,15,,5240,52,,,1,56,,5241,52,,,1,14,,5231,52,,,1,16,,5238,52,,,1,19,,5234,52,,,1,69,,5242,52,,,1,20,,5243,52,,,1,16,,5244,52,,,1,54,,5245,52,,,1,6,,5253,40,,,1,14,,5246,52,,,1,9,,5247,52,,,1,10,,5249,52,,,1,51,,5251,52,,,1,15,,5254,52,,,1,13,,5255,52,,,1,9,,5256,52,,,1,13,,5259,52,,,1,57,,5260,52,,,1,9,,5257,52,,,1,12,,5258,52,,,1,13,,5250,52,,,1,12,,5248,52,,,1,54,,5261,52,,,1,14,,5252,52,,,1,20,,5262,52,,,1,69,,5263,52,,,1,32,,5265,52,,,1,75,,5267,52,,,1,26,,5269,52,,,1,71,,5264,52,,,1,26,,5266,52,,,1,71,,5268,52,,,1,46,,5270,52,,,1
1200000201,'72',644,,5275,10,,,1,70,,5281,10,,,1,21,,5272,52,,,1,71,,5271,52,,,1,30,,5273,52,,,1,72,,5279,52,,,1,32,,5284,52,,,1,72,,5277,52,,,1,31,,5276,52,,,1,69,,5282,52,,,1,30,,5283,52,,,1,71,,5285,52,,,1,30,,5274,52,,,1,71,,5280,52,,,1,30,,5278,52,,,1,70,,5286,52,,,1,32,,5287,52,,,1,69,,5289,52,,,1,33,,5288,52,,,1,70,,5291,52,,,1,29,,5292,52,,,1,72,,5293,52,,,1,31,,5294,52,,,1,66,,5295,52,,,1,28,,5290,52,,,1,69,,5297,52,,,1,25,,5296,52,,,1,79,,5300,52,,,1,29,,5302,52,,,1,71,,5298,52,,,1,27,,5304,52,,,1,68,,5305,52,,,1,29,,5301,52,,,1,70,,5303,52,,,1,29,,5299,52,,,1,68,,5306,52,,,1,49,,5307,52,,,1
1200000201,'73',644,,5309,10,,,1,70,,5313,10,,,1,30,,5316,10,,,1,70,,5319,10,,,1,22,,5308,52,,,1,72,,5311,52,,,1,32,,5315,52,,,1,72,,5318,52,,,1,31,,5310,52,,,1,69,,5314,52,,,1,30,,5317,52,,,1,71,,5320,52,,,1,30,,5321,52,,,1,71,,5312,52,,,1,30,,5322,52,,,1,70,,5324,52,,,1,32,,5323,52,,,1,69,,5326,52,,,1,33,,5325,52,,,1,70,,5328,52,,,1,29,,5329,52,,,1,72,,5330,52,,,1,31,,5331,52,,,1,66,,5333,52,,,1,28,,5327,52,,,1,69,,5336,52,,,1,25,,5334,52,,,1,79,,5338,52,,,1,29,,5332,52,,,1,71,,5337,52,,,1,27,,5335,52,,,1
1200000201,'81',727,,5339,40,,,1,16,,5340,40,,,1,860,,5341,52,,,1
1200000201,'89',1647,,5345,52,,,1,54,,5346,52,,,1
