11901,'88',1629,,4855,8,,,2
12701,'83',1615,,4861,19,,,2
1200000100,'1',620,,7145,3,,,1,15,,7147,3,,,1,70,,7141,84,,,1,34,,7142,84,,,1,62,,7143,84,,,1,28,,7146,84,0,16 1 17,1,29,,7144,84,,,1
1200000100,'71',620,,5065,3,,,1,15,,5067,3,,,1,15,,5068,3,,,1,52,,5061,84,,,1,33,,5062,84,,,1,23,,5063,84,,,1,68,,5066,84,0,16 1 17,1,29,,5064,84,,,1
1200000201,'1',541,,7270,3,,,1,60,,7272,3,,,1,17,,7274,3,,,1,19,,7262,33,,,1,22,,7279,3,,,1,58,,7265,45,,,1,16,,7264,45,,,1,21,,7269,45,,,1,61,,7271,45,,,1,19,,7273,45,,,1,20,,7276,45,,,1,55,,7277,45,,,1,16,,7263,45,,,1,12,,7280,45,,,1,14,,7268,45,,,1,51,,7266,45,,,1,12,,7275,45,,,1,12,,7281,45,,,1,14,,7278,45,,,1,17,,7282,45,,,1,71,,7284,45,,,1,29,,7286,45,,,1,70,,7267,45,,,1,73,,7287,45,,,1,29,,7283,45,,,1,30,,7285,45,,,1,71,,7289,45,,,1,71,,7290,45,,,1,30,,7288,45,,,1,81,,7292,45,,,1,26,,7294,45,,,1,17,,7297,45,,,1,57,,7295,45,,,1,17,,7296,45,,,1,11,,7293,45,,,1,10,,7298,45,,,1,52,,7299,45,,,1,14,,7301,45,,,1,13,,7291,45,,,1,9,,7304,45,,,1,13,,7305,45,,,1,53,,7308,45,,,1,12,,7309,45,,,1,13,,7303,45,,,1,24,,7302,45,,,1,66,,7300,45,,,1,19,,7310,45,,,1,68,,7311,45,,,1,32,,7306,45,,,1,75,,7313,45,,,1,26,,7315,45,,,1,71,,7312,45,,,1,27,,7307,45,,,1,71,,7314,45,,,1,46,,7316,45,,,1
1200000201,'14',1714,,7317,39,,,1
1200000201,'2',639,,7323,3,,,1,68,,7321,33,,,1,39,,7318,45,,,1,70,,7326,45,,,1,31,,7324,45,,,1,72,,7322,45,,,1,32,,7328,45,,,1,71,,7319,45,,,1,31,,7327,45,,,1,72,,7325,45,,,1,32,,7330,45,,,1,70,,7329,45,,,1,31,,7320,45,,,1,72,,7332,45,,,1,71,,7334,45,,,1,30,,7331,45,,,1,70,,7336,45,,,1,31,,7337,45,,,1,70,,7333,45,,,1,30,,7335,45,,,1,71,,7339,45,,,1,31,,7341,45,,,1,68,,7338,45,,,1,25,,7343,45,,,1,28,,7344,45,,,1,65,,7340,45,,,1,25,,7342,45,,,1,67,,7348,45,,,1,29,,7347,45,,,1,71,,7345,45,,,1,27,,7349,45,,,1,68,,7351,45,,,1,29,,7350,45,,,1,70,,7353,45,,,1,30,,7346,45,,,1,68,,7352,45,,,1,49,,7354,45,,,1
1200000201,'27',2251,,7355,38,,,1,70,,7358,38,,,1,29,,7356,38,,,1,83,,7359,38,,,1,68,,7361,38,,,1,30,,7357,38,,,1,70,,7360,38,,,1
1200000201,'28',2250,,7362,38,,,1,70,,7365,38,,,1,30,,7363,38,,,1,82,,7366,38,,,1,68,,7368,38,,,1,30,,7364,38,,,1,70,,7367,38,,,1
1200000201,'29',2250,,7369,38,,,1,70,,7372,38,,,1,30,,7370,38,,,1,82,,7373,38,,,1,68,,7375,38,,,1,30,,7371,38,,,1,70,,7374,38,,,1
1200000201,'3',639,,7376,3,,,1,68,,7378,3,,,1,32,,7380,3,,,1,70,,7382,3,,,1,38,,7377,45,,,1,72,,7379,45,,,1,32,,7381,45,,,1,70,,7383,45,,,1,32,,7384,45,,,1,72,,7388,45,,,1,32,,7386,45,,,1,70,,7390,45,,,1,31,,7387,45,,,1,72,,7385,45,,,1,71,,7389,45,,,1,30,,7392,45,,,1,70,,7391,45,,,1,31,,7393,45,,,1,70,,7395,45,,,1,30,,7397,45,,,1,71,,7400,45,,,1,31,,7402,45,,,1,68,,7394,45,,,1,25,,7396,45,,,1,28,,7398,45,,,1,65,,7401,45,,,1,25,,7403,45,,,1,67,,7405,45,,,1,29,,7404,45,,,1,71,,7399,45,,,1,27,,7406,45,,,1
1200000201,'71',541,,5210,3,,,1,60,,5212,3,,,1,17,,5215,3,,,1,19,,5201,33,,,1,22,,5220,3,,,1,53,,5205,45,,,1,17,,5204,45,,,1,21,,5208,45,,,1,50,,5214,45,,,1,14,,5203,45,,,1,13,,5213,45,,,1,19,,5207,45,,,1,57,,5218,45,,,1,15,,5202,45,,,1,14,,5221,45,,,1,13,,5206,45,,,1,12,,5223,45,,,1,52,,5216,45,,,1,12,,5224,45,,,1,15,,5209,45,,,1,12,,5225,45,,,1,57,,5217,45,,,1,19,,5219,45,,,1,14,,5226,45,,,1,15,,5222,45,,,1,55,,5228,45,,,1,15,,5229,45,,,1,15,,5230,45,,,1,18,,5232,45,,,1,55,,5233,45,,,1,15,,5235,45,,,1,14,,5236,45,,,1,15,,5237,45,,,1,56,,5227,45,,,1,15,,5239,45,,,1,15,,5240,45,,,1,16,,5241,45,,,1,54,,5231,45,,,1,16,,5238,45,,,1,19,,5234,45,,,1,68,,5242,45,,,1,20,,5243,45,,,1,16,,5244,45,,,1,55,,5245,45,,,1,6,,5253,33,,,1,14,,5246,45,,,1,9,,5247,45,,,1,10,,5249,45,,,1,11,,5251,45,,,1,55,,5254,45,,,1,13,,5255,45,,,1,9,,5256,45,,,1,13,,5259,45,,,1,57,,5260,45,,,1,9,,5257,45,,,1,12,,5258,45,,,1,13,,5250,45,,,1,12,,5248,45,,,1,54,,5261,45,,,1,14,,5252,45,,,1,20,,5262,45,,,1,69,,5263,45,,,1,32,,5265,45,,,1,75,,5267,45,,,1,26,,5269,45,,,1,71,,5264,45,,,1,27,,5266,45,,,1,71,,5268,45,,,1,46,,5270,45,,,1
1200000201,'72',639,,5275,3,,,1,70,,5281,3,,,1,21,,5272,45,,,1,71,,5271,45,,,1,30,,5273,45,,,1,72,,5279,45,,,1,32,,5284,45,,,1,72,,5277,45,,,1,31,,5276,45,,,1,69,,5282,45,,,1,30,,5283,45,,,1,71,,5285,45,,,1,30,,5274,45,,,1,71,,5280,45,,,1,30,,5278,45,,,1,70,,5286,45,,,1,32,,5287,45,,,1,69,,5289,45,,,1,33,,5288,45,,,1,70,,5291,45,,,1,29,,5292,45,,,1,72,,5293,45,,,1,31,,5294,45,,,1,66,,5295,45,,,1,28,,5290,45,,,1,69,,5297,45,,,1,25,,5296,45,,,1,79,,5300,45,,,1,29,,5302,45,,,1,71,,5298,45,,,1,27,,5304,45,,,1,68,,5305,45,,,1,29,,5301,45,,,1,70,,5303,45,,,1,29,,5299,45,,,1,69,,5306,45,,,1,49,,5307,45,,,1
1200000201,'73',639,,5309,3,,,1,70,,5313,3,,,1,30,,5316,3,,,1,70,,5319,3,,,1,22,,5308,45,,,1,72,,5311,45,,,1,32,,5315,45,,,1,72,,5318,45,,,1,31,,5310,45,,,1,69,,5314,45,,,1,30,,5317,45,,,1,71,,5320,45,,,1,30,,5321,45,,,1,71,,5312,45,,,1,30,,5322,45,,,1,70,,5324,45,,,1,32,,5323,45,,,1,69,,5326,45,,,1,33,,5325,45,,,1,70,,5328,45,,,1,29,,5329,45,,,1,72,,5330,45,,,1,31,,5331,45,,,1,66,,5333,45,,,1,28,,5327,45,,,1,69,,5336,45,,,1,25,,5334,45,,,1,79,,5338,45,,,1,29,,5332,45,,,1,71,,5337,45,,,1,27,,5335,45,,,1
1200000201,'81',722,,5339,33,,,1,16,,5340,33,,,1,820,,5341,45,,,1
1200000201,'89',1641,,5345,45,,,1,14,,5346,45,,,1
1200000401,'1',1500,,7634,3,,,1,30,,7636,3,,,1,205,,7635,45,,,1,20,,7633,45,,,1
1200000401,'71',1500,,5573,3,,,1,30,,5574,3,,,1,198,,5572,45,,,1,24,,5571,45,,,1,62,,5575,45,,,1
