11101,'85',1551,,4851,61,,,2
11901,'88',1632,,4855,13,,,2
1001101,'1',549,,6322,12,,,1,69,,6326,46,,,1,32,,6323,46,,,1,72,,6327,46,,,1,33,,6324,46,,,1,63,,6320,46,,,1,41,,6325,46,,,1,82,,6328,46,,,1,70,,6329,46,,,1,35,,6333,46,,,1,70,,6330,46,,,1,35,,6334,46,,,1,70,,6331,46,,,1,33,,6335,46,,,1,70,,6332,46,,,1,78,,6336,46,,,1,30,,6338,46,,,1,88,,6337,46,,,1,32,,6339,46,,,1,86,,6341,46,,,1,64,,6340,46,,,1,22,,6344,46,,,1,27,,6342,46,,,1,73,,6345,46,,,1,29,,6343,46,,,1,71,,6346,46,,,1,100,,6347,46,,,1,99,,6348,46,,,1,100,,6349,46,,,1
1001101,'2',721,,6351,12,,,1,99,,6352,46,,,1,102,,6353,46,,,1,101,,6354,46,,,1,100,,6355,46,,,1,99,,6359,46,,,1,100,,6360,46,,,1,101,,6358,46,,,1,101,,6356,46,,,1,99,,6357,46,,,1,101,,6361,46,,,1,98,,6362,46,,,1,100,,6363,46,,,1,99,,6364,46,,,1,100,,6365,46,,,1,100,,6366,46,,,1
1001101,'3',922,,6368,12,,,1,101,,6369,46,,,1,100,,6372,46,,,1,99,,6373,46,,,1,100,,6370,46,,,1,101,,6371,46,,,1,101,,6374,46,,,1,99,,6375,46,,,1,101,,6376,46,,,1,98,,6377,46,,,1
1001101,'71',549,,4969,12,,,1,69,,4973,46,,,1,32,,4970,46,,,1,72,,4974,46,,,1,33,,4971,46,,,1,63,,4976,46,,,1,41,,4972,46,,,1,82,,4978,46,,,1,70,,4975,46,,,1,35,,4979,46,,,1,70,,4982,46,,,1,35,,4980,46,,,1,70,,4983,46,,,1,33,,4981,46,,,1,70,,4984,46,,,1,78,,4986,46,,,1,30,,4985,46,,,1,88,,4987,46,,,1,32,,4989,46,,,1,86,,4988,46,,,1,64,,4990,46,,,1,22,,4993,46,,,1,27,,4991,46,,,1,73,,4994,46,,,1,29,,4992,46,,,1,71,,4995,46,,,1,100,,4996,46,,,1,99,,4997,46,,,1,100,,4998,46,,,1
1001101,'72',721,,5003,12,,,1,99,,5000,46,,,1,102,,5001,46,,,1,101,,5002,46,,,1,100,,5004,46,,,1,99,,5005,46,,,1,100,,5006,46,,,1,101,,5007,46,,,1,101,,5008,46,,,1,99,,5009,46,,,1,101,,5010,46,,,1,98,,5011,46,,,1,100,,5012,46,,,1,99,,5013,46,,,1,100,,5014,46,,,1,100,,5015,46,,,1
1001101,'73',922,,5017,12,,,1,101,,5018,46,,,1,100,,5019,46,,,1,99,,5020,46,,,1,100,,5021,46,,,1,101,,5022,46,,,1,101,,5023,46,,,1,99,,5024,46,,,1,101,,5025,46,,,1,98,,5026,46,,,1
1200000100,'1',622,,7145,8,,,1,15,,7147,8,,,1,70,,7141,89,,,1,35,,7142,89,,,1,61,,7143,89,,,1,97,,7144,89,,,1
1200000100,'71',622,,5065,8,,,1,15,,5067,8,,,1,15,,5068,8,,,1,52,,5061,89,,,1,34,,5062,89,,,1,63,,5063,89,,,1,56,,5064,89,,,1
1200000401,'1',1503,,7634,8,,,1,30,,7636,8,,,1,205,,7635,50,,,1,20,,7633,50,,,1
1200000401,'71',1503,,5573,8,,,1,30,,5574,8,,,1,198,,5572,50,,,1,24,,5571,50,,,1,62,,5575,50,,,1
