13101,'85',1524,,4865,21,,,2
13800,'82',828,,4870,7,,,2
34500,'82',826,,4949,34,,,2
35500,'82',831,,4955,47,,,2
1200000100,'71',642,,5061,62,,,1,70,,5062,62,,,1,21,,5063,62,,,1,69,,5066,62,0,16 1 17,1,30,,5064,62,,,1
1200000201,'71',620,,5201,17,,,1,35,,5205,29,,,1,55,,5204,29,,,1,20,,5208,29,,,1,10,,5214,29,,,1,14,,5203,29,,,1,55,,5213,29,,,1,19,,5207,29,,,1,17,,5218,29,,,1,55,,5202,29,,,1,14,,5221,29,,,1,14,,5206,29,,,1,12,,5223,29,,,1,12,,5216,29,,,1,52,,5224,29,,,1,15,,5209,29,,,1,12,,5225,29,,,1,17,,5217,29,,,1,58,,5219,29,,,1,14,,5226,29,,,1,15,,5222,29,,,1,15,,5228,29,,,1,55,,5229,29,,,1,15,,5230,29,,,1,17,,5232,29,,,1,15,,5233,29,,,1,55,,5235,29,,,1,15,,5236,29,,,1,15,,5237,29,,,1,16,,5227,29,,,1,55,,5239,29,,,1,15,,5240,29,,,1,15,,5241,29,,,1,14,,5231,29,,,1,56,,5238,29,,,1,18,,5234,29,,,1,27,,5242,29,,,1,60,,5243,29,,,1,18,,5244,29,,,1,15,,5245,29,,,1,6,,5253,17,,,1,54,,5246,29,,,1,9,,5247,29,,,1,12,,5249,29,,,1,11,,5251,29,,,1,15,,5254,29,,,1,53,,5255,29,,,1,9,,5256,29,,,1,13,,5259,29,,,1,17,,5260,29,,,1,9,,5257,29,,,1,52,,5258,29,,,1,13,,5250,29,,,1,12,,5248,29,,,1,14,,5261,29,,,1,14,,5252,29,,,1,60,,5262,29,,,1,30,,5263,29,,,1,72,,5265,29,,,1,35,,5267,29,,,1,68,,5269,29,,,1,31,,5264,29,,,1,67,,5266,29,,,1,31,,5268,29,,,1,86,,5270,29,,,1
1200000201,'72',715,,5272,29,,,1,31,,5271,29,,,1,70,,5273,29,,,1,32,,5279,29,,,1,70,,5284,29,,,1,32,,5277,29,,,1,72,,5276,29,,,1,29,,5282,29,,,1,70,,5283,29,,,1,31,,5285,29,,,1,69,,5274,29,,,1,31,,5280,29,,,1,70,,5278,29,,,1,30,,5286,29,,,1,72,,5287,29,,,1,29,,5289,29,,,1,73,,5288,29,,,1,29,,5291,29,,,1,69,,5292,29,,,1,33,,5293,29,,,1,71,,5294,29,,,1,27,,5295,29,,,1,68,,5290,29,,,1,30,,5297,29,,,1,65,,5296,29,,,1,39,,5300,29,,,1,69,,5302,29,,,1,31,,5298,29,,,1,67,,5304,29,,,1,28,,5305,29,,,1,70,,5301,29,,,1,30,,5303,29,,,1,69,,5299,29,,,1,29,,5306,29,,,1,90,,5307,29,,,1
1200000201,'73',816,,5308,29,,,1,32,,5311,29,,,1,70,,5315,29,,,1,32,,5318,29,,,1,72,,5310,29,,,1,29,,5314,29,,,1,70,,5317,29,,,1,31,,5320,29,,,1,69,,5321,29,,,1,31,,5312,29,,,1,70,,5322,29,,,1,30,,5324,29,,,1,72,,5323,29,,,1,29,,5326,29,,,1,73,,5325,29,,,1,29,,5328,29,,,1,69,,5329,29,,,1,33,,5330,29,,,1,71,,5331,29,,,1,27,,5333,29,,,1,68,,5327,29,,,1,30,,5336,29,,,1,65,,5334,29,,,1,39,,5338,29,,,1,69,,5332,29,,,1,31,,5337,29,,,1,67,,5335,29,,,1
1200000201,'81',703,,5339,17,,,1,15,,5340,17,,,1,820,,5341,29,,,1
1200000201,'89',1621,,5345,29,,,1,15,,5346,29,,,1
1200000401,'71',1709,,5572,29,,,1,26,,5571,29,,,1,22,,5575,29,,,1
