22101,'85',1515,,4924,11,,,2
22201,'85',1515,,4926,11,,,2
23101,'85',1515,,4932,11,,,2
23201,'85',1515,,4934,11,,,2
35501,'83',1636,,4956,30,,,2
5003700,'1',659,,6395,56,,,2,76,,6394,56,,,2
5003700,'71',640,,5046,63,,,2,19,,5047,56,,,2,74,,5048,56,,,2
5004200,'11',704,,6399,23,,,2
5004200,'81',704,,5054,23,,,2
905231701,'27',2253,,6491,45,4,,2,69,,6494,45,4,,2,30,,6489,45,4,,2,70,,6492,45,4,,2,30,,6490,45,4,,2,70,,6493,45,4,,2,30,,6495,45,4,,2
905231701,'28',2253,,6498,45,4,,2,69,,6501,45,4,,2,30,,6496,45,4,,2,70,,6499,45,4,,2,30,,6497,45,4,,2,70,,6500,45,4,,2,30,,6502,45,4,,2
905231701,'29',2253,,6505,45,4,,2,69,,6508,45,4,,2,30,,6503,45,4,,2,70,,6506,45,4,,2,30,,6504,45,4,,2,70,,6507,45,4,,2,30,,6509,45,4,,2
1200000101,'1',1553,,7148,49,,,1,72,,7149,49,,,1,31,,7150,49,,,1,71,,7151,49,,,1
1200000101,'71',1550,,5070,49,,,1,72,,5071,49,,,1,31,,5069,49,,,1,72,,5072,49,,,1
1200000200,'1',552,,7154,23,,,1,55,,7153,45,,,1,15,,7158,45,,,1,16,,7159,45,,,1,18,,7160,45,,,1,56,,7162,45,,,1,16,,7163,45,,,1,17,,7152,45,,,1,55,,7165,45,,,1,15,,7157,45,,,1,14,,7155,45,,,1,14,,7161,45,,,1,15,,7166,45,,,1,57,,7164,45,,,1,18,,7167,45,,,1,69,,7169,45,,,1,29,,7171,45,,,1,70,,7156,45,,,1,30,,7172,45,,,1,70,,7168,45,,,1,30,,7170,45,,,1,71,,7174,45,,,1,30,,7175,45,,,1,69,,7173,45,,,1,30,,7177,45,,,1,18,,7179,45,,,1,72,,7180,45,,,1,17,,7181,45,,,1,12,,7178,45,,,1,54,,7182,45,,,1,15,,7183,45,,,1,16,,7185,45,,,1,16,,7176,45,,,1,52,,7188,45,,,1,15,,7189,45,,,1,16,,7192,45,,,1,13,,7193,45,,,1,55,,7187,45,,,1,29,,7186,45,,,1,69,,7184,45,,,1,29,,7190,45,,,1,30,,7196,45,,,1,70,,7197,45,,,1,30,,7199,45,,,1,69,,7200,45,,,1,72,,7194,45,,,1,29,,7191,45,,,1,72,,7198,45,,,1,26,,7201,45,,,1,30,,7195,45,0,14,1
1200000200,'2',730,,7205,45,,,1,70,,7204,45,,,1,31,,7208,45,,,1,70,,7202,45,,,1,30,,7207,45,,,1,70,,7206,45,,,1,31,,7210,45,,,1,70,,7209,45,,,1,30,,7203,45,,,1,72,,7212,45,,,1,30,,7214,45,,,1,70,,7211,45,,,1,30,,7216,45,,,1,71,,7217,45,,,1,30,,7213,45,,,1,69,,7215,45,,,1,30,,7219,45,,,1,70,,7221,45,,,1,30,,7218,45,,,1,70,,7223,45,,,1,29,,7224,45,,,1,69,,7220,45,,,1,28,,7222,45,,,1,28,,7228,45,,,1,70,,7227,45,,,1,31,,7225,45,,,1,69,,7229,45,,,1,29,,7231,45,,,1,70,,7230,45,,,1,30,,7233,45,,,1,70,,7226,45,,,1,30,,7232,45,,,1,70,,7234,45,,,1
1200000200,'3',730,,7235,45,,,1,70,,7236,45,,,1,31,,7237,45,,,1,70,,7238,45,,,1,30,,7239,45,,,1,70,,7243,45,,,1,31,,7241,45,,,1,70,,7245,45,,,1,30,,7242,45,,,1,72,,7240,45,,,1,30,,7244,45,,,1,70,,7247,45,,,1,30,,7246,45,,,1,71,,7248,45,,,1,30,,7250,45,,,1,69,,7252,45,,,1,30,,7255,45,,,1,70,,7257,45,,,1,30,,7249,45,,,1,70,,7251,45,,,1,29,,7253,45,,,1,69,,7256,45,,,1,28,,7258,45,,,1,28,,7260,45,,,1,70,,7259,45,,,1,31,,7254,45,,,1,69,,7261,45,,,1
1200000200,'71',551,,5075,23,,,1,55,,5074,45,,,1,15,,5078,45,,,1,8,,5082,23,,,1,8,,5080,45,,,1,17,,5081,45,,,1,55,,5077,45,,,1,16,,5085,45,,,1,17,,5073,45,,,1,15,,5087,45,,,1,55,,5076,45,,,1,14,,5089,45,,,1,14,,5083,45,,,1,15,,5090,45,,,1,59,,5079,45,,,1,13,,5091,45,,,1,17,,5084,45,,,1,57,,5086,45,,,1,14,,5092,45,,,1,15,,5088,45,,,1,15,,5094,45,,,1,55,,5095,45,,,1,15,,5096,45,,,1,15,,5098,45,,,1,15,,5099,45,,,1,55,,5101,45,,,1,15,,5102,45,,,1,15,,5103,45,,,1,16,,5093,45,,,1,55,,5105,45,,,1,15,,5106,45,,,1,15,,5107,45,,,1,14,,5097,45,,,1,55,,5104,45,,,1,15,,5100,45,,,1,21,,5108,45,,,1,12,,5109,45,,,1,56,,5110,45,,,1,15,,5111,45,,,1,16,,5112,45,,,1,12,,5113,45,,,1,54,,5115,45,,,1,15,,5117,45,,,1,15,,5119,45,,,1,9,,5121,32,,,1,8,,5120,45,,,1,52,,5122,45,,,1,15,,5125,45,,,1,17,,5126,45,,,1,14,,5123,45,,,1,54,,5124,45,,,1,14,,5116,45,,,1,15,,5114,45,,,1,15,,5128,45,,,1,15,,5118,45,,,1,70,,5129,45,,,1,30,,5127,45,,,1,70,,5133,45,,,1,30,,5135,45,,,1,69,,5136,45,,,1,72,,5130,45,,,1,29,,5132,45,,,1,72,,5134,45,,,1,26,,5137,45,,,1,30,,5131,45,0,14,1
1200000200,'72',730,,5139,45,,,1,70,,5142,45,,,1,30,,5143,45,,,1,70,,5144,45,,,1,30,,5138,45,,,1,70,,5141,45,,,1,30,,5140,45,,,1,70,,5145,45,,,1,30,,5146,45,,,1,71,,5148,45,,,1,29,,5147,45,,,1,70,,5150,45,,,1,30,,5151,45,,,1,71,,5152,45,,,1,30,,5153,45,,,1,69,,5154,45,,,1,30,,5149,45,,,1,70,,5156,45,,,1,30,,5155,45,,,1,70,,5159,45,,,1,30,,5158,45,,,1,71,,5161,45,,,1,28,,5162,45,,,1,29,,5163,45,,,1,70,,5165,45,,,1,31,,5157,45,,,1,69,,5167,45,,,1,29,,5168,45,,,1,70,,5164,45,,,1,30,,5166,45,,,1,70,,5160,45,,,1,30,,5169,45,,,1,70,,5170,45,,,1
1200000200,'73',730,,5171,45,,,1,70,,5173,45,,,1,30,,5174,45,,,1,70,,5175,45,,,1,30,,5176,45,,,1,70,,5172,45,,,1,30,,5177,45,,,1,70,,5179,45,,,1,30,,5178,45,,,1,71,,5181,45,,,1,29,,5180,45,,,1,70,,5183,45,,,1,30,,5184,45,,,1,71,,5185,45,,,1,30,,5186,45,,,1,69,,5188,45,,,1,30,,5182,45,,,1,70,,5191,45,,,1,30,,5189,45,,,1,70,,5193,45,,,1,30,,5192,45,,,1,71,,5195,45,,,1,28,,5196,45,,,1,29,,5197,45,,,1,70,,5187,45,,,1,31,,5194,45,,,1,69,,5190,45,,,1
1200000200,'89',645,,5198,23,,,1,61,,5200,23,,,1,47,,5199,14,,,1
1200000400,'1',704,,7629,47,,,1,16,,7630,47,,,1
1200000400,'71',701,,5565,47,,,1,16,,5566,47,,,1,16,,5567,47,,,1,16,,5564,47,,,1
