2200,'1',603,,5864,17,,,2,27,,5873,55,,,2,22,,5865,17,,,2,70,,5877,17,,,2,26,,5879,55,,,2,83,,5878,17,,,2,88,,5874,17,,,2,109,,5866,17,,,2,100,,5867,17,,,2,100,,5868,17,,,2,100,,5870,17,,,2,102,,5871,17,,,2,103,,5880,3,,,2,25,,5872,3,,,2,153,,5869,3,,,2,29,,5875,3,,,2,100,,5876,3,,,2
2200,'71',603,,4456,17,,,2,27,,4471,55,,,2,22,,4457,17,,,2,70,,4472,17,,,2,26,,4474,55,,,2,83,,4473,17,0,14 1 15,2,88,,4458,17,,,2,35,,4460,17,,,2,72,,4459,17,,,2,32,,4461,17,,,2,70,,4465,17,,,2,30,,4462,17,,,2,71,,4466,17,,,2,30,,4463,17,,,2,70,,4475,17,,,2,30,,4464,17,,,2,69,,4476,17,,,2,74,,4469,17,,,2,31,,4467,3,,,2,25,,4470,3,,,2,148,,4468,3,,,2,34,,4477,3,,,2,100,,4478,3,,,2
2300,'1',609,,5924,47,,,2,196,,5919,47,,,2,40,,5927,47,,,2,73,,5904,47,,,2,36,,5906,47,,,2,70,,5905,47,,,2,30,,5907,47,,,2,70,,5908,47,,,2,30,,5909,47,,,2,70,,5912,33,,,2,30,,5910,33,,,2,70,,5913,33,,,2,30,,5911,33,,,2,71,,5914,33,,,2,33,,5915,33,,,2,73,,5917,33,,,2,119,,5918,33,,,2,77,,5916,33,,,2,24,,5925,33,,,2,71,,5920,33,,,2,30,,5926,33,,,2,73,,5921,33,,,2,102,,5922,33,,,2,95,,5923,33,,,2
2300,'13',844,,5928,11,0,14 1 15,2
2300,'2',647,,5930,47,,,2,100,,5931,47,,,2,101,,5932,47,,,2,102,,5933,47,,,2,102,,5934,47,,,2,102,,5935,47,,,2,101,,5936,47,,,2,101,,5937,33,,,2,100,,5938,33,,,2,100,,5939,33,,,2,101,,5940,33,,,2,88,,5941,33,,,2
2300,'3',747,,5942,47,,,2,101,,5943,47,,,2,102,,5944,47,,,2,102,,5945,47,,,2,102,,5946,47,,,2,101,,5947,47,,,2,101,,5948,33,,,2,100,,5949,33,,,2,100,,5950,33,,,2,101,,5951,33,,,2,88,,5952,33,,,2
2300,'71',609,,4520,47,,,2,191,,4525,47,,,2,45,,4529,47,0,14 1 15,2,70,,4507,47,,,2,36,,4510,47,,,2,70,,4508,47,,,2,31,,4511,47,,,2,70,,4509,47,,,2,30,,4512,47,,,2,71,,4515,33,,,2,30,,4513,33,,,2,70,,4516,33,,,2,30,,4514,33,,,2,72,,4517,33,,,2,33,,4518,33,,,2,71,,4528,33,,,2,117,,4530,33,,,2,75,,4519,33,,,2,28,,4526,33,,,2,71,,4521,33,,,2,30,,4527,33,,,2,75,,4522,33,,,2,100,,4523,33,,,2,97,,4524,33,,,2
2300,'72',649,,4531,47,,,2,101,,4532,47,,,2,101,,4533,47,,,2,101,,4534,47,,,2,101,,4535,47,,,2,100,,4536,47,,,2,101,,4537,47,,,2,101,,4538,33,,,2,100,,4539,33,,,2,100,,4540,33,,,2,100,,4541,33,,,2,102,,4542,33,,,2
2300,'73',750,,4543,47,,,2,101,,4544,47,,,2,101,,4545,47,,,2,101,,4546,47,,,2,100,,4547,47,,,2,101,,4548,47,,,2,101,,4549,33,,,2,100,,4550,33,,,2,100,,4551,33,,,2,100,,4552,33,,,2,102,,4553,33,,,2
2300,'87',844,,4554,11,0,14 1 15,2
2400,'1',639,,6004,23,,,2,163,,6003,23,,,2
2400,'71',639,,4604,23,,,2,163,,4603,23,,,2
6500,'1',642,,6220,44,,,2,59,,6221,44,,,2,30,,6222,44,,,2
6500,'71',642,,4845,44,,,2,59,,4846,44,,,2,30,,4844,44,,,2
22100,'15',712,,6288,17,,,2
22100,'84',712,,4923,17,,,2
5002300,'1',637,,6378,47,,,2,66,,6379,47,,,2,29,,6380,47,,,2
5002300,'71',637,,5028,47,,,2,66,,5027,47,,,2,29,,5029,47,,,2
5002400,'1',702,,6384,23,,,2,28,,6383,23,,,2
5002400,'71',702,,5034,23,,,2,28,,5033,23,,,2
1200000100,'1',556,,7140,38,0,14,1,64,,7141,38,,,1,30,,7142,38,,,1,59,,7143,38,,,1,30,,7146,38,0,16 1 17,1,71,,7144,38,,,1
1200000100,'71',556,,5060,38,0,14,1,64,,5061,38,,,1,30,,5062,38,,,1,59,,5063,38,,,1,30,,5066,38,0,16 1 17,1,71,,5064,38,,,1
1200000300,'1',618,,7407,38,,,1,16,,7410,38,,,1,14,,7412,38,,,1,10,,7415,38,,,1,49,,7409,38,,,1,16,,7417,38,,,1,14,,7413,38,,,1,15,,7418,38,,,1,56,,7420,38,,,1,16,,7408,38,,,1,15,,7411,38,,,1,15,,7416,38,,,1,70,,7414,38,,,1,32,,7419,38,,,1,73,,7421,38,,,1,30,,7423,38,,,1,70,,7425,38,,,1,72,,7427,38,,,1,30,,7422,38,,,1,70,,7424,38,,,1,28,,7426,38,,,1,30,,7428,38,,,1,69,,7429,38,,,1,74,,7430,38,,,1,31,,7433,40,,,1,67,,7434,40,,,1,28,,7435,40,,,1,72,,7432,40,,,1,31,,7431,40,,,1,73,,7436,40,,,1,24,,7439,38,,,1,27,,7437,38,,,1,61,,7441,38,,,1,30,,7442,38,,,1,72,,7440,38,,,1,33,,7447,38,,,1,66,,7438,38,,,1,27,,7443,38,,,1,70,,7444,38,,,1,30,,7448,38,,,1,66,,7445,38,,,1,30,,7449,38,,,1,68,,7446,38,,,1
1200000300,'2',656,,7450,38,,,1,70,,7453,38,,,1,30,,7456,38,,,1,71,,7459,38,,,1,30,,7451,38,,,1,71,,7454,38,,,1,30,,7457,38,,,1,71,,7460,38,,,1,71,,7452,38,,,1,30,,7455,38,,,1,71,,7458,38,,,1,30,,7461,38,,,1,71,,7462,38,,,1,30,,7466,38,,,1,70,,7472,38,,,1,30,,7469,38,,,1,70,,7463,38,,,1,30,,7467,38,,,1,69,,7473,38,,,1,30,,7470,38,,,1,70,,7464,38,,,1,30,,7468,38,,,1,69,,7474,38,,,1,30,,7471,38,,,1,19,,7465,38,,,1,94,,7475,38,,,1,100,,7476,38,,,1,96,,7477,38,,,1,99,,7478,38,,,1,177,,7479,38,,,1
1200000300,'3',726,,7480,38,,,1,30,,7482,38,,,1,71,,7488,38,,,1,30,,7485,38,,,1,71,,7481,38,,,1,30,,7483,38,,,1,71,,7489,38,,,1,71,,7486,38,,,1,30,,7490,38,,,1,71,,7484,38,,,1,30,,7492,38,,,1,71,,7487,38,,,1,30,,7491,38,,,1,70,,7494,38,,,1,30,,7493,38,,,1,70,,7498,38,,,1,30,,7501,38,,,1,69,,7495,38,,,1,30,,7504,38,,,1,70,,7499,38,,,1,30,,7502,38,,,1,69,,7496,38,,,1,30,,7505,38,,,1,19,,7500,38,,,1,94,,7497,38,,,1,157,,7503,38,,,1
1200000300,'71',618,,5347,38,,,1,16,,5350,38,,,1,14,,5352,38,,,1,10,,5354,38,,,1,49,,5349,38,,,1,10,,5356,38,,,1,10,,5359,38,,,1,10,,5353,38,,,1,15,,5361,38,,,1,56,,5363,38,,,1,16,,5348,38,,,1,15,,5351,38,,,1,15,,5357,38,,,1,55,,5360,38,,,1,15,,5358,38,,,1,15,,5355,38,,,1,20,,5362,38,,,1,60,,5364,38,,,1,20,,5366,38,,,1,20,,5368,38,,,1,60,,5369,38,,,1,20,,5371,38,,,1,62,,5373,38,,,1,20,,5365,38,,,1,20,,5367,38,,,1,60,,5374,38,,,1,18,,5370,38,,,1,20,,5372,38,,,1,19,,5376,38,,,1,60,,5378,38,,,1,19,,5380,38,,,1,65,,5375,38,,,1,31,,5383,40,,,1,67,,5377,40,,,1,29,,5379,40,,,1,73,,5384,40,,,1,29,,5382,40,,,1,73,,5381,40,,,1,21,,5385,38,,,1,30,,5386,38,,,1,61,,5388,38,,,1,30,,5390,38,,,1,72,,5391,38,,,1,33,,5395,38,,,1,66,,5389,38,,,1,27,,5387,38,,,1,70,,5392,38,,,1,30,,5396,38,,,1,66,,5393,38,,,1,30,,5397,38,,,1,68,,5394,38,,,1
1200000300,'72',644,,5398,38,,,1,70,,5399,38,,,1,30,,5404,38,,,1,70,,5408,38,,,1,32,,5402,38,,,1,71,,5401,38,,,1,28,,5406,38,,,1,70,,5407,38,,,1,31,,5409,38,,,1,69,,5400,38,,,1,31,,5405,38,,,1,70,,5403,38,,,1,29,,5410,38,,,1,72,,5411,38,,,1,29,,5413,38,,,1,73,,5412,38,,,1,29,,5415,38,,,1,69,,5416,38,,,1,30,,5417,38,,,1,71,,5418,38,,,1,29,,5419,38,,,1,69,,5414,38,,,1,31,,5421,38,,,1,69,,5420,38,,,1,33,,5422,38,,,1,94,,5423,38,,,1,100,,5424,38,,,1,96,,5425,38,,,1,99,,5426,38,,,1,177,,5427,38,,,1
1200000300,'73',714,,5428,38,,,1,30,,5430,38,,,1,70,,5433,38,,,1,32,,5435,38,,,1,71,,5429,38,,,1,28,,5432,38,,,1,70,,5434,38,,,1,31,,5436,38,,,1,69,,5437,38,,,1,31,,5431,38,,,1,70,,5438,38,,,1,29,,5440,38,,,1,72,,5439,38,,,1,29,,5442,38,,,1,73,,5441,38,,,1,29,,5444,38,,,1,69,,5445,38,,,1,30,,5446,38,,,1,71,,5447,38,,,1,29,,5448,38,,,1,69,,5443,38,,,1,31,,5450,38,,,1,69,,5449,38,,,1,33,,5451,38,,,1,94,,5452,38,,,1,157,,5453,38,,,1
2000002200,'1',644,,7709,64,0,18 19 20,2,90,,7711,36,0,18 19 20,2,100,,7713,36,0,18 19 20,2
2000002200,'71',644,,5649,64,0,18 19 20,2,90,,5651,36,0,18 19 20,2,100,,5653,36,0,18 19 20,2
2000002201,'1',1625,,7714,68,,,2,83,,7715,68,,,2,48,,7716,68,,,2,84,,7717,68,,,2
2000002201,'71',1625,,5654,68,,,2,83,,5655,68,,,2,44,,5656,68,,,2,88,,5657,68,,,2
