24200,'15',718,,6297,14,,,2
24200,'84',718,,4939,14,,,2
24600,'12',815,,6299,12,,,2
24600,'82',815,,4943,12,,,2
1200000100,'1',554,,7140,36,0,14,1,64,,7141,36,,,1,30,,7142,36,,,1,59,,7143,36,,,1,29,,7146,36,0,16 1 17,1,72,,7144,36,,,1
1200000100,'71',554,,5060,36,0,14,1,64,,5061,36,,,1,30,,5062,36,,,1,59,,5063,36,,,1,29,,5066,36,0,16 1 17,1,72,,5064,36,,,1
1200000300,'1',616,,7407,36,,,1,16,,7410,36,,,1,14,,7412,36,,,1,10,,7415,36,,,1,49,,7409,36,,,1,15,,7417,36,,,1,14,,7413,36,,,1,15,,7418,36,,,1,57,,7420,36,,,1,16,,7408,36,,,1,15,,7411,36,,,1,15,,7416,36,,,1,70,,7414,36,,,1,32,,7419,36,,,1,73,,7421,36,,,1,30,,7423,36,,,1,70,,7425,36,,,1,32,,7427,36,,,1,70,,7422,36,,,1,30,,7424,36,,,1,68,,7426,36,,,1,30,,7428,36,,,1,69,,7429,36,,,1,74,,7430,36,,,1,31,,7433,38,,,1,27,,7434,38,,,1,68,,7435,38,,,1,32,,7432,38,,,1,71,,7431,38,,,1,73,,7436,38,,,1,24,,7439,36,,,1,27,,7437,36,,,1,61,,7441,36,,,1,30,,7442,36,,,1,72,,7440,36,,,1,33,,7447,36,,,1,66,,7438,36,,,1,27,,7443,36,,,1,70,,7444,36,,,1,30,,7448,36,,,1,66,,7445,36,,,1,30,,7449,36,,,1,68,,7446,36,,,1
1200000300,'2',654,,7450,36,,,1,70,,7453,36,,,1,30,,7456,36,,,1,71,,7459,36,,,1,30,,7451,36,,,1,71,,7454,36,,,1,30,,7457,36,,,1,71,,7460,36,,,1,31,,7452,36,,,1,70,,7455,36,,,1,31,,7458,36,,,1,70,,7461,36,,,1,71,,7462,36,,,1,30,,7466,36,,,1,70,,7472,36,,,1,30,,7469,36,,,1,70,,7463,36,,,1,30,,7467,36,,,1,29,,7473,36,,,1,70,,7470,36,,,1,30,,7464,36,,,1,70,,7468,36,,,1,29,,7474,36,,,1,70,,7471,36,,,1,19,,7465,36,,,1,94,,7475,36,,,1,100,,7476,36,,,1,96,,7477,36,,,1,99,,7478,36,,,1,177,,7479,36,,,1
1200000300,'3',724,,7480,36,,,1,30,,7482,36,,,1,71,,7488,36,,,1,30,,7485,36,,,1,71,,7481,36,,,1,30,,7483,36,,,1,71,,7489,36,,,1,31,,7486,36,,,1,70,,7490,36,,,1,31,,7484,36,,,1,70,,7492,36,,,1,71,,7487,36,,,1,30,,7491,36,,,1,70,,7494,36,,,1,30,,7493,36,,,1,70,,7498,36,,,1,30,,7501,36,,,1,29,,7495,36,,,1,70,,7504,36,,,1,30,,7499,36,,,1,70,,7502,36,,,1,29,,7496,36,,,1,70,,7505,36,,,1,19,,7500,36,,,1,94,,7497,36,,,1,117,,7503,36,,,1
1200000300,'71',616,,5347,36,,,1,16,,5350,36,,,1,14,,5352,36,,,1,10,,5354,36,,,1,49,,5349,36,,,1,10,,5356,36,,,1,9,,5359,36,,,1,10,,5353,36,,,1,15,,5361,36,,,1,57,,5363,36,,,1,16,,5348,36,,,1,15,,5351,36,,,1,15,,5357,36,,,1,55,,5360,36,,,1,15,,5358,36,,,1,15,,5355,36,,,1,20,,5362,36,,,1,60,,5364,36,,,1,20,,5366,36,,,1,20,,5368,36,,,1,60,,5369,36,,,1,20,,5371,36,,,1,22,,5373,36,,,1,60,,5365,36,,,1,20,,5367,36,,,1,20,,5374,36,,,1,58,,5370,36,,,1,20,,5372,36,,,1,19,,5376,36,,,1,60,,5378,36,,,1,19,,5380,36,,,1,65,,5375,36,,,1,31,,5383,38,,,1,27,,5377,38,,,1,69,,5379,38,,,1,73,,5384,38,,,1,29,,5382,38,,,1,73,,5381,38,,,1,21,,5385,36,,,1,30,,5386,36,,,1,61,,5388,36,,,1,30,,5390,36,,,1,72,,5391,36,,,1,33,,5395,36,,,1,66,,5389,36,,,1,27,,5387,36,,,1,70,,5392,36,,,1,30,,5396,36,,,1,66,,5393,36,,,1,30,,5397,36,,,1,68,,5394,36,,,1
1200000300,'72',642,,5398,36,,,1,70,,5399,36,,,1,30,,5404,36,,,1,70,,5408,36,,,1,32,,5402,36,,,1,71,,5401,36,,,1,28,,5406,36,,,1,70,,5407,36,,,1,31,,5409,36,,,1,69,,5400,36,,,1,31,,5405,36,,,1,70,,5403,36,,,1,29,,5410,36,,,1,72,,5411,36,,,1,29,,5413,36,,,1,73,,5412,36,,,1,29,,5415,36,,,1,69,,5416,36,,,1,30,,5417,36,,,1,71,,5418,36,,,1,29,,5419,36,,,1,69,,5414,36,,,1,31,,5421,36,,,1,69,,5420,36,,,1,33,,5422,36,,,1,94,,5423,36,,,1,100,,5424,36,,,1,96,,5425,36,,,1,99,,5426,36,,,1,177,,5427,36,,,1
1200000300,'73',712,,5428,36,,,1,30,,5430,36,,,1,70,,5433,36,,,1,32,,5435,36,,,1,71,,5429,36,,,1,28,,5432,36,,,1,70,,5434,36,,,1,31,,5436,36,,,1,69,,5437,36,,,1,31,,5431,36,,,1,70,,5438,36,,,1,29,,5440,36,,,1,72,,5439,36,,,1,29,,5442,36,,,1,73,,5441,36,,,1,29,,5444,36,,,1,69,,5445,36,,,1,30,,5446,36,,,1,71,,5447,36,,,1,29,,5448,36,,,1,69,,5443,36,,,1,31,,5450,36,,,1,69,,5449,36,,,1,33,,5451,36,,,1,94,,5452,36,,,1,117,,5453,36,,,1
