22101,'85',1514,,4924,10,,,2
22201,'85',1515,,4926,10,,,2
23101,'85',1514,,4932,10,,,2
23201,'85',1514,,4934,10,,,2
35501,'83',1636,,4956,29,,,2
5003700,'1',658,,6395,55,,,2,76,,6394,55,,,2
5003700,'71',639,,5046,62,,,2,19,,5047,55,,,2,74,,5048,55,,,2
5004200,'11',703,,6399,22,,,2
5004200,'81',703,,5054,22,,,2
905231701,'27',2253,,6491,44,4,,2,69,,6494,44,4,,2,30,,6489,44,4,,2,70,,6492,44,4,,2,30,,6490,44,4,,2,70,,6493,44,4,,2,30,,6495,44,4,,2
905231701,'28',2253,,6498,44,4,,2,69,,6501,44,4,,2,30,,6496,44,4,,2,70,,6499,44,4,,2,30,,6497,44,4,,2,70,,6500,44,4,,2,30,,6502,44,4,,2
905231701,'29',2253,,6505,44,4,,2,69,,6508,44,4,,2,30,,6503,44,4,,2,70,,6506,44,4,,2,30,,6504,44,4,,2,70,,6507,44,4,,2,30,,6509,44,4,,2
1200000101,'1',1552,,7148,48,,,1,72,,7149,48,,,1,31,,7150,48,,,1,71,,7151,48,,,1
1200000101,'71',1549,,5070,48,,,1,72,,5071,48,,,1,31,,5069,48,,,1,72,,5072,48,,,1
1200000200,'1',551,,7154,22,,,1,55,,7153,44,,,1,15,,7158,44,,,1,16,,7159,44,,,1,19,,7160,44,,,1,55,,7162,44,,,1,16,,7163,44,,,1,17,,7152,44,,,1,15,,7165,44,,,1,55,,7157,44,,,1,14,,7155,44,,,1,14,,7161,44,,,1,15,,7166,44,,,1,57,,7164,44,,,1,18,,7167,44,,,1,69,,7169,44,,,1,29,,7171,44,,,1,70,,7156,44,,,1,30,,7172,44,,,1,70,,7168,44,,,1,30,,7170,44,,,1,71,,7174,44,,,1,30,,7175,44,,,1,69,,7173,44,,,1,31,,7177,44,,,1,18,,7179,44,,,1,71,,7180,44,,,1,17,,7181,44,,,1,12,,7178,44,,,1,54,,7182,44,,,1,15,,7183,44,,,1,16,,7185,44,,,1,16,,7176,44,,,1,52,,7188,44,,,1,15,,7189,44,,,1,17,,7192,44,,,1,13,,7193,44,,,1,55,,7187,44,,,1,28,,7186,44,,,1,29,,7184,44,,,1,69,,7190,44,,,1,30,,7196,44,,,1,70,,7197,44,,,1,30,,7199,44,,,1,69,,7200,44,,,1,32,,7194,44,,,1,70,,7191,44,,,1,72,,7198,44,,,1,26,,7201,44,,,1,30,,7195,44,0,14,1
1200000200,'2',729,,7205,44,,,1,30,,7204,44,,,1,71,,7208,44,,,1,70,,7202,44,,,1,30,,7207,44,,,1,70,,7206,44,,,1,31,,7210,44,,,1,70,,7209,44,,,1,31,,7203,44,,,1,71,,7212,44,,,1,30,,7214,44,,,1,70,,7211,44,,,1,30,,7216,44,,,1,71,,7217,44,,,1,30,,7213,44,,,1,69,,7215,44,,,1,30,,7219,44,,,1,70,,7221,44,,,1,30,,7218,44,,,1,70,,7223,44,,,1,30,,7224,44,,,1,69,,7220,44,,,1,27,,7222,44,,,1,28,,7228,44,,,1,70,,7227,44,,,1,31,,7225,44,,,1,69,,7229,44,,,1,29,,7231,44,,,1,70,,7230,44,,,1,30,,7233,44,,,1,70,,7226,44,,,1,30,,7232,44,,,1,70,,7234,44,,,1
1200000200,'3',729,,7235,44,,,1,30,,7236,44,,,1,71,,7237,44,,,1,70,,7238,44,,,1,30,,7239,44,,,1,70,,7243,44,,,1,31,,7241,44,,,1,70,,7245,44,,,1,31,,7242,44,,,1,71,,7240,44,,,1,30,,7244,44,,,1,70,,7247,44,,,1,30,,7246,44,,,1,71,,7248,44,,,1,30,,7250,44,,,1,69,,7252,44,,,1,30,,7255,44,,,1,70,,7257,44,,,1,30,,7249,44,,,1,70,,7251,44,,,1,30,,7253,44,,,1,69,,7256,44,,,1,27,,7258,44,,,1,28,,7260,44,,,1,70,,7259,44,,,1,31,,7254,44,,,1,69,,7261,44,,,1
1200000200,'71',550,,5075,22,,,1,55,,5074,44,,,1,15,,5078,44,,,1,8,,5082,22,,,1,8,,5080,44,,,1,17,,5081,44,,,1,55,,5077,44,,,1,16,,5085,44,,,1,17,,5073,44,,,1,15,,5087,44,,,1,55,,5076,44,,,1,14,,5089,44,,,1,14,,5083,44,,,1,15,,5090,44,,,1,59,,5079,44,,,1,13,,5091,44,,,1,17,,5084,44,,,1,57,,5086,44,,,1,14,,5092,44,,,1,15,,5088,44,,,1,15,,5094,44,,,1,15,,5095,44,,,1,55,,5096,44,,,1,15,,5098,44,,,1,15,,5099,44,,,1,15,,5101,44,,,1,55,,5102,44,,,1,15,,5103,44,,,1,16,,5093,44,,,1,55,,5105,44,,,1,15,,5106,44,,,1,15,,5107,44,,,1,14,,5097,44,,,1,15,,5104,44,,,1,55,,5100,44,,,1,21,,5108,44,,,1,12,,5109,44,,,1,56,,5110,44,,,1,15,,5111,44,,,1,16,,5112,44,,,1,12,,5113,44,,,1,54,,5115,44,,,1,15,,5117,44,,,1,15,,5119,44,,,1,9,,5121,31,,,1,8,,5120,44,,,1,12,,5122,44,,,1,55,,5125,44,,,1,17,,5126,44,,,1,14,,5123,44,,,1,14,,5124,44,,,1,54,,5116,44,,,1,15,,5114,44,,,1,15,,5128,44,,,1,15,,5118,44,,,1,70,,5129,44,,,1,30,,5127,44,,,1,70,,5133,44,,,1,30,,5135,44,,,1,69,,5136,44,,,1,32,,5130,44,,,1,70,,5132,44,,,1,72,,5134,44,,,1,26,,5137,44,,,1,30,,5131,44,0,14,1
1200000200,'72',729,,5139,44,,,1,30,,5142,44,,,1,70,,5143,44,,,1,30,,5144,44,,,1,70,,5138,44,,,1,30,,5141,44,,,1,70,,5140,44,,,1,30,,5145,44,,,1,70,,5146,44,,,1,71,,5148,44,,,1,29,,5147,44,,,1,30,,5150,44,,,1,70,,5151,44,,,1,71,,5152,44,,,1,30,,5153,44,,,1,29,,5154,44,,,1,70,,5149,44,,,1,30,,5156,44,,,1,70,,5155,44,,,1,30,,5159,44,,,1,70,,5158,44,,,1,71,,5161,44,,,1,28,,5162,44,,,1,29,,5163,44,,,1,70,,5165,44,,,1,31,,5157,44,,,1,69,,5167,44,,,1,29,,5168,44,,,1,70,,5164,44,,,1,30,,5166,44,,,1,70,,5160,44,,,1,30,,5169,44,,,1,70,,5170,44,,,1
1200000200,'73',729,,5171,44,,,1,30,,5173,44,,,1,70,,5174,44,,,1,30,,5175,44,,,1,70,,5176,44,,,1,30,,5172,44,,,1,70,,5177,44,,,1,30,,5179,44,,,1,70,,5178,44,,,1,71,,5181,44,,,1,29,,5180,44,,,1,30,,5183,44,,,1,70,,5184,44,,,1,71,,5185,44,,,1,30,,5186,44,,,1,29,,5188,44,,,1,70,,5182,44,,,1,30,,5191,44,,,1,70,,5189,44,,,1,30,,5193,44,,,1,70,,5192,44,,,1,71,,5195,44,,,1,28,,5196,44,,,1,29,,5197,44,,,1,70,,5187,44,,,1,31,,5194,44,,,1,69,,5190,44,,,1
1200000200,'89',644,,5198,22,,,1,61,,5200,22,,,1,47,,5199,13,,,1
1200000400,'1',703,,7629,46,,,1,16,,7630,46,,,1
1200000400,'71',700,,5565,46,,,1,16,,5566,46,,,1,16,,5567,46,,,1,16,,5564,46,,,1
