3701,'1',546,,822,14,0,9,2,183,,826,21,,,2,105,,823,21,0,9,2,102,,824,21,0,9,2,97,,825,21,0,9,2,102,,827,21,0,9,2,112,,828,21,0,9,2,102,,829,21,0,9,2,104,,830,21,0,9,2,152,,831,21,0,9,2,115,,832,21,0,9,2,95,,833,21,0,9,2,104,,834,21,0,9,2,100,,835,21,0,9,2,97,,836,21,0,9,2,100,,837,21,0,9,2,100,,838,21,0,9,2,28,,839,21,0,9,2
3701,'3',546,,840,14,0,9,2,74,,841,21,0,9,2,109,,842,21,0,9,2,105,,843,21,0,9,2,102,,844,21,0,9,2,97,,845,21,0,9,2,102,,846,21,0,9,2,112,,847,21,0,9,2,102,,848,21,0,9,2,104,,849,21,0,9,2,152,,850,21,0,9,2,115,,851,21,0,9,2,95,,852,21,0,9,2,104,,853,21,0,9,2,100,,854,21,0,9,2,97,,855,21,0,9,2,100,,856,21,0,9,2,100,,857,21,0,9,2,28,,858,21,0,9,2
3701,'4',546,,859,14,0,9,2,74,,860,21,0,9,2,109,,861,21,0,9,2,105,,862,21,0,9,2,102,,863,21,0,9,2,97,,864,21,0,9,2,102,,865,21,0,9,2,112,,866,21,0,9,2,102,,867,21,0,9,2,104,,868,21,0,9,2,152,,869,21,0,9,2,115,,870,21,0,9,2,95,,871,21,0,9,2,104,,872,21,0,9,2,100,,873,21,0,9,2,97,,874,21,0,9,2,100,,875,21,0,9,2,100,,876,21,0,9,2,28,,877,21,0,9,2
3701,'6',704,,878,21,0,9,2,100,,879,21,0,9,2,102,,880,21,0,9,2,100,,881,21,0,9,2,100,,882,21,0,9,2,112,,883,21,0,9,2,100,,884,21,0,9,2,100,,885,21,0,9,2,102,,886,21,0,9,2,100,,887,21,0,9,2,98,,889,21,0,9,2,100,,890,21,0,9,2,105,,888,21,0,9,2,92,,891,21,0,9,2,100,,892,21,0,9,2,101,,893,21,0,9,2,98,,894,21,0,9,2,28,,895,21,0,9,2
3701,'8',804,,896,21,0,9,2,102,,897,21,0,9,2,100,,898,21,0,9,2,100,,899,21,0,9,2,112,,900,21,0,9,2,100,,901,21,0,9,2,100,,902,21,0,9,2,102,,903,21,0,9,2,100,,904,21,0,9,2,98,,907,21,0,9,2,100,,905,21,0,9,2,105,,906,21,0,9,2
38101,'15',1539,,1183,41,,,2
38501,'13',1702,,1185,35,,,2
5003700,'1',621,,1355,25,,,2,19,,1356,25,,,2,74,,1358,25,,,2,31,,1359,25,,,2,68,,1357,25,,,2
5003700,'3',640,,1361,25,,,2,74,,1360,25,,,2
5003700,'4',640,,1362,25,,,2,74,,1363,25,,,2
5003701,'1',1636,,1365,49,,,2,102,,1364,49,,,2,110,,1366,49,,,2
5003701,'3',1730,,1367,49,,,2
5003701,'4',1731,,1368,49,,,2,114,,1369,49,,,2
