3501,'1',549,,6049,21,,,2,94,,6050,23,,,2,83,,6051,23,,,2,98,,6052,23,,,2,83,,6053,23,,,2,39,,6054,23,,,2,85,,6055,23,,,2,85,,6056,23,,,2,86,,6057,23,,,2,45,,6058,23,,,2,85,,6059,23,,,2,85,,6060,23,,,2,85,,6061,23,,,2,98,,6062,23,,,2,44,,6064,23,,,2,82,,6065,23,,,2,82,,6066,23,,,2,44,,6067,23,,,2,74,,6063,23,,,2,79,,6068,23,,,2,26,,6069,23,,,2,71,,6070,23,,,2,27,,6071,23,,,2,78,,6072,23,,,2,30,,6073,23,,,2,68,,6074,23,,,2,25,,6075,23,,,2
3501,'2',710,,6076,23,,,2,30,,6077,23,,,2,70,,6078,23,,,2,30,,6079,23,,,2,69,,6080,23,,,2,33,,6081,23,,,2,86,,6082,23,,,2,85,,6083,23,,,2,87,,6084,23,,,2,47,,6085,23,,,2,89,,6086,23,,,2,85,,6088,23,,,2,86,,6089,23,,,2,45,,6090,23,,,2,85,,6091,23,,,2,84,,6092,23,,,2,83,,6087,23,,,2,42,,6093,23,,,2,78,,6094,23,,,2,85,,6095,23,,,2,30,,6096,23,,,2,68,,6097,23,,,2,28,,6098,23,,,2,70,,6099,23,,,2,30,,6100,23,,,2,68,,6101,23,,,2,25,,6102,23,,,2
3501,'3',840,,6103,23,,,2,69,,6104,23,,,2,33,,6105,23,,,2,86,,6106,23,,,2,85,,6107,23,,,2,87,,6108,23,,,2,47,,6109,23,,,2,89,,6110,23,,,2,85,,6111,23,,,2,86,,6112,23,,,2,45,,6114,23,,,2,85,,6115,23,,,2,84,,6116,23,,,2,83,,6117,23,,,2,42,,6118,23,,,2,78,,6119,23,,,2,85,,6113,23,,,2
3501,'71',552,,4652,21,,,2,96,,4653,23,,,2,71,,4654,23,,,2,110,,4658,23,,,2,79,,4655,23,,,2,40,,4656,23,,,2,97,,4659,23,,,2,102,,4660,23,,,2,98,,4657,23,,,2,101,,4662,23,,,2,102,,4661,23,,,2,153,,4663,23,,,2,33,,4664,23,,,2,76,,4665,23,,,2,34,,4666,23,,,2,104,,4667,23,,,2,90,,4670,23,,,2,92,,4671,23,,,2,98,,4672,23,,,2,108,,4668,23,,,2,93,,4669,23,,,2
3501,'72',703,,4673,23,,,2,100,,4674,23,,,2,101,,4675,23,,,2,100,,4676,23,,,2,100,,4677,23,,,2,101,,4678,23,,,2,106,,4679,23,,,2,102,,4680,23,,,2,101,,4681,23,,,2,100,,4682,23,,,2,92,,4683,23,,,2,97,,4684,23,,,2,56,,4685,23,,,2,150,,4686,23,,,2,98,,4687,23,,,2,98,,4688,23,,,2,98,,4689,23,,,2
3501,'73',904,,4690,23,,,2,100,,4691,23,,,2,100,,4692,23,,,2,101,,4693,23,,,2,106,,4694,23,,,2,102,,4695,23,,,2,101,,4696,23,,,2,100,,4697,23,,,2,92,,4698,23,,,2,97,,4699,23,,,2,56,,4700,23,,,2,143,,4701,23,,,2
35100,'15',717,,6307,20,,,2
35100,'84',717,,4953,20,,,2
35101,'85',1543,,4954,44,,,2
35500,'12',807,,6308,20,,,2
35500,'82',810,,4955,20,,,2
35501,'83',1656,,4956,54,,,2
5003601,'1',1652,,6393,23,,,2,64,,6392,23,,,2
