2300,'1',608,,5924,45,,,2,196,,5919,45,,,2,40,,5927,45,,,2,73,,5904,45,,,2,36,,5906,45,,,2,70,,5905,45,,,2,30,,5907,45,,,2,70,,5908,45,,,2,30,,5909,45,,,2,70,,5912,31,,,2,30,,5910,31,,,2,70,,5913,31,,,2,30,,5911,31,,,2,71,,5914,31,,,2,33,,5915,31,,,2,73,,5917,31,,,2,119,,5918,31,,,2,77,,5916,31,,,2,24,,5925,31,,,2,71,,5920,31,,,2,30,,5926,31,,,2,73,,5921,31,,,2,102,,5922,31,,,2,95,,5923,31,,,2
2300,'13',843,,5928,9,0,14 1 15,2
2300,'2',646,,5930,45,,,2,100,,5931,45,,,2,101,,5932,45,,,2,102,,5933,45,,,2,102,,5934,45,,,2,102,,5935,45,,,2,101,,5936,45,,,2,101,,5937,31,,,2,100,,5938,31,,,2,100,,5939,31,,,2,101,,5940,31,,,2,88,,5941,31,,,2
2300,'3',746,,5942,45,,,2,101,,5943,45,,,2,102,,5944,45,,,2,102,,5945,45,,,2,102,,5946,45,,,2,101,,5947,45,,,2,101,,5948,31,,,2,100,,5949,31,,,2,100,,5950,31,,,2,101,,5951,31,,,2,88,,5952,31,,,2
2300,'71',608,,4520,45,,,2,151,,4525,45,,,2,85,,4529,45,0,14 1 15,2,70,,4507,45,,,2,36,,4510,45,,,2,70,,4508,45,,,2,31,,4511,45,,,2,70,,4509,45,,,2,30,,4512,45,,,2,71,,4515,31,,,2,30,,4513,31,,,2,70,,4516,31,,,2,30,,4514,31,,,2,72,,4517,31,,,2,33,,4518,31,,,2,71,,4528,31,,,2,117,,4530,31,,,2,75,,4519,31,,,2,28,,4526,31,,,2,71,,4521,31,,,2,30,,4527,31,,,2,75,,4522,31,,,2,100,,4523,31,,,2,97,,4524,31,,,2
2300,'72',648,,4531,45,,,2,101,,4532,45,,,2,101,,4533,45,,,2,101,,4534,45,,,2,101,,4535,45,,,2,100,,4536,45,,,2,101,,4537,45,,,2,101,,4538,31,,,2,100,,4539,31,,,2,100,,4540,31,,,2,100,,4541,31,,,2,102,,4542,31,,,2
2300,'73',749,,4543,45,,,2,101,,4544,45,,,2,101,,4545,45,,,2,101,,4546,45,,,2,100,,4547,45,,,2,101,,4548,45,,,2,101,,4549,31,,,2,100,,4550,31,,,2,100,,4551,31,,,2,100,,4552,31,,,2,102,,4553,31,,,2
2300,'87',843,,4554,9,0,14 1 15,2
22500,'12',805,,6290,12,,,2
22500,'82',805,,4927,12,,,2
23500,'12',815,,6295,68,,,2
23500,'82',815,,4935,68,,,2
5002300,'1',636,,6378,45,,,2,66,,6379,45,,,2,29,,6380,45,,,2
5002300,'71',636,,5028,45,,,2,66,,5027,45,,,2,29,,5029,45,,,2
