905231701,'27',2310,,6491,69,4,,2,29,,6494,69,4,,2,70,,6489,69,4,,2,30,,6492,69,4,,2,70,,6490,69,4,,2,30,,6493,69,4,,2,70,,6495,69,4,,2
905231701,'28',2310,,6498,69,4,,2,29,,6501,69,4,,2,70,,6496,69,4,,2,30,,6499,69,4,,2,70,,6497,69,4,,2,30,,6500,69,4,,2,70,,6502,69,4,,2
905231701,'29',2310,,6505,69,4,,2,29,,6508,69,4,,2,70,,6503,69,4,,2,30,,6506,69,4,,2,70,,6504,69,4,,2,30,,6507,69,4,,2,70,,6509,69,4,,2
1200000101,'1',1617,,7148,73,,,1,32,,7149,73,,,1,71,,7150,73,,,1,30,,7151,73,,,1
1200000101,'71',1613,,5070,73,,,1,32,,5071,73,,,1,71,,5069,73,,,1,30,,5072,73,,,1
1200000301,'1',619,,7508,22,,,1,28,,7513,22,,,1,77,,7506,35,,,1,20,,7510,35,,,1,75,,7516,35,,,1,29,,7511,35,,,1,65,,7519,35,,,1,25,,7507,35,,,1,69,,7517,35,,,1,27,,7515,35,,,1,73,,7520,35,,,1,33,,7521,35,,,1,70,,7523,35,,,1,34,,7525,35,,,1,72,,7527,35,,,1,28,,7522,35,,,1,70,,7524,35,,,1,28,,7526,35,,,1,71,,7528,35,,,1,36,,7529,35,,,1,60,,7532,32,,,1,23,,7530,32,,,1,18,,7535,32,,,1,59,,7534,32,,,1,11,,7539,32,,,1,13,,7537,32,,,1,14,,7538,32,,,1,56,,7541,32,,,1,14,,7533,32,,,1,12,,7536,32,,,1,15,,7531,32,,,1,68,,7540,32,,,1,24,,7544,35,,,1,64,,7542,35,,,1,31,,7543,35,,,1,70,,7545,35,,,1,29,,7546,35,,,1,73,,7549,35,,,1,31,,7547,22,,,1,70,,7550,22,,,1,28,,7548,22,,,1,70,,7551,22,,,1,39,,7552,22,,,1
1200000301,'2',759,,7553,35,,,1,70,,7556,35,,,1,71,,7559,35,,,1,32,,7562,35,,,1,71,,7554,35,,,1,32,,7557,35,,,1,71,,7560,35,,,1,31,,7563,35,,,1,71,,7555,35,,,1,31,,7558,35,,,1,71,,7561,35,,,1,31,,7564,35,,,1,71,,7565,35,,,1,30,,7568,35,,,1,70,,7574,35,,,1,30,,7571,35,,,1,70,,7566,35,,,1,31,,7569,35,,,1,71,,7575,35,,,1,27,,7572,35,,,1,68,,7567,35,,,1,28,,7570,35,,,1,67,,7576,35,,,1,27,,7573,35,,,1,75,,7577,22,,,1,100,,7578,22,,,1,96,,7579,22,,,1,98,,7580,22,,,1,38,,7581,22,,,1,102,,7582,22,,,1
1200000301,'27',2233,,7584,25,,,1,70,,7587,25,,,1,30,,7589,25,,,1,83,,7585,25,,,1,28,,7588,25,,,1,70,,7583,25,,,1,30,,7586,25,,,1
1200000301,'28',2233,,7591,25,,,1,70,,7594,25,,,1,30,,7596,25,,,1,83,,7592,25,,,1,28,,7595,25,,,1,70,,7590,25,,,1,30,,7593,25,,,1
1200000301,'29',2233,,7598,25,,,1,70,,7601,25,,,1,30,,7603,25,,,1,83,,7599,25,,,1,28,,7602,25,,,1,70,,7597,25,,,1,30,,7600,25,,,1
1200000301,'3',829,,7604,35,,,1,71,,7606,35,,,1,32,,7612,35,,,1,71,,7609,35,,,1,32,,7605,35,,,1,71,,7607,35,,,1,31,,7613,35,,,1,71,,7610,35,,,1,31,,7614,35,,,1,71,,7608,35,,,1,31,,7616,35,,,1,71,,7611,35,,,1,30,,7615,35,,,1,70,,7618,35,,,1,30,,7617,35,,,1,70,,7621,35,,,1,31,,7623,35,,,1,71,,7619,35,,,1,27,,7627,35,,,1,68,,7622,35,,,1,28,,7624,35,,,1,67,,7620,35,,,1,27,,7628,35,,,1,75,,7625,22,,,1,121,,7626,22,,,1
1200000301,'71',619,,5456,22,,,1,28,,5460,22,,,1,78,,5454,35,,,1,20,,5458,35,,,1,77,,5466,35,,,1,27,,5463,35,,,1,66,,5469,35,,,1,26,,5455,35,,,1,69,,5465,35,,,1,27,,5467,35,,,1,76,,5470,35,,,1,20,,5471,35,,,1,20,,5473,35,,,1,60,,5475,35,,,1,24,,5476,35,,,1,20,,5478,35,,,1,61,,5480,35,,,1,19,,5472,35,,,1,20,,5474,35,,,1,60,,5481,35,,,1,18,,5477,35,,,1,20,,5479,35,,,1,60,,5483,35,,,1,25,,5484,35,,,1,13,,5485,32,,,1,56,,5486,32,,,1,23,,5482,32,,,1,18,,5494,32,,,1,59,,5490,32,,,1,11,,5493,32,,,1,13,,5488,32,,,1,14,,5487,32,,,1,56,,5497,32,,,1,16,,5496,32,,,1,10,,5495,32,,,1,17,,5492,32,,,1,11,,5489,32,,,1,55,,5491,32,,,1,22,,5498,35,,,1,67,,5499,35,,,1,31,,5501,35,,,1,70,,5500,35,,,1,29,,5502,35,,,1,73,,5505,35,,,1,30,,5503,22,,,1,70,,5506,22,,,1,28,,5504,22,,,1,70,,5507,22,,,1,39,,5508,22,,,1
1200000301,'72',800,,5511,35,,,1,30,,5510,35,,,1,71,,5514,35,,,1,30,,5515,35,,,1,71,,5516,35,,,1,31,,5509,35,,,1,72,,5513,35,,,1,30,,5512,35,,,1,70,,5517,35,,,1,30,,5518,35,,,1,71,,5520,35,,,1,30,,5519,35,,,1,71,,5522,35,,,1,30,,5523,35,,,1,71,,5524,35,,,1,30,,5525,35,,,1,69,,5526,35,,,1,31,,5521,35,,,1,72,,5528,35,,,1,29,,5527,35,,,1,68,,5530,35,,,1,28,,5529,35,,,1,69,,5531,35,,,1,24,,5535,35,,,1,78,,5532,22,,,1,100,,5533,22,,,1,96,,5534,22,,,1,99,,5536,22,,,1,38,,5537,22,,,1,102,,5538,22,,,1
1200000301,'73',830,,5539,35,,,1,71,,5541,35,,,1,30,,5542,35,,,1,71,,5543,35,,,1,31,,5544,35,,,1,72,,5540,35,,,1,30,,5545,35,,,1,70,,5547,35,,,1,30,,5546,35,,,1,71,,5549,35,,,1,30,,5548,35,,,1,71,,5551,35,,,1,30,,5552,35,,,1,71,,5553,35,,,1,30,,5554,35,,,1,69,,5555,35,,,1,31,,5550,35,,,1,72,,5557,35,,,1,29,,5556,35,,,1,68,,5559,35,,,1,28,,5558,35,,,1,69,,5560,35,,,1,24,,5563,35,,,1,78,,5561,22,,,1,121,,5562,22,,,1
