3400,'1',606,,6032,4,,,2,114,,6033,6,,,2,39,,6031,4,,,2,792,,6037,4,,,2,104,,6034,6,,,2,68,,6035,6,,,2,92,,6036,6,,,2
3400,'13',832,,6038,6,0,24 1 15,2
3400,'71',606,,4634,4,,,2,114,,4635,6,,,2,37,,4636,4,,,2,75,,4633,6,0,24 1 15,2,719,,4638,4,,,2,91,,4639,6,,,2,82,,4640,6,,,2,89,,4641,6,,,2
13101,'85',1518,,4865,12,,,2
34500,'12',819,,6305,25,,,2
34500,'82',819,,4949,25,,,2
5003400,'1',629,,6388,4,,,2,22,,6387,4,,,2
5003400,'71',629,,5039,4,,,2,21,,5038,4,,,2
2000003400,'2',715,,7742,4,,,2,85,,7743,6,,,2,46,,7744,6,,,2,85,,7745,6,,,2,87,,7746,6,,,2,86,,7747,6,,,2,45,,7748,6,,,2,88,,7749,6,,,2,171,,7750,6,,,2,43,,7751,6,,,2,87,,7752,6,,,2,83,,7753,6,,,2,90,,7754,6,,,2,42,,7755,6,,,2,81,,7756,6,,,2
2000003400,'3',800,,7757,4,,,2,46,,7758,6,,,2,85,,7759,6,,,2,87,,7760,6,,,2,86,,7761,6,,,2,45,,7762,6,,,2,88,,7763,6,,,2,171,,7764,6,,,2,43,,7765,6,,,2,87,,7766,6,,,2,83,,7767,6,,,2,90,,7768,6,,,2,42,,7769,6,,,2,81,,7770,6,,,2
2000003400,'72',715,,5682,4,,,2,85,,5683,6,,,2,45,,5684,6,,,2,85,,5685,6,,,2,85,,5686,6,,,2,86,,5687,6,,,2,45,,5688,6,,,2,85,,5689,6,,,2,174,,5690,6,,,2,41,,5691,6,,,2,92,,5692,6,,,2,78,,5693,6,,,2,93,,5694,6,,,2,38,,5695,6,,,2,87,,5696,6,,,2
2000003400,'73',800,,5697,4,,,2,45,,5698,6,,,2,85,,5699,6,,,2,85,,5700,6,,,2,86,,5701,6,,,2,45,,5702,6,,,2,85,,5703,6,,,2,174,,5704,6,,,2,41,,5705,6,,,2,92,,5706,6,,,2,78,,5707,6,,,2,93,,5708,6,,,2,38,,5709,6,,,2,87,,5710,6,,,2
