13100,'15',743,,6233,61,,,2
13100,'84',743,,4864,61,,,2
32501,'83',1619,,4948,21,,,2
34501,'83',1622,,4950,18,,,2
35501,'83',1627,,4956,18,,,2
5004200,'11',653,,6399,11,,,2
5004200,'81',655,,5054,11,,,2
905231701,'27',2246,,6491,33,4,,2,69,,6494,33,4,,2,30,,6489,33,4,,2,70,,6492,33,4,,2,30,,6490,33,4,,2,70,,6493,33,4,,2,30,,6495,33,4,,2
905231701,'28',2246,,6498,33,4,,2,69,,6501,33,4,,2,30,,6496,33,4,,2,70,,6499,33,4,,2,30,,6497,33,4,,2,70,,6500,33,4,,2,30,,6502,33,4,,2
905231701,'29',2246,,6505,33,4,,2,69,,6508,33,4,,2,30,,6503,33,4,,2,70,,6506,33,4,,2,30,,6504,33,4,,2,70,,6507,33,4,,2,30,,6509,33,4,,2
1200000101,'1',1542,,7148,37,,,1,72,,7149,37,,,1,31,,7150,37,,,1,71,,7151,37,,,1
1200000101,'71',1541,,5070,37,,,1,72,,5071,37,,,1,31,,5069,37,,,1,73,,5072,37,,,1
1200000200,'1',544,,7154,11,,,1,15,,7153,33,,,1,55,,7158,33,,,1,15,,7159,33,,,1,17,,7160,33,,,1,55,,7162,33,,,1,16,,7163,33,,,1,17,,7152,33,,,1,15,,7165,33,,,1,55,,7157,33,,,1,14,,7155,33,,,1,14,,7161,33,,,1,15,,7166,33,,,1,59,,7164,33,,,1,19,,7167,33,,,1,29,,7169,33,,,1,69,,7171,33,,,1,30,,7156,33,,,1,70,,7172,33,,,1,30,,7168,33,,,1,70,,7170,33,,,1,31,,7174,33,,,1,70,,7175,33,,,1,29,,7173,33,,,1,70,,7177,33,,,1,18,,7179,33,,,1,71,,7180,33,,,1,15,,7181,33,,,1,12,,7178,33,,,1,14,,7182,33,,,1,55,,7183,33,,,1,16,,7185,33,,,1,15,,7176,33,,,1,13,,7188,33,,,1,55,,7189,33,,,1,17,,7192,33,,,1,14,,7193,33,,,1,15,,7187,33,,,1,69,,7186,33,,,1,30,,7184,33,,,1,69,,7190,33,,,1,30,,7196,33,,,1,70,,7197,33,,,1,30,,7199,33,,,1,69,,7200,33,,,1,32,,7194,33,,,1,70,,7191,33,,,1,32,,7198,33,,,1,66,,7201,33,,,1,30,,7195,33,0,14,1
1200000200,'2',722,,7205,33,,,1,30,,7204,33,,,1,71,,7208,33,,,1,30,,7202,33,,,1,70,,7207,33,,,1,30,,7206,33,,,1,70,,7210,33,,,1,30,,7209,33,,,1,70,,7203,33,,,1,31,,7212,33,,,1,70,,7214,33,,,1,30,,7211,33,,,1,70,,7216,33,,,1,30,,7217,33,,,1,70,,7213,33,,,1,30,,7215,33,,,1,70,,7219,33,,,1,30,,7221,33,,,1,70,,7218,33,,,1,30,,7223,33,,,1,70,,7224,33,,,1,30,,7220,33,,,1,68,,7222,33,,,1,28,,7228,33,,,1,70,,7227,33,,,1,31,,7225,33,,,1,69,,7229,33,,,1,29,,7231,33,,,1,70,,7230,33,,,1,30,,7233,33,,,1,70,,7226,33,,,1,30,,7232,33,,,1,70,,7234,33,,,1
1200000200,'3',722,,7235,33,,,1,30,,7236,33,,,1,71,,7237,33,,,1,30,,7238,33,,,1,70,,7239,33,,,1,30,,7243,33,,,1,70,,7241,33,,,1,30,,7245,33,,,1,70,,7242,33,,,1,31,,7240,33,,,1,70,,7244,33,,,1,30,,7247,33,,,1,70,,7246,33,,,1,30,,7248,33,,,1,70,,7250,33,,,1,30,,7252,33,,,1,70,,7255,33,,,1,30,,7257,33,,,1,70,,7249,33,,,1,30,,7251,33,,,1,70,,7253,33,,,1,30,,7256,33,,,1,68,,7258,33,,,1,28,,7260,33,,,1,70,,7259,33,,,1,31,,7254,33,,,1,69,,7261,33,,,1
1200000200,'71',543,,5075,11,,,1,15,,5074,33,,,1,55,,5078,33,,,1,8,,5082,11,,,1,8,,5080,33,,,1,17,,5081,33,,,1,55,,5077,33,,,1,16,,5085,33,,,1,17,,5073,33,,,1,15,,5087,33,,,1,55,,5076,33,,,1,14,,5089,33,,,1,14,,5083,33,,,1,15,,5090,33,,,1,59,,5079,33,,,1,13,,5091,33,,,1,17,,5084,33,,,1,17,,5086,33,,,1,54,,5092,33,,,1,15,,5088,33,,,1,15,,5094,33,,,1,15,,5095,33,,,1,55,,5096,33,,,1,15,,5098,33,,,1,15,,5099,33,,,1,15,,5101,33,,,1,55,,5102,33,,,1,15,,5103,33,,,1,16,,5093,33,,,1,15,,5105,33,,,1,55,,5106,33,,,1,15,,5107,33,,,1,14,,5097,33,,,1,15,,5104,33,,,1,55,,5100,33,,,1,21,,5108,33,,,1,12,,5109,33,,,1,16,,5110,33,,,1,55,,5111,33,,,1,16,,5112,33,,,1,12,,5113,33,,,1,14,,5115,33,,,1,55,,5117,33,,,1,15,,5119,33,,,1,8,,5121,20,,,1,8,,5120,33,,,1,13,,5122,33,,,1,55,,5125,33,,,1,17,,5126,33,,,1,14,,5123,33,,,1,14,,5124,33,,,1,54,,5116,33,,,1,15,,5114,33,,,1,15,,5128,33,,,1,15,,5118,33,,,1,70,,5129,33,,,1,30,,5127,33,,,1,70,,5133,33,,,1,30,,5135,33,,,1,69,,5136,33,,,1,32,,5130,33,,,1,70,,5132,33,,,1,32,,5134,33,,,1,66,,5137,33,,,1,30,,5131,33,0,14,1
1200000200,'72',722,,5139,33,,,1,30,,5142,33,,,1,70,,5143,33,,,1,30,,5144,33,,,1,70,,5138,33,,,1,30,,5141,33,,,1,70,,5140,33,,,1,30,,5145,33,,,1,70,,5146,33,,,1,31,,5148,33,,,1,69,,5147,33,,,1,30,,5150,33,,,1,70,,5151,33,,,1,31,,5152,33,,,1,70,,5153,33,,,1,29,,5154,33,,,1,70,,5149,33,,,1,30,,5156,33,,,1,70,,5155,33,,,1,30,,5159,33,,,1,70,,5158,33,,,1,31,,5161,33,,,1,68,,5162,33,,,1,29,,5163,33,,,1,70,,5165,33,,,1,31,,5157,33,,,1,69,,5167,33,,,1,29,,5168,33,,,1,70,,5164,33,,,1,30,,5166,33,,,1,70,,5160,33,,,1,30,,5169,33,,,1,70,,5170,33,,,1
1200000200,'73',722,,5171,33,,,1,30,,5173,33,,,1,70,,5174,33,,,1,30,,5175,33,,,1,70,,5176,33,,,1,30,,5172,33,,,1,70,,5177,33,,,1,30,,5179,33,,,1,70,,5178,33,,,1,31,,5181,33,,,1,69,,5180,33,,,1,30,,5183,33,,,1,70,,5184,33,,,1,31,,5185,33,,,1,70,,5186,33,,,1,29,,5188,33,,,1,70,,5182,33,,,1,30,,5191,33,,,1,70,,5189,33,,,1,30,,5193,33,,,1,70,,5192,33,,,1,31,,5195,33,,,1,68,,5196,33,,,1,29,,5197,33,,,1,70,,5187,33,,,1,31,,5194,33,,,1,69,,5190,33,,,1
1200000200,'89',637,,5198,11,,,1,21,,5200,11,,,1,87,,5199,2,,,1
1200000400,'1',653,,7629,35,,,1,56,,7630,35,,,1
1200000400,'71',653,,5565,35,,,1,56,,5566,35,,,1,16,,5567,35,,,1,16,,5564,35,,,1
