11101,'85',1553,,4851,63,,,2
1001101,'1',550,,6322,14,,,1,69,,6326,48,,,1,33,,6323,48,,,1,72,,6327,48,,,1,33,,6324,48,,,1,63,,6320,48,,,1,81,,6325,48,,,1,42,,6328,48,,,1,70,,6329,48,,,1,35,,6333,48,,,1,70,,6330,48,,,1,35,,6334,48,,,1,70,,6331,48,,,1,33,,6335,48,,,1,70,,6332,48,,,1,77,,6336,48,,,1,30,,6338,48,,,1,88,,6337,48,,,1,32,,6339,48,,,1,87,,6341,48,,,1,63,,6340,48,,,1,22,,6344,48,,,1,27,,6342,48,,,1,74,,6345,48,,,1,29,,6343,48,,,1,71,,6346,48,,,1,100,,6347,48,,,1,99,,6348,48,,,1,100,,6349,48,,,1
1001101,'2',723,,6351,14,,,1,99,,6352,48,,,1,102,,6353,48,,,1,101,,6354,48,,,1,100,,6355,48,,,1,98,,6359,48,,,1,100,,6360,48,,,1,102,,6358,48,,,1,100,,6356,48,,,1,99,,6357,48,,,1,101,,6361,48,,,1,99,,6362,48,,,1,100,,6363,48,,,1,99,,6364,48,,,1,100,,6365,48,,,1,100,,6366,48,,,1
1001101,'3',924,,6368,14,,,1,101,,6369,48,,,1,100,,6372,48,,,1,98,,6373,48,,,1,100,,6370,48,,,1,102,,6371,48,,,1,100,,6374,48,,,1,99,,6375,48,,,1,101,,6376,48,,,1,99,,6377,48,,,1
1001101,'71',550,,4969,14,,,1,69,,4973,48,,,1,33,,4970,48,,,1,72,,4974,48,,,1,33,,4971,48,,,1,63,,4976,48,,,1,81,,4972,48,,,1,42,,4978,48,,,1,70,,4975,48,,,1,35,,4979,48,,,1,70,,4982,48,,,1,35,,4980,48,,,1,70,,4983,48,,,1,33,,4981,48,,,1,70,,4984,48,,,1,77,,4986,48,,,1,30,,4985,48,,,1,88,,4987,48,,,1,32,,4989,48,,,1,87,,4988,48,,,1,63,,4990,48,,,1,22,,4993,48,,,1,27,,4991,48,,,1,74,,4994,48,,,1,29,,4992,48,,,1,71,,4995,48,,,1,100,,4996,48,,,1,99,,4997,48,,,1,100,,4998,48,,,1
1001101,'72',723,,5003,14,,,1,99,,5000,48,,,1,102,,5001,48,,,1,101,,5002,48,,,1,100,,5004,48,,,1,98,,5005,48,,,1,100,,5006,48,,,1,102,,5007,48,,,1,100,,5008,48,,,1,99,,5009,48,,,1,101,,5010,48,,,1,99,,5011,48,,,1,100,,5012,48,,,1,99,,5013,48,,,1,100,,5014,48,,,1,100,,5015,48,,,1
1001101,'73',924,,5017,14,,,1,101,,5018,48,,,1,100,,5019,48,,,1,98,,5020,48,,,1,100,,5021,48,,,1,102,,5022,48,,,1,100,,5023,48,,,1,99,,5024,48,,,1,101,,5025,48,,,1,99,,5026,48,,,1
1200000100,'1',623,,7145,10,,,1,15,,7147,10,,,1,70,,7141,91,,,1,35,,7142,91,,,1,61,,7143,91,,,1,97,,7144,91,,,1
1200000100,'71',623,,5065,10,,,1,15,,5067,10,,,1,15,,5068,10,,,1,52,,5061,91,,,1,34,,5062,91,,,1,63,,5063,91,,,1,56,,5064,91,,,1
1200000401,'1',1504,,7634,10,,,1,30,,7636,10,,,1,205,,7635,52,,,1,20,,7633,52,,,1
1200000401,'71',1504,,5573,10,,,1,30,,5574,10,,,1,198,,5572,52,,,1,24,,5571,52,,,1,62,,5575,52,,,1
