3600,'1',618,,750,18,,,2,137,,751,18,,,2,94,,752,18,,,2,161,,753,18,,,2,101,,754,18,,,2,100,,755,18,,,2,103,,756,18,,,2,100,,757,18,,,2,100,,758,18,,,2,305,,759,18,,,2,90,,760,18,,,2,92,,761,18,,,2,57,,762,18,,,2,144,,763,18,,,2,53,,764,18,,,2
3600,'3',618,,765,18,,,2,137,,766,18,,,2,255,,767,18,,,2,101,,768,18,,,2,100,,770,18,,,2,103,,769,18,,,2,100,,771,18,,,2,100,,772,18,,,2,305,,773,18,,,2,90,,774,18,,,2,92,,775,18,,,2,57,,776,18,,,2,144,,777,18,,,2,53,,778,18,,,2
3600,'4',618,,779,18,,,2,137,,783,18,,,2,255,,782,18,,,2,101,,780,18,,,2,100,,781,18,,,2,103,,784,18,,,2,100,,785,18,,,2,100,,786,18,,,2,305,,787,18,,,2,90,,790,18,,,2,92,,791,18,,,2,57,,792,18,,,2,144,,788,18,,,2,53,,789,18,,,2
3600,'6',732,,793,18,,,2,100,,794,18,,,2,101,,795,18,,,2,100,,796,18,,,2,105,,797,18,,,2,100,,798,18,,,2,100,,799,18,,,2,102,,800,18,,,2,101,,801,18,,,2,99,,802,18,,,2,97,,807,18,,,2,97,,808,18,,,2,91,,809,18,,,2,109,,803,18,,,2,99,,804,18,,,2,97,,805,18,,,2,93,,806,18,,,2
3600,'8',832,,810,18,,,2,101,,811,18,,,2,100,,812,18,,,2,105,,813,18,,,2,100,,814,18,,,2,100,,815,18,,,2,102,,816,18,,,2,101,,817,18,,,2,99,,818,18,,,2,97,,819,18,,,2,97,,820,18,,,2,91,,821,18,,,2
5003600,'1',652,,1343,18,,,2,68,,1342,18,,,2
5003600,'3',652,,1345,18,,,2,68,,1344,18,,,2
5003600,'4',652,,1347,18,,,2,68,,1346,18,,,2
5003601,'1',1615,,1350,32,,,2,85,,1348,32,,,2,22,,1349,32,,,2
5003601,'3',1648,,1351,32,,,2,67,,1352,32,,,2
5003601,'4',1653,,1353,32,,,2,62,,1354,32,,,2
