3600,'1',614,,750,8,,,2,136,,751,8,,,2,94,,752,8,,,2,162,,753,8,,,2,101,,754,8,,,2,100,,755,8,,,2,102,,756,8,,,2,100,,757,8,,,2,100,,758,8,,,2,305,,759,8,,,2,90,,760,8,,,2,53,,761,8,,,2,97,,762,8,,,2,104,,763,8,,,2,93,,764,8,,,2
3600,'3',614,,765,8,,,2,136,,766,8,,,2,256,,767,8,,,2,101,,768,8,,,2,100,,770,8,,,2,102,,769,8,,,2,100,,771,8,,,2,100,,772,8,,,2,305,,773,8,,,2,90,,774,8,,,2,53,,775,8,,,2,97,,776,8,,,2,104,,777,8,,,2,93,,778,8,,,2
3600,'4',614,,779,8,,,2,136,,783,8,,,2,256,,782,8,,,2,101,,780,8,,,2,100,,781,8,,,2,102,,784,8,,,2,100,,785,8,,,2,100,,786,8,,,2,305,,787,8,,,2,90,,790,8,,,2,53,,791,8,,,2,97,,792,8,,,2,104,,788,8,,,2,93,,789,8,,,2
3600,'6',726,,793,8,,,2,100,,794,8,,,2,101,,795,8,,,2,100,,796,8,,,2,105,,797,8,,,2,100,,798,8,,,2,100,,799,8,,,2,102,,800,8,,,2,101,,801,8,,,2,99,,802,8,,,2,97,,807,8,,,2,97,,808,8,,,2,91,,809,8,,,2,109,,803,8,,,2,99,,804,8,,,2,97,,805,8,,,2,93,,806,8,,,2
3600,'8',826,,810,8,,,2,101,,811,8,,,2,100,,812,8,,,2,105,,813,8,,,2,100,,814,8,,,2,100,,815,8,,,2,102,,816,8,,,2,101,,817,8,,,2,99,,818,8,,,2,97,,819,8,,,2,97,,820,8,,,2,91,,821,8,,,2
5003600,'1',646,,1343,8,,,2,68,,1342,8,,,2
5003600,'3',646,,1345,8,,,2,68,,1344,8,,,2
5003600,'4',646,,1347,8,,,2,68,,1346,8,,,2
5003601,'1',1609,,1350,22,,,2,45,,1348,22,,,2,62,,1349,22,,,2
5003601,'3',1642,,1351,22,,,2,67,,1352,22,,,2
5003601,'4',1647,,1353,22,,,2,62,,1354,22,,,2
