11100,'15',704,,6226,2,,,2
11100,'86',704,,4850,2,,,2
11900,'16',833,,6228,2,,,2
11900,'87',833,,4854,2,,,2
1001101,'1',556,,6322,22,,,1,69,,6326,56,,,1,32,,6323,56,,,1,72,,6327,56,,,1,73,,6324,56,,,1,23,,6320,56,,,1,81,,6325,56,,,1,42,,6328,56,,,1,70,,6329,56,,,1,35,,6333,56,,,1,70,,6330,56,,,1,35,,6334,56,,,1,70,,6331,56,,,1,73,,6335,56,,,1,30,,6332,56,,,1,78,,6336,56,,,1,30,,6338,56,,,1,88,,6337,56,,,1,32,,6339,56,,,1,88,,6341,56,,,1,63,,6340,56,,,1,21,,6344,56,,,1,27,,6342,56,,,1,73,,6345,56,,,1,69,,6343,56,,,1,31,,6346,56,,,1,100,,6347,56,,,1,99,,6348,56,,,1,100,,6349,56,,,1
1001101,'2',728,,6351,22,,,1,99,,6352,56,,,1,102,,6353,56,,,1,101,,6354,56,,,1,100,,6355,56,,,1,99,,6359,56,,,1,100,,6360,56,,,1,101,,6358,56,,,1,101,,6356,56,,,1,99,,6357,56,,,1,101,,6361,56,,,1,98,,6362,56,,,1,100,,6363,56,,,1,99,,6364,56,,,1,100,,6365,56,,,1,100,,6366,56,,,1
1001101,'3',929,,6368,22,,,1,101,,6369,56,,,1,100,,6372,56,,,1,99,,6373,56,,,1,100,,6370,56,,,1,101,,6371,56,,,1,101,,6374,56,,,1,99,,6375,56,,,1,101,,6376,56,,,1,98,,6377,56,,,1
1001101,'71',556,,4969,22,,,1,69,,4973,56,,,1,32,,4970,56,,,1,72,,4974,56,,,1,73,,4971,56,,,1,23,,4976,56,,,1,81,,4972,56,,,1,42,,4978,56,,,1,70,,4975,56,,,1,35,,4979,56,,,1,70,,4982,56,,,1,35,,4980,56,,,1,70,,4983,56,,,1,73,,4981,56,,,1,30,,4984,56,,,1,78,,4986,56,,,1,30,,4985,56,,,1,88,,4987,56,,,1,32,,4989,56,,,1,88,,4988,56,,,1,63,,4990,56,,,1,21,,4993,56,,,1,27,,4991,56,,,1,73,,4994,56,,,1,69,,4992,56,,,1,31,,4995,56,,,1,100,,4996,56,,,1,99,,4997,56,,,1,100,,4998,56,,,1
1001101,'72',728,,5003,22,,,1,99,,5000,56,,,1,102,,5001,56,,,1,101,,5002,56,,,1,100,,5004,56,,,1,99,,5005,56,,,1,100,,5006,56,,,1,101,,5007,56,,,1,101,,5008,56,,,1,99,,5009,56,,,1,101,,5010,56,,,1,98,,5011,56,,,1,100,,5012,56,,,1,99,,5013,56,,,1,100,,5014,56,,,1,100,,5015,56,,,1
1001101,'73',929,,5017,22,,,1,101,,5018,56,,,1,100,,5019,56,,,1,99,,5020,56,,,1,100,,5021,56,,,1,101,,5022,56,,,1,101,,5023,56,,,1,99,,5024,56,,,1,101,,5025,56,,,1,98,,5026,56,,,1
1200000400,'1',628,,7629,2,,,1,15,,7630,2,,,1
1200000400,'71',628,,5565,2,,,1,15,,5566,2,,,1,15,,5567,2,,,1,56,,5564,2,,,1
