15800,'87',846,,4877,20,,,2
20000,'71',920,,4882,21,,,2,28,,4879,21,,,2,66,,4881,21,,,2,29,,4880,21,,,2,689,,4883,9,,,2,273,,4884,9,,,2,134,,4886,9,,,2,218,,4885,9,,,2
20000,'72',2353,,4887,9,,,2
21000,'71',1121,,4899,25,,,2,36,,4900,25,,,2,246,,4902,25,,,2,39,,4901,25,,,2,277,,4903,25,,,2,18,,4907,25,,,2,68,,4905,25,,,2,27,,4904,25,,,2,81,,4906,25,,,2,132,,4908,25,,,2
22500,'82',840,,4927,32,4,,2
23500,'82',838,,4935,73,4,,2
24500,'82',838,,4941,16,4,,2
24600,'82',835,,4943,15,4,,2
35000,'71',913,,4951,8,,,2
37500,'82',838,,4957,30,4,,2
38000,'71',1711,,4961,22,,,2,42,,4960,22,,,2,79,,4959,22,,,2
38500,'82',838,,4967,35,4,,2
1001101,'71',606,,4973,21,,,1,32,,4970,21,,,1,70,,4974,21,,,1,33,,4971,21,,,1,64,,4976,21,,,1,41,,4972,21,,,1,65,,4977,21,4,,1,18,,4978,21,,,1,30,,4975,21,,,1,75,,4979,21,,,1,70,,4982,21,,,1,35,,4980,21,,,1,70,,4983,21,,,1,33,,4981,21,,,1,70,,4984,21,,,1,37,,4986,21,,,1,70,,4985,21,,,1,88,,4987,21,,,1,31,,4989,21,,,1,84,,4988,21,,,1,26,,4990,21,,,1,63,,4993,21,,,1,27,,4991,21,,,1,74,,4994,21,,,1,29,,4992,21,,,1,71,,4995,21,,,1,100,,4996,21,,,1,99,,4997,21,,,1,100,,4998,21,,,1,100,,4999,21,4,,1
1001101,'72',808,,5000,21,,,1,102,,5001,21,,,1,101,,5002,21,,,1,100,,5004,21,,,1,98,,5005,21,,,1,100,,5006,21,,,1,102,,5007,21,,,1,100,,5008,21,,,1,99,,5009,21,,,1,100,,5010,21,,,1,100,,5011,21,,,1,100,,5012,21,,,1,99,,5013,21,,,1,100,,5014,21,,,1,100,,5015,21,,,1,100,,5016,21,4,,1
1001101,'73',1011,,5018,21,,,1,100,,5019,21,,,1,98,,5020,21,,,1,100,,5021,21,,,1,102,,5022,21,,,1,100,,5023,21,,,1,99,,5024,21,,,1,100,,5025,21,,,1,100,,5026,21,,,1
1200000100,'71',655,,5061,77,,,1,72,,5062,77,,,1,22,,5063,77,,,1,69,,5066,77,0,16 1 17,1,29,,5064,77,,,1
