3701,'1',550,,6122,24,0,9,2,81,,6123,31,0,9,2,105,,6124,31,,,2,103,,6125,31,0,9,2,104,,6126,31,0,9,2,97,,6127,31,0,9,2,102,,6128,31,0,9,2,115,,6129,31,0,9,2,102,,6130,31,0,9,2,142,,6131,31,0,9,2,114,,6132,31,0,9,2,142,,6133,31,0,9,2,72,,6134,31,0,9,2,100,,6135,31,0,9,2,96,,6136,31,0,9,2,96,,6137,31,0,9,2,100,,6138,31,0,9,2,100,,6139,31,0,9,2,27,,6140,31,0,9,2
3701,'2',705,,6141,31,0,9,2,100,,6142,31,0,9,2,102,,6143,31,0,9,2,102,,6144,31,0,9,2,102,,6145,31,0,9,2,116,,6146,31,0,9,2,103,,6147,31,0,9,2,100,,6148,31,0,9,2,101,,6149,31,0,9,2,100,,6150,31,0,9,2,101,,6151,31,0,9,2,95,,6152,31,0,9,2,97,,6153,31,0,9,2,96,,6154,31,0,9,2,100,,6155,31,0,9,2,101,,6156,31,0,9,2,98,,6157,31,0,9,2,27,,6158,31,0,9,2
3701,'3',805,,6159,31,0,9,2,102,,6160,31,0,9,2,102,,6161,31,0,9,2,102,,6162,31,0,9,2,116,,6163,31,0,9,2,103,,6164,31,0,9,2,100,,6165,31,0,9,2,101,,6166,31,0,9,2,100,,6167,31,0,9,2,101,,6168,31,0,9,2,95,,6169,31,0,9,2,97,,6170,31,0,9,2
3701,'71',549,,4746,24,0,9,2,187,,4749,31,,,2,103,,4748,31,0,9,2,102,,4747,31,0,9,2,98,,4750,31,0,9,2,102,,4751,31,0,9,2,113,,4752,31,0,9,2,102,,4753,31,0,9,2,102,,4754,31,0,9,2,155,,4755,31,0,9,2,113,,4756,31,0,9,2,100,,4757,31,0,9,2,100,,4758,31,0,9,2,97,,4759,31,0,9,2,97,,4760,31,0,9,2,101,,4761,31,0,9,2,102,,4762,31,0,9,2,27,,4763,31,0,9,2
3701,'72',709,,4764,31,0,9,2,100,,4765,31,0,9,2,102,,4766,31,0,9,2,100,,4767,31,0,9,2,100,,4768,31,0,9,2,112,,4769,31,0,9,2,100,,4770,31,0,9,2,100,,4771,31,0,9,2,102,,4772,31,0,9,2,100,,4773,31,0,9,2,98,,4774,31,0,9,2,100,,4775,31,0,9,2,100,,4776,31,0,9,2,97,,4779,31,0,9,2,100,,4780,31,0,9,2,101,,4781,31,0,9,2,98,,4777,31,0,9,2,27,,4778,31,0,9,2
3701,'73',809,,4782,31,0,9,2,102,,4783,31,0,9,2,100,,4784,31,0,9,2,100,,4785,31,0,9,2,112,,4786,31,0,9,2,100,,4787,31,0,9,2,100,,4788,31,0,9,2,102,,4789,31,0,9,2,100,,4790,31,0,9,2,98,,4791,31,0,9,2,100,,4792,31,0,9,2,109,,4793,31,0,9,2
37500,'12',819,,6309,15,,,2
37500,'82',819,,4957,15,,,2
5003700,'1',643,,6395,35,,,2,76,,6394,35,,,2
5003700,'71',627,,5046,42,,,2,18,,5047,35,,,2,74,,5048,35,,,2
5003701,'1',1749,,6396,64,,,2
5003701,'71',1645,,5050,64,,,2,106,,5049,64,,,2
5003701,'81',1904,,5051,64,,,2
