2200,'1',609,,5864,23,,,2,27,,5873,61,,,2,22,,5865,23,,,2,70,,5877,23,,,2,26,,5879,61,,,2,83,,5878,23,,,2,88,,5874,23,,,2,109,,5866,23,,,2,100,,5867,23,,,2,100,,5868,23,,,2,100,,5870,23,,,2,102,,5871,23,,,2,103,,5880,9,,,2,65,,5872,9,,,2,113,,5869,9,,,2,29,,5875,9,,,2,100,,5876,9,,,2
2200,'13',839,,5881,6,0,14 1 15,2
2200,'71',609,,4456,23,,,2,27,,4471,61,,,2,22,,4457,23,,,2,70,,4472,23,,,2,26,,4474,61,,,2,83,,4473,23,0,14 1 15,2,88,,4458,23,,,2,75,,4460,23,,,2,32,,4459,23,,,2,72,,4461,23,,,2,30,,4465,23,,,2,70,,4462,23,,,2,31,,4466,23,,,2,70,,4463,23,,,2,30,,4475,23,,,2,70,,4464,23,,,2,29,,4476,23,,,2,74,,4469,23,,,2,31,,4467,9,,,2,65,,4470,9,,,2,108,,4468,9,,,2,34,,4477,9,,,2,100,,4478,9,,,2
2200,'87',839,,4479,6,0,14 1 15,2
2301,'1',1155,,5958,14,,,2,71,,5959,14,,,2,30,,5961,14,,,2,70,,5960,14,,,2,30,,5962,14,,,2,71,,5963,14,,,2,31,,5966,14,,,2,91,,5964,14,,,2,68,,5967,14,,,2,35,,5965,14,,,2,102,,5968,14,,,2,66,,5975,14,,,2,37,,5969,14,,,2,102,,5970,14,,,2,90,,5971,14,,,2,154,,5972,14,,,2
2301,'14',1651,,5979,18,,,2
2301,'2',1212,,5985,14,,,2,101,,5986,14,,,2,101,,5987,14,,,2,100,,5988,14,,,2,100,,5989,14,,,2,101,,5990,14,,,2,97,,5991,14,,,2
2301,'3',1212,,5996,14,,,2,101,,5997,14,,,2,101,,5998,14,,,2,100,,5999,14,,,2,100,,6000,14,,,2,101,,6001,14,,,2,97,,6002,14,,,2
2301,'71',1153,,4558,14,,,2,70,,4562,14,,,2,31,,4564,14,,,2,70,,4563,14,,,2,30,,4565,14,,,2,70,,4566,14,,,2,34,,4576,14,,,2,82,,4567,14,,,2,107,,4568,18,,,2,104,,4570,14,,,2,71,,4575,14,,,2,35,,4571,14,,,2,100,,4572,14,,,2,92,,4573,14,,,2,154,,4574,14,,,2
2301,'72',1223,,4584,14,,,2,102,,4585,14,,,2,101,,4586,14,,,2,101,,4587,14,,,2,100,,4588,14,,,2,102,,4589,14,,,2,96,,4590,14,,,2
2301,'73',1223,,4595,14,,,2,102,,4596,14,,,2,101,,4597,14,,,2,101,,4598,14,,,2,100,,4599,14,,,2,102,,4600,14,,,2,96,,4601,14,,,2
2301,'88',1647,,4602,18,,,2
23501,'83',1650,,4936,11,,,2
5002301,'1',1701,,6382,24,,,2,25,,6381,24,,,2
5002301,'71',1615,,5032,24,,,2,86,,5031,24,,,2,25,,5030,24,,,2
