3401,'1',631,,6039,9,,,2,27,,6040,9,,,2,90,,6041,9,,,2,795,,6042,9,,,2,88,,6043,9,,,2,99,,6044,9,,,2,26,,6045,9,,,2,86,,6046,9,,,2,68,,6047,9,,,2
3401,'14',1645,,6048,13,,,2
3401,'71',631,,4642,9,,,2,27,,4644,9,,,2,90,,4643,9,,,2,803,,4646,9,,,2,91,,4645,13,,,2,72,,4649,9,,,2,39,,4650,9,,,2,87,,4651,9,,,2,66,,4648,9,,,2
34500,'12',807,,6305,8,,,2
34500,'82',807,,4949,8,,,2
5003401,'1',1653,,6389,21,,,2
5003401,'71',1653,,5040,21,,,2
2000003401,'2',745,,7771,9,,,2,85,,7772,9,,,2,85,,7773,9,,,2,85,,7774,9,,,2,49,,7775,9,,,2,85,,7776,9,,,2,88,,7777,9,,,2,81,,7778,9,,,2,134,,7779,9,,,2,86,,7780,9,,,2,84,,7781,9,,,2,48,,7782,9,,,2,84,,7783,9,,,2,81,,7784,9,,,2,82,,7785,9,,,2
2000003401,'3',830,,7786,9,,,2,85,,7787,9,,,2,85,,7788,9,,,2,49,,7789,9,,,2,85,,7790,9,,,2,88,,7791,9,,,2,81,,7792,9,,,2,134,,7793,9,,,2,86,,7794,9,,,2,84,,7795,9,,,2,48,,7796,9,,,2,84,,7797,9,,,2,81,,7798,9,,,2,82,,7799,9,,,2
2000003401,'72',745,,5711,9,,,2,85,,5712,9,,,2,84,,5713,9,,,2,45,,5714,9,,,2,87,,5715,9,,,2,85,,5716,9,,,2,85,,5717,9,,,2,85,,5718,9,,,2,130,,5719,9,,,2,92,,5720,9,,,2,79,,5721,9,,,2,53,,5722,9,,,2,77,,5723,9,,,2,88,,5724,9,,,2,37,,5725,9,,,2
2000003401,'73',830,,5726,9,,,2,84,,5727,9,,,2,45,,5728,9,,,2,87,,5729,9,,,2,85,,5730,9,,,2,85,,5731,9,,,2,85,,5732,9,,,2,130,,5733,9,,,2,92,,5734,9,,,2,79,,5735,9,,,2,53,,5736,9,,,2,77,,5737,9,,,2,88,,5738,9,,,2,37,,5739,9,,,2
