2300,'1',600,,5924,30,,,2,154,,5919,30,,,2,80,,5927,30,,,2,75,,5904,30,,,2,36,,5906,30,,,2,70,,5905,30,,,2,30,,5907,30,,,2,70,,5908,30,,,2,30,,5909,30,,,2
2300,'2',637,,5930,30,,,2,100,,5931,30,,,2,101,,5932,30,,,2,102,,5933,30,,,2,102,,5934,30,,,2,102,,5935,30,,,2,101,,5936,30,,,2
2300,'3',737,,5942,30,,,2,101,,5943,30,,,2,102,,5944,30,,,2,102,,5945,30,,,2,102,,5946,30,,,2,101,,5947,30,,,2
2300,'71',600,,4520,30,,,2,149,,4525,30,,,2,85,,4529,30,0,14 1 15,2,72,,4507,30,,,2,36,,4510,30,,,2,70,,4508,30,,,2,31,,4511,30,,,2,70,,4509,30,,,2,30,,4512,30,,,2
2300,'72',639,,4531,30,,,2,101,,4532,30,,,2,101,,4533,30,,,2,101,,4534,30,,,2,101,,4535,30,,,2,100,,4536,30,,,2,101,,4537,30,,,2
2300,'73',740,,4543,30,,,2,101,,4544,30,,,2,101,,4545,30,,,2,101,,4546,30,,,2,100,,4547,30,,,2,101,,4548,30,,,2
23100,'15',719,,6293,42,,,2
23100,'84',719,,4931,42,,,2
23500,'12',806,,6295,53,,,2
23500,'82',806,,4935,53,,,2
5002300,'1',626,,6378,30,,,2,25,,6379,30,,,2,69,,6380,30,,,2
5002300,'71',626,,5028,30,,,2,25,,5027,30,,,2,69,,5029,30,,,2
