1501,'1',1233,,5834,37,0,41,2,103,,5835,37,0,41,2,95,,5836,37,0,41,2,77,,5839,37,0,41,2,92,,5837,54,,,2,45,,5840,54,,,2,60,,5842,54,,,2,34,,5838,54,0,41,2,68,,5841,54,,,2,37,,5844,37,0,41,2,73,,5845,37,0,41,2,102,,5846,37,0,41,2,112,,5843,37,0,41,2,81,,5847,37,0,41,2
1501,'71',711,,4438,55,0,41,2,24,,4436,55,0,41,2,74,,4439,55,0,41,2,123,,4437,38,0,41,2,115,,4440,38,0,41,2,156,,4441,38,0,41,2,30,,4442,38,0,41,2,117,,4444,38,0,41,2,156,,4445,38,0,41,2,94,,4443,55,0,41,2,49,,4446,55,0,41,2,55,,4448,55,0,41,2,29,,4450,55,0,41,2,75,,4449,55,0,41,2,36,,4447,38,0,41,2,76,,4451,38,0,41,2,105,,4452,38,0,41,2,105,,4453,38,0,41,2,82,,4454,38,0,41,2
1501,'88',1706,,4455,40,0,41,2
13101,'85',1603,,4865,77,,,2
15601,'83',1637,,4876,30,,,2
15801,'88',1652,,4878,28,,,2
2000001501,'2',822,,7688,37,,,2,101,,7689,37,,,2,100,,7690,37,,,2,102,,7691,37,,,2,101,,7692,37,,,2,102,,7693,37,,,2,201,,7694,37,,,2,101,,7695,37,,,2,103,,7696,37,,,2,96,,7697,37,,,2,93,,7698,37,,,2
2000001501,'3',923,,7699,37,,,2,100,,7700,37,,,2,102,,7701,37,,,2,101,,7702,37,,,2,102,,7703,37,,,2,201,,7704,37,,,2,101,,7705,37,,,2,103,,7706,37,,,2,96,,7707,37,,,2,93,,7708,37,,,2
2000001501,'72',815,,5628,38,,,2,102,,5629,38,,,2,103,,5630,38,,,2,108,,5631,38,,,2,94,,5632,38,,,2,109,,5633,38,,,2,182,,5634,38,,,2,99,,5635,38,,,2,103,,5636,38,,,2,98,,5637,38,,,2,98,,5638,38,,,2
2000001501,'73',917,,5639,38,,,2,103,,5640,38,,,2,108,,5641,38,,,2,94,,5642,38,,,2,109,,5643,38,,,2,182,,5644,38,,,2,99,,5645,38,,,2,103,,5646,38,,,2,98,,5647,38,,,2,98,,5648,38,,,2
