2200,'51',616,,2683,42,,,2,28,,2698,80,,,2,63,,2684,42,,,2,30,,2699,42,,,2,66,,2701,80,,,2,43,,2700,42,0,14 1 15,2,87,,2685,42,,,2,75,,2687,42,,,2,32,,2686,42,,,2,72,,2688,42,,,2,30,,2692,42,,,2,70,,2689,42,,,2,31,,2693,42,,,2,70,,2690,42,,,2,30,,2702,42,,,2,70,,2691,42,,,2,29,,2703,42,,,2,74,,2696,42,,,2,31,,2694,28,,,2,65,,2697,28,,,2,108,,2695,28,,,2,34,,2704,28,,,2,100,,2705,28,,,2
2200,'67',848,,2706,25,0,14 1 15,2
2300,'51',612,,2751,54,,,2,236,,2755,54,0,14 1 15,2,70,,2734,54,,,2,36,,2737,54,,,2,70,,2735,54,,,2,31,,2738,54,,,2,70,,2736,54,,,2,30,,2739,54,,,2,71,,2742,40,,,2,30,,2740,40,,,2,70,,2743,40,,,2,30,,2741,40,,,2,72,,2744,40,,,2,74,,2752,40,,,2,31,,2754,40,,,2,117,,2756,40,,,2,75,,2753,40,,,2,28,,2745,40,,,2,70,,2747,40,,,2,27,,2746,40,,,2,78,,2748,40,,,2,100,,2749,40,,,2,97,,2750,40,,,2
2300,'52',652,,2757,54,,,2,101,,2758,54,,,2,101,,2759,54,,,2,101,,2760,54,,,2,101,,2761,54,,,2,100,,2762,54,,,2,101,,2763,54,,,2,101,,2764,40,,,2,100,,2765,40,,,2,100,,2766,40,,,2,100,,2767,40,,,2,142,,2768,40,,,2
2300,'53',753,,2769,54,,,2,101,,2770,54,,,2,101,,2771,54,,,2,101,,2772,54,,,2,100,,2773,54,,,2,101,,2774,54,,,2,101,,2775,40,,,2,100,,2776,40,,,2,100,,2777,40,,,2,100,,2778,40,,,2,142,,2779,40,,,2
2300,'54',652,,2780,54,,,2,101,,2781,54,,,2,101,,2782,54,,,2,101,,2783,54,,,2,101,,2784,54,,,2,100,,2785,54,,,2,101,,2786,54,,,2,101,,2787,40,,,2,100,,2788,40,,,2,100,,2789,40,,,2,100,,2790,40,,,2,142,,2791,40,,,2
2300,'67',847,,2792,18,0,14 1 15,2
22100,'64',722,,3247,27,,,2
22200,'64',724,,3249,24,,,2
23100,'64',731,,3255,61,,,2
23200,'64',720,,3257,19,,,2
32500,'62',804,,3271,15,,,2
5002300,'51',641,,3368,54,,,2,67,,3370,54,,,2,30,,3371,54,,,2,71,,3369,54,,,2
5002400,'51',708,,3378,30,,,2,28,,3376,30,,,2,71,,3377,30,,,2
5004300,'51',701,,3401,7,,,2,119,,3402,7,,,2
1200000100,'51',559,,3406,45,0,14,1,65,,3407,45,,,1,30,,3408,45,,,1,60,,3409,45,,,1,30,,3412,45,0,16 1 17,1,70,,3410,45,,,1
1200000300,'51',622,,3812,45,,,1,16,,3815,45,,,1,15,,3817,45,,,1,50,,3819,45,,,1,10,,3814,45,,,1,10,,3821,45,,,1,10,,3824,45,,,1,10,,3818,45,,,1,15,,3826,45,,,1,55,,3828,45,,,1,16,,3813,45,,,1,13,,3816,45,,,1,15,,3822,45,,,1,55,,3825,45,,,1,15,,3823,45,,,1,15,,3820,45,,,1,60,,3827,45,,,1,20,,3829,45,,,1,20,,3831,45,,,1,60,,3833,45,,,1,20,,3834,45,,,1,20,,3836,45,,,1,62,,3838,45,,,1,20,,3830,45,,,1,20,,3832,45,,,1,60,,3839,45,,,1,18,,3835,45,,,1,20,,3837,45,,,1,59,,3841,45,,,1,20,,3843,45,,,1,19,,3845,45,,,1,65,,3840,45,,,1,31,,3848,47,,,1,68,,3842,47,,,1,29,,3844,47,,,1,73,,3849,47,,,1,28,,3847,47,,,1,73,,3846,47,,,1,21,,3850,45,,,1,30,,3851,45,,,1,61,,3855,45,,,1,30,,3857,45,,,1,72,,3852,45,,,1,33,,3862,45,,,1,66,,3856,45,,,1,27,,3858,45,,,1,70,,3861,45,,,1,30,,3853,45,,,1,66,,3859,45,,,1,30,,3854,45,,,1,68,,3860,45,,,1
1200000300,'52',647,,3863,45,,,1,70,,3864,45,,,1,30,,3869,45,,,1,70,,3873,45,,,1,32,,3867,45,,,1,71,,3866,45,,,1,28,,3871,45,,,1,70,,3872,45,,,1,31,,3874,45,,,1,69,,3865,45,,,1,31,,3870,45,,,1,70,,3868,45,,,1,29,,3875,45,,,1,72,,3876,45,,,1,29,,3878,45,,,1,73,,3877,45,,,1,29,,3880,45,,,1,69,,3881,45,,,1,30,,3882,45,,,1,71,,3883,45,,,1,29,,3884,45,,,1,69,,3879,45,,,1,31,,3886,45,,,1,69,,3885,45,,,1,33,,3887,45,,,1,94,,3888,45,,,1,100,,3889,45,,,1,96,,3890,45,,,1,99,,3891,45,,,1,177,,3892,45,,,1
1200000300,'53',717,,3893,45,,,1,30,,3895,45,,,1,70,,3898,45,,,1,32,,3900,45,,,1,71,,3894,45,,,1,28,,3897,45,,,1,70,,3899,45,,,1,31,,3901,45,,,1,69,,3902,45,,,1,31,,3896,45,,,1,70,,3903,45,,,1,29,,3905,45,,,1,72,,3904,45,,,1,29,,3907,45,,,1,73,,3906,45,,,1,29,,3909,45,,,1,69,,3910,45,,,1,30,,3911,45,,,1,71,,3912,45,,,1,29,,3913,45,,,1,69,,3908,45,,,1,31,,3915,45,,,1,69,,3914,45,,,1,33,,3916,45,,,1,94,,3917,45,,,1,157,,3918,45,,,1
1200000300,'54',653,,3919,45,,,1,70,,3922,45,,,1,29,,3926,45,,,1,70,,3921,45,,,1,30,,3920,45,,,1,70,,3923,45,,,1,30,,3927,45,,,1,70,,3925,45,,,1,30,,3929,45,,,1,70,,3924,45,,,1,30,,3928,45,,,1,70,,3931,45,,,1,30,,3930,45,,,1,71,,3932,45,,,1,30,,3935,45,,,1,70,,3938,45,,,1,30,,3940,45,,,1,70,,3933,45,,,1,29,,3936,45,,,1,70,,3939,45,,,1,31,,3941,45,,,1,72,,3934,45,,,1,29,,3937,45,,,1,70,,3943,45,,,1,28,,3942,45,,,1,98,,3944,45,,,1,100,,3945,45,,,1,96,,3946,45,,,1,99,,3947,45,,,1,177,,3948,45,,,1
