2301,'1',1205,,5958,36,,,2,31,,5959,36,,,2,70,,5961,36,,,2,30,,5960,36,,,2,70,,5962,36,,,2,31,,5963,36,,,2,71,,5966,36,,,2,51,,5964,36,,,2,68,,5967,36,,,2,76,,5965,36,,,2,101,,5968,36,,,2,26,,5975,36,,,2,77,,5969,36,,,2,102,,5970,36,,,2,50,,5971,36,,,2,154,,5972,36,,,2
2301,'2',1222,,5985,36,,,2,101,,5986,36,,,2,101,,5987,36,,,2,100,,5988,36,,,2,100,,5989,36,,,2,101,,5990,36,,,2,97,,5991,36,,,2
2301,'3',1222,,5996,36,,,2,101,,5997,36,,,2,101,,5998,36,,,2,100,,5999,36,,,2,100,,6000,36,,,2,101,,6001,36,,,2,97,,6002,36,,,2
2301,'71',1203,,4558,36,,,2,30,,4562,36,,,2,71,,4564,36,,,2,30,,4563,36,,,2,70,,4565,36,,,2,30,,4566,36,,,2,74,,4576,36,,,2,42,,4567,36,,,2,108,,4568,40,,,2,143,,4570,36,,,2,31,,4575,36,,,2,75,,4571,36,,,2,100,,4572,36,,,2,52,,4573,36,,,2,154,,4574,36,,,2
2301,'72',1233,,4584,36,,,2,102,,4585,36,,,2,101,,4586,36,,,2,101,,4587,36,,,2,100,,4588,36,,,2,102,,4589,36,,,2,96,,4590,36,,,2
2301,'73',1233,,4595,36,,,2,102,,4596,36,,,2,101,,4597,36,,,2,101,,4598,36,,,2,100,,4599,36,,,2,102,,4600,36,,,2,96,,4601,36,,,2
23101,'85',1537,,4932,47,,,2
23501,'83',1704,,4936,33,,,2
5002301,'1',1712,,6382,46,,,2,24,,6381,46,,,2
5002301,'71',1626,,5032,46,,,2,86,,5031,46,,,2,24,,5030,46,,,2
