34501,'63',1618,,3274,14,,,2
35501,'63',1623,,3280,14,,,2
5004200,'51',652,,3400,7,,,2
1200000101,'51',1537,,3416,33,,,1,72,,3417,33,,,1,31,,3415,33,,,1,73,,3418,33,,,1
1200000200,'51',540,,3421,7,0,36 37,1,15,,3420,29,0,36 37,1,55,,3424,29,0,36 37,1,8,,3429,7,0,36 37,1,7,,3426,29,0,36 37,1,17,,3428,29,0,36 37,1,15,,3423,29,0,36 37,1,56,,3433,29,0,36 37,1,17,,3419,29,0,36 37,1,15,,3435,29,0,36 37,1,55,,3422,29,0,36 37,1,14,,3430,29,0,36 37,1,14,,3431,29,0,36 37,1,15,,3427,29,0,36 37,1,59,,3425,29,0,36 37,1,14,,3436,29,0,36 37,1,17,,3432,29,0,36 37,1,17,,3434,29,0,36 37,1,54,,3437,29,0,36 37,1,15,,3439,29,0,36 37,1,15,,3440,29,0,36 37,1,15,,3442,29,0,36 37,1,55,,3443,29,0,36 37,1,15,,3445,29,0,36 37,1,15,,3446,29,0,36 37,1,15,,3447,29,0,36 37,1,55,,3448,29,0,36 37,1,15,,3449,29,0,36 37,1,16,,3438,29,0,36 37,1,15,,3441,29,0,36 37,1,55,,3451,29,0,36 37,1,15,,3452,29,0,36 37,1,14,,3444,29,0,36 37,1,15,,3450,29,0,36 37,1,55,,3454,29,0,36 37,1,21,,3455,29,0,36 37,1,12,,3456,29,0,36 37,1,16,,3457,29,0,36 37,1,55,,3458,29,0,36 37,1,15,,3459,29,0,36 37,1,12,,3460,29,0,36 37,1,14,,3453,29,0,36 37,1,55,,3461,29,0,36 37,1,14,,3464,29,0,36 37,1,8,,3467,16,0,36 37,1,8,,3466,29,0,36 37,1,14,,3465,29,0,36 37,1,55,,3470,29,0,36 37,1,17,,3468,29,0,36 37,1,14,,3469,29,0,36 37,1,15,,3463,29,0,36 37,1,54,,3472,29,0,36 37,1,15,,3473,29,0,36 37,1,15,,3474,29,0,36 37,1,15,,3462,29,0,36 37,1,70,,3476,29,0,36 37,1,30,,3479,29,0,36 37,1,70,,3480,29,0,36 37,1,30,,3475,29,0,36 37,1,69,,3482,29,0,36 37,1,32,,3477,29,0,36 37,1,70,,3471,29,0,36 37,1,32,,3481,29,0,36 37,1,67,,3483,29,0,36 37,1,30,,3478,29,0,14,1
1200000200,'52',719,,3485,29,0,36 37,1,30,,3488,29,0,36 37,1,70,,3489,29,0,36 37,1,30,,3490,29,0,36 37,1,70,,3484,29,0,36 37,1,30,,3487,29,0,36 37,1,70,,3486,29,0,36 37,1,30,,3491,29,0,36 37,1,70,,3492,29,0,36 37,1,31,,3494,29,0,36 37,1,69,,3493,29,0,36 37,1,30,,3496,29,0,36 37,1,70,,3497,29,0,36 37,1,30,,3498,29,0,36 37,1,70,,3499,29,0,36 37,1,30,,3500,29,0,36 37,1,70,,3495,29,0,36 37,1,30,,3502,29,0,36 37,1,70,,3501,29,0,36 37,1,30,,3505,29,0,36 37,1,70,,3504,29,0,36 37,1,31,,3507,29,0,36 37,1,68,,3508,29,0,36 37,1,29,,3509,29,0,36 37,1,70,,3511,29,0,36 37,1,31,,3503,29,0,36 37,1,69,,3513,29,0,36 37,1,29,,3514,29,0,36 37,1,70,,3510,29,0,36 37,1,30,,3512,29,0,36 37,1,70,,3506,29,0,36 37,1,30,,3515,29,0,36 37,1,70,,3516,29,0,36 37,1
1200000200,'53',719,,3517,29,0,36 37,1,30,,3519,29,0,36 37,1,70,,3520,29,0,36 37,1,30,,3521,29,0,36 37,1,70,,3522,29,0,36 37,1,30,,3518,29,0,36 37,1,70,,3523,29,0,36 37,1,30,,3525,29,0,36 37,1,70,,3524,29,0,36 37,1,31,,3527,29,0,36 37,1,69,,3526,29,0,36 37,1,30,,3529,29,0,36 37,1,70,,3530,29,0,36 37,1,30,,3531,29,0,36 37,1,70,,3532,29,0,36 37,1,30,,3534,29,0,36 37,1,70,,3528,29,0,36 37,1,30,,3537,29,0,36 37,1,70,,3535,29,0,36 37,1,30,,3539,29,0,36 37,1,70,,3538,29,0,36 37,1,31,,3541,29,0,36 37,1,68,,3542,29,0,36 37,1,29,,3543,29,0,36 37,1,70,,3533,29,0,36 37,1,31,,3540,29,0,36 37,1,69,,3536,29,0,36 37,1
1200000200,'54',619,,3544,29,0,36 37,1,30,,3546,29,0,36 37,1,55,,3555,7,0,36 37,1,15,,3550,29,0,36 37,1,15,,3560,7,0,36 37,1,15,,3548,29,0,36 37,1,55,,3545,7,0,36 37,1,15,,3558,29,0,36 37,1,15,,3547,7,0,36 37,1,15,,3552,29,0,36 37,1,55,,3551,7,0,36 37,1,15,,3556,29,0,36 37,1,15,,3549,7,0,36 37,1,15,,3561,29,0,36 37,1,55,,3559,7,0,36 37,1,15,,3553,29,0,36 37,1,15,,3566,7,0,36 37,1,15,,3564,29,0,36 37,1,55,,3557,7,0,36 37,1,15,,3567,29,0,36 37,1,15,,3571,7,0,36 37,1,16,,3569,29,0,36 37,1,54,,3554,7,0,36 37,1,15,,3562,29,0,36 37,1,15,,3565,7,0,36 37,1,15,,3573,29,0,36 37,1,55,,3568,7,0,36 37,1,15,,3575,29,0,36 37,1,15,,3570,7,0,36 37,1,15,,3577,29,0,36 37,1,55,,3563,7,0,36 37,1,15,,3579,29,0,36 37,1,15,,3574,7,0,36 37,1,15,,3582,29,0,36 37,1,55,,3576,7,0,36 37,1,15,,3572,29,0,36 37,1,15,,3578,7,0,36 37,1,15,,3586,29,0,36 37,1,55,,3580,7,0,36 37,1,15,,3584,29,0,36 37,1,15,,3583,7,0,36 37,1,15,,3589,29,0,36 37,1,55,,3591,7,0,36 37,1,15,,3588,29,0,36 37,1,15,,3593,7,0,36 37,1,16,,3587,29,0,36 37,1,68,,3585,29,0,36 37,1,29,,3595,29,0,36 37,1,70,,3581,29,0,36 37,1,31,,3594,29,0,36 37,1,69,,3596,29,0,36 37,1,29,,3597,29,0,36 37,1,70,,3592,29,0,36 37,1,30,,3600,29,0,36 37,1,70,,3590,29,0,36 37,1,30,,3598,29,0,36 37,1,70,,3599,29,0,36 37,1
1200000200,'69',633,,3601,7,0,36 37,1,21,,3603,7,0,36 37,1
1200000400,'51',649,,4092,31,,,1,56,,4093,31,,,1,16,,4094,31,,,1,16,,4091,31,,,1
