1500,'1',559,,5823,22,,,2,68,,5825,22,,,2,29,,5827,22,,,2,70,,5826,25,,,2,30,,5829,25,,,2,81,,5828,25,0,10 11,2,110,,5824,22,0,12 13,2,100,,5830,22,0,12 13,2,100,,5831,22,0,12 13,2,103,,5832,21,0,12 13,2
1500,'16',836,,5833,10,0,10 11,2
1500,'71',559,,4416,23,,,2,68,,4417,23,,,2,29,,4421,23,,,2,72,,4420,22,,,2,28,,4418,22,,,2,81,,4422,23,0,10 11,2,112,,4419,22,0,12 13,2,155,,4423,22,0,12 13,2,116,,4424,22,0,12 13,2,30,,4425,22,0,12 13,2,157,,4427,22,0,12 13,2,116,,4428,22,,,2,96,,4426,22,,,2,37,,4431,23,,,2,68,,4430,22,,,2,100,,4432,22,0,12 13,2,111,,4433,22,0,12 13,2,104,,4434,22,0,12 13,2
1500,'87',836,,4435,12,0,10 11,2
13100,'15',714,,6233,23,,,2
13100,'84',714,,4864,23,,,2
15500,'12',827,,6239,12,,,2
15500,'82',827,,4874,12,,,2
2000001500,'2',743,,7667,22,,,2,100,,7668,21,,,2,100,,7669,21,,,2,94,,7670,21,,,2,109,,7671,21,,,2,101,,7672,21,,,2,201,,7673,22,,,2,101,,7674,21,,,2,95,,7675,21,,,2,106,,7676,21,,,2,93,,7677,21,,,2
2000001500,'3',843,,7678,22,,,2,100,,7679,21,,,2,94,,7680,21,,,2,109,,7681,21,,,2,101,,7682,21,,,2,201,,7683,22,,,2,101,,7684,21,,,2,95,,7685,21,,,2,106,,7686,21,,,2,93,,7687,21,,,2
2000001500,'72',736,,5607,23,,,2,101,,5608,22,,,2,103,,5609,22,,,2,100,,5610,22,,,2,102,,5611,22,,,2,100,,5612,22,,,2,190,,5613,23,,,2,99,,5614,22,,,2,95,,5615,22,,,2,108,,5616,22,,,2,98,,5617,22,,,2
2000001500,'73',837,,5618,23,,,2,103,,5619,22,,,2,100,,5620,22,,,2,102,,5621,22,,,2,100,,5622,22,,,2,190,,5623,23,,,2,99,,5624,22,,,2,95,,5625,22,,,2,108,,5626,22,,,2,98,,5627,22,,,2
