35501,'83',1632,,4956,24,,,2
5004200,'11',658,,6399,17,,,2
5004200,'81',700,,5054,17,,,2
905231701,'27',2250,,6491,39,4,,2,69,,6494,39,4,,2,30,,6489,39,4,,2,70,,6492,39,4,,2,30,,6490,39,4,,2,70,,6493,39,4,,2,30,,6495,39,4,,2
905231701,'28',2250,,6498,39,4,,2,69,,6501,39,4,,2,30,,6496,39,4,,2,70,,6499,39,4,,2,30,,6497,39,4,,2,70,,6500,39,4,,2,30,,6502,39,4,,2
905231701,'29',2250,,6505,39,4,,2,69,,6508,39,4,,2,30,,6503,39,4,,2,70,,6506,39,4,,2,30,,6504,39,4,,2,70,,6507,39,4,,2,30,,6509,39,4,,2
1200000101,'1',1547,,7148,43,,,1,72,,7149,43,,,1,31,,7150,43,,,1,71,,7151,43,,,1
1200000101,'71',1546,,5070,43,,,1,72,,5071,43,,,1,31,,5069,43,,,1,72,,5072,43,,,1
1200000200,'1',548,,7154,17,,,1,55,,7153,39,,,1,15,,7158,39,,,1,16,,7159,39,,,1,17,,7160,39,,,1,55,,7162,39,,,1,16,,7163,39,,,1,17,,7152,39,,,1,15,,7165,39,,,1,55,,7157,39,,,1,14,,7155,39,,,1,14,,7161,39,,,1,15,,7166,39,,,1,59,,7164,39,,,1,18,,7167,39,,,1,29,,7169,39,,,1,69,,7171,39,,,1,30,,7156,39,,,1,70,,7172,39,,,1,30,,7168,39,,,1,70,,7170,39,,,1,31,,7174,39,,,1,70,,7175,39,,,1,29,,7173,39,,,1,70,,7177,39,,,1,18,,7179,39,,,1,71,,7180,39,,,1,16,,7181,39,,,1,12,,7178,39,,,1,14,,7182,39,,,1,55,,7183,39,,,1,16,,7185,39,,,1,16,,7176,39,,,1,12,,7188,39,,,1,55,,7189,39,,,1,17,,7192,39,,,1,14,,7193,39,,,1,15,,7187,39,,,1,69,,7186,39,,,1,29,,7184,39,,,1,69,,7190,39,,,1,30,,7196,39,,,1,70,,7197,39,,,1,30,,7199,39,,,1,69,,7200,39,,,1,32,,7194,39,,,1,70,,7191,39,,,1,32,,7198,39,,,1,66,,7201,39,,,1,30,,7195,39,0,14,1
1200000200,'2',726,,7205,39,,,1,30,,7204,39,,,1,71,,7208,39,,,1,30,,7202,39,,,1,70,,7207,39,,,1,30,,7206,39,,,1,71,,7210,39,,,1,30,,7209,39,,,1,70,,7203,39,,,1,31,,7212,39,,,1,70,,7214,39,,,1,30,,7211,39,,,1,70,,7216,39,,,1,30,,7217,39,,,1,70,,7213,39,,,1,30,,7215,39,,,1,70,,7219,39,,,1,30,,7221,39,,,1,70,,7218,39,,,1,30,,7223,39,,,1,70,,7224,39,,,1,29,,7220,39,,,1,68,,7222,39,,,1,28,,7228,39,,,1,70,,7227,39,,,1,31,,7225,39,,,1,69,,7229,39,,,1,29,,7231,39,,,1,70,,7230,39,,,1,30,,7233,39,,,1,70,,7226,39,,,1,30,,7232,39,,,1,70,,7234,39,,,1
1200000200,'3',726,,7235,39,,,1,30,,7236,39,,,1,71,,7237,39,,,1,30,,7238,39,,,1,70,,7239,39,,,1,30,,7243,39,,,1,71,,7241,39,,,1,30,,7245,39,,,1,70,,7242,39,,,1,31,,7240,39,,,1,70,,7244,39,,,1,30,,7247,39,,,1,70,,7246,39,,,1,30,,7248,39,,,1,70,,7250,39,,,1,30,,7252,39,,,1,70,,7255,39,,,1,30,,7257,39,,,1,70,,7249,39,,,1,30,,7251,39,,,1,70,,7253,39,,,1,29,,7256,39,,,1,68,,7258,39,,,1,28,,7260,39,,,1,70,,7259,39,,,1,31,,7254,39,,,1,69,,7261,39,,,1
1200000200,'71',547,,5075,17,,,1,55,,5074,39,,,1,15,,5078,39,,,1,8,,5082,17,,,1,8,,5080,39,,,1,17,,5081,39,,,1,55,,5077,39,,,1,16,,5085,39,,,1,17,,5073,39,,,1,15,,5087,39,,,1,55,,5076,39,,,1,14,,5089,39,,,1,14,,5083,39,,,1,15,,5090,39,,,1,59,,5079,39,,,1,13,,5091,39,,,1,17,,5084,39,,,1,17,,5086,39,,,1,54,,5092,39,,,1,15,,5088,39,,,1,15,,5094,39,,,1,15,,5095,39,,,1,55,,5096,39,,,1,15,,5098,39,,,1,15,,5099,39,,,1,15,,5101,39,,,1,55,,5102,39,,,1,15,,5103,39,,,1,16,,5093,39,,,1,15,,5105,39,,,1,55,,5106,39,,,1,15,,5107,39,,,1,14,,5097,39,,,1,15,,5104,39,,,1,55,,5100,39,,,1,21,,5108,39,,,1,12,,5109,39,,,1,56,,5110,39,,,1,15,,5111,39,,,1,16,,5112,39,,,1,12,,5113,39,,,1,14,,5115,39,,,1,55,,5117,39,,,1,15,,5119,39,,,1,9,,5121,26,,,1,8,,5120,39,,,1,12,,5122,39,,,1,55,,5125,39,,,1,17,,5126,39,,,1,14,,5123,39,,,1,14,,5124,39,,,1,54,,5116,39,,,1,15,,5114,39,,,1,15,,5128,39,,,1,15,,5118,39,,,1,70,,5129,39,,,1,30,,5127,39,,,1,70,,5133,39,,,1,30,,5135,39,,,1,69,,5136,39,,,1,32,,5130,39,,,1,70,,5132,39,,,1,32,,5134,39,,,1,66,,5137,39,,,1,30,,5131,39,0,14,1
1200000200,'72',726,,5139,39,,,1,30,,5142,39,,,1,70,,5143,39,,,1,30,,5144,39,,,1,70,,5138,39,,,1,30,,5141,39,,,1,70,,5140,39,,,1,30,,5145,39,,,1,70,,5146,39,,,1,31,,5148,39,,,1,69,,5147,39,,,1,30,,5150,39,,,1,70,,5151,39,,,1,31,,5152,39,,,1,70,,5153,39,,,1,29,,5154,39,,,1,70,,5149,39,,,1,30,,5156,39,,,1,70,,5155,39,,,1,30,,5159,39,,,1,70,,5158,39,,,1,31,,5161,39,,,1,68,,5162,39,,,1,29,,5163,39,,,1,70,,5165,39,,,1,31,,5157,39,,,1,69,,5167,39,,,1,29,,5168,39,,,1,70,,5164,39,,,1,30,,5166,39,,,1,70,,5160,39,,,1,30,,5169,39,,,1,70,,5170,39,,,1
1200000200,'73',726,,5171,39,,,1,30,,5173,39,,,1,70,,5174,39,,,1,30,,5175,39,,,1,70,,5176,39,,,1,30,,5172,39,,,1,70,,5177,39,,,1,30,,5179,39,,,1,70,,5178,39,,,1,31,,5181,39,,,1,69,,5180,39,,,1,30,,5183,39,,,1,70,,5184,39,,,1,31,,5185,39,,,1,70,,5186,39,,,1,29,,5188,39,,,1,70,,5182,39,,,1,30,,5191,39,,,1,70,,5189,39,,,1,30,,5193,39,,,1,70,,5192,39,,,1,31,,5195,39,,,1,68,,5196,39,,,1,29,,5197,39,,,1,70,,5187,39,,,1,31,,5194,39,,,1,69,,5190,39,,,1
1200000200,'89',641,,5198,17,,,1,61,,5200,17,,,1,47,,5199,8,,,1
1200000400,'1',658,,7629,41,,,1,56,,7630,41,,,1
1200000400,'71',657,,5565,41,,,1,56,,5566,41,,,1,16,,5567,41,,,1,16,,5564,41,,,1
