2200,'1',558,,5864,8,,,2,67,,5873,46,,,2,22,,5865,8,,,2,70,,5877,8,,,2,26,,5879,46,,,2,83,,5878,8,,,2,89,,5874,8,,,2,109,,5866,8,,,2,100,,5867,8,,,2,100,,5868,8,,,2,100,,5870,8,,,2,102,,5871,8,,,2
2200,'71',558,,4456,8,,,2,67,,4471,46,,,2,22,,4457,8,,,2,70,,4472,8,,,2,26,,4474,46,,,2,83,,4473,8,0,14 1 15,2,89,,4458,8,,,2,35,,4460,8,,,2,72,,4459,8,,,2,32,,4461,8,,,2,70,,4465,8,,,2,30,,4462,8,,,2,71,,4466,8,,,2,30,,4463,8,,,2,70,,4475,8,,,2,30,,4464,8,,,2,69,,4476,8,,,2,34,,4469,8,,,2
2201,'1',1528,,5900,38,,,2,80,,5891,38,,,2,96,,5888,38,,,2,30,,5895,38,,,2,70,,5889,38,,,2,29,,5896,38,,,2,67,,5901,38,,,2,24,,5897,38,,,2
2201,'14',1704,,5903,42,,,2
2201,'71',1528,,4491,40,,,2,25,,4493,40,,,2,55,,4500,40,,,2,51,,4501,44,,,2,71,,4502,40,,,2,74,,4492,40,,,2,31,,4503,40,,,2,65,,4505,40,,,2,24,,4504,40,,,2
2201,'88',1659,,4506,44,,,2
22100,'15',706,,6288,8,,,2
22100,'84',706,,4923,8,,,2
22101,'85',1543,,4924,36,,,2
22500,'12',814,,6290,22,,,2
22500,'82',814,,4927,22,,,2
22501,'83',1652,,4928,14,,,2
22900,'13',842,,6291,8,,,2
22900,'87',842,,4929,8,,,2
22901,'14',1641,,6292,15,,,2
22901,'88',1641,,4930,15,,,2
