2301,'1',1158,,5958,19,,,2,71,,5959,19,,,2,30,,5961,19,,,2,70,,5960,19,,,2,30,,5962,19,,,2,71,,5963,19,,,2,71,,5966,19,,,2,51,,5964,19,,,2,68,,5967,19,,,2,36,,5965,19,,,2,101,,5968,19,,,2,66,,5975,19,,,2,77,,5969,19,,,2,102,,5970,19,,,2,50,,5971,19,,,2,154,,5972,19,,,2
2301,'14',1655,,5979,23,,,2
2301,'2',1215,,5985,19,,,2,101,,5986,19,,,2,101,,5987,19,,,2,100,,5988,19,,,2,100,,5989,19,,,2,101,,5990,19,,,2,97,,5991,19,,,2
2301,'3',1215,,5996,19,,,2,101,,5997,19,,,2,101,,5998,19,,,2,100,,5999,19,,,2,100,,6000,19,,,2,101,,6001,19,,,2,97,,6002,19,,,2
2301,'71',1156,,4558,19,,,2,70,,4562,19,,,2,31,,4564,19,,,2,70,,4563,19,,,2,30,,4565,19,,,2,70,,4566,19,,,2,74,,4576,19,,,2,42,,4567,19,,,2,108,,4568,23,,,2,103,,4570,19,,,2,71,,4575,19,,,2,75,,4571,19,,,2,100,,4572,19,,,2,52,,4573,19,,,2,154,,4574,19,,,2
2301,'72',1226,,4584,19,,,2,102,,4585,19,,,2,101,,4586,19,,,2,101,,4587,19,,,2,100,,4588,19,,,2,102,,4589,19,,,2,96,,4590,19,,,2
2301,'73',1226,,4595,19,,,2,102,,4596,19,,,2,101,,4597,19,,,2,101,,4598,19,,,2,100,,4599,19,,,2,102,,4600,19,,,2,96,,4601,19,,,2
2301,'88',1651,,4602,23,,,2
23501,'83',1653,,4936,16,,,2
5002301,'1',1704,,6382,29,,,2,25,,6381,29,,,2
5002301,'71',1618,,5032,29,,,2,86,,5031,29,,,2,25,,5030,29,,,2
