1501,'1',1232,,5834,34,0,41,2,103,,5835,34,0,41,2,95,,5836,34,0,41,2,77,,5839,34,0,41,2,52,,5837,51,,,2,85,,5840,51,,,2,60,,5842,51,,,2,34,,5838,51,0,41,2,68,,5841,51,,,2,37,,5844,34,0,41,2,73,,5845,34,0,41,2,102,,5846,34,0,41,2,112,,5843,34,0,41,2,81,,5847,34,0,41,2
1501,'71',710,,4438,52,0,41,2,24,,4436,52,0,41,2,74,,4439,52,0,41,2,123,,4437,35,0,41,2,115,,4440,35,0,41,2,156,,4441,35,0,41,2,30,,4442,35,0,41,2,117,,4444,35,0,41,2,156,,4445,35,0,41,2,54,,4443,52,0,41,2,89,,4446,52,0,41,2,55,,4448,52,0,41,2,29,,4450,52,0,41,2,75,,4449,52,0,41,2,36,,4447,35,0,41,2,76,,4451,35,0,41,2,105,,4452,35,0,41,2,105,,4453,35,0,41,2,82,,4454,35,0,41,2
1501,'88',1705,,4455,37,0,41,2
13101,'85',1601,,4865,74,,,2
15601,'83',1636,,4876,27,,,2
15801,'88',1650,,4878,25,,,2
2000001501,'2',821,,7688,34,,,2,101,,7689,34,,,2,100,,7690,34,,,2,102,,7691,34,,,2,101,,7692,34,,,2,102,,7693,34,,,2,201,,7694,34,,,2,101,,7695,34,,,2,103,,7696,34,,,2,96,,7697,34,,,2,93,,7698,34,,,2
2000001501,'3',922,,7699,34,,,2,100,,7700,34,,,2,102,,7701,34,,,2,101,,7702,34,,,2,102,,7703,34,,,2,201,,7704,34,,,2,101,,7705,34,,,2,103,,7706,34,,,2,96,,7707,34,,,2,93,,7708,34,,,2
2000001501,'72',814,,5628,35,,,2,102,,5629,35,,,2,103,,5630,35,,,2,108,,5631,35,,,2,94,,5632,35,,,2,109,,5633,35,,,2,182,,5634,35,,,2,99,,5635,35,,,2,103,,5636,35,,,2,98,,5637,35,,,2,98,,5638,35,,,2
2000001501,'73',916,,5639,35,,,2,103,,5640,35,,,2,108,,5641,35,,,2,94,,5642,35,,,2,109,,5643,35,,,2,182,,5644,35,,,2,99,,5645,35,,,2,103,,5646,35,,,2,98,,5647,35,,,2,98,,5648,35,,,2
