3101,'1',624,,6013,4,0,8 1 32,2,32,,6011,4,0,8 1 32,2,144,,6015,4,0,8 1 32,2,105,,6016,4,0,8 1 32,2,99,,6017,4,0,8 1 32,2,100,,6018,4,0,8 1 32,2,106,,6019,4,0,8 1 32,2,102,,6020,4,0,8 1 32,2,101,,6021,4,0,8 1 32,2,100,,6022,4,0,8 1 32,2,97,,6023,4,0,8 1 32,2,31,,6026,4,0,8 1 32,2,71,,6027,4,0,8 1 32,2,31,,6024,4,0,8 1 32,2,73,,6028,4,0,8 1 32,2,24,,6025,4,0,8 1 32,2,76,,6029,4,0,8 1 32,2,290,,6030,4,0,8,2
3701,'1',615,,6123,4,0,9,2,103,,6124,4,,,2,105,,6125,4,0,9,2,104,,6126,4,0,9,2,97,,6127,4,0,9,2,102,,6128,4,0,9,2,115,,6129,4,0,9,2,102,,6130,4,0,9,2,102,,6131,4,0,9,2,114,,6132,4,0,9,2,182,,6133,4,0,9,2,72,,6134,4,0,9,2,101,,6135,4,0,9,2,96,,6136,4,0,9,2,96,,6137,4,0,9,2,100,,6138,4,0,9,2,100,,6139,4,0,9,2,28,,6140,4,0,9,2
3701,'2',650,,6141,4,0,9,2,100,,6142,4,0,9,2,102,,6143,4,0,9,2,102,,6144,4,0,9,2,102,,6145,4,0,9,2,156,,6146,4,0,9,2,103,,6147,4,0,9,2,100,,6148,4,0,9,2,101,,6149,4,0,9,2,100,,6150,4,0,9,2,101,,6151,4,0,9,2,95,,6152,4,0,9,2,97,,6153,4,0,9,2,96,,6154,4,0,9,2,100,,6155,4,0,9,2,101,,6156,4,0,9,2,98,,6157,4,0,9,2,28,,6158,4,0,9,2
3701,'3',750,,6159,4,0,9,2,102,,6160,4,0,9,2,102,,6161,4,0,9,2,102,,6162,4,0,9,2,156,,6163,4,0,9,2,103,,6164,4,0,9,2,100,,6165,4,0,9,2,101,,6166,4,0,9,2,100,,6167,4,0,9,2,101,,6168,4,0,9,2,95,,6169,4,0,9,2,97,,6170,4,0,9,2
3701,'71',718,,4749,4,,,2,105,,4748,4,0,9,2,102,,4747,4,0,9,2,98,,4750,4,0,9,2,102,,4751,4,0,9,2,113,,4752,4,0,9,2,102,,4753,4,0,9,2,102,,4754,4,0,9,2,115,,4755,4,0,9,2,153,,4756,4,0,9,2,100,,4757,4,0,9,2,101,,4758,4,0,9,2,97,,4759,4,0,9,2,97,,4760,4,0,9,2,101,,4761,4,0,9,2,102,,4762,4,0,9,2,28,,4763,4,0,9,2
3701,'72',654,,4764,4,0,9,2,100,,4765,4,0,9,2,102,,4766,4,0,9,2,100,,4767,4,0,9,2,100,,4768,4,0,9,2,152,,4769,4,0,9,2,100,,4770,4,0,9,2,100,,4771,4,0,9,2,102,,4772,4,0,9,2,100,,4773,4,0,9,2,98,,4774,4,0,9,2,100,,4775,4,0,9,2,100,,4776,4,0,9,2,97,,4779,4,0,9,2,100,,4780,4,0,9,2,101,,4781,4,0,9,2,98,,4777,4,0,9,2,28,,4778,4,0,9,2
3701,'73',754,,4782,4,0,9,2,102,,4783,4,0,9,2,100,,4784,4,0,9,2,100,,4785,4,0,9,2,152,,4786,4,0,9,2,100,,4787,4,0,9,2,100,,4788,4,0,9,2,102,,4789,4,0,9,2,100,,4790,4,0,9,2,98,,4791,4,0,9,2,100,,4792,4,0,9,2,109,,4793,4,0,9,2
3800,'1',750,,6171,4,,,2,104,,6172,4,,,2,99,,6173,4,,,2,102,,6174,4,,,2,155,,6175,4,,,2,102,,6176,4,,,2,102,,6177,4,,,2,105,,6178,4,,,2,120,,6179,4,,,2,73,,6180,4,,,2,134,,6181,4,,,2,96,,6182,4,,,2,96,,6183,4,,,2,100,,6184,4,,,2,98,,6185,4,,,2
3800,'2',720,,6186,4,,,2,101,,6187,4,,,2,103,,6188,4,,,2,101,,6189,4,,,2,102,,6190,4,,,2,116,,6191,4,,,2,102,,6192,4,,,2,101,,6193,4,,,2,100,,6194,4,,,2,102,,6195,4,,,2,99,,6196,4,,,2,94,,6197,4,,,2,96,,6198,4,,,2,100,,6199,4,,,2,97,,6200,4,,,2,101,,6201,4,,,2
3800,'3',821,,6202,4,,,2,103,,6203,4,,,2,101,,6204,4,,,2,102,,6205,4,,,2,116,,6206,4,,,2,102,,6207,4,,,2,101,,6208,4,,,2,100,,6209,4,,,2,102,,6210,4,,,2,99,,6211,4,,,2,94,,6212,4,,,2,96,,6213,4,,,2
3800,'71',748,,4794,4,,,2,106,,4795,4,,,2,98,,4796,4,,,2,102,,4797,4,,,2,153,,4798,4,,,2,102,,4799,4,,,2,102,,4800,4,,,2,108,,4801,11,,,2,116,,4802,4,,,2,96,,4803,4,,,2,112,,4804,4,,,2,97,,4805,4,,,2,96,,4806,4,,,2,101,,4807,4,,,2,99,,4808,4,,,2
3800,'72',724,,4809,4,,,2,100,,4810,4,,,2,102,,4811,4,,,2,100,,4812,4,,,2,101,,4813,4,,,2,111,,4814,4,,,2,100,,4815,4,,,2,102,,4816,4,,,2,100,,4817,4,,,2,100,,4818,4,,,2,98,,4819,4,,,2,100,,4820,4,,,2,98,,4822,4,,,2,99,,4823,4,,,2,99,,4824,4,,,2,100,,4821,4,,,2
3800,'73',824,,4825,4,,,2,102,,4826,4,,,2,100,,4827,4,,,2,101,,4828,4,,,2,111,,4829,4,,,2,100,,4830,4,,,2,102,,4831,4,,,2,100,,4832,4,,,2,100,,4833,4,,,2,98,,4834,4,,,2,100,,4835,4,,,2,107,,4836,4,,,2
3901,'1',1625,,6219,4,0,9,2,87,,6217,4,0,9,2,47,,6218,4,0,9,2
24101,'85',1514,,4938,11,,,2
24201,'85',1514,,4940,11,,,2
31101,'85',1518,,4946,11,,,2
38101,'85',1518,,4966,11,,,2
5003700,'1',625,,6395,4,,,2,76,,6394,4,,,2
5003700,'71',604,,5046,4,,,2,23,,5047,4,,,2,74,,5048,4,,,2
5003701,'1',1723,,6396,24,,,2
5003701,'71',1616,,5050,24,,,2,108,,5049,24,,,2
5003701,'81',1837,,5051,24,,,2
5003801,'1',1659,,6398,24,,,2,89,,6397,24,,,2
5003801,'71',1658,,5053,24,,,2,89,,5052,24,,,2
2000003101,'2',733,,7720,4,0,8 1 32,2,101,,7721,4,0,8 1 32,2,101,,7722,4,0,8 1 32,2,101,,7723,4,0,8 1 32,2,101,,7724,4,0,8 1 32,2,101,,7725,4,0,8 1 32,2,215,,7726,4,0,8 1 32,2,101,,7727,4,0,8 1 32,2,101,,7728,4,0,8 1 32,2,96,,7729,4,0,8 1 32,2,90,,7730,4,0,8,2
2000003101,'3',834,,7732,4,0,8 1 32,2,101,,7733,4,0,8 1 32,2,101,,7734,4,0,8 1 32,2,101,,7735,4,0,8 1 32,2,101,,7736,4,0,8 1 32,2,215,,7737,4,0,8 1 32,2,101,,7738,4,0,8 1 32,2,101,,7739,4,0,8 1 32,2,96,,7740,4,0,8 1 32,2,90,,7741,4,0,8,2
