3101,'1',614,,6012,48,0,8 1 32,2,31,,6014,48,0,8 1 32,2,68,,6013,80,0,8 1 32,2,32,,6011,80,0,8 1 32,2,102,,6015,80,0,8 1 32,2,105,,6016,80,0,8 1 32,2,99,,6017,80,0,8 1 32,2,100,,6018,80,0,8 1 32,2,106,,6019,80,0,8 1 32,2,102,,6020,80,0,8 1 32,2,141,,6021,80,0,8 1 32,2,100,,6022,80,0,8 1 32,2,57,,6023,80,0,8 1 32,2,71,,6026,80,0,8 1 32,2,31,,6027,80,0,8 1 32,2,71,,6024,80,0,8 1 32,2,73,,6028,80,0,8 1 32,2,24,,6025,80,0,8 1 32,2,76,,6029,80,0,8 1 32,2
3701,'1',559,,6122,40,0,9,2,82,,6123,47,0,9,2,105,,6124,47,,,2,102,,6125,47,0,9,2,104,,6126,47,0,9,2,97,,6127,47,0,9,2,102,,6128,47,0,9,2,155,,6129,47,0,9,2,102,,6130,47,0,9,2,102,,6131,47,0,9,2,114,,6132,47,0,9,2,182,,6133,47,0,9,2,32,,6134,47,0,9,2,100,,6135,47,0,9,2,96,,6136,47,0,9,2,96,,6137,47,0,9,2,100,,6138,47,0,9,2,100,,6139,47,0,9,2,25,,6140,47,0,9,2
3701,'2',714,,6141,47,0,9,2,100,,6142,47,0,9,2,102,,6143,47,0,9,2,102,,6144,47,0,9,2,102,,6145,47,0,9,2,116,,6146,47,0,9,2,103,,6147,47,0,9,2,100,,6148,47,0,9,2,101,,6149,47,0,9,2,100,,6150,47,0,9,2,101,,6151,47,0,9,2,95,,6152,47,0,9,2,97,,6153,47,0,9,2,96,,6154,47,0,9,2,100,,6155,47,0,9,2,101,,6156,47,0,9,2,98,,6157,47,0,9,2,25,,6158,47,0,9,2
3701,'3',814,,6159,47,0,9,2,102,,6160,47,0,9,2,102,,6161,47,0,9,2,102,,6162,47,0,9,2,116,,6163,47,0,9,2,103,,6164,47,0,9,2,100,,6165,47,0,9,2,101,,6166,47,0,9,2,100,,6167,47,0,9,2,101,,6168,47,0,9,2,95,,6169,47,0,9,2,97,,6170,47,0,9,2
3701,'71',558,,4746,40,0,9,2,188,,4749,47,,,2,102,,4748,47,0,9,2,102,,4747,47,0,9,2,98,,4750,47,0,9,2,102,,4751,47,0,9,2,153,,4752,47,0,9,2,102,,4753,47,0,9,2,102,,4754,47,0,9,2,115,,4755,47,0,9,2,113,,4756,47,0,9,2,100,,4757,47,0,9,2,100,,4758,47,0,9,2,97,,4759,47,0,9,2,97,,4760,47,0,9,2,101,,4761,47,0,9,2,102,,4762,47,0,9,2,25,,4763,47,0,9,2
3701,'72',718,,4764,47,0,9,2,100,,4765,47,0,9,2,102,,4766,47,0,9,2,100,,4767,47,0,9,2,100,,4768,47,0,9,2,112,,4769,47,0,9,2,100,,4770,47,0,9,2,100,,4771,47,0,9,2,102,,4772,47,0,9,2,100,,4773,47,0,9,2,98,,4774,47,0,9,2,100,,4775,47,0,9,2,100,,4776,47,0,9,2,97,,4779,47,0,9,2,100,,4780,47,0,9,2,101,,4781,47,0,9,2,98,,4777,47,0,9,2,25,,4778,47,0,9,2
3701,'73',818,,4782,47,0,9,2,102,,4783,47,0,9,2,100,,4784,47,0,9,2,100,,4785,47,0,9,2,112,,4786,47,0,9,2,100,,4787,47,0,9,2,100,,4788,47,0,9,2,102,,4789,47,0,9,2,100,,4790,47,0,9,2,98,,4791,47,0,9,2,100,,4792,47,0,9,2,109,,4793,47,0,9,2
3800,'1',816,,6171,48,,,2,103,,6172,48,,,2,99,,6173,48,,,2,102,,6174,48,,,2,115,,6175,48,,,2,102,,6176,48,,,2,102,,6177,48,,,2,106,,6178,48,,,2,159,,6179,48,,,2,32,,6180,48,,,2,174,,6181,48,,,2,96,,6182,48,,,2,96,,6183,48,,,2,100,,6184,48,,,2,98,,6185,48,,,2
3800,'2',744,,6186,48,,,2,101,,6187,48,,,2,103,,6188,48,,,2,101,,6189,48,,,2,102,,6190,48,,,2,156,,6191,48,,,2,102,,6192,48,,,2,101,,6193,48,,,2,100,,6194,48,,,2,102,,6195,48,,,2,99,,6196,48,,,2,94,,6197,48,,,2,96,,6198,48,,,2,100,,6199,48,,,2,57,,6200,48,,,2,101,,6201,48,,,2
3800,'3',845,,6202,48,,,2,103,,6203,48,,,2,101,,6204,48,,,2,102,,6205,48,,,2,156,,6206,48,,,2,102,,6207,48,,,2,101,,6208,48,,,2,100,,6209,48,,,2,102,,6210,48,,,2,99,,6211,48,,,2,94,,6212,48,,,2,96,,6213,48,,,2
3800,'71',814,,4794,48,,,2,105,,4795,48,,,2,98,,4796,48,,,2,102,,4797,48,,,2,113,,4798,48,,,2,102,,4799,48,,,2,102,,4800,48,,,2,109,,4801,55,,,2,155,,4802,48,,,2,55,,4803,48,,,2,152,,4804,48,,,2,97,,4805,48,,,2,96,,4806,48,,,2,101,,4807,48,,,2,99,,4808,48,,,2
3800,'72',748,,4809,48,,,2,100,,4810,48,,,2,102,,4811,48,,,2,100,,4812,48,,,2,101,,4813,48,,,2,151,,4814,48,,,2,100,,4815,48,,,2,102,,4816,48,,,2,100,,4817,48,,,2,100,,4818,48,,,2,98,,4819,48,,,2,100,,4820,48,,,2,98,,4822,48,,,2,59,,4823,48,,,2,99,,4824,48,,,2,100,,4821,48,,,2
3800,'73',848,,4825,48,,,2,102,,4826,48,,,2,100,,4827,48,,,2,101,,4828,48,,,2,151,,4829,48,,,2,100,,4830,48,,,2,102,,4831,48,,,2,100,,4832,48,,,2,100,,4833,48,,,2,98,,4834,48,,,2,100,,4835,48,,,2,107,,4836,48,,,2
3900,'1',649,,6215,32,0,32,2,80,,6216,32,0,32,2,71,,6214,32,0,32,2
24100,'15',737,,6296,16,4,,2
24100,'84',737,,4937,16,4,,2
24200,'15',735,,6297,18,4,,2
24200,'84',735,,4939,18,4,,2
31100,'15',753,,6300,57,,,2
31100,'84',753,,4945,57,,,2
35100,'15',735,,6307,45,,,2
35500,'12',823,,6308,45,,,2
38100,'15',739,,6316,49,,,2
38100,'84',738,,4965,49,,,2
5003700,'1',654,,6395,51,,,2,76,,6394,51,,,2
5003700,'71',637,,5046,58,,,2,18,,5047,51,,,2,74,,5048,51,,,2
5003701,'1',1757,,6396,80,,,2
5003701,'71',1653,,5050,80,,,2,106,,5049,80,,,2
5003701,'81',1912,,5051,80,,,2
5003801,'1',1732,,6398,79,,,2,88,,6397,79,,,2
5003801,'71',1730,,5053,79,,,2,89,,5052,79,,,2
2000003101,'2',717,,7719,49,0,8 1 32,2,102,,7720,81,0,8 1 32,2,101,,7721,81,0,8 1 32,2,101,,7722,81,0,8 1 32,2,101,,7723,81,0,8 1 32,2,101,,7724,81,0,8 1 32,2,101,,7725,81,0,8 1 32,2,215,,7726,81,0,8 1 32,2,101,,7727,81,0,8 1 32,2,101,,7728,81,0,8 1 32,2,96,,7729,81,0,8 1 32,2
2000003101,'3',819,,7731,49,0,8 1 32,2,101,,7732,81,0,8 1 32,2,101,,7733,81,0,8 1 32,2,101,,7734,81,0,8 1 32,2,101,,7735,81,0,8 1 32,2,101,,7736,81,0,8 1 32,2,215,,7737,81,0,8 1 32,2,101,,7738,81,0,8 1 32,2,101,,7739,81,0,8 1 32,2,96,,7740,81,0,8 1 32,2
