22101,'65',1514,,3248,8,,,2
22201,'65',1514,,3250,8,,,2
23101,'65',1514,,3256,8,,,2
23201,'65',1514,,3258,8,,,2
35501,'63',1635,,3280,27,,,2
5003700,'51',638,,3390,60,,,2,19,,3391,53,,,2,74,,3392,53,,,2,71,,3393,53,,,2,33,,3394,60,,,2
5004200,'51',702,,3400,20,,,2
1200000101,'51',1548,,3416,46,,,1,72,,3417,46,,,1,31,,3415,46,,,1,72,,3418,46,,,1
1200000200,'51',549,,3421,20,0,36 37,1,55,,3420,42,0,36 37,1,15,,3424,42,0,36 37,1,8,,3429,20,0,36 37,1,8,,3426,42,0,36 37,1,17,,3428,42,0,36 37,1,55,,3423,42,0,36 37,1,16,,3433,42,0,36 37,1,17,,3419,42,0,36 37,1,15,,3435,42,0,36 37,1,55,,3422,42,0,36 37,1,14,,3430,42,0,36 37,1,14,,3431,42,0,36 37,1,15,,3427,42,0,36 37,1,59,,3425,42,0,36 37,1,13,,3436,42,0,36 37,1,17,,3432,42,0,36 37,1,17,,3434,42,0,36 37,1,54,,3437,42,0,36 37,1,15,,3439,42,0,36 37,1,15,,3440,42,0,36 37,1,15,,3442,42,0,36 37,1,55,,3443,42,0,36 37,1,15,,3445,42,0,36 37,1,15,,3446,42,0,36 37,1,15,,3447,42,0,36 37,1,55,,3448,42,0,36 37,1,15,,3449,42,0,36 37,1,16,,3438,42,0,36 37,1,15,,3441,42,0,36 37,1,55,,3451,42,0,36 37,1,15,,3452,42,0,36 37,1,14,,3444,42,0,36 37,1,15,,3450,42,0,36 37,1,55,,3454,42,0,36 37,1,21,,3455,42,0,36 37,1,12,,3456,42,0,36 37,1,56,,3457,42,0,36 37,1,15,,3458,42,0,36 37,1,16,,3459,42,0,36 37,1,12,,3460,42,0,36 37,1,14,,3453,42,0,36 37,1,55,,3461,42,0,36 37,1,15,,3464,42,0,36 37,1,9,,3467,29,0,36 37,1,8,,3466,42,0,36 37,1,12,,3465,42,0,36 37,1,55,,3470,42,0,36 37,1,17,,3468,42,0,36 37,1,14,,3469,42,0,36 37,1,14,,3463,42,0,36 37,1,54,,3472,42,0,36 37,1,15,,3473,42,0,36 37,1,15,,3474,42,0,36 37,1,15,,3462,42,0,36 37,1,70,,3476,42,0,36 37,1,30,,3479,42,0,36 37,1,70,,3480,42,0,36 37,1,30,,3475,42,0,36 37,1,69,,3482,42,0,36 37,1,32,,3477,42,0,36 37,1,70,,3471,42,0,36 37,1,72,,3481,42,0,36 37,1,26,,3483,42,0,36 37,1,30,,3478,42,0,14,1
1200000200,'52',728,,3485,42,0,36 37,1,30,,3488,42,0,36 37,1,70,,3489,42,0,36 37,1,30,,3490,42,0,36 37,1,70,,3484,42,0,36 37,1,30,,3487,42,0,36 37,1,70,,3486,42,0,36 37,1,30,,3491,42,0,36 37,1,70,,3492,42,0,36 37,1,31,,3494,42,0,36 37,1,69,,3493,42,0,36 37,1,30,,3496,42,0,36 37,1,70,,3497,42,0,36 37,1,31,,3498,42,0,36 37,1,70,,3499,42,0,36 37,1,29,,3500,42,0,36 37,1,70,,3495,42,0,36 37,1,30,,3502,42,0,36 37,1,70,,3501,42,0,36 37,1,30,,3505,42,0,36 37,1,70,,3504,42,0,36 37,1,31,,3507,42,0,36 37,1,68,,3508,42,0,36 37,1,29,,3509,42,0,36 37,1,70,,3511,42,0,36 37,1,31,,3503,42,0,36 37,1,69,,3513,42,0,36 37,1,29,,3514,42,0,36 37,1,70,,3510,42,0,36 37,1,30,,3512,42,0,36 37,1,70,,3506,42,0,36 37,1,30,,3515,42,0,36 37,1,70,,3516,42,0,36 37,1
1200000200,'53',728,,3517,42,0,36 37,1,30,,3519,42,0,36 37,1,70,,3520,42,0,36 37,1,30,,3521,42,0,36 37,1,70,,3522,42,0,36 37,1,30,,3518,42,0,36 37,1,70,,3523,42,0,36 37,1,30,,3525,42,0,36 37,1,70,,3524,42,0,36 37,1,31,,3527,42,0,36 37,1,69,,3526,42,0,36 37,1,30,,3529,42,0,36 37,1,70,,3530,42,0,36 37,1,31,,3531,42,0,36 37,1,70,,3532,42,0,36 37,1,29,,3534,42,0,36 37,1,70,,3528,42,0,36 37,1,30,,3537,42,0,36 37,1,70,,3535,42,0,36 37,1,30,,3539,42,0,36 37,1,70,,3538,42,0,36 37,1,31,,3541,42,0,36 37,1,68,,3542,42,0,36 37,1,29,,3543,42,0,36 37,1,70,,3533,42,0,36 37,1,31,,3540,42,0,36 37,1,69,,3536,42,0,36 37,1
1200000200,'54',628,,3544,42,0,36 37,1,30,,3546,42,0,36 37,1,55,,3555,20,0,36 37,1,15,,3550,42,0,36 37,1,15,,3560,20,0,36 37,1,15,,3548,42,0,36 37,1,55,,3545,20,0,36 37,1,15,,3558,42,0,36 37,1,15,,3547,20,0,36 37,1,15,,3552,42,0,36 37,1,55,,3551,20,0,36 37,1,15,,3556,42,0,36 37,1,15,,3549,20,0,36 37,1,15,,3561,42,0,36 37,1,55,,3559,20,0,36 37,1,15,,3553,42,0,36 37,1,15,,3566,20,0,36 37,1,15,,3564,42,0,36 37,1,55,,3557,20,0,36 37,1,15,,3567,42,0,36 37,1,15,,3571,20,0,36 37,1,16,,3569,42,0,36 37,1,54,,3554,20,0,36 37,1,15,,3562,42,0,36 37,1,15,,3565,20,0,36 37,1,15,,3573,42,0,36 37,1,55,,3568,20,0,36 37,1,15,,3575,42,0,36 37,1,16,,3570,20,0,36 37,1,15,,3577,42,0,36 37,1,55,,3563,20,0,36 37,1,15,,3579,42,0,36 37,1,14,,3574,20,0,36 37,1,15,,3582,42,0,36 37,1,55,,3576,20,0,36 37,1,15,,3572,42,0,36 37,1,15,,3578,20,0,36 37,1,15,,3586,42,0,36 37,1,55,,3580,20,0,36 37,1,15,,3584,42,0,36 37,1,15,,3583,20,0,36 37,1,15,,3589,42,0,36 37,1,55,,3591,20,0,36 37,1,15,,3588,42,0,36 37,1,15,,3593,20,0,36 37,1,16,,3587,42,0,36 37,1,68,,3585,42,0,36 37,1,29,,3595,42,0,36 37,1,70,,3581,42,0,36 37,1,31,,3594,42,0,36 37,1,69,,3596,42,0,36 37,1,29,,3597,42,0,36 37,1,70,,3592,42,0,36 37,1,30,,3600,42,0,36 37,1,70,,3590,42,0,36 37,1,30,,3598,42,0,36 37,1,70,,3599,42,0,36 37,1
1200000200,'69',643,,3601,20,0,36 37,1,61,,3603,20,0,36 37,1,47,,3602,11,0,36 37,1
1200000400,'51',659,,4092,44,,,1,56,,4093,44,,,1,16,,4094,44,,,1,16,,4091,44,,,1
