13100,'15',744,,6233,62,,,2
13100,'84',744,,4864,62,,,2
32501,'83',1620,,4948,22,,,2
34501,'83',1623,,4950,19,,,2
35501,'83',1628,,4956,19,,,2
5004200,'11',654,,6399,12,,,2
5004200,'81',656,,5054,12,,,2
905231701,'27',2247,,6491,34,4,,2,69,,6494,34,4,,2,30,,6489,34,4,,2,70,,6492,34,4,,2,30,,6490,34,4,,2,70,,6493,34,4,,2,30,,6495,34,4,,2
905231701,'28',2247,,6498,34,4,,2,69,,6501,34,4,,2,30,,6496,34,4,,2,70,,6499,34,4,,2,30,,6497,34,4,,2,70,,6500,34,4,,2,30,,6502,34,4,,2
905231701,'29',2247,,6505,34,4,,2,69,,6508,34,4,,2,30,,6503,34,4,,2,70,,6506,34,4,,2,30,,6504,34,4,,2,70,,6507,34,4,,2,30,,6509,34,4,,2
1200000101,'1',1543,,7148,38,,,1,72,,7149,38,,,1,31,,7150,38,,,1,71,,7151,38,,,1
1200000101,'71',1542,,5070,38,,,1,72,,5071,38,,,1,31,,5069,38,,,1,73,,5072,38,,,1
1200000200,'1',544,,7154,12,,,1,15,,7153,34,,,1,55,,7158,34,,,1,16,,7159,34,,,1,17,,7160,34,,,1,55,,7162,34,,,1,16,,7163,34,,,1,17,,7152,34,,,1,15,,7165,34,,,1,55,,7157,34,,,1,14,,7155,34,,,1,14,,7161,34,,,1,15,,7166,34,,,1,59,,7164,34,,,1,18,,7167,34,,,1,29,,7169,34,,,1,69,,7171,34,,,1,30,,7156,34,,,1,70,,7172,34,,,1,30,,7168,34,,,1,70,,7170,34,,,1,31,,7174,34,,,1,70,,7175,34,,,1,29,,7173,34,,,1,70,,7177,34,,,1,18,,7179,34,,,1,71,,7180,34,,,1,16,,7181,34,,,1,12,,7178,34,,,1,14,,7182,34,,,1,55,,7183,34,,,1,16,,7185,34,,,1,15,,7176,34,,,1,13,,7188,34,,,1,55,,7189,34,,,1,17,,7192,34,,,1,14,,7193,34,,,1,15,,7187,34,,,1,69,,7186,34,,,1,29,,7184,34,,,1,70,,7190,34,,,1,30,,7196,34,,,1,70,,7197,34,,,1,30,,7199,34,,,1,69,,7200,34,,,1,32,,7194,34,,,1,70,,7191,34,,,1,32,,7198,34,,,1,66,,7201,34,,,1,30,,7195,34,0,14,1
1200000200,'2',722,,7205,34,,,1,30,,7204,34,,,1,71,,7208,34,,,1,30,,7202,34,,,1,70,,7207,34,,,1,30,,7206,34,,,1,71,,7210,34,,,1,30,,7209,34,,,1,70,,7203,34,,,1,31,,7212,34,,,1,70,,7214,34,,,1,30,,7211,34,,,1,70,,7216,34,,,1,30,,7217,34,,,1,70,,7213,34,,,1,30,,7215,34,,,1,70,,7219,34,,,1,30,,7221,34,,,1,70,,7218,34,,,1,30,,7223,34,,,1,70,,7224,34,,,1,29,,7220,34,,,1,69,,7222,34,,,1,28,,7228,34,,,1,70,,7227,34,,,1,31,,7225,34,,,1,69,,7229,34,,,1,29,,7231,34,,,1,70,,7230,34,,,1,30,,7233,34,,,1,70,,7226,34,,,1,30,,7232,34,,,1,70,,7234,34,,,1
1200000200,'3',722,,7235,34,,,1,30,,7236,34,,,1,71,,7237,34,,,1,30,,7238,34,,,1,70,,7239,34,,,1,30,,7243,34,,,1,71,,7241,34,,,1,30,,7245,34,,,1,70,,7242,34,,,1,31,,7240,34,,,1,70,,7244,34,,,1,30,,7247,34,,,1,70,,7246,34,,,1,30,,7248,34,,,1,70,,7250,34,,,1,30,,7252,34,,,1,70,,7255,34,,,1,30,,7257,34,,,1,70,,7249,34,,,1,30,,7251,34,,,1,70,,7253,34,,,1,29,,7256,34,,,1,69,,7258,34,,,1,28,,7260,34,,,1,70,,7259,34,,,1,31,,7254,34,,,1,69,,7261,34,,,1
1200000200,'71',544,,5075,12,,,1,15,,5074,34,,,1,55,,5078,34,,,1,8,,5082,12,,,1,7,,5080,34,,,1,17,,5081,34,,,1,55,,5077,34,,,1,16,,5085,34,,,1,17,,5073,34,,,1,15,,5087,34,,,1,55,,5076,34,,,1,14,,5089,34,,,1,14,,5083,34,,,1,15,,5090,34,,,1,59,,5079,34,,,1,14,,5091,34,,,1,17,,5084,34,,,1,17,,5086,34,,,1,54,,5092,34,,,1,15,,5088,34,,,1,15,,5094,34,,,1,15,,5095,34,,,1,55,,5096,34,,,1,15,,5098,34,,,1,15,,5099,34,,,1,15,,5101,34,,,1,55,,5102,34,,,1,15,,5103,34,,,1,16,,5093,34,,,1,15,,5105,34,,,1,55,,5106,34,,,1,15,,5107,34,,,1,14,,5097,34,,,1,15,,5104,34,,,1,55,,5100,34,,,1,21,,5108,34,,,1,12,,5109,34,,,1,16,,5110,34,,,1,55,,5111,34,,,1,15,,5112,34,,,1,12,,5113,34,,,1,14,,5115,34,,,1,55,,5117,34,,,1,15,,5119,34,,,1,9,,5121,21,,,1,8,,5120,34,,,1,12,,5122,34,,,1,55,,5125,34,,,1,17,,5126,34,,,1,14,,5123,34,,,1,15,,5124,34,,,1,54,,5116,34,,,1,15,,5114,34,,,1,15,,5128,34,,,1,15,,5118,34,,,1,70,,5129,34,,,1,30,,5127,34,,,1,70,,5133,34,,,1,30,,5135,34,,,1,69,,5136,34,,,1,32,,5130,34,,,1,70,,5132,34,,,1,32,,5134,34,,,1,66,,5137,34,,,1,30,,5131,34,0,14,1
1200000200,'72',723,,5139,34,,,1,30,,5142,34,,,1,70,,5143,34,,,1,30,,5144,34,,,1,70,,5138,34,,,1,30,,5141,34,,,1,70,,5140,34,,,1,30,,5145,34,,,1,70,,5146,34,,,1,31,,5148,34,,,1,69,,5147,34,,,1,30,,5150,34,,,1,70,,5151,34,,,1,30,,5152,34,,,1,70,,5153,34,,,1,30,,5154,34,,,1,70,,5149,34,,,1,30,,5156,34,,,1,70,,5155,34,,,1,30,,5159,34,,,1,70,,5158,34,,,1,31,,5161,34,,,1,68,,5162,34,,,1,29,,5163,34,,,1,70,,5165,34,,,1,31,,5157,34,,,1,69,,5167,34,,,1,29,,5168,34,,,1,70,,5164,34,,,1,30,,5166,34,,,1,70,,5160,34,,,1,30,,5169,34,,,1,70,,5170,34,,,1
1200000200,'73',723,,5171,34,,,1,30,,5173,34,,,1,70,,5174,34,,,1,30,,5175,34,,,1,70,,5176,34,,,1,30,,5172,34,,,1,70,,5177,34,,,1,30,,5179,34,,,1,70,,5178,34,,,1,31,,5181,34,,,1,69,,5180,34,,,1,30,,5183,34,,,1,70,,5184,34,,,1,30,,5185,34,,,1,70,,5186,34,,,1,30,,5188,34,,,1,70,,5182,34,,,1,30,,5191,34,,,1,70,,5189,34,,,1,30,,5193,34,,,1,70,,5192,34,,,1,31,,5195,34,,,1,68,,5196,34,,,1,29,,5197,34,,,1,70,,5187,34,,,1,31,,5194,34,,,1,69,,5190,34,,,1
1200000200,'89',637,,5198,12,,,1,21,,5200,12,,,1,87,,5199,3,,,1
1200000400,'1',654,,7629,36,,,1,56,,7630,36,,,1
1200000400,'71',653,,5565,36,,,1,56,,5566,36,,,1,16,,5567,36,,,1,16,,5564,36,,,1
