2200,'71',621,,4456,46,,,2,28,,4471,84,,,2,63,,4457,46,,,2,30,,4472,46,,,2,66,,4474,84,,,2,130,,4458,46,,,2,75,,4460,46,,,2,32,,4459,46,,,2,72,,4461,46,,,2,30,,4465,46,,,2,70,,4462,46,,,2,31,,4466,46,,,2,70,,4463,46,,,2,30,,4475,46,,,2,70,,4464,46,,,2,29,,4476,46,,,2,74,,4469,46,,,2,31,,4467,32,,,2,65,,4470,32,,,2,108,,4468,32,,,2,34,,4477,32,,,2,100,,4478,32,,,2
2201,'14',1637,,5902,3,0,14,2
2201,'71',1633,,4501,3,,,2
2201,'88',1633,,4506,3,,,2
2300,'71',617,,4520,58,,,2,191,,4525,58,,,2,115,,4507,58,,,2,36,,4510,58,,,2,70,,4508,58,,,2,71,,4511,58,,,2,30,,4509,58,,,2,70,,4512,58,,,2,32,,4515,44,,,2,70,,4513,44,,,2,30,,4516,44,,,2,70,,4514,44,,,2,32,,4517,44,,,2,74,,4518,44,,,2,31,,4528,44,,,2,117,,4530,44,,,2,75,,4519,44,,,2,28,,4526,44,,,2,70,,4521,44,,,2,30,,4527,44,,,2,75,,4522,44,,,2,100,,4523,44,,,2,97,,4524,44,,,2
2300,'72',657,,4531,58,,,2,101,,4532,58,,,2,101,,4533,58,,,2,141,,4534,58,,,2,101,,4535,58,,,2,100,,4536,58,,,2,101,,4537,58,,,2,102,,4538,44,,,2,100,,4539,44,,,2,100,,4540,44,,,2,100,,4541,44,,,2,102,,4542,44,,,2
2300,'73',758,,4543,58,,,2,101,,4544,58,,,2,141,,4545,58,,,2,101,,4546,58,,,2,100,,4547,58,,,2,101,,4548,58,,,2,102,,4549,44,,,2,100,,4550,44,,,2,100,,4551,44,,,2,100,,4552,44,,,2,102,,4553,44,,,2
2301,'14',1636,,5979,3,,,2,1,,5978,3,0,14,2
2301,'71',1633,,4568,3,,,2
2301,'88',1633,,4602,3,,,2
3101,'71',618,,4611,43,0,8 1 14,2,31,,4613,43,0,8 1 14,2,79,,4610,69,0,8 1 14,2,24,,4612,69,0,8 1 14,2,95,,4614,69,0,8 1 14,2,56,,4618,43,0,8 1 14,2,54,,4619,69,0,8 1 14,2,85,,4615,69,0,8 1 14,2,87,,4616,69,0,8 1 14,2,96,,4617,69,0,8 1 14,2,87,,4620,69,0,8 1 14,2,45,,4621,69,0,8 1 14,2,86,,4622,69,0,8 1 14,2,88,,4623,69,0,8 1 14,2,86,,4624,69,0,8 1 14,2,42,,4627,69,0,8 1 14,2,56,,4625,69,0,8 1 14,2,35,,4628,69,0,8 1 14,2,65,,4631,69,0,8 1 14,2,26,,4629,69,0,8 1 14,2,76,,4626,69,0,8 1 14,2,28,,4630,69,0,8 1 14,2
3400,'1',622,,6032,36,,,2,116,,6033,38,,,2,79,,6031,36,,,2,795,,6037,36,,,2,102,,6034,38,,,2,26,,6035,38,,,2,92,,6036,38,,,2
3400,'71',622,,4634,36,,,2,116,,4635,38,,,2,77,,4636,36,,,2,715,,4637,27,,,2,82,,4638,36,,,2,89,,4639,38,,,2,40,,4640,38,,,2,89,,4641,38,,,2
3401,'14',1636,,6048,3,,,2
3401,'71',1634,,4647,3,0,14,2
3501,'1',558,,6049,32,,,2,98,,6050,34,,,2,84,,6051,34,,,2,96,,6052,34,,,2,83,,6053,34,,,2,39,,6054,34,,,2,85,,6055,34,,,2,85,,6056,34,,,2,86,,6057,34,,,2,45,,6058,34,,,2,85,,6059,34,,,2,85,,6060,34,,,2,85,,6061,34,,,2,100,,6062,34,,,2,44,,6064,34,,,2,80,,6065,34,,,2,82,,6066,34,,,2,82,,6067,34,,,2,34,,6063,34,,,2,78,,6068,34,,,2,26,,6069,34,,,2,71,,6070,34,,,2,27,,6071,34,,,2,78,,6072,34,,,2,30,,6073,34,,,2,68,,6074,34,,,2,25,,6075,34,,,2
3501,'2',720,,6076,34,,,2,30,,6077,34,,,2,70,,6078,34,,,2,30,,6079,34,,,2,72,,6080,34,,,2,33,,6081,34,,,2,88,,6082,34,,,2,85,,6083,34,,,2,87,,6084,34,,,2,87,,6085,34,,,2,49,,6086,34,,,2,85,,6088,34,,,2,86,,6089,34,,,2,85,,6090,34,,,2,45,,6091,34,,,2,81,,6092,34,,,2,83,,6087,34,,,2,39,,6093,34,,,2,78,,6094,34,,,2,85,,6095,34,,,2,30,,6096,34,,,2,68,,6097,34,,,2,28,,6098,34,,,2,70,,6099,34,,,2,30,,6100,34,,,2,68,,6101,34,,,2,25,,6102,34,,,2
3501,'3',850,,6103,34,,,2,72,,6104,34,,,2,33,,6105,34,,,2,88,,6106,34,,,2,85,,6107,34,,,2,87,,6108,34,,,2,87,,6109,34,,,2,49,,6110,34,,,2,85,,6111,34,,,2,86,,6112,34,,,2,85,,6114,34,,,2,45,,6115,34,,,2,81,,6116,34,,,2,83,,6117,34,,,2,39,,6118,34,,,2,78,,6119,34,,,2,85,,6113,34,,,2
3501,'71',601,,4652,32,,,2,56,,4653,34,,,2,71,,4654,34,,,2,110,,4658,34,,,2,79,,4655,34,,,2,40,,4656,34,,,2,97,,4659,34,,,2,102,,4660,34,,,2,98,,4657,34,,,2,101,,4662,34,,,2,102,,4661,34,,,2,153,,4663,34,,,2,33,,4664,34,,,2,76,,4665,34,,,2,34,,4666,34,,,2,104,,4667,34,,,2,90,,4670,34,,,2,92,,4671,34,,,2,98,,4672,34,,,2,108,,4668,34,,,2,93,,4669,34,,,2
3501,'72',712,,4673,34,,,2,100,,4674,34,,,2,101,,4675,34,,,2,100,,4676,34,,,2,100,,4677,34,,,2,101,,4678,34,,,2,106,,4679,34,,,2,102,,4680,34,,,2,101,,4681,34,,,2,100,,4682,34,,,2,92,,4683,34,,,2,97,,4684,34,,,2,95,,4685,34,,,2,110,,4686,34,,,2,98,,4687,34,,,2,98,,4688,34,,,2,98,,4689,34,,,2
3501,'73',913,,4690,34,,,2,100,,4691,34,,,2,100,,4692,34,,,2,101,,4693,34,,,2,106,,4694,34,,,2,102,,4695,34,,,2,101,,4696,34,,,2,100,,4697,34,,,2,92,,4698,34,,,2,97,,4699,34,,,2,95,,4700,34,,,2,103,,4701,34,,,2
3600,'1',630,,6120,32,,,2
3600,'13',905,,6121,32,,,2
3600,'71',629,,4702,32,,,2,179,,4703,32,,,2,50,,4705,32,,,2,166,,4706,32,,,2,100,,4707,32,,,2,100,,4708,32,,,2,102,,4704,32,,,2,99,,4709,32,,,2,100,,4710,32,,,2,300,,4711,32,,,2,98,,4714,32,,,2,92,,4715,32,,,2,96,,4716,32,,,2,104,,4712,32,,,2,98,,4713,32,,,2
3600,'72',742,,4717,32,,,2,101,,4718,32,,,2,100,,4719,32,,,2,100,,4720,32,,,2,101,,4721,32,,,2,107,,4722,32,,,2,101,,4723,32,,,2,101,,4724,32,,,2,101,,4725,32,,,2,98,,4726,32,,,2,93,,4727,32,,,2,93,,4728,32,,,2,97,,4729,32,,,2,113,,4730,32,,,2,96,,4731,32,,,2,99,,4732,32,,,2,92,,4733,32,,,2
3600,'73',843,,4734,32,,,2,100,,4735,32,,,2,100,,4736,32,,,2,101,,4737,32,,,2,107,,4738,32,,,2,101,,4739,32,,,2,101,,4740,32,,,2,101,,4741,32,,,2,98,,4742,32,,,2,93,,4743,32,,,2,93,,4744,32,,,2,97,,4745,32,,,2
3900,'71',658,,4838,27,0,14,2,69,,4840,27,0,14,2,79,,4839,27,0,14,2,52,,4837,27,0,14,2
20001,'1',602,,6248,8,0,14,2,24,,6249,8,0,14,2,816,,6250,8,,,2,74,,6251,8,,,2
20001,'2',633,,6252,8,,,2,19,,6253,8,0,14,2,51,,6254,8,,,2
20001,'71',603,,4888,13,0,14,2,22,,4889,13,0,14,2,9,,4890,13,0,14,2,13,,4891,13,0,14,2,800,,4892,13,,,2,72,,4893,13,,,2,81,,4894,13,0,14,2,254,,4895,13,0,14,2
20001,'72',626,,4896,13,,,2,20,,4897,13,0,14,2,58,,4898,13,,,2
5003601,'71',1626,,5045,44,,,2,84,,5043,44,,,2,24,,5044,44,,,2
1200000201,'14',1632,,7317,5,,,1
2000003101,'72',727,,5659,43,0,8 1 14,2,101,,5660,69,0,8 1 14,2,101,,5661,69,0,8 1 14,2,100,,5662,69,0,8 1 14,2,100,,5663,69,0,8 1 14,2,100,,5664,69,0,8 1 14,2,100,,5665,69,0,8 1 14,2,199,,5666,69,0,8 1 14,2,102,,5667,69,0,8 1 14,2,102,,5668,69,0,8 1 14,2,98,,5669,69,0,8 1 14,2
2000003101,'73',828,,5671,43,0,8 1 14,2,100,,5672,69,0,8 1 14,2,101,,5673,69,0,8 1 14,2,100,,5674,69,0,8 1 14,2,100,,5675,69,0,8 1 14,2,100,,5676,69,0,8 1 14,2,199,,5677,69,0,8 1 14,2,102,,5678,69,0,8 1 14,2,102,,5679,69,0,8 1 14,2,98,,5680,69,0,8 1 14,2
2000003400,'2',732,,7742,36,,,2,85,,7743,38,,,2,86,,7744,38,,,2,45,,7745,38,,,2,87,,7746,38,,,2,86,,7747,38,,,2,85,,7748,38,,,2,48,,7749,38,,,2,171,,7750,38,,,2,83,,7751,38,,,2,47,,7752,38,,,2,83,,7753,38,,,2,90,,7754,38,,,2,82,,7755,38,,,2,41,,7756,38,,,2
2000003400,'3',817,,7757,36,,,2,86,,7758,38,,,2,45,,7759,38,,,2,87,,7760,38,,,2,86,,7761,38,,,2,85,,7762,38,,,2,48,,7763,38,,,2,171,,7764,38,,,2,83,,7765,38,,,2,47,,7766,38,,,2,83,,7767,38,,,2,90,,7768,38,,,2,82,,7769,38,,,2,41,,7770,38,,,2
2000003400,'72',732,,5682,36,,,2,85,,5683,38,,,2,85,,5684,38,,,2,45,,5685,38,,,2,85,,5686,38,,,2,86,,5687,38,,,2,85,,5688,38,,,2,45,,5689,38,,,2,174,,5690,38,,,2,81,,5691,38,,,2,52,,5692,38,,,2,78,,5693,38,,,2,93,,5694,38,,,2,78,,5695,38,,,2,47,,5696,38,,,2
2000003400,'73',817,,5697,36,,,2,85,,5698,38,,,2,45,,5699,38,,,2,85,,5700,38,,,2,86,,5701,38,,,2,85,,5702,38,,,2,45,,5703,38,,,2,174,,5704,38,,,2,81,,5705,38,,,2,52,,5706,38,,,2,78,,5707,38,,,2,93,,5708,38,,,2,78,,5709,38,,,2,47,,5710,38,,,2
