1100,'1',611,,5753,10,,,1,25,,5748,82,,,1,75,,5754,82,,,1,30,,5749,82,,,1,74,,5755,82,,,1,30,,5750,82,,,1,58,,5751,82,,,1,29,,5756,82,,,1,74,,5752,82,,,1,30,,5757,82,,,1,75,,5758,82,,,1,30,,5761,82,,,1,73,,5759,82,,,1,30,,5762,82,,,1,77,,5760,82,,,1,30,,5763,82,,,1,88,,5764,82,,,1,71,,5766,82,,,1,36,,5765,82,,,1,72,,5767,82,,,1,41,,5770,82,,,1,62,,5768,82,,,1,22,,5772,82,,,1,66,,5771,82,,,1,34,,5773,82,,,1,68,,5769,82,,,1,30,,5774,82,,,1,100,,5775,82,,,1,100,,5776,82,,,1,99,,5777,82,,,1,100,,5778,82,,,1
1100,'2',741,,5779,82,,,1,102,,5780,82,,,1,99,,5781,82,,,1,102,,5782,82,,,1,100,,5783,82,,,1,100,,5784,82,,,1,101,,5785,82,,,1,99,,5786,82,,,1,100,,5787,82,,,1,100,,5788,82,,,1,99,,5789,82,,,1,99,,5790,82,,,1,98,,5792,82,,,1,100,,5793,82,,,1,100,,5791,82,,,1,100,,5795,82,,,1,100,,5794,82,,,1
1100,'3',942,,5796,82,,,1,102,,5797,82,,,1,100,,5798,82,,,1,100,,5799,82,,,1,101,,5800,82,,,1,99,,5801,82,,,1,100,,5802,82,,,1,100,,5803,82,,,1,99,,5804,82,,,1,99,,5805,82,,,1
1100,'71',611,,4342,10,,,1,25,,4339,82,,,1,75,,4343,82,,,1,30,,4340,82,,,1,74,,4344,82,,,1,30,,4341,82,,,1,58,,4345,82,,,1,29,,4350,82,,,1,74,,4346,82,,,1,30,,4351,82,,,1,75,,4347,82,,,1,30,,4352,82,,,1,73,,4348,82,,,1,30,,4353,82,,,1,77,,4349,82,,,1,30,,4354,82,,,1,88,,4358,82,,,1,71,,4355,82,,,1,36,,4359,82,,,1,72,,4356,82,,,1,41,,4360,83,,,1,62,,4357,82,,,1,22,,4363,82,,,1,66,,4361,82,,,1,34,,4364,82,,,1,68,,4362,82,,,1,30,,4365,82,,,1,100,,4366,82,,,1,100,,4367,82,,,1,99,,4368,82,,,1,100,,4369,82,,,1
1100,'72',741,,4370,82,,,1,102,,4371,82,,,1,99,,4372,82,,,1,102,,4373,82,,,1,100,,4374,82,,,1,100,,4375,82,,,1,101,,4376,82,,,1,99,,4377,82,,,1,100,,4378,82,,,1,100,,4379,82,,,1,99,,4380,82,,,1,99,,4381,82,,,1,98,,4384,82,,,1,100,,4382,82,,,1,100,,4383,82,,,1,100,,4386,82,,,1,100,,4385,82,,,1
1100,'73',942,,4387,82,,,1,102,,4388,82,,,1,100,,4389,82,,,1,100,,4390,82,,,1,101,,4391,82,,,1,99,,4392,82,,,1,100,,4393,82,,,1,100,,4394,82,,,1,99,,4395,82,,,1,99,,4396,82,,,1
1500,'1',610,,5823,37,,,2,29,,5825,37,,,2,69,,5827,37,,,2,30,,5826,40,,,2,71,,5829,40,,,2,41,,5828,40,0,10 11,2,109,,5824,37,0,12 13,2,100,,5830,37,0,12 13,2,100,,5831,37,0,12 13,2,143,,5832,36,0,12 13,2
1500,'16',849,,5833,25,0,10 11,2
1500,'71',610,,4416,38,,,2,29,,4417,38,,,2,69,,4421,38,,,2,32,,4420,37,,,2,69,,4418,37,,,2,41,,4422,38,0,10 11,2,151,,4419,37,0,12 13,2,115,,4423,37,0,12 13,2,116,,4424,37,0,12 13,2,70,,4425,37,0,12 13,2,117,,4427,37,0,12 13,2,116,,4428,37,,,2,20,,4429,6,,,2,77,,4426,37,,,2,77,,4431,38,,,2,27,,4430,37,,,2,100,,4432,37,0,12 13,2,111,,4433,37,0,12 13,2,103,,4434,37,0,12 13,2
1500,'87',849,,4435,27,0,10 11,2
1600,'1',1358,,5848,21,0,12 13,2,96,,5849,21,0,12 13,2,76,,5851,21,,,2,25,,5854,6,,,2,75,,5850,24,,,2,80,,5852,24,,,2,25,,5855,24,,,2,99,,5853,24,0,12 13,2,102,,5856,21,0,12 13,2,110,,5857,21,0,12 13,2
13500,'12',835,,6234,13,,,2
13500,'82',835,,4866,13,,,2
15500,'12',836,,6239,22,,,2
15500,'82',836,,4874,22,,,2
15600,'12',834,,6240,23,,,2
15600,'82',834,,4875,23,,,2
1200000101,'1',1529,,7148,26,,,1,71,,7149,26,,,1,30,,7150,26,,,1,73,,7151,26,,,1
1200000101,'71',1529,,5070,26,,,1,71,,5071,26,,,1,30,,5069,26,,,1,75,,5072,26,,,1
2000001500,'2',754,,7667,37,,,2,101,,7668,36,,,2,100,,7669,36,,,2,94,,7670,36,,,2,109,,7671,36,,,2,101,,7672,36,,,2,241,,7673,37,,,2,101,,7674,36,,,2,55,,7675,36,,,2,145,,7676,36,,,2,53,,7677,36,,,2
2000001500,'3',855,,7678,37,,,2,100,,7679,36,,,2,94,,7680,36,,,2,109,,7681,36,,,2,101,,7682,36,,,2,241,,7683,37,,,2,101,,7684,36,,,2,55,,7685,36,,,2,145,,7686,36,,,2,53,,7687,36,,,2
2000001500,'72',747,,5607,38,,,2,102,,5608,37,,,2,103,,5609,37,,,2,100,,5610,37,,,2,102,,5611,37,,,2,100,,5612,37,,,2,190,,5613,38,,,2,99,,5614,37,,,2,95,,5615,37,,,2,107,,5616,37,,,2,98,,5617,37,,,2
2000001500,'73',849,,5618,38,,,2,103,,5619,37,,,2,100,,5620,37,,,2,102,,5621,37,,,2,100,,5622,37,,,2,190,,5623,38,,,2,99,,5624,37,,,2,95,,5625,37,,,2,107,,5626,37,,,2,98,,5627,37,,,2
