13101,'85',1526,,4865,23,,,2
13800,'12',830,,6237,9,,,2
13800,'82',830,,4870,9,,,2
34500,'12',828,,6305,36,,,2
34500,'82',828,,4949,36,,,2
35500,'12',832,,6308,57,,,2
35500,'82',832,,4955,49,,,2
1200000100,'1',645,,7141,64,,,1,71,,7142,64,,,1,22,,7143,64,,,1,69,,7146,64,0,16 1 17,1,29,,7144,64,,,1
1200000100,'71',643,,5061,64,,,1,70,,5062,64,,,1,22,,5063,64,,,1,69,,5066,64,0,16 1 17,1,29,,5064,64,,,1
1200000201,'1',621,,7262,19,,,1,80,,7265,31,,,1,15,,7264,31,,,1,20,,7269,31,,,1,21,,7271,31,,,1,60,,7273,31,,,1,20,,7276,31,,,1,15,,7277,31,,,1,56,,7263,31,,,1,13,,7280,31,,,1,14,,7268,31,,,1,11,,7266,31,,,1,12,,7275,31,,,1,52,,7281,31,,,1,14,,7278,31,,,1,17,,7282,31,,,1,70,,7284,31,,,1,29,,7286,31,,,1,70,,7267,31,,,1,33,,7287,31,,,1,69,,7283,31,,,1,30,,7285,31,,,1,71,,7289,31,,,1,31,,7290,31,,,1,70,,7288,31,,,1,39,,7292,31,,,1,67,,7294,31,,,1,18,,7297,31,,,1,17,,7295,31,,,1,57,,7296,31,,,1,12,,7293,31,,,1,10,,7298,31,,,1,12,,7299,31,,,1,54,,7301,31,,,1,13,,7291,31,,,1,9,,7304,31,,,1,13,,7305,31,,,1,13,,7308,31,,,1,52,,7309,31,,,1,13,,7303,31,,,1,24,,7302,31,,,1,66,,7300,31,,,1,19,,7310,31,,,1,29,,7311,31,,,1,72,,7306,31,,,1,35,,7313,31,,,1,68,,7315,31,,,1,31,,7312,31,,,1,67,,7307,31,,,1,31,,7314,31,,,1,86,,7316,31,,,1
1200000201,'14',1657,,7317,25,,,1
1200000201,'2',652,,7321,19,,,1,79,,7318,31,,,1,70,,7326,31,,,1,31,,7324,31,,,1,72,,7322,31,,,1,31,,7328,31,,,1,71,,7319,31,,,1,31,,7327,31,,,1,72,,7325,31,,,1,32,,7330,31,,,1,70,,7329,31,,,1,31,,7320,31,,,1,72,,7332,31,,,1,31,,7334,31,,,1,70,,7331,31,,,1,30,,7336,31,,,1,71,,7337,31,,,1,30,,7333,31,,,1,69,,7335,31,,,1,31,,7339,31,,,1,72,,7341,31,,,1,28,,7338,31,,,1,66,,7343,31,,,1,29,,7344,31,,,1,65,,7340,31,,,1,25,,7342,31,,,1,27,,7348,31,,,1,69,,7347,31,,,1,31,,7345,31,,,1,67,,7349,31,,,1,28,,7351,31,,,1,70,,7350,31,,,1,30,,7353,31,,,1,70,,7346,31,,,1,29,,7352,31,,,1,89,,7354,31,,,1
1200000201,'27',2238,,7355,24,,,1,70,,7358,24,,,1,29,,7356,24,,,1,83,,7359,24,,,1,28,,7361,24,,,1,70,,7357,24,,,1,30,,7360,24,,,1
1200000201,'28',2237,,7362,24,,,1,70,,7365,24,,,1,30,,7363,24,,,1,83,,7366,24,,,1,28,,7368,24,,,1,70,,7364,24,,,1,30,,7367,24,,,1
1200000201,'29',2237,,7369,24,,,1,70,,7372,24,,,1,30,,7370,24,,,1,83,,7373,24,,,1,28,,7375,24,,,1,70,,7371,24,,,1,30,,7374,24,,,1
1200000201,'3',832,,7377,31,,,1,72,,7379,31,,,1,31,,7381,31,,,1,70,,7383,31,,,1,32,,7384,31,,,1,72,,7388,31,,,1,32,,7386,31,,,1,70,,7390,31,,,1,31,,7387,31,,,1,72,,7385,31,,,1,31,,7389,31,,,1,70,,7392,31,,,1,30,,7391,31,,,1,71,,7393,31,,,1,30,,7395,31,,,1,69,,7397,31,,,1,31,,7400,31,,,1,72,,7402,31,,,1,28,,7394,31,,,1,66,,7396,31,,,1,29,,7398,31,,,1,65,,7401,31,,,1,25,,7403,31,,,1,27,,7405,31,,,1,69,,7404,31,,,1,31,,7399,31,,,1,67,,7406,31,,,1
1200000201,'71',621,,5201,19,,,1,35,,5205,31,,,1,56,,5204,31,,,1,20,,5208,31,,,1,10,,5214,31,,,1,14,,5203,31,,,1,54,,5213,31,,,1,19,,5207,31,,,1,17,,5218,31,,,1,55,,5202,31,,,1,14,,5221,31,,,1,14,,5206,31,,,1,12,,5223,31,,,1,12,,5216,31,,,1,52,,5224,31,,,1,15,,5209,31,,,1,12,,5225,31,,,1,17,,5217,31,,,1,58,,5219,31,,,1,14,,5226,31,,,1,15,,5222,31,,,1,15,,5228,31,,,1,55,,5229,31,,,1,15,,5230,31,,,1,18,,5232,31,,,1,15,,5233,31,,,1,55,,5235,31,,,1,14,,5236,31,,,1,15,,5237,31,,,1,16,,5227,31,,,1,55,,5239,31,,,1,15,,5240,31,,,1,16,,5241,31,,,1,14,,5231,31,,,1,56,,5238,31,,,1,18,,5234,31,,,1,27,,5242,31,,,1,60,,5243,31,,,1,18,,5244,31,,,1,15,,5245,31,,,1,6,,5253,19,,,1,54,,5246,31,,,1,9,,5247,31,,,1,11,,5249,31,,,1,11,,5251,31,,,1,15,,5254,31,,,1,53,,5255,31,,,1,9,,5256,31,,,1,13,,5259,31,,,1,17,,5260,31,,,1,9,,5257,31,,,1,52,,5258,31,,,1,13,,5250,31,,,1,12,,5248,31,,,1,14,,5261,31,,,1,54,,5252,31,,,1,20,,5262,31,,,1,30,,5263,31,,,1,72,,5265,31,,,1,35,,5267,31,,,1,68,,5269,31,,,1,31,,5264,31,,,1,67,,5266,31,,,1,31,,5268,31,,,1,86,,5270,31,,,1
1200000201,'72',716,,5272,31,,,1,31,,5271,31,,,1,70,,5273,31,,,1,32,,5279,31,,,1,70,,5284,31,,,1,32,,5277,31,,,1,72,,5276,31,,,1,29,,5282,31,,,1,70,,5283,31,,,1,31,,5285,31,,,1,69,,5274,31,,,1,31,,5280,31,,,1,70,,5278,31,,,1,30,,5286,31,,,1,72,,5287,31,,,1,29,,5289,31,,,1,73,,5288,31,,,1,29,,5291,31,,,1,69,,5292,31,,,1,33,,5293,31,,,1,71,,5294,31,,,1,27,,5295,31,,,1,68,,5290,31,,,1,30,,5297,31,,,1,65,,5296,31,,,1,39,,5300,31,,,1,69,,5302,31,,,1,31,,5298,31,,,1,67,,5304,31,,,1,28,,5305,31,,,1,70,,5301,31,,,1,30,,5303,31,,,1,69,,5299,31,,,1,29,,5306,31,,,1,90,,5307,31,,,1
1200000201,'73',817,,5308,31,,,1,32,,5311,31,,,1,70,,5315,31,,,1,32,,5318,31,,,1,72,,5310,31,,,1,29,,5314,31,,,1,70,,5317,31,,,1,31,,5320,31,,,1,69,,5321,31,,,1,31,,5312,31,,,1,70,,5322,31,,,1,30,,5324,31,,,1,72,,5323,31,,,1,29,,5326,31,,,1,73,,5325,31,,,1,29,,5328,31,,,1,69,,5329,31,,,1,33,,5330,31,,,1,71,,5331,31,,,1,27,,5333,31,,,1,68,,5327,31,,,1,30,,5336,31,,,1,65,,5334,31,,,1,39,,5338,31,,,1,69,,5332,31,,,1,31,,5337,31,,,1,67,,5335,31,,,1
1200000201,'81',705,,5339,19,,,1,15,,5340,19,,,1,820,,5341,31,,,1
1200000201,'89',1623,,5345,31,,,1,15,,5346,31,,,1
1200000401,'1',1718,,7635,31,,,1,21,,7633,31,,,1
1200000401,'71',1711,,5572,31,,,1,25,,5571,31,,,1,22,,5575,31,,,1
