2200,'1',557,,5864,7,,,2,67,,5873,45,,,2,22,,5865,7,,,2,70,,5877,7,,,2,26,,5879,45,,,2,83,,5878,7,,,2,89,,5874,7,,,2,109,,5866,7,,,2,100,,5867,7,,,2,100,,5868,7,,,2,100,,5870,7,,,2,102,,5871,7,,,2
2200,'71',557,,4456,7,,,2,67,,4471,45,,,2,22,,4457,7,,,2,70,,4472,7,,,2,26,,4474,45,,,2,83,,4473,7,0,14 1 15,2,89,,4458,7,,,2,35,,4460,7,,,2,72,,4459,7,,,2,32,,4461,7,,,2,70,,4465,7,,,2,30,,4462,7,,,2,71,,4466,7,,,2,30,,4463,7,,,2,70,,4475,7,,,2,30,,4464,7,,,2,69,,4476,7,,,2,34,,4469,7,,,2
2201,'1',1527,,5900,37,,,2,80,,5891,37,,,2,96,,5888,37,,,2,30,,5895,37,,,2,70,,5889,37,,,2,29,,5896,37,,,2,27,,5901,37,,,2,64,,5897,37,,,2
2201,'14',1703,,5903,41,,,2
2201,'71',1527,,4491,39,,,2,25,,4493,39,,,2,55,,4500,39,,,2,51,,4501,43,,,2,71,,4502,39,,,2,74,,4492,39,,,2,31,,4503,39,,,2,25,,4505,39,,,2,64,,4504,39,,,2
2201,'88',1658,,4506,43,,,2
22100,'15',705,,6288,7,,,2
22100,'84',705,,4923,7,,,2
22101,'85',1542,,4924,35,,,2
22500,'12',813,,6290,21,,,2
22500,'82',813,,4927,21,,,2
22501,'83',1651,,4928,13,,,2
22900,'13',841,,6291,7,,,2
22900,'87',841,,4929,7,,,2
22901,'14',1640,,6292,14,,,2
22901,'88',1640,,4930,14,,,2
