3101,'1',623,,6013,2,0,8 1 32,2,32,,6011,2,0,8 1 32,2,104,,6015,2,0,8 1 32,2,145,,6016,2,0,8 1 32,2,99,,6017,2,0,8 1 32,2,100,,6018,2,0,8 1 32,2,106,,6019,2,0,8 1 32,2,102,,6020,2,0,8 1 32,2,101,,6021,2,0,8 1 32,2,99,,6022,2,0,8 1 32,2,97,,6023,2,0,8 1 32,2,31,,6026,2,0,8 1 32,2,72,,6027,2,0,8 1 32,2,31,,6024,2,0,8 1 32,2,73,,6028,2,0,8 1 32,2,24,,6025,2,0,8 1 32,2,76,,6029,2,0,8 1 32,2,290,,6030,2,0,8,2
3701,'1',614,,6123,2,0,9,2,103,,6124,2,,,2,105,,6125,2,0,9,2,104,,6126,2,0,9,2,97,,6127,2,0,9,2,102,,6128,2,0,9,2,115,,6129,2,0,9,2,102,,6130,2,0,9,2,102,,6131,2,0,9,2,113,,6132,2,0,9,2,183,,6133,2,0,9,2,72,,6134,2,0,9,2,101,,6135,2,0,9,2,96,,6136,2,0,9,2,96,,6137,2,0,9,2,100,,6138,2,0,9,2,100,,6139,2,0,9,2,28,,6140,2,0,9,2
3701,'2',649,,6141,2,0,9,2,100,,6142,2,0,9,2,102,,6143,2,0,9,2,102,,6144,2,0,9,2,102,,6145,2,0,9,2,156,,6146,2,0,9,2,103,,6147,2,0,9,2,100,,6148,2,0,9,2,101,,6149,2,0,9,2,100,,6150,2,0,9,2,101,,6151,2,0,9,2,95,,6152,2,0,9,2,97,,6153,2,0,9,2,96,,6154,2,0,9,2,100,,6155,2,0,9,2,101,,6156,2,0,9,2,98,,6157,2,0,9,2,28,,6158,2,0,9,2
3701,'3',749,,6159,2,0,9,2,102,,6160,2,0,9,2,102,,6161,2,0,9,2,102,,6162,2,0,9,2,156,,6163,2,0,9,2,103,,6164,2,0,9,2,100,,6165,2,0,9,2,101,,6166,2,0,9,2,100,,6167,2,0,9,2,101,,6168,2,0,9,2,95,,6169,2,0,9,2,97,,6170,2,0,9,2
3701,'71',717,,4749,2,,,2,105,,4748,2,0,9,2,102,,4747,2,0,9,2,98,,4750,2,0,9,2,102,,4751,2,0,9,2,113,,4752,2,0,9,2,102,,4753,2,0,9,2,102,,4754,2,0,9,2,115,,4755,2,0,9,2,153,,4756,2,0,9,2,100,,4757,2,0,9,2,101,,4758,2,0,9,2,97,,4759,2,0,9,2,97,,4760,2,0,9,2,101,,4761,2,0,9,2,102,,4762,2,0,9,2,28,,4763,2,0,9,2
3701,'72',653,,4764,2,0,9,2,100,,4765,2,0,9,2,102,,4766,2,0,9,2,100,,4767,2,0,9,2,100,,4768,2,0,9,2,152,,4769,2,0,9,2,100,,4770,2,0,9,2,100,,4771,2,0,9,2,102,,4772,2,0,9,2,100,,4773,2,0,9,2,98,,4774,2,0,9,2,100,,4775,2,0,9,2,100,,4776,2,0,9,2,97,,4779,2,0,9,2,100,,4780,2,0,9,2,101,,4781,2,0,9,2,98,,4777,2,0,9,2,28,,4778,2,0,9,2
3701,'73',753,,4782,2,0,9,2,102,,4783,2,0,9,2,100,,4784,2,0,9,2,100,,4785,2,0,9,2,152,,4786,2,0,9,2,100,,4787,2,0,9,2,100,,4788,2,0,9,2,102,,4789,2,0,9,2,100,,4790,2,0,9,2,98,,4791,2,0,9,2,100,,4792,2,0,9,2,109,,4793,2,0,9,2
3800,'1',749,,6171,2,,,2,104,,6172,2,,,2,99,,6173,2,,,2,102,,6174,2,,,2,155,,6175,2,,,2,102,,6176,2,,,2,102,,6177,2,,,2,104,,6178,2,,,2,120,,6179,2,,,2,74,,6180,2,,,2,134,,6181,2,,,2,96,,6182,2,,,2,96,,6183,2,,,2,100,,6184,2,,,2,98,,6185,2,,,2
3800,'2',719,,6186,2,,,2,101,,6187,2,,,2,103,,6188,2,,,2,101,,6189,2,,,2,102,,6190,2,,,2,116,,6191,2,,,2,102,,6192,2,,,2,101,,6193,2,,,2,100,,6194,2,,,2,102,,6195,2,,,2,99,,6196,2,,,2,94,,6197,2,,,2,96,,6198,2,,,2,100,,6199,2,,,2,97,,6200,2,,,2,101,,6201,2,,,2
3800,'3',820,,6202,2,,,2,103,,6203,2,,,2,101,,6204,2,,,2,102,,6205,2,,,2,116,,6206,2,,,2,102,,6207,2,,,2,101,,6208,2,,,2,100,,6209,2,,,2,102,,6210,2,,,2,99,,6211,2,,,2,94,,6212,2,,,2,96,,6213,2,,,2
3800,'71',747,,4794,2,,,2,106,,4795,2,,,2,98,,4796,2,,,2,102,,4797,2,,,2,153,,4798,2,,,2,102,,4799,2,,,2,102,,4800,2,,,2,107,,4801,9,,,2,117,,4802,2,,,2,96,,4803,2,,,2,112,,4804,2,,,2,97,,4805,2,,,2,96,,4806,2,,,2,101,,4807,2,,,2,99,,4808,2,,,2
3800,'72',723,,4809,2,,,2,100,,4810,2,,,2,102,,4811,2,,,2,100,,4812,2,,,2,101,,4813,2,,,2,111,,4814,2,,,2,100,,4815,2,,,2,102,,4816,2,,,2,100,,4817,2,,,2,100,,4818,2,,,2,98,,4819,2,,,2,100,,4820,2,,,2,98,,4822,2,,,2,99,,4823,2,,,2,99,,4824,2,,,2,100,,4821,2,,,2
3800,'73',823,,4825,2,,,2,102,,4826,2,,,2,100,,4827,2,,,2,101,,4828,2,,,2,111,,4829,2,,,2,100,,4830,2,,,2,102,,4831,2,,,2,100,,4832,2,,,2,100,,4833,2,,,2,98,,4834,2,,,2,100,,4835,2,,,2,107,,4836,2,,,2
3901,'1',1623,,6219,2,0,9,2,88,,6217,2,0,9,2,47,,6218,2,0,9,2
24101,'85',1513,,4938,9,,,2
24201,'85',1513,,4940,9,,,2
31101,'85',1517,,4946,9,,,2
38101,'85',1517,,4966,9,,,2
5003700,'1',624,,6395,2,,,2,76,,6394,2,,,2
5003700,'71',603,,5046,2,,,2,23,,5047,2,,,2,74,,5048,2,,,2
5003701,'1',1722,,6396,22,,,2
5003701,'71',1614,,5050,22,,,2,108,,5049,22,,,2
5003701,'81',1835,,5051,22,,,2
5003801,'1',1657,,6398,22,,,2,90,,6397,22,,,2
5003801,'71',1656,,5053,22,,,2,90,,5052,22,,,2
2000003101,'2',732,,7720,2,0,8 1 32,2,101,,7721,2,0,8 1 32,2,101,,7722,2,0,8 1 32,2,101,,7723,2,0,8 1 32,2,101,,7724,2,0,8 1 32,2,101,,7725,2,0,8 1 32,2,215,,7726,2,0,8 1 32,2,101,,7727,2,0,8 1 32,2,101,,7728,2,0,8 1 32,2,96,,7729,2,0,8 1 32,2,90,,7730,2,0,8,2
2000003101,'3',833,,7732,2,0,8 1 32,2,101,,7733,2,0,8 1 32,2,101,,7734,2,0,8 1 32,2,101,,7735,2,0,8 1 32,2,101,,7736,2,0,8 1 32,2,215,,7737,2,0,8 1 32,2,101,,7738,2,0,8 1 32,2,101,,7739,2,0,8 1 32,2,96,,7740,2,0,8 1 32,2,90,,7741,2,0,8,2
