1500,'1',617,,5823,47,,,2,30,,5825,47,,,2,70,,5827,47,,,2,30,,5826,50,,,2,71,,5829,50,,,2
1500,'71',617,,4416,48,,,2,30,,4417,48,,,2,70,,4421,48,,,2,32,,4420,47,,,2,69,,4418,47,,,2,727,,4428,47,,,2,62,,4429,16,,,2,35,,4426,47,,,2,77,,4431,48,,,2,27,,4430,47,,,2
1600,'1',1539,,5851,31,,,2,68,,5854,16,,,2,33,,5850,34,,,2,78,,5852,34,,,2,25,,5855,34,,,2
11101,'85',1532,,4851,30,,,2
11500,'12',840,,6227,24,,,2
11500,'82',840,,4852,24,,,2
12500,'12',840,,6229,21,,,2
12500,'82',840,,4856,21,,,2
12600,'12',845,,6230,15,,,2
12600,'82',845,,4858,15,,,2
12700,'12',846,,6231,12,,,2
12700,'82',846,,4860,12,,,2
