22100,'15',735,,6288,35,,,2
22100,'84',735,,4923,35,,,2
22200,'15',735,,6289,31,,,2
22200,'84',735,,4925,31,,,2
23100,'15',742,,6293,68,,,2
23100,'84',742,,4931,68,,,2
23200,'84',733,,4933,27,,,2
35500,'82',823,,4955,37,,,2
5003701,'1',1720,,6396,19,,,2
5003701,'71',1611,,5050,19,,,2,108,,5049,19,,,2
5003701,'81',1832,,5051,19,,,2
5003801,'1',1655,,6398,19,,,2,90,,6397,19,,,2
5003801,'71',1654,,5053,19,,,2,90,,5052,19,,,2
1200000100,'1',634,,7141,52,,,1,70,,7142,52,,,1,21,,7143,52,,,1,30,,7146,52,0,16 1 17,1,70,,7144,52,,,1
1200000100,'71',633,,5061,52,,,1,70,,5062,52,,,1,21,,5063,52,,,1,30,,5066,52,0,16 1 17,1,70,,5064,52,,,1
1200000201,'1',611,,7262,7,,,1,37,,7265,19,,,1,55,,7264,19,,,1,20,,7269,19,,,1,23,,7271,19,,,1,60,,7273,19,,,1,20,,7276,19,,,1,15,,7277,19,,,1,16,,7263,19,,,1,54,,7280,19,,,1,14,,7268,19,,,1,11,,7266,19,,,1,12,,7275,19,,,1,52,,7281,19,,,1,14,,7278,19,,,1,17,,7282,19,,,1,70,,7284,19,,,1,29,,7286,19,,,1,70,,7267,19,,,1,32,,7287,19,,,1,70,,7283,19,,,1,30,,7285,19,,,1,71,,7289,19,,,1,30,,7290,19,,,1,69,,7288,19,,,1,38,,7292,19,,,1,67,,7294,19,,,1,18,,7297,19,,,1,17,,7295,19,,,1,17,,7296,19,,,1,52,,7293,19,,,1,11,,7298,19,,,1,13,,7299,19,,,1,14,,7301,19,,,1,54,,7291,19,,,1,9,,7304,19,,,1,13,,7305,19,,,1,13,,7308,19,,,1,12,,7309,19,,,1,53,,7303,19,,,1,24,,7302,19,,,1,26,,7300,19,,,1,59,,7310,19,,,1,30,,7311,19,,,1,72,,7306,19,,,1,35,,7313,19,,,1,68,,7315,19,,,1,31,,7312,19,,,1,67,,7307,19,,,1,31,,7314,19,,,1,86,,7316,19,,,1
1200000201,'14',1643,,7317,13,,,1
1200000201,'2',642,,7321,7,,,1,79,,7318,19,,,1,30,,7326,19,,,1,71,,7324,19,,,1,31,,7322,19,,,1,71,,7328,19,,,1,31,,7319,19,,,1,71,,7327,19,,,1,31,,7325,19,,,1,72,,7330,19,,,1,30,,7329,19,,,1,71,,7320,19,,,1,72,,7332,19,,,1,31,,7334,19,,,1,70,,7331,19,,,1,30,,7336,19,,,1,71,,7337,19,,,1,30,,7333,19,,,1,69,,7335,19,,,1,31,,7339,19,,,1,72,,7341,19,,,1,29,,7338,19,,,1,67,,7343,19,,,1,29,,7344,19,,,1,25,,7340,19,,,1,65,,7342,19,,,1,28,,7348,19,,,1,69,,7347,19,,,1,31,,7345,19,,,1,67,,7349,19,,,1,28,,7351,19,,,1,70,,7350,19,,,1,30,,7353,19,,,1,70,,7346,19,,,1,29,,7352,19,,,1,89,,7354,19,,,1
1200000201,'27',2229,,7355,12,,,1,30,,7358,12,,,1,69,,7356,12,,,1,83,,7359,12,,,1,28,,7361,12,,,1,70,,7357,12,,,1,30,,7360,12,,,1
1200000201,'28',2228,,7362,12,,,1,30,,7365,12,,,1,70,,7363,12,,,1,83,,7366,12,,,1,28,,7368,12,,,1,70,,7364,12,,,1,30,,7367,12,,,1
1200000201,'29',2228,,7369,12,,,1,30,,7372,12,,,1,70,,7370,12,,,1,83,,7373,12,,,1,28,,7375,12,,,1,70,,7371,12,,,1,30,,7374,12,,,1
1200000201,'3',822,,7377,19,,,1,31,,7379,19,,,1,71,,7381,19,,,1,31,,7383,19,,,1,71,,7384,19,,,1,31,,7388,19,,,1,72,,7386,19,,,1,30,,7390,19,,,1,71,,7387,19,,,1,72,,7385,19,,,1,31,,7389,19,,,1,70,,7392,19,,,1,30,,7391,19,,,1,71,,7393,19,,,1,30,,7395,19,,,1,69,,7397,19,,,1,31,,7400,19,,,1,72,,7402,19,,,1,29,,7394,19,,,1,67,,7396,19,,,1,29,,7398,19,,,1,25,,7401,19,,,1,65,,7403,19,,,1,28,,7405,19,,,1,69,,7404,19,,,1,31,,7399,19,,,1,67,,7406,19,,,1
1200000201,'71',611,,5201,7,,,1,35,,5205,19,,,1,55,,5204,19,,,1,20,,5208,19,,,1,10,,5214,19,,,1,15,,5203,19,,,1,55,,5213,19,,,1,19,,5207,19,,,1,17,,5218,19,,,1,15,,5202,19,,,1,54,,5221,19,,,1,14,,5206,19,,,1,12,,5223,19,,,1,12,,5216,19,,,1,12,,5224,19,,,1,55,,5209,19,,,1,12,,5225,19,,,1,17,,5217,19,,,1,18,,5219,19,,,1,54,,5226,19,,,1,15,,5222,19,,,1,15,,5228,19,,,1,15,,5229,19,,,1,55,,5230,19,,,1,17,,5232,19,,,1,15,,5233,19,,,1,15,,5235,19,,,1,55,,5236,19,,,1,15,,5237,19,,,1,16,,5227,19,,,1,55,,5239,19,,,1,15,,5240,19,,,1,15,,5241,19,,,1,14,,5231,19,,,1,15,,5238,19,,,1,58,,5234,19,,,1,27,,5242,19,,,1,60,,5243,19,,,1,18,,5244,19,,,1,15,,5245,19,,,1,6,,5253,7,,,1,14,,5246,19,,,1,49,,5247,19,,,1,12,,5249,19,,,1,12,,5251,19,,,1,15,,5254,19,,,1,13,,5255,19,,,1,49,,5256,19,,,1,13,,5259,19,,,1,17,,5260,19,,,1,9,,5257,19,,,1,12,,5258,19,,,1,53,,5250,19,,,1,12,,5248,19,,,1,14,,5261,19,,,1,14,,5252,19,,,1,60,,5262,19,,,1,30,,5263,19,,,1,72,,5265,19,,,1,35,,5267,19,,,1,68,,5269,19,,,1,31,,5264,19,,,1,67,,5266,19,,,1,31,,5268,19,,,1,86,,5270,19,,,1
1200000201,'72',707,,5272,19,,,1,31,,5271,19,,,1,70,,5273,19,,,1,32,,5279,19,,,1,70,,5284,19,,,1,32,,5277,19,,,1,72,,5276,19,,,1,29,,5282,19,,,1,70,,5283,19,,,1,31,,5285,19,,,1,69,,5274,19,,,1,31,,5280,19,,,1,70,,5278,19,,,1,30,,5286,19,,,1,72,,5287,19,,,1,29,,5289,19,,,1,73,,5288,19,,,1,29,,5291,19,,,1,69,,5292,19,,,1,33,,5293,19,,,1,71,,5294,19,,,1,27,,5295,19,,,1,68,,5290,19,,,1,30,,5297,19,,,1,65,,5296,19,,,1,39,,5300,19,,,1,69,,5302,19,,,1,31,,5298,19,,,1,67,,5304,19,,,1,28,,5305,19,,,1,70,,5301,19,,,1,30,,5303,19,,,1,69,,5299,19,,,1,29,,5306,19,,,1,90,,5307,19,,,1
1200000201,'73',808,,5308,19,,,1,32,,5311,19,,,1,70,,5315,19,,,1,32,,5318,19,,,1,72,,5310,19,,,1,29,,5314,19,,,1,70,,5317,19,,,1,31,,5320,19,,,1,69,,5321,19,,,1,31,,5312,19,,,1,70,,5322,19,,,1,30,,5324,19,,,1,72,,5323,19,,,1,29,,5326,19,,,1,73,,5325,19,,,1,29,,5328,19,,,1,69,,5329,19,,,1,33,,5330,19,,,1,71,,5331,19,,,1,27,,5333,19,,,1,68,,5327,19,,,1,30,,5336,19,,,1,65,,5334,19,,,1,39,,5338,19,,,1,69,,5332,19,,,1,31,,5337,19,,,1,67,,5335,19,,,1
1200000201,'81',654,,5339,7,,,1,55,,5340,7,,,1,820,,5341,19,,,1
1200000201,'89',1612,,5345,19,,,1,15,,5346,19,,,1
1200000401,'1',1705,,7635,19,,,1,23,,7633,19,,,1
1200000401,'71',1700,,5572,19,,,1,27,,5571,19,,,1,22,,5575,19,,,1
