11101,'85',1532,,4851,29,,,2
11501,'83',1617,,4853,12,,,2
12501,'83',1612,,4857,12,,,2
12601,'83',1620,,4859,12,,,2
12701,'83',1611,,4861,12,,,2
1001101,'1',609,,6326,30,,,1,33,,6323,30,,,1,71,,6327,30,,,1,33,,6324,30,,,1,64,,6320,30,,,1,41,,6325,30,,,1,82,,6328,30,,,1,70,,6329,30,,,1,35,,6333,30,,,1,70,,6330,30,,,1,35,,6334,30,,,1,70,,6331,30,,,1,33,,6335,30,,,1,70,,6332,30,,,1,37,,6336,30,,,1,70,,6338,30,,,1,88,,6337,30,,,1,32,,6339,30,,,1,85,,6341,30,,,1,25,,6340,30,,,1,62,,6344,30,,,1,27,,6342,30,,,1,74,,6345,30,,,1,29,,6343,30,,,1,71,,6346,30,,,1,100,,6347,30,,,1,99,,6348,30,,,1,100,,6349,30,,,1
1001101,'2',812,,6352,30,,,1,102,,6353,30,,,1,101,,6354,30,,,1,100,,6355,30,,,1,98,,6359,30,,,1,100,,6360,30,,,1,102,,6358,30,,,1,100,,6356,30,,,1,99,,6357,30,,,1,101,,6361,30,,,1,99,,6362,30,,,1,100,,6363,30,,,1,99,,6364,30,,,1,100,,6365,30,,,1,100,,6366,30,,,1
1001101,'3',1015,,6369,30,,,1,100,,6372,30,,,1,98,,6373,30,,,1,100,,6370,30,,,1,102,,6371,30,,,1,100,,6374,30,,,1,99,,6375,30,,,1,101,,6376,30,,,1,99,,6377,30,,,1
1001101,'71',609,,4973,30,,,1,33,,4970,30,,,1,71,,4974,30,,,1,33,,4971,30,,,1,64,,4976,30,,,1,41,,4972,30,,,1,82,,4978,30,,,1,70,,4975,30,,,1,35,,4979,30,,,1,70,,4982,30,,,1,35,,4980,30,,,1,70,,4983,30,,,1,33,,4981,30,,,1,70,,4984,30,,,1,37,,4986,30,,,1,70,,4985,30,,,1,88,,4987,30,,,1,32,,4989,30,,,1,85,,4988,30,,,1,25,,4990,30,,,1,62,,4993,30,,,1,27,,4991,30,,,1,74,,4994,30,,,1,29,,4992,30,,,1,71,,4995,30,,,1,100,,4996,30,,,1,99,,4997,30,,,1,100,,4998,30,,,1
1001101,'72',812,,5000,30,,,1,102,,5001,30,,,1,101,,5002,30,,,1,100,,5004,30,,,1,98,,5005,30,,,1,100,,5006,30,,,1,102,,5007,30,,,1,100,,5008,30,,,1,99,,5009,30,,,1,101,,5010,30,,,1,99,,5011,30,,,1,100,,5012,30,,,1,99,,5013,30,,,1,100,,5014,30,,,1,100,,5015,30,,,1
1001101,'73',1015,,5018,30,,,1,100,,5019,30,,,1,98,,5020,30,,,1,100,,5021,30,,,1,102,,5022,30,,,1,100,,5023,30,,,1,99,,5024,30,,,1,101,,5025,30,,,1,99,,5026,30,,,1
