1500,'1',547,,5823,3,,,2,68,,5825,3,,,2,29,,5827,3,,,2,70,,5826,6,,,2,30,,5829,6,,,2,81,,5828,6,0,10 11,2,110,,5824,3,0,12 13,2,100,,5830,3,0,12 13,2,100,,5831,3,0,12 13,2,103,,5832,2,0,12 13,2
1500,'71',547,,4416,3,,,2,68,,4417,3,,,2,29,,4421,3,,,2,72,,4420,2,,,2,28,,4418,2,,,2,81,,4422,3,0,10 11,2,112,,4419,2,0,12 13,2,115,,4423,2,0,12 13,2,156,,4424,2,0,12 13,2,30,,4425,2,0,12 13,2,117,,4427,2,0,12 13,2,156,,4428,2,,,2,96,,4426,2,,,2,37,,4431,3,,,2,68,,4430,2,,,2,100,,4432,2,0,12 13,2,111,,4433,2,0,12 13,2,104,,4434,2,0,12 13,2
13100,'15',703,,6233,3,,,2
13100,'84',703,,4864,3,,,2
15600,'12',814,,6240,3,,,2
15600,'82',814,,4875,3,,,2
2000001500,'2',731,,7667,3,,,2,100,,7668,2,,,2,100,,7669,2,,,2,94,,7670,2,,,2,109,,7671,2,,,2,101,,7672,2,,,2,201,,7673,3,,,2,101,,7674,2,,,2,95,,7675,2,,,2,106,,7676,2,,,2,93,,7677,2,,,2
2000001500,'3',831,,7678,3,,,2,100,,7679,2,,,2,94,,7680,2,,,2,109,,7681,2,,,2,101,,7682,2,,,2,201,,7683,3,,,2,101,,7684,2,,,2,95,,7685,2,,,2,106,,7686,2,,,2,93,,7687,2,,,2
2000001500,'72',724,,5607,3,,,2,101,,5608,2,,,2,103,,5609,2,,,2,100,,5610,2,,,2,102,,5611,2,,,2,100,,5612,2,,,2,190,,5613,3,,,2,99,,5614,2,,,2,95,,5615,2,,,2,108,,5616,2,,,2,98,,5617,2,,,2
2000001500,'73',825,,5618,3,,,2,103,,5619,2,,,2,100,,5620,2,,,2,102,,5621,2,,,2,100,,5622,2,,,2,190,,5623,3,,,2,99,,5624,2,,,2,95,,5625,2,,,2,108,,5626,2,,,2,98,,5627,2,,,2
