3401,'1',628,,6039,2,,,2,27,,6040,2,,,2,90,,6041,2,,,2,795,,6042,2,,,2,87,,6043,2,,,2,99,,6044,2,,,2,27,,6045,2,,,2,86,,6046,2,,,2,68,,6047,2,,,2
3401,'14',1641,,6048,6,,,2
3401,'71',628,,4642,2,,,2,27,,4644,2,,,2,90,,4643,2,,,2,803,,4646,2,,,2,90,,4645,6,,,2,72,,4649,2,,,2,40,,4650,2,,,2,87,,4651,2,,,2,66,,4648,2,,,2
23200,'15',724,,6294,22,,,2
32500,'12',810,,6304,18,,,2
32500,'82',810,,4947,18,,,2
34500,'12',804,54,6305,1,,,2
34500,'82',804,,4949,1,,,2
35100,'84',727,,4953,32,,,2
5003401,'1',1649,,6389,14,,,2
5003401,'71',1649,,5040,14,,,2
2000003401,'2',741,,7771,2,,,2,85,,7772,2,,,2,86,,7773,2,,,2,45,,7774,2,,,2,89,,7775,2,,,2,85,,7776,2,,,2,88,,7777,2,,,2,81,,7778,2,,,2,134,,7779,2,,,2,86,,7780,2,,,2,83,,7781,2,,,2,48,,7782,2,,,2,85,,7783,2,,,2,81,,7784,2,,,2,42,,7785,2,,,2
2000003401,'3',826,,7786,2,,,2,86,,7787,2,,,2,45,,7788,2,,,2,89,,7789,2,,,2,85,,7790,2,,,2,88,,7791,2,,,2,81,,7792,2,,,2,134,,7793,2,,,2,86,,7794,2,,,2,83,,7795,2,,,2,48,,7796,2,,,2,85,,7797,2,,,2,81,,7798,2,,,2,42,,7799,2,,,2
2000003401,'72',741,,5711,2,,,2,85,,5712,2,,,2,85,,5713,2,,,2,45,,5714,2,,,2,87,,5715,2,,,2,85,,5716,2,,,2,85,,5717,2,,,2,45,,5718,2,,,2,170,,5719,2,,,2,92,,5720,2,,,2,38,,5721,2,,,2,93,,5722,2,,,2,78,,5723,2,,,2,88,,5724,2,,,2,37,,5725,2,,,2
2000003401,'73',826,,5726,2,,,2,85,,5727,2,,,2,45,,5728,2,,,2,87,,5729,2,,,2,85,,5730,2,,,2,85,,5731,2,,,2,45,,5732,2,,,2,170,,5733,2,,,2,92,,5734,2,,,2,38,,5735,2,,,2,93,,5736,2,,,2,78,,5737,2,,,2,88,,5738,2,,,2,37,,5739,2,,,2
