11100,'15',720,,6226,32,,,2
11100,'86',720,,4850,32,,,2
11900,'16',842,,6228,19,,,2
11900,'87',842,,4854,19,,,2
1001101,'1',602,,6322,39,,,1,29,,6326,73,,,1,73,,6323,73,,,1,32,,6327,73,,,1,73,,6324,73,,,1,22,,6320,73,,,1,81,,6325,73,,,1,42,,6328,73,,,1,70,,6329,73,,,1,35,,6333,73,,,1,70,,6330,73,,,1,75,,6334,73,,,1,30,,6331,73,,,1,73,,6335,73,,,1,30,,6332,73,,,1,78,,6336,73,,,1,30,,6338,73,,,1,88,,6337,73,,,1,72,,6339,73,,,1,49,,6341,73,,,1,62,,6340,73,,,1,21,,6344,73,,,1,67,,6342,73,,,1,33,,6345,73,,,1,69,,6343,73,,,1,31,,6346,73,,,1,100,,6347,73,,,1,99,,6348,73,,,1,100,,6349,73,,,1
1001101,'2',734,,6351,39,,,1,99,,6352,73,,,1,103,,6353,73,,,1,101,,6354,73,,,1,99,,6355,73,,,1,100,,6359,73,,,1,100,,6360,73,,,1,101,,6358,73,,,1,100,,6356,73,,,1,99,,6357,73,,,1,102,,6361,73,,,1,97,,6362,73,,,1,100,,6363,73,,,1,99,,6364,73,,,1,100,,6365,73,,,1,100,,6366,73,,,1
1001101,'3',936,,6368,39,,,1,101,,6369,73,,,1,99,,6372,73,,,1,100,,6373,73,,,1,100,,6370,73,,,1,101,,6371,73,,,1,100,,6374,73,,,1,99,,6375,73,,,1,102,,6376,73,,,1,97,,6377,73,,,1
1001101,'71',602,,4969,39,,,1,29,,4973,73,,,1,73,,4970,73,,,1,32,,4974,73,,,1,73,,4971,73,,,1,22,,4976,73,,,1,81,,4972,73,,,1,42,,4978,73,,,1,70,,4975,73,,,1,35,,4979,73,,,1,70,,4982,73,,,1,75,,4980,73,,,1,30,,4983,73,,,1,73,,4981,73,,,1,30,,4984,73,,,1,78,,4986,73,,,1,30,,4985,73,,,1,88,,4987,73,,,1,72,,4989,73,,,1,49,,4988,73,,,1,62,,4990,73,,,1,21,,4993,73,,,1,67,,4991,73,,,1,33,,4994,73,,,1,69,,4992,73,,,1,31,,4995,73,,,1,100,,4996,73,,,1,99,,4997,73,,,1,100,,4998,73,,,1
1001101,'72',734,,5003,39,,,1,99,,5000,73,,,1,103,,5001,73,,,1,101,,5002,73,,,1,99,,5004,73,,,1,100,,5005,73,,,1,100,,5006,73,,,1,101,,5007,73,,,1,100,,5008,73,,,1,99,,5009,73,,,1,102,,5010,73,,,1,97,,5011,73,,,1,100,,5012,73,,,1,99,,5013,73,,,1,100,,5014,73,,,1,100,,5015,73,,,1
1001101,'73',936,,5017,39,,,1,101,,5018,73,,,1,99,,5019,73,,,1,100,,5020,73,,,1,100,,5021,73,,,1,101,,5022,73,,,1,100,,5023,73,,,1,99,,5024,73,,,1,102,,5025,73,,,1,97,,5026,73,,,1
