1100,'1',612,,5753,11,,,1,25,,5748,83,,,1,75,,5754,83,,,1,30,,5749,83,,,1,74,,5755,83,,,1,30,,5750,83,,,1,58,,5751,83,,,1,29,,5756,83,,,1,74,,5752,83,,,1,30,,5757,83,,,1,75,,5758,83,,,1,30,,5761,83,,,1,73,,5759,83,,,1,30,,5762,83,,,1,77,,5760,83,,,1,30,,5763,83,,,1,88,,5764,83,,,1,71,,5766,83,,,1,36,,5765,83,,,1,72,,5767,83,,,1,81,,5770,83,,,1,22,,5768,83,,,1,22,,5772,83,,,1,66,,5771,83,,,1,34,,5773,83,,,1,68,,5769,83,,,1,30,,5774,83,,,1,100,,5775,83,,,1,100,,5776,83,,,1,99,,5777,83,,,1,100,,5778,83,,,1
1100,'2',742,,5779,83,,,1,102,,5780,83,,,1,99,,5781,83,,,1,102,,5782,83,,,1,100,,5783,83,,,1,100,,5784,83,,,1,101,,5785,83,,,1,99,,5786,83,,,1,100,,5787,83,,,1,100,,5788,83,,,1,99,,5789,83,,,1,99,,5790,83,,,1,98,,5792,83,,,1,100,,5793,83,,,1,100,,5791,83,,,1,100,,5795,83,,,1,100,,5794,83,,,1
1100,'3',943,,5796,83,,,1,102,,5797,83,,,1,100,,5798,83,,,1,100,,5799,83,,,1,101,,5800,83,,,1,99,,5801,83,,,1,100,,5802,83,,,1,100,,5803,83,,,1,99,,5804,83,,,1,99,,5805,83,,,1
1100,'71',612,,4342,11,,,1,25,,4339,83,,,1,75,,4343,83,,,1,30,,4340,83,,,1,74,,4344,83,,,1,30,,4341,83,,,1,58,,4345,83,,,1,29,,4350,83,,,1,74,,4346,83,,,1,30,,4351,83,,,1,75,,4347,83,,,1,30,,4352,83,,,1,73,,4348,83,,,1,30,,4353,83,,,1,77,,4349,83,,,1,30,,4354,83,,,1,88,,4358,83,,,1,71,,4355,83,,,1,36,,4359,83,,,1,72,,4356,83,,,1,81,,4360,84,,,1,22,,4357,83,,,1,22,,4363,83,,,1,66,,4361,83,,,1,34,,4364,83,,,1,68,,4362,83,,,1,30,,4365,83,,,1,100,,4366,83,,,1,100,,4367,83,,,1,99,,4368,83,,,1,100,,4369,83,,,1
1100,'72',742,,4370,83,,,1,102,,4371,83,,,1,99,,4372,83,,,1,102,,4373,83,,,1,100,,4374,83,,,1,100,,4375,83,,,1,101,,4376,83,,,1,99,,4377,83,,,1,100,,4378,83,,,1,100,,4379,83,,,1,99,,4380,83,,,1,99,,4381,83,,,1,98,,4384,83,,,1,100,,4382,83,,,1,100,,4383,83,,,1,100,,4386,83,,,1,100,,4385,83,,,1
1100,'73',943,,4387,83,,,1,102,,4388,83,,,1,100,,4389,83,,,1,100,,4390,83,,,1,101,,4391,83,,,1,99,,4392,83,,,1,100,,4393,83,,,1,100,,4394,83,,,1,99,,4395,83,,,1,99,,4396,83,,,1
1500,'1',611,,5823,38,,,2,29,,5825,38,,,2,69,,5827,38,,,2,30,,5826,41,,,2,71,,5829,41,,,2,41,,5828,41,0,10 11,2,149,,5824,38,0,12 13,2,100,,5830,38,0,12 13,2,100,,5831,38,0,12 13,2,103,,5832,37,0,12 13,2
1500,'16',850,,5833,26,0,10 11,2
1500,'71',611,,4416,39,,,2,29,,4417,39,,,2,69,,4421,39,,,2,32,,4420,38,,,2,69,,4418,38,,,2,41,,4422,39,0,10 11,2,151,,4419,38,0,12 13,2,115,,4423,38,0,12 13,2,116,,4424,38,0,12 13,2,70,,4425,38,0,12 13,2,117,,4427,38,0,12 13,2,116,,4428,38,,,2,20,,4429,7,,,2,77,,4426,38,,,2,77,,4431,39,,,2,27,,4430,38,,,2,100,,4432,38,0,12 13,2,111,,4433,38,0,12 13,2,103,,4434,38,0,12 13,2
1500,'87',850,,4435,28,0,10 11,2
1600,'1',1359,,5848,22,0,12 13,2,96,,5849,22,0,12 13,2,76,,5851,22,,,2,25,,5854,7,,,2,75,,5850,25,,,2,80,,5852,25,,,2,25,,5855,25,,,2,99,,5853,25,0,12 13,2,102,,5856,22,0,12 13,2,110,,5857,22,0,12 13,2
13500,'12',836,,6234,14,,,2
13500,'82',836,,4866,14,,,2
13600,'12',834,,6235,12,,,2
13600,'82',834,,4867,12,,,2
13900,'16',852,,6238,12,,,2
13900,'87',852,,4872,12,,,2
15500,'12',837,,6239,23,,,2
15500,'82',837,,4874,23,,,2
15600,'12',835,,6240,24,,,2
15600,'82',835,,4875,24,,,2
1200000101,'1',1530,,7148,27,,,1,71,,7149,27,,,1,30,,7150,27,,,1,73,,7151,27,,,1
1200000101,'71',1530,,5070,27,,,1,71,,5071,27,,,1,30,,5069,27,,,1,75,,5072,27,,,1
2000001500,'2',755,,7667,38,,,2,101,,7668,37,,,2,100,,7669,37,,,2,94,,7670,37,,,2,109,,7671,37,,,2,141,,7672,37,,,2,201,,7673,38,,,2,101,,7674,37,,,2,55,,7675,37,,,2,145,,7676,37,,,2,53,,7677,37,,,2
2000001500,'3',856,,7678,38,,,2,100,,7679,37,,,2,94,,7680,37,,,2,109,,7681,37,,,2,141,,7682,37,,,2,201,,7683,38,,,2,101,,7684,37,,,2,55,,7685,37,,,2,145,,7686,37,,,2,53,,7687,37,,,2
2000001500,'72',748,,5607,39,,,2,102,,5608,38,,,2,103,,5609,38,,,2,100,,5610,38,,,2,102,,5611,38,,,2,100,,5612,38,,,2,190,,5613,39,,,2,99,,5614,38,,,2,95,,5615,38,,,2,107,,5616,38,,,2,98,,5617,38,,,2
2000001500,'73',850,,5618,39,,,2,103,,5619,38,,,2,100,,5620,38,,,2,102,,5621,38,,,2,100,,5622,38,,,2,190,,5623,39,,,2,99,,5624,38,,,2,95,,5625,38,,,2,107,,5626,38,,,2,98,,5627,38,,,2
