2201,'71',628,,4480,7,,,2,28,,4494,7,0,23,2,70,,4481,7,0,23,2,25,,4496,7,,,2,68,,4498,7,,,2,26,,4495,7,,,2,66,,4497,7,,,2,42,,4482,7,,,2,77,,4484,7,,,2,72,,4483,7,,,2,30,,4485,7,,,2,70,,4489,7,,,2,31,,4486,7,,,2,70,,4490,7,,,2,30,,4487,7,,,2,70,,4499,7,,,2,30,,4488,7,,,2,75,,4491,7,,,2,25,,4493,7,,,2,15,,4500,7,,,2,91,,4501,11,,,2,71,,4502,7,,,2,35,,4492,7,,,2,72,,4503,7,,,2,25,,4505,7,,,2,64,,4504,7,,,2
2201,'88',1639,,4506,11,,,2
2301,'1',623,,5973,7,,,2,30,,5974,7,,,2,150,,5976,7,,,2,41,,5953,7,,,2,72,,5977,7,,,2,23,,5954,7,,,2,81,,5955,7,,,2,30,,5957,7,,,2,70,,5956,7,,,2,30,,5958,7,,,2,71,,5959,7,,,2,30,,5961,7,,,2,70,,5960,7,,,2,30,,5962,7,,,2,71,,5963,7,,,2,31,,5966,7,,,2,91,,5964,7,,,2,67,,5967,7,,,2,35,,5965,7,,,2,102,,5968,7,,,2,67,,5975,7,,,2,37,,5969,7,,,2,102,,5970,7,,,2,90,,5971,7,,,2,114,,5972,7,,,2
2301,'14',1645,,5979,11,,,2
2301,'2',659,,5980,7,,,2,100,,5981,7,,,2,141,,5982,7,,,2,102,,5983,7,,,2,102,,5984,7,,,2,102,,5985,7,,,2,101,,5986,7,,,2,101,,5987,7,,,2,100,,5988,7,,,2,100,,5989,7,,,2,101,,5990,7,,,2,97,,5991,7,,,2
2301,'3',759,,5992,7,,,2,141,,5993,7,,,2,102,,5994,7,,,2,102,,5995,7,,,2,102,,5996,7,,,2,101,,5997,7,,,2,101,,5998,7,,,2,100,,5999,7,,,2,100,,6000,7,,,2,101,,6001,7,,,2,97,,6002,7,,,2
2301,'71',623,,4569,7,,,2,30,,4577,7,,,2,150,,4578,7,,,2,38,,4555,7,,,2,72,,4559,7,,,2,29,,4556,7,,,2,75,,4560,7,,,2,31,,4557,7,,,2,70,,4561,7,,,2,30,,4558,7,,,2,70,,4562,7,,,2,31,,4564,7,,,2,70,,4563,7,,,2,30,,4565,7,,,2,70,,4566,7,,,2,34,,4576,7,,,2,82,,4567,7,,,2,106,,4568,11,,,2,104,,4570,7,,,2,72,,4575,7,,,2,35,,4571,7,,,2,100,,4572,7,,,2,92,,4573,7,,,2,114,,4574,7,,,2
2301,'72',714,,4579,7,,,2,100,,4580,7,,,2,101,,4581,7,,,2,102,,4582,7,,,2,100,,4583,7,,,2,100,,4584,7,,,2,102,,4585,7,,,2,101,,4586,7,,,2,101,,4587,7,,,2,100,,4588,7,,,2,102,,4589,7,,,2,96,,4590,7,,,2
2301,'73',814,,4591,7,,,2,101,,4592,7,,,2,102,,4593,7,,,2,100,,4594,7,,,2,100,,4595,7,,,2,102,,4596,7,,,2,101,,4597,7,,,2,101,,4598,7,,,2,100,,4599,7,,,2,102,,4600,7,,,2,96,,4601,7,,,2
2301,'88',1641,,4602,11,,,2
22101,'85',1525,,4924,20,,,2
22201,'85',1525,,4926,19,,,2
22500,'12',759,,6290,4,,,2
22500,'82',759,,4927,4,,,2
23101,'85',1524,,4932,20,,,2
23201,'85',1525,,4934,20,,,2
5002301,'1',1653,,6382,17,,,2,66,,6381,17,,,2
5002301,'71',1607,,5032,17,,,2,46,,5031,17,,,2,66,,5030,17,,,2
5002401,'1',1654,,6385,17,,,2,66,,6386,17,,,2
5002401,'71',1608,,5037,17,,,2,46,,5035,17,,,2,66,,5036,17,,,2
5004301,'11',1648,,6402,12,,,2,95,,6403,12,,,2,89,,6404,12,,,2
5004301,'81',1648,,5057,12,,,2,95,,5059,12,,,2,89,,5058,12,,,2
905231701,'27',2301,,6491,54,4,,2,29,,6494,54,4,,2,70,,6489,54,4,,2,30,,6492,54,4,,2,70,,6490,54,4,,2,30,,6493,54,4,,2,70,,6495,54,4,,2
905231701,'28',2301,,6498,54,4,,2,29,,6501,54,4,,2,70,,6496,54,4,,2,30,,6499,54,4,,2,70,,6497,54,4,,2,30,,6500,54,4,,2,70,,6502,54,4,,2
905231701,'29',2301,,6505,54,4,,2,29,,6508,54,4,,2,70,,6503,54,4,,2,30,,6506,54,4,,2,70,,6504,54,4,,2,30,,6507,54,4,,2,70,,6509,54,4,,2
1200000101,'1',1604,,7148,58,,,1,32,,7149,58,,,1,71,,7150,58,,,1,31,,7151,58,,,1
1200000101,'71',1600,,5070,58,,,1,32,,5071,58,,,1,71,,5069,58,,,1,31,,5072,58,,,1
1200000301,'1',610,,7508,7,,,1,28,,7513,7,,,1,75,,7506,20,,,1,20,,7510,20,,,1,75,,7516,20,,,1,29,,7511,20,,,1,65,,7519,20,,,1,25,,7507,20,,,1,29,,7517,20,,,1,67,,7515,20,,,1,33,,7520,20,,,1,73,,7521,20,,,1,30,,7523,20,,,1,73,,7525,20,,,1,72,,7527,20,,,1,29,,7522,20,,,1,70,,7524,20,,,1,28,,7526,20,,,1,70,,7528,20,,,1,36,,7529,20,,,1,20,,7532,17,,,1,61,,7530,17,,,1,18,,7535,17,,,1,19,,7534,17,,,1,52,,7539,17,,,1,14,,7537,17,,,1,14,,7538,17,,,1,16,,7541,17,,,1,54,,7533,17,,,1,12,,7536,17,,,1,15,,7531,17,,,1,69,,7540,17,,,1,24,,7544,20,,,1,24,,7542,20,,,1,71,,7543,20,,,1,30,,7545,20,,,1,70,,7546,20,,,1,33,,7549,20,,,1,72,,7547,7,,,1,30,,7550,7,,,1,68,,7548,7,,,1,30,,7551,7,,,1,79,,7552,7,,,1
1200000301,'2',749,,7553,20,,,1,70,,7556,20,,,1,31,,7559,20,,,1,71,,7562,20,,,1,31,,7554,20,,,1,72,,7557,20,,,1,31,,7560,20,,,1,71,,7563,20,,,1,31,,7555,20,,,1,71,,7558,20,,,1,31,,7561,20,,,1,71,,7564,20,,,1,71,,7565,20,,,1,30,,7568,20,,,1,70,,7574,20,,,1,30,,7571,20,,,1,70,,7566,20,,,1,31,,7569,20,,,1,71,,7575,20,,,1,27,,7572,20,,,1,28,,7567,20,,,1,69,,7570,20,,,1,27,,7576,20,,,1,67,,7573,20,,,1,35,,7577,7,,,1,100,,7578,7,,,1,96,,7579,7,,,1,99,,7580,7,,,1,78,,7581,7,,,1,102,,7582,7,,,1
1200000301,'27',2224,,7584,10,,,1,30,,7587,10,,,1,70,,7589,10,,,1,83,,7585,10,,,1,28,,7588,10,,,1,70,,7583,10,,,1,30,,7586,10,,,1
1200000301,'28',2224,,7591,10,,,1,30,,7594,10,,,1,70,,7596,10,,,1,83,,7592,10,,,1,28,,7595,10,,,1,70,,7590,10,,,1,30,,7593,10,,,1
1200000301,'29',2224,,7598,10,,,1,30,,7601,10,,,1,70,,7603,10,,,1,83,,7599,10,,,1,28,,7602,10,,,1,70,,7597,10,,,1,30,,7600,10,,,1
1200000301,'3',819,,7604,20,,,1,31,,7606,20,,,1,71,,7612,20,,,1,31,,7609,20,,,1,72,,7605,20,,,1,31,,7607,20,,,1,71,,7613,20,,,1,31,,7610,20,,,1,71,,7614,20,,,1,31,,7608,20,,,1,71,,7616,20,,,1,71,,7611,20,,,1,30,,7615,20,,,1,70,,7618,20,,,1,30,,7617,20,,,1,70,,7621,20,,,1,31,,7623,20,,,1,71,,7619,20,,,1,27,,7627,20,,,1,28,,7622,20,,,1,69,,7624,20,,,1,27,,7620,20,,,1,67,,7628,20,,,1,35,,7625,7,,,1,161,,7626,7,,,1
1200000301,'71',610,,5456,7,,,1,28,,5460,7,,,1,76,,5454,20,,,1,20,,5458,20,,,1,77,,5466,20,,,1,27,,5463,20,,,1,66,,5469,20,,,1,26,,5455,20,,,1,29,,5465,20,,,1,67,,5467,20,,,1,76,,5470,20,,,1,20,,5471,20,,,1,20,,5473,20,,,1,60,,5475,20,,,1,23,,5476,20,,,1,20,,5478,20,,,1,62,,5480,20,,,1,19,,5472,20,,,1,20,,5474,20,,,1,60,,5481,20,,,1,18,,5477,20,,,1,20,,5479,20,,,1,59,,5483,20,,,1,25,,5484,20,,,1,13,,5485,17,,,1,16,,5486,17,,,1,61,,5482,17,,,1,18,,5494,17,,,1,19,,5490,17,,,1,52,,5493,17,,,1,14,,5488,17,,,1,14,,5487,17,,,1,16,,5497,17,,,1,56,,5496,17,,,1,10,,5495,17,,,1,17,,5492,17,,,1,11,,5489,17,,,1,56,,5491,17,,,1,22,,5498,20,,,1,27,,5499,20,,,1,71,,5501,20,,,1,30,,5500,20,,,1,70,,5502,20,,,1,33,,5505,20,,,1,71,,5503,7,,,1,30,,5506,7,,,1,68,,5504,7,,,1,30,,5507,7,,,1,79,,5508,7,,,1
1200000301,'72',750,,5511,20,,,1,70,,5510,20,,,1,31,,5514,20,,,1,70,,5515,20,,,1,31,,5516,20,,,1,71,,5509,20,,,1,31,,5513,20,,,1,70,,5512,20,,,1,30,,5517,20,,,1,70,,5518,20,,,1,31,,5520,20,,,1,70,,5519,20,,,1,31,,5522,20,,,1,70,,5523,20,,,1,31,,5524,20,,,1,70,,5525,20,,,1,29,,5526,20,,,1,71,,5521,20,,,1,32,,5528,20,,,1,69,,5527,20,,,1,28,,5530,20,,,1,69,,5529,20,,,1,29,,5531,20,,,1,64,,5535,20,,,1,38,,5532,7,,,1,100,,5533,7,,,1,96,,5534,7,,,1,99,,5536,7,,,1,78,,5537,7,,,1,102,,5538,7,,,1
1200000301,'73',820,,5539,20,,,1,31,,5541,20,,,1,70,,5542,20,,,1,31,,5543,20,,,1,71,,5544,20,,,1,31,,5540,20,,,1,70,,5545,20,,,1,30,,5547,20,,,1,70,,5546,20,,,1,31,,5549,20,,,1,70,,5548,20,,,1,31,,5551,20,,,1,70,,5552,20,,,1,31,,5553,20,,,1,70,,5554,20,,,1,29,,5555,20,,,1,71,,5550,20,,,1,32,,5557,20,,,1,69,,5556,20,,,1,28,,5559,20,,,1,69,,5558,20,,,1,29,,5560,20,,,1,64,,5563,20,,,1,38,,5561,7,,,1,161,,5562,7,,,1
