3501,'1',550,,6049,23,,,2,94,,6050,25,,,2,83,,6051,25,,,2,98,,6052,25,,,2,83,,6053,25,,,2,39,,6054,25,,,2,85,,6055,25,,,2,85,,6056,25,,,2,86,,6057,25,,,2,45,,6058,25,,,2,85,,6059,25,,,2,85,,6060,25,,,2,85,,6061,25,,,2,98,,6062,25,,,2,44,,6064,25,,,2,82,,6065,25,,,2,82,,6066,25,,,2,44,,6067,25,,,2,74,,6063,25,,,2,79,,6068,25,,,2,26,,6069,25,,,2,71,,6070,25,,,2,27,,6071,25,,,2,78,,6072,25,,,2,30,,6073,25,,,2,68,,6074,25,,,2,25,,6075,25,,,2
3501,'2',711,,6076,25,,,2,30,,6077,25,,,2,70,,6078,25,,,2,30,,6079,25,,,2,69,,6080,25,,,2,33,,6081,25,,,2,86,,6082,25,,,2,85,,6083,25,,,2,87,,6084,25,,,2,47,,6085,25,,,2,89,,6086,25,,,2,85,,6088,25,,,2,86,,6089,25,,,2,45,,6090,25,,,2,85,,6091,25,,,2,84,,6092,25,,,2,83,,6087,25,,,2,42,,6093,25,,,2,78,,6094,25,,,2,85,,6095,25,,,2,30,,6096,25,,,2,68,,6097,25,,,2,28,,6098,25,,,2,70,,6099,25,,,2,30,,6100,25,,,2,68,,6101,25,,,2,25,,6102,25,,,2
3501,'3',841,,6103,25,,,2,69,,6104,25,,,2,33,,6105,25,,,2,86,,6106,25,,,2,85,,6107,25,,,2,87,,6108,25,,,2,47,,6109,25,,,2,89,,6110,25,,,2,85,,6111,25,,,2,86,,6112,25,,,2,45,,6114,25,,,2,85,,6115,25,,,2,84,,6116,25,,,2,83,,6117,25,,,2,42,,6118,25,,,2,78,,6119,25,,,2,85,,6113,25,,,2
3501,'71',553,,4652,23,,,2,96,,4653,25,,,2,71,,4654,25,,,2,110,,4658,25,,,2,79,,4655,25,,,2,40,,4656,25,,,2,97,,4659,25,,,2,102,,4660,25,,,2,98,,4657,25,,,2,101,,4662,25,,,2,102,,4661,25,,,2,153,,4663,25,,,2,33,,4664,25,,,2,76,,4665,25,,,2,34,,4666,25,,,2,104,,4667,25,,,2,90,,4670,25,,,2,92,,4671,25,,,2,98,,4672,25,,,2,108,,4668,25,,,2,93,,4669,25,,,2
3501,'72',704,,4673,25,,,2,100,,4674,25,,,2,101,,4675,25,,,2,100,,4676,25,,,2,100,,4677,25,,,2,101,,4678,25,,,2,106,,4679,25,,,2,102,,4680,25,,,2,101,,4681,25,,,2,100,,4682,25,,,2,92,,4683,25,,,2,97,,4684,25,,,2,96,,4685,25,,,2,110,,4686,25,,,2,98,,4687,25,,,2,98,,4688,25,,,2,98,,4689,25,,,2
3501,'73',905,,4690,25,,,2,100,,4691,25,,,2,100,,4692,25,,,2,101,,4693,25,,,2,106,,4694,25,,,2,102,,4695,25,,,2,101,,4696,25,,,2,100,,4697,25,,,2,92,,4698,25,,,2,97,,4699,25,,,2,96,,4700,25,,,2,103,,4701,25,,,2
35100,'15',718,,6307,22,,,2
35100,'84',718,,4953,22,,,2
35101,'85',1544,,4954,46,,,2
35500,'12',808,,6308,22,,,2
35500,'82',811,,4955,22,,,2
35501,'83',1657,,4956,56,,,2
5003601,'1',1653,,6393,25,,,2,64,,6392,25,,,2
