3701,'1',550,,6122,23,0,9,2,81,,6123,30,0,9,2,105,,6124,30,,,2,103,,6125,30,0,9,2,104,,6126,30,0,9,2,97,,6127,30,0,9,2,102,,6128,30,0,9,2,115,,6129,30,0,9,2,102,,6130,30,0,9,2,142,,6131,30,0,9,2,114,,6132,30,0,9,2,142,,6133,30,0,9,2,72,,6134,30,0,9,2,100,,6135,30,0,9,2,96,,6136,30,0,9,2,96,,6137,30,0,9,2,100,,6138,30,0,9,2,100,,6139,30,0,9,2,27,,6140,30,0,9,2
3701,'2',705,,6141,30,0,9,2,100,,6142,30,0,9,2,102,,6143,30,0,9,2,102,,6144,30,0,9,2,102,,6145,30,0,9,2,116,,6146,30,0,9,2,103,,6147,30,0,9,2,100,,6148,30,0,9,2,101,,6149,30,0,9,2,100,,6150,30,0,9,2,101,,6151,30,0,9,2,95,,6152,30,0,9,2,97,,6153,30,0,9,2,96,,6154,30,0,9,2,100,,6155,30,0,9,2,101,,6156,30,0,9,2,98,,6157,30,0,9,2,27,,6158,30,0,9,2
3701,'3',805,,6159,30,0,9,2,102,,6160,30,0,9,2,102,,6161,30,0,9,2,102,,6162,30,0,9,2,116,,6163,30,0,9,2,103,,6164,30,0,9,2,100,,6165,30,0,9,2,101,,6166,30,0,9,2,100,,6167,30,0,9,2,101,,6168,30,0,9,2,95,,6169,30,0,9,2,97,,6170,30,0,9,2
3701,'71',549,,4746,23,0,9,2,187,,4749,30,,,2,103,,4748,30,0,9,2,102,,4747,30,0,9,2,98,,4750,30,0,9,2,102,,4751,30,0,9,2,113,,4752,30,0,9,2,102,,4753,30,0,9,2,102,,4754,30,0,9,2,155,,4755,30,0,9,2,113,,4756,30,0,9,2,100,,4757,30,0,9,2,100,,4758,30,0,9,2,97,,4759,30,0,9,2,97,,4760,30,0,9,2,101,,4761,30,0,9,2,102,,4762,30,0,9,2,27,,4763,30,0,9,2
3701,'72',709,,4764,30,0,9,2,100,,4765,30,0,9,2,102,,4766,30,0,9,2,100,,4767,30,0,9,2,100,,4768,30,0,9,2,112,,4769,30,0,9,2,100,,4770,30,0,9,2,100,,4771,30,0,9,2,102,,4772,30,0,9,2,100,,4773,30,0,9,2,98,,4774,30,0,9,2,100,,4775,30,0,9,2,100,,4776,30,0,9,2,97,,4779,30,0,9,2,100,,4780,30,0,9,2,101,,4781,30,0,9,2,98,,4777,30,0,9,2,27,,4778,30,0,9,2
3701,'73',809,,4782,30,0,9,2,102,,4783,30,0,9,2,100,,4784,30,0,9,2,100,,4785,30,0,9,2,112,,4786,30,0,9,2,100,,4787,30,0,9,2,100,,4788,30,0,9,2,102,,4789,30,0,9,2,100,,4790,30,0,9,2,98,,4791,30,0,9,2,100,,4792,30,0,9,2,109,,4793,30,0,9,2
37500,'12',818,,6309,14,,,2
37500,'82',818,,4957,14,,,2
5003700,'1',643,,6395,34,,,2,76,,6394,34,,,2
5003700,'71',627,,5046,41,,,2,18,,5047,34,,,2,74,,5048,34,,,2
5003701,'1',1749,,6396,63,,,2
5003701,'71',1645,,5050,63,,,2,106,,5049,63,,,2
5003701,'81',1904,,5051,63,,,2
