2300,'1',602,,5924,35,,,2,154,,5919,35,,,2,80,,5927,35,,,2,75,,5904,35,,,2,36,,5906,35,,,2,70,,5905,35,,,2,30,,5907,35,,,2,70,,5908,35,,,2,30,,5909,35,,,2,73,,5912,25,,,2,30,,5910,25,,,2,70,,5913,25,,,2,30,,5911,25,,,2,71,,5914,25,,,2,33,,5915,25,,,2,72,,5917,25,,,2,118,,5918,25,,,2,77,,5916,25,,,2,24,,5925,25,,,2,73,,5920,25,,,2,30,,5926,25,,,2,73,,5921,25,,,2,102,,5922,25,,,2,95,,5923,25,,,2
2300,'2',639,,5930,35,,,2,100,,5931,35,,,2,101,,5932,35,,,2,102,,5933,35,,,2,102,,5934,35,,,2,102,,5935,35,,,2,101,,5936,35,,,2,104,,5937,25,,,2,100,,5938,25,,,2,100,,5939,25,,,2,101,,5940,25,,,2,88,,5941,25,,,2
2300,'3',739,,5942,35,,,2,101,,5943,35,,,2,102,,5944,35,,,2,102,,5945,35,,,2,102,,5946,35,,,2,101,,5947,35,,,2,104,,5948,25,,,2,100,,5949,25,,,2,100,,5950,25,,,2,101,,5951,25,,,2,88,,5952,25,,,2
2300,'71',602,,4520,35,,,2,149,,4525,35,,,2,85,,4529,35,0,14 1 15,2,72,,4507,35,,,2,36,,4510,35,,,2,70,,4508,35,,,2,31,,4511,35,,,2,70,,4509,35,,,2,30,,4512,35,,,2,74,,4515,25,,,2,30,,4513,25,,,2,70,,4516,25,,,2,30,,4514,25,,,2,72,,4517,25,,,2,33,,4518,25,,,2,70,,4528,25,,,2,116,,4530,25,,,2,75,,4519,25,,,2,28,,4526,25,,,2,73,,4521,25,,,2,30,,4527,25,,,2,75,,4522,25,,,2,100,,4523,25,,,2,97,,4524,25,,,2
2300,'72',641,,4531,35,,,2,101,,4532,35,,,2,101,,4533,35,,,2,101,,4534,35,,,2,101,,4535,35,,,2,100,,4536,35,,,2,101,,4537,35,,,2,104,,4538,25,,,2,100,,4539,25,,,2,100,,4540,25,,,2,100,,4541,25,,,2,102,,4542,25,,,2
2300,'73',742,,4543,35,,,2,101,,4544,35,,,2,101,,4545,35,,,2,101,,4546,35,,,2,100,,4547,35,,,2,101,,4548,35,,,2,104,,4549,25,,,2,100,,4550,25,,,2,100,,4551,25,,,2,100,,4552,25,,,2,102,,4553,25,,,2
23100,'15',722,,6293,47,,,2
23100,'84',722,,4931,47,,,2
23500,'12',808,,6295,58,,,2
23500,'82',808,,4935,58,,,2
23501,'83',1719,,4936,70,,,2
5002300,'1',628,,6378,35,,,2,26,,6379,35,,,2,69,,6380,35,,,2
5002300,'71',628,,5028,35,,,2,26,,5027,35,,,2,69,,5029,35,,,2
