1500,'1',548,,5823,4,,,2,68,,5825,4,,,2,29,,5827,4,,,2,70,,5826,7,,,2,30,,5829,7,,,2,80,,5828,7,0,10 11,2,111,,5824,4,0,12 13,2,100,,5830,4,0,12 13,2,100,,5831,4,0,12 13,2,103,,5832,3,0,12 13,2
1500,'71',548,,4416,4,,,2,68,,4417,4,,,2,29,,4421,4,,,2,72,,4420,3,,,2,28,,4418,3,,,2,80,,4422,4,0,10 11,2,113,,4419,3,0,12 13,2,115,,4423,3,0,12 13,2,156,,4424,3,0,12 13,2,30,,4425,3,0,12 13,2,117,,4427,3,0,12 13,2,156,,4428,3,,,2,96,,4426,3,,,2,37,,4431,4,,,2,68,,4430,3,,,2,100,,4432,3,0,12 13,2,111,,4433,3,0,12 13,2,104,,4434,3,0,12 13,2
13100,'15',703,,6233,4,,,2
13100,'84',703,,4864,4,,,2
15600,'12',814,,6240,4,,,2
15600,'82',814,,4875,4,,,2
2000001500,'2',732,,7667,4,,,2,100,,7668,3,,,2,100,,7669,3,,,2,94,,7670,3,,,2,109,,7671,3,,,2,101,,7672,3,,,2,201,,7673,4,,,2,101,,7674,3,,,2,95,,7675,3,,,2,106,,7676,3,,,2,93,,7677,3,,,2
2000001500,'3',832,,7678,4,,,2,100,,7679,3,,,2,94,,7680,3,,,2,109,,7681,3,,,2,101,,7682,3,,,2,201,,7683,4,,,2,101,,7684,3,,,2,95,,7685,3,,,2,106,,7686,3,,,2,93,,7687,3,,,2
2000001500,'72',725,,5607,4,,,2,101,,5608,3,,,2,103,,5609,3,,,2,100,,5610,3,,,2,102,,5611,3,,,2,100,,5612,3,,,2,190,,5613,4,,,2,99,,5614,3,,,2,95,,5615,3,,,2,108,,5616,3,,,2,98,,5617,3,,,2
2000001500,'73',826,,5618,4,,,2,103,,5619,3,,,2,100,,5620,3,,,2,102,,5621,3,,,2,100,,5622,3,,,2,190,,5623,4,,,2,99,,5624,3,,,2,95,,5625,3,,,2,108,,5626,3,,,2,98,,5627,3,,,2
