20000,'1',847,,1044,9,,,2,67,,1043,9,,,2,28,,1042,9,,,2,70,,1041,9,,,2
20000,'3',833,,1050,9,,,2,76,,1049,9,,,2
20000,'4',837,,1055,9,,,2,76,,1054,9,,,2
5002301,'1',1548,,1319,9,,,2,76,,1317,9,,,2,27,,1316,9,,,2,161,,1318,9,,,2
5002301,'2',1619,,1322,9,,,2,29,,1320,9,,,2,164,,1321,9,,,2
5002401,'1',1549,,1330,9,,,2,76,,1328,9,,,2,27,,1329,9,,,2
5002401,'2',1620,,1331,9,,,2,29,,1332,9,,,2
5003401,'1',1620,,1339,9,,,2
5003401,'3',1612,,1340,9,,,2
5003401,'4',1616,,1341,9,,,2
5003601,'1',1539,,1350,9,,,2,81,,1348,9,,,2,25,,1349,9,,,2
5003601,'3',1614,,1351,9,,,2,27,,1352,9,,,2
5003601,'4',1616,,1353,9,,,2,24,,1354,9,,,2
5003701,'1',1541,,1365,9,,,2,105,,1364,9,,,2,162,,1366,9,,,2
5003701,'3',1641,,1367,9,,,2
5003701,'4',1641,,1368,9,,,2,165,,1369,9,,,2
5003801,'1',1621,,1371,9,,,2,92,,1370,9,,,2
5003801,'3',1613,,1373,9,,,2,93,,1372,9,,,2
5003801,'4',1617,,1375,9,,,2,92,,1374,9,,,2
1200000201,'1',626,,1672,9,,,1,15,,1671,9,,,1,16,,1674,9,,,1,58,,1676,9,,,1,12,,1670,9,,,1,10,,1683,9,,,1,17,,1673,9,,,1,57,,1689,9,,,1,17,,1669,9,,,1,14,,1679,9,,,1,15,,1691,9,,,1,52,,1686,9,,,1,13,,1681,9,,,1,13,,1692,9,,,1,16,,1677,9,,,1,52,,1695,9,,,1,17,,1688,9,,,1,18,,1690,9,,,1,14,,1696,9,,,1,55,,1694,9,,,1,15,,1698,9,,,1,15,,1700,9,,,1,15,,1693,9,,,1,55,,1701,9,,,1,15,,1702,9,,,1,15,,1703,9,,,1,15,,1704,9,,,1,55,,1706,9,,,1,16,,1697,9,,,1,15,,1699,9,,,1,15,,1709,9,,,1,55,,1710,9,,,1,14,,1712,9,,,1,15,,1708,9,,,1,16,,1713,9,,,1,51,,1714,9,,,1,12,,1705,9,,,1,17,,1707,9,,,1,16,,1715,9,,,1,54,,1716,9,,,1,20,,1718,9,,,1,9,,1720,9,,,1,14,,1711,9,,,1,13,,1723,9,,,1,55,,1726,9,,,1,13,,1727,9,,,1,13,,1731,9,,,1,14,,1734,9,,,1,55,,1719,9,,,1,7,,1717,9,,,1,8,,1732,9,,,1,13,,1733,9,,,1,14,,1722,9,,,1,53,,1721,9,,,1,14,,1728,9,,,1,14,,1724,9,,,1,20,,1729,9,,,1,70,,1736,9,,,1,32,,1730,9,,,1,76,,1738,9,,,1,29,,1740,9,,,1,69,,1737,9,,,1,26,,1735,9,,,1,72,,1739,9,,,1,83,,1741,9,,,1
1200000201,'21',1542,,1745,9,,,1,13,,1746,9,,,1
1200000201,'3',623,,1751,9,,,1,15,,1749,9,,,1,15,,1753,9,,,1,57,,1756,9,,,1,17,,1759,9,,,1,16,,1762,9,,,1,16,,1764,9,,,1,57,,1748,9,,,1,14,,1766,9,,,1,15,,1752,9,,,1,14,,1750,9,,,1,54,,1754,9,,,1,17,,1757,9,,,1,18,,1760,9,,,1,53,,1763,9,,,1,34,,1767,9,,,1,69,,1769,9,,,1,30,,1771,9,,,1,71,,1772,9,,,1,30,,1773,9,,,1,70,,1768,9,,,1,31,,1770,9,,,1,70,,1774,9,,,1,28,,1776,9,,,1,25,,1781,9,,,1,52,,1778,9,,,1,13,,1779,9,,,1,16,,1783,9,,,1,14,,1785,9,,,1,61,,1787,9,,,1,8,,1789,9,,,1,14,,1775,9,,,1,15,,1790,9,,,1,55,,1777,9,,,1,14,,1792,9,,,1,15,,1782,9,,,1,15,,1780,9,,,1,55,,1784,9,,,1,14,,1786,9,,,1,14,,1788,9,,,1,68,,1795,9,,,1,29,,1794,9,,,1,20,,1791,9,,,1,70,,1797,9,,,1,32,,1793,9,,,1,77,,1799,9,,,1,28,,1801,9,,,1,69,,1798,9,,,1,27,,1796,9,,,1,72,,1800,9,,,1,83,,1802,9,,,1
1200000201,'4',624,,1806,9,,,1,15,,1805,9,,,1,15,,1810,9,,,1,58,,1809,9,,,1,18,,1813,9,,,1,16,,1818,9,,,1,56,,1822,9,,,1,16,,1804,9,,,1,15,,1824,9,,,1,15,,1807,9,,,1,54,,1816,9,,,1,14,,1821,9,,,1,15,,1811,9,,,1,18,,1814,9,,,1,52,,1819,9,,,1,17,,1825,9,0,5 6 7,1,18,,1827,9,,,1,14,,1831,9,0,5 6 7,1,55,,1829,9,,,1,15,,1834,9,0,5 6 7,1,15,,1833,9,,,1,15,,1837,9,0,5 6 7,1,56,,1836,9,,,1,15,,1826,9,0,5 6 7,1,14,,1838,9,,,1,16,,1832,9,0,5 6 7,1,54,,1828,9,,,1,16,,1835,9,0,5 6 7,1,15,,1830,9,,,1,15,,1842,9,0,5 6 7,1,55,,1840,9,,,1,14,,1843,9,,,1,15,,1845,9,,,1,16,,1839,9,,,1,51,,1851,9,,,1,11,,1847,9,,,1,13,,1849,9,,,1,17,,1853,9,,,1,14,,1855,9,,,1,61,,1857,9,,,1,9,,1858,9,,,1,14,,1841,9,,,1,13,,1844,9,,,1,56,,1846,9,,,1,13,,1861,9,,,1,15,,1852,9,,,1,15,,1848,9,,,1,54,,1850,9,,,1,7,,1859,9,,,1,8,,1854,9,,,1,14,,1856,9,,,1,14,,1866,9,,,1,53,,1865,9,,,1,28,,1862,9,,,1,20,,1860,9,,,1,70,,1867,9,,,1,32,,1863,9,,,1,77,,1869,9,,,1,29,,1871,9,,,1,69,,1868,9,,,1,26,,1864,9,,,1,72,,1870,9,,,1,83,,1872,9,,,1
1200000201,'6',650,,1875,9,,,1,70,,1873,9,,,1,30,,1876,9,,,1,71,,1882,9,,,1,30,,1887,9,,,1,72,,1880,9,,,1,31,,1879,9,,,1,68,,1885,9,,,1,30,,1886,9,,,1,71,,1874,9,,,1,29,,1877,9,,,1,72,,1883,9,,,1,30,,1881,9,,,1,69,,1888,9,,,1,32,,1889,9,,,1,71,,1891,9,,,1,31,,1890,9,,,1,69,,1893,9,,,1,29,,1894,9,,,1,72,,1895,9,,,1,31,,1896,9,,,1,68,,1897,9,,,1,29,,1892,9,,,1,68,,1899,9,,,1,28,,1898,9,,,1,80,,1907,9,,,1,69,,1905,9,,,1,30,,1900,9,,,1,28,,1908,9,,,1,69,,1903,9,,,1,30,,1902,9,,,1,70,,1909,9,,,1,29,,1901,9,,,1,73,,1904,9,,,1,80,,1906,9,,,1
1200000201,'7',2030,,1910,9,,,1,28,,1911,9,,,1
1200000201,'9',750,,1912,9,,,1,71,,1915,9,,,1,30,,1919,9,,,1,72,,1922,9,,,1,31,,1914,9,,,1,68,,1918,9,,,1,30,,1921,9,,,1,71,,1925,9,,,1,29,,1926,9,,,1,72,,1916,9,,,1,30,,1927,9,,,1,69,,1923,9,,,1,32,,1928,9,,,1,71,,1930,9,,,1,31,,1929,9,,,1,69,,1932,9,,,1,29,,1933,9,,,1,72,,1934,9,,,1,31,,1935,9,,,1,68,,1937,9,,,1,29,,1931,9,,,1,68,,1939,9,,,1,28,,1938,9,,,1,80,,1940,9,,,1,69,,1936,9,,,1
1200000301,'1',652,,2133,9,,,1,59,,2136,9,,,1,35,,2143,9,,,1,70,,2142,9,,,1,26,,2145,9,,,1,67,,2137,9,,,1,26,,2148,9,,,1,70,,2147,9,,,1,36,,2146,9,,,1,60,,2150,9,,,1,20,,2152,9,,,1,20,,2149,9,,,1,60,,2154,9,,,1,20,,2156,9,,,1,22,,2158,9,,,1,60,,2151,9,,,1,20,,2153,9,,,1,20,,2159,9,,,1,16,,2155,9,,,1,60,,2157,9,,,1,22,,2161,9,,,1,61,,2162,9,,,1,15,,2163,9,,,1,17,,2164,9,,,1,16,,2160,9,,,1,57,,2173,9,,,1,19,,2169,9,,,1,12,,2172,9,,,1,15,,2166,9,,,1,57,,2165,9,,,1,17,,2175,9,,,1,16,,2174,9,,,1,14,,2168,9,,,1,48,,2170,9,,,1,8,,2176,9,,,1,15,,2167,9,,,1,16,,2171,9,,,1,59,,2177,9,,,1,28,,2178,9,,,1,71,,2183,9,,,1,30,,2184,9,,,1,70,,2179,9,,,1,34,,2185,9,,,1
1200000301,'3',650,,2188,9,,,1,56,,2191,9,,,1,27,,2199,9,,,1,70,,2196,9,,,1,25,,2202,9,,,1,29,,2192,9,,,1,76,,2201,9,,,1,26,,2197,9,,,1,69,,2203,9,,,1,30,,2204,9,,,1,70,,2206,9,,,1,30,,2198,9,,,1,73,,2208,9,,,1,70,,2205,9,,,1,30,,2207,9,,,1,26,,2209,9,,,1,70,,2210,9,,,1,32,,2211,9,,,1,68,,2214,9,,,1,16,,2212,9,,,1,57,,2216,9,,,1,19,,2219,9,,,1,13,,2221,9,,,1,16,,2215,9,,,1,57,,2213,9,,,1,18,,2217,9,,,1,17,,2218,9,,,1,15,,2222,9,,,1,55,,2220,9,,,1,32,,2224,9,,,1,60,,2225,9,,,1,28,,2223,9,,,1,71,,2230,9,,,1,30,,2231,9,,,1,70,,2226,9,,,1,35,,2232,9,,,1
1200000301,'4',652,,2235,9,,,1,56,,2239,9,,,1,28,,2244,9,,,1,76,,2246,9,,,1,19,,2248,9,,,1,70,,2240,9,,,1,33,,2245,9,,,1,25,,2236,9,,,1,70,,2249,9,,,1,30,,2250,9,,,1,70,,2252,9,,,1,71,,2254,9,,,1,32,,2256,9,,,1,70,,2251,9,,,1,30,,2253,9,,,1,26,,2255,9,,,1,70,,2257,9,,,1,73,,2258,9,,,1,14,,2261,9,,,1,13,,2263,9,,,1,17,,2259,9,,,1,57,,2265,9,,,1,20,,2267,9,,,1,12,,2269,9,,,1,15,,2262,9,,,1,57,,2264,9,,,1,18,,2260,9,,,1,17,,2266,9,,,1,15,,2268,9,,,1,48,,2275,9,,,1,7,,2270,9,,,1,32,,2271,9,,,1,59,,2272,9,,,1,28,,2277,9,,,1,71,,2273,9,,,1,30,,2274,9,,,1,70,,2276,9,,,1,35,,2278,9,,,1
1200000301,'6',731,,2287,9,,,1,71,,2286,9,,,1,31,,2290,9,,,1,70,,2291,9,,,1,30,,2284,9,,,1,70,,2285,9,,,1,30,,2289,9,,,1,70,,2288,9,,,1,30,,2292,9,,,1,71,,2293,9,,,1,30,,2295,9,,,1,70,,2294,9,,,1,31,,2297,9,,,1,70,,2298,9,,,1,31,,2299,9,,,1,70,,2300,9,,,1,29,,2301,9,,,1,70,,2296,9,,,1,32,,2303,9,,,1,70,,2302,9,,,1,30,,2305,9,,,1,68,,2304,9,,,1,29,,2309,9,,,1,24,,2306,9,,,1
1200000301,'9',802,,2315,9,,,1,31,,2317,9,,,1,70,,2318,9,,,1,30,,2320,9,,,1,70,,2321,9,,,1,30,,2316,9,,,1,70,,2322,9,,,1,30,,2319,9,,,1,71,,2323,9,,,1,30,,2325,9,,,1,70,,2324,9,,,1,31,,2327,9,,,1,70,,2328,9,,,1,31,,2329,9,,,1,70,,2330,9,,,1,29,,2331,9,,,1,70,,2326,9,,,1,32,,2333,9,,,1,70,,2332,9,,,1,30,,2335,9,,,1,68,,2334,9,,,1,29,,2336,9,,,1,24,,2338,9,,,1
1200000401,'1',1627,,2355,9,,,1,29,,2354,9,,,1,64,,2358,9,,,1
1200000401,'3',1619,,2366,9,,,1,28,,2363,9,,,1,67,,2364,9,,,1
1200000401,'4',1622,,2373,9,,,1,29,,2375,9,,,1,65,,2376,9,,,1
