3400,'1',613,,6032,18,,,2,114,,6033,20,,,2,79,,6031,18,,,2,752,,6037,18,,,2,144,,6034,20,,,2,28,,6035,20,,,2,92,,6036,20,,,2
3400,'13',840,,6038,20,0,24 1 15,2
3400,'71',613,,4634,18,,,2,114,,4635,20,,,2,77,,4636,18,,,2,36,,4633,20,0,24 1 15,2,677,,4637,9,,,2,41,,4638,18,,,2,91,,4639,20,,,2,82,,4640,20,,,2,89,,4641,20,,,2
34501,'83',1637,,4950,37,,,2
5003400,'1',636,,6388,18,,,2,22,,6387,18,,,2
5003400,'71',636,,5039,18,,,2,21,,5038,18,,,2
2000003400,'2',721,,7742,18,,,2,85,,7743,20,,,2,46,,7744,20,,,2,85,,7745,20,,,2,87,,7746,20,,,2,86,,7747,20,,,2,45,,7748,20,,,2,88,,7749,20,,,2,171,,7750,20,,,2,43,,7751,20,,,2,87,,7752,20,,,2,83,,7753,20,,,2,90,,7754,20,,,2,42,,7755,20,,,2,81,,7756,20,,,2
2000003400,'3',806,,7757,18,,,2,46,,7758,20,,,2,85,,7759,20,,,2,87,,7760,20,,,2,86,,7761,20,,,2,45,,7762,20,,,2,88,,7763,20,,,2,171,,7764,20,,,2,43,,7765,20,,,2,87,,7766,20,,,2,83,,7767,20,,,2,90,,7768,20,,,2,42,,7769,20,,,2,81,,7770,20,,,2
2000003400,'72',721,,5682,18,,,2,85,,5683,20,,,2,45,,5684,20,,,2,85,,5685,20,,,2,85,,5686,20,,,2,86,,5687,20,,,2,45,,5688,20,,,2,85,,5689,20,,,2,174,,5690,20,,,2,41,,5691,20,,,2,92,,5692,20,,,2,78,,5693,20,,,2,93,,5694,20,,,2,38,,5695,20,,,2,87,,5696,20,,,2
2000003400,'73',806,,5697,18,,,2,45,,5698,20,,,2,85,,5699,20,,,2,85,,5700,20,,,2,86,,5701,20,,,2,45,,5702,20,,,2,85,,5703,20,,,2,174,,5704,20,,,2,41,,5705,20,,,2,92,,5706,20,,,2,78,,5707,20,,,2,93,,5708,20,,,2,38,,5709,20,,,2,87,,5710,20,,,2
