11100,'15',719,,6226,28,,,2
11100,'86',719,,4850,28,,,2
11900,'16',840,,6228,15,,,2
11900,'87',840,,4854,15,,,2
1001101,'1',601,,6322,35,,,1,29,,6326,69,,,1,73,,6323,69,,,1,32,,6327,69,,,1,73,,6324,69,,,1,22,,6320,69,,,1,81,,6325,69,,,1,42,,6328,69,,,1,70,,6329,69,,,1,35,,6333,69,,,1,70,,6330,69,,,1,75,,6334,69,,,1,30,,6331,69,,,1,73,,6335,69,,,1,30,,6332,69,,,1,78,,6336,69,,,1,30,,6338,69,,,1,88,,6337,69,,,1,72,,6339,69,,,1,49,,6341,69,,,1,62,,6340,69,,,1,21,,6344,69,,,1,67,,6342,69,,,1,33,,6345,69,,,1,69,,6343,69,,,1,31,,6346,69,,,1,100,,6347,69,,,1,99,,6348,69,,,1,100,,6349,69,,,1
1001101,'2',733,,6351,35,,,1,99,,6352,69,,,1,103,,6353,69,,,1,101,,6354,69,,,1,99,,6355,69,,,1,100,,6359,69,,,1,100,,6360,69,,,1,101,,6358,69,,,1,100,,6356,69,,,1,99,,6357,69,,,1,102,,6361,69,,,1,97,,6362,69,,,1,100,,6363,69,,,1,99,,6364,69,,,1,100,,6365,69,,,1,100,,6366,69,,,1
1001101,'3',935,,6368,35,,,1,101,,6369,69,,,1,99,,6372,69,,,1,100,,6373,69,,,1,100,,6370,69,,,1,101,,6371,69,,,1,100,,6374,69,,,1,99,,6375,69,,,1,102,,6376,69,,,1,97,,6377,69,,,1
1001101,'71',601,,4969,35,,,1,29,,4973,69,,,1,73,,4970,69,,,1,32,,4974,69,,,1,73,,4971,69,,,1,22,,4976,69,,,1,81,,4972,69,,,1,42,,4978,69,,,1,70,,4975,69,,,1,35,,4979,69,,,1,70,,4982,69,,,1,75,,4980,69,,,1,30,,4983,69,,,1,73,,4981,69,,,1,30,,4984,69,,,1,78,,4986,69,,,1,30,,4985,69,,,1,88,,4987,69,,,1,72,,4989,69,,,1,49,,4988,69,,,1,62,,4990,69,,,1,21,,4993,69,,,1,67,,4991,69,,,1,33,,4994,69,,,1,69,,4992,69,,,1,31,,4995,69,,,1,100,,4996,69,,,1,99,,4997,69,,,1,100,,4998,69,,,1
1001101,'72',733,,5003,35,,,1,99,,5000,69,,,1,103,,5001,69,,,1,101,,5002,69,,,1,99,,5004,69,,,1,100,,5005,69,,,1,100,,5006,69,,,1,101,,5007,69,,,1,100,,5008,69,,,1,99,,5009,69,,,1,102,,5010,69,,,1,97,,5011,69,,,1,100,,5012,69,,,1,99,,5013,69,,,1,100,,5014,69,,,1,100,,5015,69,,,1
1001101,'73',935,,5017,35,,,1,101,,5018,69,,,1,99,,5019,69,,,1,100,,5020,69,,,1,100,,5021,69,,,1,101,,5022,69,,,1,100,,5023,69,,,1,99,,5024,69,,,1,102,,5025,69,,,1,97,,5026,69,,,1
