2300,'1',559,,5924,27,,,2,194,,5919,27,,,2,80,,5927,27,,,2,75,,5904,27,,,2,36,,5906,27,,,2,70,,5905,27,,,2,30,,5907,27,,,2,70,,5908,27,,,2,30,,5909,27,,,2
2300,'2',636,,5930,27,,,2,100,,5931,27,,,2,101,,5932,27,,,2,102,,5933,27,,,2,102,,5934,27,,,2,102,,5935,27,,,2,101,,5936,27,,,2
2300,'3',736,,5942,27,,,2,101,,5943,27,,,2,102,,5944,27,,,2,102,,5945,27,,,2,102,,5946,27,,,2,101,,5947,27,,,2
2300,'71',559,,4520,27,,,2,189,,4525,27,,,2,85,,4529,27,0,14 1 15,2,72,,4507,27,,,2,36,,4510,27,,,2,70,,4508,27,,,2,31,,4511,27,,,2,70,,4509,27,,,2,30,,4512,27,,,2
2300,'72',638,,4531,27,,,2,101,,4532,27,,,2,101,,4533,27,,,2,101,,4534,27,,,2,101,,4535,27,,,2,100,,4536,27,,,2,101,,4537,27,,,2
2300,'73',739,,4543,27,,,2,101,,4544,27,,,2,101,,4545,27,,,2,101,,4546,27,,,2,100,,4547,27,,,2,101,,4548,27,,,2
23100,'15',717,,6293,39,,,2
23100,'84',717,,4931,39,,,2
23500,'12',805,,6295,50,,,2
23500,'82',805,,4935,50,,,2
5002300,'1',625,,6378,27,,,2,25,,6379,27,,,2,69,,6380,27,,,2
5002300,'71',625,,5028,27,,,2,25,,5027,27,,,2,69,,5029,27,,,2
