2300,'1',610,,5924,48,,,2,195,,5919,48,,,2,40,,5927,48,,,2,74,,5904,48,,,2,36,,5906,48,,,2,70,,5905,48,,,2,30,,5907,48,,,2,70,,5908,48,,,2,30,,5909,48,,,2,70,,5912,34,,,2,30,,5910,34,,,2,70,,5913,34,,,2,30,,5911,34,,,2,71,,5914,34,,,2,33,,5915,34,,,2,72,,5917,34,,,2,119,,5918,34,,,2,77,,5916,34,,,2,24,,5925,34,,,2,72,,5920,34,,,2,30,,5926,34,,,2,73,,5921,34,,,2,102,,5922,34,,,2,95,,5923,34,,,2
2300,'13',844,,5928,12,0,14 1 15,2
2300,'2',647,,5930,48,,,2,100,,5931,48,,,2,101,,5932,48,,,2,102,,5933,48,,,2,102,,5934,48,,,2,102,,5935,48,,,2,101,,5936,48,,,2,101,,5937,34,,,2,100,,5938,34,,,2,100,,5939,34,,,2,101,,5940,34,,,2,88,,5941,34,,,2
2300,'3',747,,5942,48,,,2,101,,5943,48,,,2,102,,5944,48,,,2,102,,5945,48,,,2,102,,5946,48,,,2,101,,5947,48,,,2,101,,5948,34,,,2,100,,5949,34,,,2,100,,5950,34,,,2,101,,5951,34,,,2,88,,5952,34,,,2
2300,'71',610,,4520,48,,,2,190,,4525,48,,,2,45,,4529,48,0,14 1 15,2,71,,4507,48,,,2,36,,4510,48,,,2,70,,4508,48,,,2,31,,4511,48,,,2,70,,4509,48,,,2,30,,4512,48,,,2,71,,4515,34,,,2,30,,4513,34,,,2,70,,4516,34,,,2,30,,4514,34,,,2,72,,4517,34,,,2,33,,4518,34,,,2,70,,4528,34,,,2,117,,4530,34,,,2,75,,4519,34,,,2,28,,4526,34,,,2,72,,4521,34,,,2,30,,4527,34,,,2,75,,4522,34,,,2,100,,4523,34,,,2,97,,4524,34,,,2
2300,'72',649,,4531,48,,,2,101,,4532,48,,,2,101,,4533,48,,,2,101,,4534,48,,,2,101,,4535,48,,,2,100,,4536,48,,,2,101,,4537,48,,,2,101,,4538,34,,,2,100,,4539,34,,,2,100,,4540,34,,,2,100,,4541,34,,,2,102,,4542,34,,,2
2300,'73',750,,4543,48,,,2,101,,4544,48,,,2,101,,4545,48,,,2,101,,4546,48,,,2,100,,4547,48,,,2,101,,4548,48,,,2,101,,4549,34,,,2,100,,4550,34,,,2,100,,4551,34,,,2,100,,4552,34,,,2,102,,4553,34,,,2
2300,'87',844,,4554,12,0,14 1 15,2
2400,'1',640,,6004,24,,,2,163,,6003,24,,,2
2400,'71',640,,4604,24,,,2,163,,4603,24,,,2
6500,'1',643,,6220,45,,,2,59,,6221,45,,,2,30,,6222,45,,,2
6500,'71',643,,4845,45,,,2,59,,4846,45,,,2,30,,4844,45,,,2
22100,'15',713,,6288,18,,,2
22100,'84',713,,4923,18,,,2
5002300,'1',637,,6378,48,,,2,66,,6379,48,,,2,30,,6380,48,,,2
5002300,'71',637,,5028,48,,,2,66,,5027,48,,,2,30,,5029,48,,,2
5002400,'1',703,,6384,24,,,2,28,,6383,24,,,2
5002400,'71',703,,5034,24,,,2,28,,5033,24,,,2
1200000100,'1',557,,7140,39,0,14,1,64,,7141,39,,,1,30,,7142,39,,,1,59,,7143,39,,,1,30,,7146,39,0,16 1 17,1,71,,7144,39,,,1
1200000100,'71',557,,5060,39,0,14,1,64,,5061,39,,,1,30,,5062,39,,,1,59,,5063,39,,,1,30,,5066,39,0,16 1 17,1,71,,5064,39,,,1
1200000300,'1',619,,7407,39,,,1,16,,7410,39,,,1,14,,7412,39,,,1,10,,7415,39,,,1,49,,7409,39,,,1,16,,7417,39,,,1,14,,7413,39,,,1,15,,7418,39,,,1,56,,7420,39,,,1,16,,7408,39,,,1,15,,7411,39,,,1,15,,7416,39,,,1,70,,7414,39,,,1,32,,7419,39,,,1,73,,7421,39,,,1,70,,7423,39,,,1,30,,7425,39,,,1,72,,7427,39,,,1,30,,7422,39,,,1,70,,7424,39,,,1,28,,7426,39,,,1,70,,7428,39,,,1,29,,7429,39,,,1,74,,7430,39,,,1,31,,7433,41,,,1,67,,7434,41,,,1,28,,7435,41,,,1,72,,7432,41,,,1,31,,7431,41,,,1,73,,7436,41,,,1,24,,7439,39,,,1,27,,7437,39,,,1,61,,7441,39,,,1,30,,7442,39,,,1,72,,7440,39,,,1,33,,7447,39,,,1,66,,7438,39,,,1,27,,7443,39,,,1,70,,7444,39,,,1,30,,7448,39,,,1,66,,7445,39,,,1,30,,7449,39,,,1,68,,7446,39,,,1
1200000300,'2',657,,7450,39,,,1,70,,7453,39,,,1,30,,7456,39,,,1,71,,7459,39,,,1,30,,7451,39,,,1,71,,7454,39,,,1,30,,7457,39,,,1,71,,7460,39,,,1,71,,7452,39,,,1,30,,7455,39,,,1,71,,7458,39,,,1,30,,7461,39,,,1,71,,7462,39,,,1,30,,7466,39,,,1,70,,7472,39,,,1,30,,7469,39,,,1,70,,7463,39,,,1,30,,7467,39,,,1,69,,7473,39,,,1,30,,7470,39,,,1,70,,7464,39,,,1,30,,7468,39,,,1,69,,7474,39,,,1,30,,7471,39,,,1,19,,7465,39,,,1,94,,7475,39,,,1,100,,7476,39,,,1,96,,7477,39,,,1,99,,7478,39,,,1,177,,7479,39,,,1
1200000300,'3',727,,7480,39,,,1,30,,7482,39,,,1,71,,7488,39,,,1,30,,7485,39,,,1,71,,7481,39,,,1,30,,7483,39,,,1,71,,7489,39,,,1,71,,7486,39,,,1,30,,7490,39,,,1,71,,7484,39,,,1,30,,7492,39,,,1,71,,7487,39,,,1,30,,7491,39,,,1,70,,7494,39,,,1,30,,7493,39,,,1,70,,7498,39,,,1,30,,7501,39,,,1,69,,7495,39,,,1,30,,7504,39,,,1,70,,7499,39,,,1,30,,7502,39,,,1,69,,7496,39,,,1,30,,7505,39,,,1,19,,7500,39,,,1,94,,7497,39,,,1,157,,7503,39,,,1
1200000300,'71',619,,5347,39,,,1,16,,5350,39,,,1,14,,5352,39,,,1,10,,5354,39,,,1,49,,5349,39,,,1,10,,5356,39,,,1,10,,5359,39,,,1,10,,5353,39,,,1,15,,5361,39,,,1,56,,5363,39,,,1,16,,5348,39,,,1,15,,5351,39,,,1,15,,5357,39,,,1,55,,5360,39,,,1,15,,5358,39,,,1,15,,5355,39,,,1,60,,5362,39,,,1,20,,5364,39,,,1,20,,5366,39,,,1,60,,5368,39,,,1,20,,5369,39,,,1,20,,5371,39,,,1,62,,5373,39,,,1,20,,5365,39,,,1,20,,5367,39,,,1,60,,5374,39,,,1,18,,5370,39,,,1,20,,5372,39,,,1,19,,5376,39,,,1,60,,5378,39,,,1,19,,5380,39,,,1,65,,5375,39,,,1,31,,5383,41,,,1,67,,5377,41,,,1,29,,5379,41,,,1,73,,5384,41,,,1,29,,5382,41,,,1,73,,5381,41,,,1,21,,5385,39,,,1,30,,5386,39,,,1,61,,5388,39,,,1,30,,5390,39,,,1,72,,5391,39,,,1,33,,5395,39,,,1,66,,5389,39,,,1,27,,5387,39,,,1,70,,5392,39,,,1,30,,5396,39,,,1,66,,5393,39,,,1,30,,5397,39,,,1,68,,5394,39,,,1
1200000300,'72',645,,5398,39,,,1,70,,5399,39,,,1,30,,5404,39,,,1,70,,5408,39,,,1,32,,5402,39,,,1,71,,5401,39,,,1,28,,5406,39,,,1,70,,5407,39,,,1,31,,5409,39,,,1,69,,5400,39,,,1,31,,5405,39,,,1,70,,5403,39,,,1,29,,5410,39,,,1,72,,5411,39,,,1,29,,5413,39,,,1,73,,5412,39,,,1,29,,5415,39,,,1,69,,5416,39,,,1,30,,5417,39,,,1,71,,5418,39,,,1,29,,5419,39,,,1,69,,5414,39,,,1,31,,5421,39,,,1,69,,5420,39,,,1,33,,5422,39,,,1,94,,5423,39,,,1,100,,5424,39,,,1,96,,5425,39,,,1,99,,5426,39,,,1,177,,5427,39,,,1
1200000300,'73',715,,5428,39,,,1,30,,5430,39,,,1,70,,5433,39,,,1,32,,5435,39,,,1,71,,5429,39,,,1,28,,5432,39,,,1,70,,5434,39,,,1,31,,5436,39,,,1,69,,5437,39,,,1,31,,5431,39,,,1,70,,5438,39,,,1,29,,5440,39,,,1,72,,5439,39,,,1,29,,5442,39,,,1,73,,5441,39,,,1,29,,5444,39,,,1,69,,5445,39,,,1,30,,5446,39,,,1,71,,5447,39,,,1,29,,5448,39,,,1,69,,5443,39,,,1,31,,5450,39,,,1,69,,5449,39,,,1,33,,5451,39,,,1,94,,5452,39,,,1,157,,5453,39,,,1
2000002200,'1',645,,7709,65,0,18 19 20,2,90,,7711,37,0,18 19 20,2,100,,7713,37,0,18 19 20,2
2000002200,'71',645,,5649,65,0,18 19 20,2,90,,5651,37,0,18 19 20,2,100,,5653,37,0,18 19 20,2
2000002201,'1',1626,,7714,69,,,2,83,,7715,69,,,2,48,,7716,69,,,2,84,,7717,69,,,2
2000002201,'71',1626,,5654,69,,,2,83,,5655,69,,,2,44,,5656,69,,,2,88,,5657,69,,,2
