2300,'1',553,,5924,13,,,2,194,,5919,13,,,2,79,,5927,13,,,2,76,,5904,13,,,2,36,,5906,13,,,2,70,,5905,13,,,2,30,,5907,13,,,2,70,,5908,13,,,2,30,,5909,13,,,2,77,,5912,13,,,2,30,,5910,13,,,2,70,,5913,13,,,2,30,,5911,13,,,2,71,,5914,13,,,2,33,,5915,13,,,2,72,,5917,13,,,2,118,,5918,13,,,2,77,,5916,13,,,2,24,,5925,13,,,2,73,,5920,13,,,2,30,,5926,13,,,2,73,,5921,13,,,2,102,,5922,13,,,2,95,,5923,13,,,2
2300,'2',631,,5930,13,,,2,100,,5931,13,,,2,101,,5932,13,,,2,102,,5933,13,,,2,102,,5934,13,,,2,102,,5935,13,,,2,101,,5936,13,,,2,108,,5937,13,,,2,100,,5938,13,,,2,100,,5939,13,,,2,101,,5940,13,,,2,88,,5941,13,,,2
2300,'3',731,,5942,13,,,2,101,,5943,13,,,2,102,,5944,13,,,2,102,,5945,13,,,2,102,,5946,13,,,2,101,,5947,13,,,2,108,,5948,13,,,2,100,,5949,13,,,2,100,,5950,13,,,2,101,,5951,13,,,2,88,,5952,13,,,2
2300,'71',553,,4520,13,,,2,189,,4525,13,,,2,84,,4529,13,0,14 1 15,2,33,,4507,13,,,2,76,,4510,13,,,2,70,,4508,13,,,2,31,,4511,13,,,2,70,,4509,13,,,2,30,,4512,13,,,2,78,,4515,13,,,2,30,,4513,13,,,2,70,,4516,13,,,2,30,,4514,13,,,2,72,,4517,13,,,2,33,,4518,13,,,2,70,,4528,13,,,2,116,,4530,13,,,2,75,,4519,13,,,2,28,,4526,13,,,2,73,,4521,13,,,2,30,,4527,13,,,2,75,,4522,13,,,2,100,,4523,13,,,2,97,,4524,13,,,2
2300,'72',633,,4531,13,,,2,101,,4532,13,,,2,101,,4533,13,,,2,101,,4534,13,,,2,101,,4535,13,,,2,100,,4536,13,,,2,101,,4537,13,,,2,108,,4538,13,,,2,100,,4539,13,,,2,100,,4540,13,,,2,100,,4541,13,,,2,102,,4542,13,,,2
2300,'73',734,,4543,13,,,2,101,,4544,13,,,2,101,,4545,13,,,2,101,,4546,13,,,2,100,,4547,13,,,2,101,,4548,13,,,2,108,,4549,13,,,2,100,,4550,13,,,2,100,,4551,13,,,2,100,,4552,13,,,2,102,,4553,13,,,2
23100,'15',711,,6293,25,,,2
23100,'84',711,,4931,25,,,2
23500,'12',758,,6295,36,,,2
23500,'82',758,,4935,36,,,2
23501,'83',1715,,4936,58,,,2
5002300,'1',618,,6378,13,,,2,25,,6379,13,,,2,69,,6380,13,,,2
5002300,'71',618,,5028,13,,,2,25,,5027,13,,,2,69,,5029,13,,,2
