20000,'1',838,,1044,3,,,2,67,,1043,3,,,2,28,,1042,3,,,2,70,,1041,3,,,2
20000,'3',825,,1050,3,,,2,76,,1049,3,,,2
20000,'4',828,,1055,3,,,2,76,,1054,3,,,2
5002300,'1',702,,1309,64,4,,2,30,,1311,64,4,,2,71,,1312,64,4,,2,30,,1310,64,4,,2
5002300,'2',657,,1315,64,4,,2,64,,1313,64,4,,2,34,,1314,64,4,,2
5002301,'1',1534,,1319,3,,,2,75,,1317,3,,,2,30,,1316,3,,,2,164,,1318,3,,,2
5002301,'2',1609,,1322,3,,,2,30,,1320,3,,,2,164,,1321,3,,,2
5002400,'1',732,,1325,40,4,,2,68,,1323,40,4,,2,31,,1324,40,4,,2
5002400,'2',724,,1327,40,4,,2,31,,1326,40,4,,2
5002401,'1',1535,,1330,3,,,2,75,,1328,3,,,2,30,,1329,3,,,2
5002401,'2',1610,,1331,3,,,2,30,,1332,3,,,2
5003400,'1',709,,1334,42,4,,2,17,,1333,42,4,,2
5003400,'3',702,,1336,42,4,,2,16,,1335,42,4,,2
5003400,'4',707,,1338,42,4,,2,17,,1337,42,4,,2
5003401,'1',1605,,1339,3,,,2
5003401,'3',1603,,1340,3,,,2
5003401,'4',1605,,1341,3,,,2
5003600,'1',726,,1343,42,4,,2
5003600,'3',718,,1345,42,4,,2
5003600,'4',724,,1347,42,4,,2
5003601,'1',1526,,1350,3,,,2,79,,1348,3,,,2,27,,1349,3,,,2
5003601,'3',1604,,1351,3,,,2,28,,1352,3,,,2
5003601,'4',1604,,1353,3,,,2,26,,1354,3,,,2
5003700,'1',726,,1356,70,4,,2,76,,1358,70,4,,2,31,,1359,70,4,,2,70,,1357,77,4,,2
5003700,'3',718,,1361,70,4,,2,34,,1360,70,4,,2
5003700,'4',724,,1362,70,4,,2,76,,1363,70,4,,2
5003701,'1',1525,,1365,3,,,2,107,,1364,3,,,2,126,,1366,3,,,2
5003701,'3',1632,,1367,3,,,2
5003701,'4',1631,,1368,3,,,2,126,,1369,3,,,2
5003801,'1',1606,,1371,3,,,2,95,,1370,3,,,2
5003801,'3',1604,,1373,3,,,2,53,,1372,3,,,2
5003801,'4',1606,,1375,3,,,2,94,,1374,3,,,2
1200000201,'1',617,,1672,3,,,1,15,,1671,3,,,1,16,,1674,3,,,1,3,,1684,3,4,,1,55,,1676,3,,,1,11,,1670,3,,,1,10,,1683,3,,,1,17,,1673,3,,,1,57,,1689,3,,,1,17,,1669,3,,,1,15,,1679,3,,,1,15,,1691,3,,,1,52,,1686,3,,,1,13,,1681,3,,,1,13,,1692,3,,,1,16,,1677,3,,,1,12,,1695,3,,,1,57,,1688,3,,,1,18,,1690,3,,,1,14,,1696,3,,,1,15,,1694,3,,,1,55,,1698,3,,,1,15,,1700,3,,,1,15,,1693,3,,,1,15,,1701,3,,,1,55,,1702,3,,,1,15,,1703,3,,,1,15,,1704,3,,,1,15,,1706,3,,,1,56,,1697,3,,,1,15,,1699,3,,,1,15,,1709,3,,,1,15,,1710,3,,,1,54,,1712,3,,,1,15,,1708,3,,,1,15,,1713,3,,,1,11,,1714,3,,,1,51,,1705,3,,,1,13,,1707,3,,,1,16,,1715,3,,,1,14,,1716,3,,,1,60,,1718,3,,,1,9,,1720,3,,,1,15,,1711,3,,,1,14,,1723,3,,,1,56,,1726,3,,,1,13,,1727,3,,,1,14,,1731,3,,,1,15,,1734,3,,,1,15,,1719,3,,,1,47,,1717,3,,,1,8,,1732,3,,,1,14,,1733,3,,,1,14,,1722,3,,,1,14,,1721,3,,,1,54,,1728,3,,,1,14,,1724,3,,,1,20,,1729,3,,,1,70,,1736,3,,,1,32,,1730,3,,,1,76,,1738,3,,,1,29,,1740,3,,,1,69,,1737,3,,,1,26,,1735,3,,,1,72,,1739,3,,,1,83,,1741,3,,,1
1200000201,'21',710,,1742,3,4,,1,25,,1744,3,4,,1,88,,1743,3,4,,1,703,,1745,3,,,1,15,,1746,3,,,1
1200000201,'3',615,,1751,3,,,1,15,,1749,3,,,1,15,,1753,3,,,1,56,,1756,3,,,1,17,,1759,3,,,1,16,,1762,3,,,1,16,,1764,3,,,1,57,,1748,3,,,1,15,,1766,3,,,1,15,,1752,3,,,1,14,,1750,3,,,1,54,,1754,3,,,1,17,,1757,3,,,1,18,,1760,3,,,1,13,,1763,3,,,1,74,,1767,3,,,1,29,,1769,3,,,1,70,,1771,3,,,1,30,,1772,3,,,1,70,,1773,3,,,1,30,,1768,3,,,1,71,,1770,3,,,1,30,,1774,3,,,1,68,,1776,3,,,1,25,,1781,3,,,1,52,,1778,3,,,1,13,,1779,3,,,1,16,,1783,3,,,1,14,,1785,3,,,1,61,,1787,3,,,1,8,,1789,3,,,1,14,,1775,3,,,1,15,,1790,3,,,1,15,,1777,3,,,1,54,,1792,3,,,1,15,,1782,3,,,1,15,,1780,3,,,1,15,,1784,3,,,1,54,,1786,3,,,1,14,,1788,3,,,1,29,,1795,3,,,1,69,,1794,3,,,1,20,,1791,3,,,1,70,,1797,3,,,1,32,,1793,3,,,1,77,,1799,3,,,1,28,,1801,3,,,1,69,,1798,3,,,1,27,,1796,3,,,1,72,,1800,3,,,1,83,,1802,3,,,1
1200000201,'4',616,,1806,3,,,1,15,,1805,3,,,1,15,,1810,3,,,1,57,,1809,3,,,1,18,,1813,3,,,1,16,,1818,3,,,1,16,,1822,3,,,1,56,,1804,3,,,1,15,,1824,3,,,1,15,,1807,3,,,1,14,,1816,3,,,1,54,,1821,3,,,1,15,,1811,3,,,1,18,,1814,3,,,1,13,,1819,3,,,1,57,,1825,3,0,5 6 7,1,18,,1827,3,,,1,14,,1831,3,0,5 6 7,1,15,,1829,3,,,1,55,,1834,3,0,5 6 7,1,15,,1833,3,,,1,15,,1837,3,0,5 6 7,1,15,,1836,3,,,1,55,,1826,3,0,5 6 7,1,14,,1838,3,,,1,16,,1832,3,0,5 6 7,1,14,,1828,3,,,1,56,,1835,3,0,5 6 7,1,15,,1830,3,,,1,15,,1842,3,0,5 6 7,1,15,,1840,3,,,1,54,,1843,3,,,1,15,,1845,3,,,1,16,,1839,3,,,1,11,,1851,3,,,1,51,,1847,3,,,1,13,,1849,3,,,1,16,,1853,3,,,1,14,,1855,3,,,1,60,,1857,3,,,1,9,,1858,3,,,1,15,,1841,3,,,1,14,,1844,3,,,1,56,,1846,3,,,1,13,,1861,3,,,1,15,,1852,3,,,1,15,,1848,3,,,1,14,,1850,3,,,1,47,,1859,3,,,1,8,,1854,3,,,1,14,,1856,3,,,1,14,,1866,3,,,1,14,,1865,3,,,1,68,,1862,3,,,1,20,,1860,3,,,1,70,,1867,3,,,1,32,,1863,3,,,1,77,,1869,3,,,1,29,,1871,3,,,1,69,,1868,3,,,1,26,,1864,3,,,1,72,,1870,3,,,1,83,,1872,3,,,1
1200000201,'6',642,,1875,3,,,1,70,,1873,3,,,1,30,,1876,3,,,1,71,,1882,3,,,1,30,,1887,3,,,1,72,,1880,3,,,1,31,,1879,3,,,1,68,,1885,3,,,1,30,,1886,3,,,1,71,,1874,3,,,1,29,,1877,3,,,1,71,,1883,3,,,1,30,,1881,3,,,1,69,,1888,3,,,1,32,,1889,3,,,1,71,,1891,3,,,1,31,,1890,3,,,1,69,,1893,3,,,1,29,,1894,3,,,1,72,,1895,3,,,1,31,,1896,3,,,1,68,,1897,3,,,1,29,,1892,3,,,1,69,,1899,3,,,1,28,,1898,3,,,1,80,,1907,3,,,1,29,,1905,3,,,1,70,,1900,3,,,1,28,,1908,3,,,1,69,,1903,3,,,1,30,,1902,3,,,1,70,,1909,3,,,1,29,,1901,3,,,1,73,,1904,3,,,1,80,,1906,3,,,1
1200000201,'7',2022,,1910,3,,,1,28,,1911,3,,,1
1200000201,'9',742,,1912,3,,,1,71,,1915,3,,,1,30,,1919,3,,,1,72,,1922,3,,,1,31,,1914,3,,,1,68,,1918,3,,,1,30,,1921,3,,,1,71,,1925,3,,,1,29,,1926,3,,,1,71,,1916,3,,,1,30,,1927,3,,,1,69,,1923,3,,,1,32,,1928,3,,,1,71,,1930,3,,,1,31,,1929,3,,,1,69,,1932,3,,,1,29,,1933,3,,,1,72,,1934,3,,,1,31,,1935,3,,,1,68,,1937,3,,,1,29,,1931,3,,,1,69,,1939,3,,,1,28,,1938,3,,,1,80,,1940,3,,,1,29,,1936,3,,,1
1200000301,'1',643,,2133,3,,,1,59,,2136,3,,,1,15,,2138,3,4,,1,11,,2141,3,4,,1,8,,2143,3,,,1,2,,2135,3,4,,1,16,,2144,3,4,,1,52,,2142,3,,,1,3,,2140,3,4,,1,24,,2145,3,,,1,67,,2137,3,,,1,26,,2148,3,,,1,30,,2147,3,,,1,76,,2146,3,,,1,20,,2150,3,,,1,60,,2152,3,,,1,20,,2149,3,,,1,20,,2154,3,,,1,60,,2156,3,,,1,22,,2158,3,,,1,20,,2151,3,,,1,60,,2153,3,,,1,20,,2159,3,,,1,16,,2155,3,,,1,60,,2157,3,,,1,22,,2161,3,,,1,20,,2162,3,,,1,54,,2163,3,,,1,13,,2164,3,,,1,16,,2160,3,,,1,17,,2173,3,,,1,59,,2169,3,,,1,13,,2172,3,,,1,16,,2166,3,,,1,17,,2165,3,,,1,58,,2175,3,,,1,17,,2174,3,,,1,15,,2168,3,,,1,8,,2170,3,,,1,48,,2176,3,,,1,15,,2167,3,,,1,17,,2171,3,,,1,20,,2177,3,,,1,68,,2178,3,,,1,31,,2183,3,,,1,70,,2184,3,,,1,30,,2179,3,,,1,74,,2185,3,,,1
1200000301,'3',641,,2188,3,,,1,16,,2191,3,,,1,48,,2193,3,4,,1,18,,2199,3,,,1,2,,2190,3,4,,1,16,,2200,3,4,,1,13,,2196,3,,,1,1,,2195,3,4,,1,64,,2202,3,,,1,30,,2192,3,,,1,76,,2201,3,,,1,26,,2197,3,,,1,69,,2203,3,,,1,30,,2204,3,,,1,70,,2206,3,,,1,30,,2198,3,,,1,72,,2208,3,,,1,30,,2205,3,,,1,70,,2207,3,,,1,26,,2209,3,,,1,70,,2210,3,,,1,32,,2211,3,,,1,68,,2214,3,,,1,16,,2212,3,,,1,17,,2216,3,,,1,59,,2219,3,,,1,13,,2221,3,,,1,16,,2215,3,,,1,17,,2213,3,,,1,58,,2217,3,,,1,17,,2218,3,,,1,15,,2222,3,,,1,55,,2220,3,,,1,32,,2224,3,,,1,21,,2225,3,,,1,68,,2223,3,,,1,31,,2230,3,,,1,70,,2231,3,,,1,30,,2226,3,,,1,75,,2232,3,,,1
1200000301,'4',643,,2235,3,,,1,16,,2239,3,,,1,50,,2241,3,4,,1,17,,2244,3,,,1,3,,2238,3,4,,1,16,,2247,3,4,,1,13,,2243,3,4,,1,45,,2246,3,,,1,19,,2248,3,,,1,30,,2240,3,,,1,73,,2245,3,,,1,26,,2236,3,,,1,70,,2249,3,,,1,30,,2250,3,,,1,70,,2252,3,,,1,30,,2254,3,,,1,72,,2256,3,,,1,30,,2251,3,,,1,70,,2253,3,,,1,26,,2255,3,,,1,70,,2257,3,,,1,33,,2258,3,,,1,54,,2261,3,,,1,13,,2263,3,,,1,16,,2259,3,,,1,17,,2265,3,,,1,59,,2267,3,,,1,13,,2269,3,,,1,16,,2262,3,,,1,17,,2264,3,,,1,58,,2260,3,,,1,17,,2266,3,,,1,15,,2268,3,,,1,8,,2275,3,,,1,47,,2270,3,,,1,32,,2271,3,,,1,20,,2272,3,,,1,68,,2277,3,,,1,31,,2273,3,,,1,70,,2274,3,,,1,30,,2276,3,,,1,75,,2278,3,,,1
1200000301,'6',723,,2287,3,,,1,31,,2286,3,,,1,71,,2290,3,,,1,30,,2291,3,,,1,70,,2284,3,,,1,30,,2285,3,,,1,70,,2289,3,,,1,30,,2288,3,,,1,70,,2292,3,,,1,30,,2293,3,,,1,70,,2295,3,,,1,30,,2294,3,,,1,71,,2297,3,,,1,30,,2298,3,,,1,71,,2299,3,,,1,30,,2300,3,,,1,69,,2301,3,,,1,30,,2296,3,,,1,72,,2303,3,,,1,30,,2302,3,,,1,70,,2305,3,,,1,29,,2304,3,,,1,69,,2309,3,,,1,24,,2306,3,,,1
1200000301,'9',754,,2315,3,,,1,71,,2317,3,,,1,30,,2318,3,,,1,70,,2320,3,,,1,30,,2321,3,,,1,70,,2316,3,,,1,30,,2322,3,,,1,70,,2319,3,,,1,30,,2323,3,,,1,70,,2325,3,,,1,30,,2324,3,,,1,71,,2327,3,,,1,30,,2328,3,,,1,71,,2329,3,,,1,30,,2330,3,,,1,69,,2331,3,,,1,30,,2326,3,,,1,72,,2333,3,,,1,30,,2332,3,,,1,70,,2335,3,,,1,29,,2334,3,,,1,69,,2336,3,,,1,24,,2338,3,,,1
1200000401,'1',747,,2352,3,4,,1,56,,2353,3,4,,1,16,,2351,3,4,,1,793,,2355,3,,,1,31,,2354,3,,,1,65,,2358,3,,,1
1200000401,'3',720,,2361,3,4,,1,16,,2359,3,4,,1,16,,2362,3,4,,1,56,,2360,3,4,,1,802,,2366,3,,,1,28,,2363,3,,,1,67,,2364,3,,,1
1200000401,'4',727,,2369,3,4,,1,18,,2370,3,4,,1,55,,2371,3,4,,1,16,,2368,3,4,,1,795,,2373,3,,,1,31,,2375,3,,,1,65,,2376,3,,,1
